1562969 2422241 24
6382475 6382481 17
120118 386989 73
1252252 2130738 58
6752845 6752865 29
334960 913467 64
2728234 3319150 75
777147 1562582 3
1800946 2614651 61
1585689 2444040 7
8177025 8177049 52
1778536 2595080 50
8556109 8556128 8
7158205 7158259 40
8871860 8871866 16
140989 442872 50
290096 808257 63
777157 1562855 54
1610443 2460481 78
9506420 9506434 13
9602631 9602642 52
948814 1778549 44
9877765 9877795 80
7813151 7813158 27
10274165 10274174 93
10274568 10274580 93
10276908 10276919 30
10293195 10293205 3
10293197 10293212 29
10294317 10294322 17
10294627 10294635 39
2460433 3139646 86
10309152 10309183 26
2595111 3230372 48
8867455 8867459 45
10323652 10323658 24
2595112 3230384 23
10339431 10339442 66
2595113 3230413 33
4200414 4316565 82
10355585 10355601 56
10356570 10356578 55
2460530 3139693 31
10364472 10364475 26
10367205 10367212 60
10860876 10860882 80
10875949 10875956 70
10877077 10877083 70
10887320 10887324 39
10887951 10887957 78
10914744 10914755 82
10931076 10931083 28
10945312 10945317 48
10946417 10946422 100
10946946 10946954 68
2422159 3107743 6
10972175 10972181 52
10978226 10978237 76
10978392 10978398 51
11009977 11009984 6
11102348 11102356 33
7158157 7158196 10
11199183 11199191 47
11237028 11237033 98
4029252 4200422 37
777189 1563320 96
3107790 3590163 38
11374776 11374781 61
3107747 3590141 44
2422161 3107765 9
11419007 11419012 21
484704 1162252 78
2422162 3107773 80
11434374 11434384 62
11466673 11466679 59
2422163 3107779 64
11466686 11466690 76
3107781 3590152 8
2422164 3107788 72
11470480 11470484 54
11471753 11471762 45
10978228 10978247 8
11474679 11474684 18
11488069 11488075 56
11488261 11488266 8
2422165 3107807 22
11491402 11491407 16
11491511 11491519 11
11492710 11492715 99
2422166 3107819 85
11510917 11510924 47
11529992 11529997 74
11552937 11552943 22
11556656 11556661 100
10978248 10978259 86
11564935 11564948 69
11572905 11572909 11
11576996 11577006 10
2422167 3107838 45
11582111 11582118 18
11585618 11585625 88
2033525 2796012 10
11593835 11593840 35
11595351 11595358 66
3766893 4029270 60
11708681 11708684 34
11747833 11747841 96
12014093 12014098 39
12024331 12024337 36
4431921 4475336 55
12337499 12337504 68
442840 1091555 23
1610417 2460385 29
12551972 12551982 98
8527662 8527686 28
3766831 4029178 54
14204267 14204270 48
14204839 14204842 26
14245337 14245341 68
14256655 14256662 6
14291853 14291860 91
14366065 14366068 75
14441515 14441518 4
14460281 14460287 85
11102351 11102362 75
14556905 14556909 94
832034 1642462 36
14574144 14574149 51
14643034 14643039 36
14666992 14666996 59
14669518 14669522 1
15192877 15192881 80
15212250 15212254 67
15228839 15228843 18
15416641 15416645 37
15518267 15518274 6
15519300 15519306 70
15779463 15779465 68
15783402 15783404 9
15783762 15783768 13
15821255 15821257 4
15853514 15853517 95
15856426 15856430 86
1610420 2460409 5
3139672 3616143 69
25432100 25432102 93
25451259 25451264 1
1610444 2460487 99
3789167 4041441 8
28409629 28409633 92
1610446 2460492 20
3139597 3616107 54
28409814 28409818 24
3789172 4041444 91
1610455 2460512 51
1610432 2460447 20
3125865 3602813 78
28409631 28409640 83
28409644 28409658 63
8774602 8774622 84
3107793 3590168 96
11102352 11102365 89
11102364 11102369 18
11708668 11708679 83
3107796 3590171 43
25447002 25447006 98
28744304 28744307 18
29026505 29026508 84
29027451 29027452 16
29027532 29027533 34
29027537 29027538 73
29027843 29027844 9
29027998 29027999 27
11199187 11199195 56
30321581 30321582 54
30325945 30325947 92
30326483 30326485 100
2947790 3478047 42
30754839 30754843 78
30761201 30761206 1
29039781 29039783 69
30755817 30755818 5
30786278 30786280 79
31078149 31078150 53
31080382 31080383 49
31081030 31081031 60
31081728 31081730 5
31082221 31082222 20
31082477 31082478 86
31082950 31082951 71
31084708 31084709 88
31084796 31084797 24
31085943 31085944 90
31086056 31086057 33
31086080 31086081 45
31086120 31086122 47
31086615 31086616 46
31087799 31087800 51
31089091 31089092 19
31089342 31089344 19
31094580 31094581 66
31094603 31094604 87
31095019 31095020 55
31095786 31095787 35
31097416 31097417 81
31099771 31099772 82
31101093 31101094 11
31101711 31101712 75
31101729 31101731 57
31103130 31103132 27
31115690 31115691 70
31115830 31115831 54
31115913 31115914 76
31116679 31116680 96
31116683 31116685 83
31118976 31118978 77
31121354 31121355 85
31125795 31125796 64
31125799 31125800 82
31125805 31125807 53
31162141 31162142 24
10357777 10357781 53
31162200 31162201 26
31171432 31171433 74
4345400 4412930 41
3766843 4029215 81
11491514 11491524 57
32552575 32552578 2
32553029 32553032 46
32553625 32553628 56
32553657 32553659 89
32555324 32555326 6
32556234 32556237 17
32556256 32556259 21
32557151 32557153 80
32629981 32629982 34
33147453 33147454 76
33283653 33283654 100
33301716 33301718 86
33301741 33301743 87
33301748 33301749 87
33301761 33301762 23
33301763 33301764 36
33301780 33301781 27
33301817 33301818 12
33301839 33301840 3
33301847 33301848 48
33301862 33301863 49
33301899 33301900 43
33301923 33301924 19
33301936 33301938 37
33301994 33301995 39
33302001 33302002 51
33302003 33302004 77
33302010 33302011 40
33302022 33302023 34
33302066 33302069 22
33302179 33302182 59
33302205 33302206 8
33302242 33302243 36
33302267 33302269 82
33302284 33302286 59
33302294 33302296 52
33302299 33302300 14
507953 1201437 79
33302311 33302312 36
33302326 33302327 48
33302381 33302382 21
33302385 33302386 16
33302417 33302418 47
33302460 33302461 88
33302520 33302521 80
33302580 33302582 33
33302593 33302594 73
33302618 33302619 69
33302621 33302622 25
33302664 33302665 66
33302668 33302670 22
33302675 33302676 66
33302679 33302680 18
33302725 33302728 90
33302730 33302731 69
33302740 33302741 88
33302763 33302764 22
33302772 33302773 56
33302793 33302795 1
33302797 33302799 3
33302869 33302870 79
33302892 33302893 96
33302928 33302929 99
33302935 33302936 18
33302938 33302939 91
33302970 33302972 22
33302990 33302992 71
33303000 33303001 86
4200424 4316572 73
33303028 33303029 43
33303052 33303054 29
33303081 33303082 98
33303144 33303145 61
33303147 33303148 32
33303185 33303187 45
33303197 33303198 28
33303207 33303208 17
33303217 33303219 65
33303226 33303229 69
1610437 2460464 52
33303244 33303245 59
33303287 33303288 74
33303292 33303293 37
33303296 33303298 35
33303301 33303302 66
10364412 10364418 66
33303334 33303335 33
33303377 33303378 75
33303379 33303380 18
3139607 3616130 1
33303396 33303397 90
33303413 33303416 49
33303425 33303426 80
33303490 33303491 71
1610439 2460469 53
33303520 33303522 4
33309862 33309863 60
32553629 32553631 27
33531772 33531773 31
33531784 33531786 95
33531889 33531891 32
33535020 33535021 95
33531913 33531918 68
15174192 15174199 22
33536052 33536055 62
33535170 33535172 88
10978231 10978251 69
33540526 33540529 29
11582114 11582122 65
33531785 33531789 81
33542886 33542887 70
11510920 11510928 32
33543270 33543272 13
33544012 33544013 79
33540972 33540973 98
28544009 28544010 51
33546008 33546009 46
33541404 33541408 18
33548834 33548835 37
33548949 33548950 24
33535197 33535199 26
33540964 33540965 81
33531897 33531901 48
2422168 3107844 16
33550111 33550112 58
33531778 33531780 25
33550401 33550403 55
33550756 33550757 84
33541454 33541455 10
33531909 33531910 21
33535179 33535181 28
33551207 33551208 41
948825 1778656 58
33551448 33551450 40
33551415 33551418 56
33540953 33540957 56
33544264 33544267 51
33535163 33535164 20
33541377 33541380 75
4838047 4838075 4
34652936 28531681 65
34746553 34746554 97
33535351 33535361 1
32553627 32553630 27
31101730 31101732 84
34809350 34809352 74
34809961 34809962 79
34812445 34812446 31
34812928 34812930 36
33541021 33541022 11
33531415 33531418 91
34824383 34824385 80
34825232 34825233 94
34827393 34827397 7
34834671 34834672 82
3766922 4029288 97
34855984 34855986 66
34863059 34863061 40
33551097 33551099 62
34896318 34896323 14
35045543 35045545 10
35536780 35536782 38
30761205 30761215 27
35676293 35676294 69
35722894 35722896 77
31099799 31099801 17
28839155 28839163 63
36727854 36727855 78
36769425 36769426 21
37692975 37692976 87
37695518 37695519 75
37696478 37696479 34
37697905 37697906 57
37698960 37698961 58
38142613 38142615 91
38168417 38168418 44
38182992 38182995 53
38191093 38191095 8
38192880 38192881 65
38198852 38198855 71
10357779 10357783 26
35383942 35383943 37
38761137 38761139 85
2467735 3145515 42
35529752 35529753 95
37681284 37681285 52
21814260 21814262 66
32611495 32611497 70
2950508 3479520 10
39351473 39351475 4
39463291 39463293 4
39463327 39463329 92
39464946 39464948 98
39462404 39462409 70
39471083 39471085 56
33302131 33302133 35
39472943 39472945 13
39475713 39475714 83
39479144 39479146 79
39488141 39488143 7
39488179 39488181 38
39488986 39488988 63
39490136 39490138 52
39492229 39492232 77
39492890 39492892 53
39492974 39492976 31
39493002 39493005 56
33535334 33535341 90
33535354 33535372 92
15008247 15008252 85
39517824 39517828 10
39520982 39520984 11
39522557 39522560 43
39523388 39523390 47
39526129 39526131 25
39526792 39526794 20
39529989 39529991 47
2299790 3014438 40
30248755 30248757 28
40094749 40094750 62
40094761 40094762 18
40098970 40098971 25
40102388 40102389 34
40103445 40103446 17
40104494 40104495 97
40109047 40109048 37
40111187 40111188 81
40117768 40117769 11
40121191 40121193 47
40122148 40122149 7
40132192 40132193 82
40135147 40135148 9
40135859 40135860 24
40139781 40139782 100
40148092 40148093 37
40148332 40148334 33
40150916 40150917 42
40152525 40152526 71
40158393 40158394 30
33540954 33540959 30
40159734 40159735 13
40160174 40160175 29
40163072 40163073 85
40173041 40173042 40
40174746 40174747 51
40176594 11976205 32
40176650 40176651 89
40179765 40179766 96
40180341 40180342 92
40180363 40180364 68
40185219 40185220 19
40187779 40187780 33
40187789 40187790 63
40187803 40187804 52
40187807 40187808 96
40187809 40187810 79
40187811 40187812 81
40188084 40188085 19
40188419 40188420 76
40188520 40188521 86
40189891 40189892 66
10877080 10877084 78
40191136 40191137 6
40192440 40192442 50
40194144 40194146 21
40196720 40196721 49
40197840 40197841 20
40200275 40200276 30
40200289 30282210 73
40200298 40200299 61
40200311 40200312 15
40204442 40204443 77
40206545 40206546 55
40207284 40207285 67
40213352 40213353 40
40214471 40214473 57
40216017 40216018 36
40219237 40219238 12
40226238 40226239 46
40226240 40226241 91
40228129 40228130 51
40229042 40229043 35
40230238 40230239 91
4029264 4200427 32
10300904 10300909 53
3107834 3590180 13
40631486 40631488 9
11102354 11102367 67
11510926 11510930 40
4200426 4316573 98
33531900 33531904 84
33541129 33541131 27
33541130 33541133 69
33531916 33531920 47
33531917 33531921 64
33541406 33541410 9
33541407 33541411 21
33544266 33544269 45
40121192 40121194 52
40634032 40634035 70
10978244 10978253 77
39493004 39493006 59
33540955 33540960 38
41196547 41196548 58
41196785 41196786 43
41204171 41204172 71
41204330 41204331 67
41646838 41646840 51
32553959 32553964 74
41722781 41722783 56
41722782 41722785 88
39351474 39351477 42
43444832 43444833 44
43538559 43538560 12
43538566 43538567 81
43702895 43702896 78
43735108 43735109 48
43839685 43839686 43
43839688 43839689 17
43839691 43839692 64
43839694 43839695 98
43839697 43839698 42
33548521 33548522 54
43839701 43839702 81
43839703 43839704 59
43839706 43839707 60
43839708 43839709 18
43839711 43839712 86
43839714 43839715 21
33543552 33543553 14
43839717 43839718 53
43839720 43839721 38
43839723 43839724 16
43839726 43839727 64
43839729 43839730 2
43839732 43839733 77
43839734 43839735 36
43839737 43839738 32
43839739 43839740 38
43839743 43839744 72
43839745 43839746 96
43839747 43839748 48
43839749 43839750 78
43839751 43839752 75
43839754 43839755 16
43839756 43839757 73
43839758 43839759 53
43839760 43839761 89
43839762 43839763 94
43839764 43839765 38
43839766 43839767 4
43839768 43839769 23
43839771 43839772 58
43839773 43839774 45
43839775 43839776 87
43839777 43839778 45
43839779 43839780 47
43839781 43839782 77
43839783 43839784 9
43839785 43839786 83
43839788 43839789 94
43839792 43839793 15
43839794 43839795 44
43839796 43839797 90
43839799 43839800 54
43839801 43839802 6
43839803 43839804 19
43839806 43839807 68
43839808 43839809 97
43839811 43839812 84
43839813 43839814 6
43839816 43839817 63
43839818 43839819 23
43839821 43839822 98
43839824 43839825 73
43839827 43839828 79
43839830 43839831 30
43839832 43839833 91
43839834 43839835 65
43839836 43839837 61
43839838 43839839 98
43839840 43839841 66
43839842 43839843 13
43839844 43839845 40
43839846 43839847 75
43839849 43839850 90
43839851 43839852 83
43839854 43839855 64
43839856 43839857 22
43839858 43839859 13
43839861 43839862 54
43839864 43839865 34
43839866 43839867 90
43839869 43839870 26
43839871 43839872 23
43839874 43839875 66
43839876 43839877 36
43839878 43839879 45
43839881 43839882 2
43839884 43839885 91
43839887 43839888 55
43839890 43839891 22
30754842 30754845 50
43839892 43839893 63
43839894 43839895 24
15161157 15161158 20
43839897 43839898 35
43839900 43839901 53
43839903 43839904 81
43839905 43839906 4
43839907 43839908 39
33550810 33550811 98
43839909 43839910 81
43839911 43839912 35
43839913 43839914 59
43839916 43839917 99
43839919 43839920 14
43839921 43839922 1
43839923 43839924 88
43839925 43839926 89
43839928 43839929 32
43839930 43839931 20
43839932 43839933 12
43839934 43839935 34
43839936 43839937 90
43839938 43839939 56
43839941 43839942 54
43839943 43839944 42
43839945 43839946 82
43839948 43839949 1
43839950 43839951 19
43839953 43839954 45
43839955 43839956 79
43839959 43839960 41
43839961 43839962 38
43839964 43839965 36
43839967 43839968 30
43839970 43839971 12
43839973 43839974 52
43839975 43839976 36
43839978 43839979 5
43839980 43839981 6
43839984 43839985 73
43839987 43839988 4
43839989 43839990 85
43839991 43839992 99
43839993 43839994 50
43839996 43839997 53
43839998 43839999 54
43840001 43840002 28
43840003 43840004 35
43840006 43840007 30
43840010 43840011 71
43840013 43840014 18
43840015 43840016 30
43840017 43840018 8
43840020 43840021 95
43840023 43840024 84
43840025 43840026 31
43840027 43840028 6
43840029 43840030 50
43840031 43840032 72
43840034 43840035 14
43840036 43840037 97
43840038 43840039 67
43840041 43840042 54
43840043 43840044 12
43840045 43840046 56
43840048 43840049 89
43840050 43840051 38
43840052 43840053 11
43840055 43840056 6
43840057 43840058 6
43840059 43840060 49
43840062 43840063 97
43840064 43840065 30
43840066 43840067 14
43840069 43840070 41
43840072 43840073 98
43840074 43840075 52
43840076 43840077 40
43840079 43840080 81
33543271 33543274 74
43840081 43840082 100
33550825 33550826 55
43840083 43840084 16
43840086 43840087 16
43840089 43840090 18
43840091 43840092 9
43840093 43840094 11
43840095 43840096 85
43840098 43840099 83
43840100 43840101 60
43840102 43840103 26
43840104 43840105 36
43840106 43840107 99
43840109 43840110 65
43840112 43840113 62
43840114 43840115 18
43840116 43840117 24
43840118 43840119 22
43840121 43840122 50
43840124 43840125 13
33551367 33551368 24
43840127 43840128 54
43840130 43840131 43
43840133 43840134 65
43840135 43840136 81
43840137 43840138 54
43840139 43840140 34
43840141 43840142 56
43840143 43840144 44
43840145 43840146 67
43840148 43840149 37
43840152 43840153 82
43840154 43840155 6
43840156 43840157 52
43840158 43840159 94
43840161 43840162 30
43840163 43840164 90
43840165 43840166 81
43840167 43840168 13
43840169 43840170 73
43840171 43840172 90
43840174 43840175 38
43840176 43840177 70
32572789 32572792 9
43840179 43840180 75
43840182 43840183 5
43840184 43840185 30
43840186 43840187 47
43840189 43840190 13
43840192 43840193 35
43840194 43840195 75
43840196 43840197 10
43840199 43840200 66
43840201 43840202 39
43840203 43840204 23
43840205 43840206 84
43840207 43840208 87
43840209 43840210 53
43840212 43840213 50
43840216 43840217 74
43840218 43840219 33
43840220 43840221 71
43840223 43840224 43
43840226 43840227 62
43840228 43840229 69
43840231 43840232 71
43840234 43840235 87
43840237 43840238 34
43840239 43840240 49
33531790 33531792 76
43840242 43840243 91
43840244 43840245 13
43840247 43840248 55
43840249 43840250 25
43840252 43840253 77
43840254 43840255 56
43840257 43840258 81
43840259 43840260 36
43840261 43840262 18
43840264 43840265 58
43840266 43840267 32
43840269 43840270 4
43840271 43840272 25
43840273 43840274 83
43840276 43840277 71
43840279 43840280 19
43840281 43840282 40
43840283 43840284 39
43840286 43840287 79
43840288 43840289 69
43840290 43840291 48
43840292 43840293 73
43840296 43840297 33
43840298 43840299 90
43840301 43840302 34
43840303 43840304 59
43840305 43840306 71
33551886 33551887 10
43840307 43840308 84
43840309 43840310 46
43840311 43840312 70
43840313 43840314 92
43840316 43840317 89
43840318 43840319 6
43840321 43840322 79
43840324 43840325 51
43840327 43840328 14
43840329 43840330 68
43840331 43840332 59
43840333 43840334 51
43840336 43840337 41
43840339 43840340 33
43840342 43840343 58
43840344 43840345 29
33535134 33535135 75
43840346 43840347 54
43840348 43840349 22
43840350 43840351 13
33544944 33544945 24
33550592 33550593 16
43840352 43840353 66
43840354 43840355 95
43840356 43840357 43
43840359 43840360 42
43840361 43840362 4
43840364 43840365 63
43840367 43840368 21
43840369 43840370 86
43840372 43840373 61
43840375 43840376 100
43840378 43840379 54
43840380 43840381 21
43840382 43840383 67
43840384 43840385 69
43840386 43840387 35
43840390 43840391 7
43840392 43840393 52
43840394 43840395 26
43840397 43840398 12
43840400 43840401 70
33540517 33540518 37
43840402 43840403 15
43840404 43840405 49
43840406 43840407 15
43840408 43840409 78
43840410 43840411 34
43840413 43840414 64
43840416 43840417 90
43840418 43840419 7
43840423 43840424 50
43840425 43840426 2
43840428 43840429 87
43840431 43840432 100
43840434 43840435 77
43840437 43840438 38
43840439 43840440 99
43840441 43840442 77
43840444 43840445 14
43840447 43840448 15
43840450 43840451 9
43840452 43840453 93
43840454 43840455 91
43840456 43840457 81
43840458 43840459 15
43840461 43840462 68
43840463 43840464 43
43840466 43840467 71
3020408 3530187 7
43840468 43840469 23
43840471 43840472 71
43840473 43840474 99
43840476 43840477 24
43840478 43840479 42
43840480 43840481 83
43840482 43840483 35
43840484 43840485 18
43840486 43840487 75
43840488 43840489 65
43840490 43840491 95
33540527 33540532 40
43840492 43840493 38
43840494 43840495 20
43840496 43840497 50
33541359 33541360 78
43840499 43840500 54
33550274 33550275 10
43840501 43840502 17
43840503 43840504 11
43840505 43840506 56
43840507 43840508 76
43840509 43840510 79
43840512 43840513 76
43840515 43840516 48
43840518 43840519 37
43840521 43840522 11
43840523 43840524 96
43840525 43840526 84
43840528 43840529 16
43840530 43840531 58
43840533 43840534 82
43840536 43840537 50
43840538 43840539 50
43840540 43840541 57
43840542 43840543 33
43840544 43840545 69
43840548 43840549 91
33540555 33540556 59
43840550 43840551 56
43840552 43840553 92
43840555 43840556 42
43840558 43840559 66
43840560 43840561 49
43840562 43840563 64
43840564 43840565 86
43840566 43840567 77
43840568 43840569 73
43840570 43840571 40
43840572 43840573 8
43840574 43840575 7
43840577 43840578 89
43840579 43840580 77
43840584 43840585 8
43840587 43840588 92
43840590 43840591 64
43840593 43840594 72
43840595 43840596 48
43840598 43840599 99
43840601 43840602 13
43840603 43840604 25
43840606 43840607 78
43840608 43840609 64
43840611 43840612 56
43840613 43840614 56
43840616 43840617 8
43840619 43840620 76
43840621 43840622 70
43840624 43840625 84
43840626 43840627 100
43840629 43840630 90
43840632 43840633 55
43840634 43840635 79
43840637 43840638 68
43840639 43840640 9
43840642 43840643 40
43840644 43840645 98
43840647 43840648 10
43840649 43840650 23
43840651 43840652 97
43840653 43840654 88
43840655 43840656 90
43840658 43840659 6
43840660 43840661 97
43840663 43840664 97
28939231 28939233 33
43840665 43840666 30
43840667 43840668 74
33544966 33544967 87
43840670 43840671 24
43840672 43840673 62
43840674 43840675 99
43840677 43840678 59
43840680 43840681 68
43840682 43840683 87
43840684 43840685 65
43840686 43840687 3
43840688 43840689 47
43840690 43840691 91
43840693 43840694 27
43840695 43840696 55
43840699 43840700 37
43840702 43840703 38
43840705 43840706 28
43840708 43840709 38
43840710 43840711 80
43840712 43840713 69
43840714 43840715 6
43840716 43840717 56
43840718 43840719 64
33540399 33540400 42
43840721 43840722 93
43840724 43840725 5
43840727 43840728 82
28934082 28934086 83
43840729 43840730 58
43840732 43840733 95
43840734 43840735 6
43840736 43840737 26
43840738 43840739 42
43840741 43840742 70
43840745 43840746 90
43840747 43840748 2
33551927 33551928 5
43840749 43840750 52
43840752 43840753 4
43840754 43840755 54
43840757 43840758 73
43840759 43840760 73
43840762 43840763 92
43840765 43840766 17
43840767 43840768 10
33546085 33546086 98
43840769 43840770 54
43840771 43840772 79
43840773 43840774 97
43840775 43840776 5
43840777 43840778 24
43840779 43840780 17
43840782 43840783 59
43840784 43840785 33
43840787 43840788 49
43840789 43840790 97
43840792 43840793 60
43840794 43840795 29
43840796 43840797 98
43840798 43840799 11
43840801 43840802 42
43840804 43840805 71
43840806 43840807 10
43840808 43840809 29
43840810 43840811 16
43840812 43840813 54
43840814 43840815 24
43840816 43840817 30
43840819 43840820 10
43840821 43840822 23
43840823 43840824 40
43840826 43840827 4
43840829 43840830 92
43840831 43840832 2
43840833 43840834 39
43840836 39639526 39
43840838 43840839 90
43840841 43840842 47
43840844 43840845 55
43840846 43840847 89
43840848 43840849 63
43840851 43840852 84
43840854 43840855 69
43840856 43840857 37
43840858 43840859 78
43840861 43840862 77
43840864 43840865 56
43840866 43840867 58
43840868 43840869 52
43840871 43840872 15
43840873 43840874 97
33544925 33544926 25
43840876 43840877 3
43840879 43840880 89
43840882 43840883 88
43840885 43840886 16
43840888 43840889 91
43840890 43840891 25
43840893 43840894 50
43840895 43840896 64
43840897 43840898 45
43840899 43840900 70
43840901 43840902 84
43840903 43840904 6
43840906 43840907 72
43840908 43840909 11
43840910 43840911 85
43840912 43840913 15
43840914 43840915 20
43840917 43840918 59
33549555 33549556 48
43840920 43840921 52
43840922 43840923 53
43840925 43840926 83
43840927 43840928 98
43840929 43840930 85
43840931 43840932 83
43840933 43840934 41
43840935 43840936 13
43840937 43840938 28
43840939 43840940 8
43840942 43840943 28
43840945 43840946 42
43840948 43840949 51
43840950 43840951 62
43840952 43840953 10
43840955 43840956 93
43840957 43840958 77
43840959 43840960 46
43840961 43840962 19
43840963 43840964 97
43840966 43840967 33
43840968 43840969 63
43840970 43840971 75
43840973 43840974 33
43840976 43840977 39
43840979 43840980 19
43840982 43840983 94
43840985 43840986 49
43840988 43840989 90
43840990 43840991 43
43840992 43840993 47
43840995 43840996 2
43840997 43840998 52
43841000 43841001 74
30754844 30754847 94
43841002 43841003 100
43841005 43841006 47
43841007 43841008 3
43841009 43841010 27
43841011 43841012 4
43841013 43841014 57
43841015 43841016 40
43841017 43841018 32
43841020 43841021 32
43841025 43841026 40
43841027 43841028 27
43841030 43841031 3
43841033 43841034 98
43841035 43841036 3
33546094 33546095 98
43841037 43841038 22
43841040 43841041 65
43841042 43841043 13
43841044 43841045 94
43841048 43841049 100
43841050 43841051 24
43841053 43841054 37
43841056 43841057 46
43841058 43841059 89
43841061 43841062 81
43841064 43841065 97
43841067 43841068 75
43841069 43841070 9
43841071 43841072 84
43841073 43841074 31
43841075 43841076 83
43841078 43841079 1
43841081 43841082 54
43841083 43841084 93
43841087 43841088 66
