5033011 5033019 100
5034175 5034183 77
5039009 5039024 72
5039421 5039429 18
5048968 5048979 77
5050020 5050024 3
5053825 5053833 90
5054481 5054497 6
5078722 5078747 52
5079917 5079934 18
5088416 5088434 43
5129941 5129951 91
5164476 5164483 11
5168092 5168109 69
5168218 5168227 13
5174622 5174635 66
5205129 5205136 13
5226297 5226310 51
5226580 2127289 90
5262845 5262848 89
5282947 5282962 78
5295968 5295983 27
5300698 2582871 41
5309537 5309552 59
5312843 5312859 62
3062978 3557390 53
5324353 5122168 90
5336915 5336936 51
3215791 3669512 6
5370973 5370991 57
5370993 5371008 17
5374639 5374662 20
5382926 5382941 51
5389737 5389751 40
5400961 290638 68
5405676 5405679 21
5407159 5407172 9
5440716 4506992 38
5445858 3762739 42
5446179 5446186 20
5094303 5094442 51
5448503 5448514 10
5463889 5463904 43
5473480 5473489 94
5485354 5485360 86
1972079 2743854 39
5490085 5490097 87
5494405 1483302 76
5498506 5498523 99
5503390 5503397 46
5521656 5521659 12
5553733 5553739 30
5559905 1808623 42
4851035 290614 45
5571858 5571861 14
5571862 5571875 2
5408496 4134353 57
5583890 5583899 19
5585369 5585379 20
3479161 3848553 60
5592299 5592309 78
5606864 143054 66
5611206 5611233 6
5612177 189589 6
929942 1750090 48
5592301 1818171 46
5631876 5631891 10
5632497 5632509 45
5634481 5634500 14
5634597 5634613 27
5647486 5647494 32
5654590 5654603 85
5672202 5672213 20
5674623 5674636 76
5675989 5676008 83
5681881 5681884 41
5685211 5685220 24
5686330 966794 52
5688624 5688636 8
5694813 5694834 1
5703876 3600574 98
5704962 5704974 80
5414569 5414591 32
5733407 5733417 72
5737544 5737562 28
5747285 4995642 23
5748786 5748789 12
5408508 5408527 21
5758813 5758822 63
5762233 3698284 72
5763030 4134156 27
5766270 5766284 29
5767714 5767730 34
5772119 5772134 90
5774827 5774842 44
5779880 5779895 3
5785930 5785945 89
5787820 5787837 18
5802235 5802238 71
5804673 5804682 45
5806638 5806659 62
5815716 5815728 86
5821842 5821855 78
5850423 5850426 11
5855701 5855704 55
5863193 5863206 88
5865950 5865957 79
5876566 5876576 78
5897794 5897808 91
5902624 5902642 89
5904174 2441719 27
5906098 1774193 16
5917917 5917926 56
5919214 5919220 2
5923056 5923068 93
5924991 5925000 83
5926762 5926779 93
5930161 5930166 7
5932505 5932533 5
5937429 5937434 40
4944254 4944276 1
5953261 5953276 10
5960243 5960255 72
3852958 4087107 60
5963034 5963038 90
5963061 5963077 100
5971699 3400896 35
1953638 2725073 20
3035238 1598371 61
6023148 6023159 33
5607626 5607647 7
6024823 6024837 91
6025088 6025091 7
3757021 3123626 92
6033791 6033822 38
6033846 6033899 49
6040950 6040961 19
6044820 6044830 72
6046651 3405236 88
6059985 6059997 54
6067060 6067065 42
6067429 6067437 100
6074972 3470745 67
6078447 6078453 11
6085688 5805015 44
6089299 6089312 69
6097967 6097976 52
6098264 6098272 39
6102011 6102026 26
6102560 6102566 42
6108934 6108948 70
6108949 969815 86
6109023 6109026 54
6110265 6110282 46
6112099 6112112 27
6120239 6120247 9
6120635 808882 10
6120783 6120795 23
6121070 6121077 60
4881085 4881103 2
6126148 691402 14
6059987 1836878 95
6144117 1841513 15
6154463 6154470 72
6158870 6158876 30
6187713 808014 74
6190235 6171424 22
6192744 6192756 79
6192849 6192872 29
514362 1212869 50
6244662 6244665 68
6248829 6248843 42
6272159 6272175 77
6280482 6280495 39
6283369 6283381 3
724684 1489509 85
6308959 6308969 94
444672 1095320 45
6326944 6326951 90
6328200 6328209 88
929011 1745749 40
6365266 6365271 60
6379002 261577 99
6404854 6404861 85
6044684 6044725 30
6414236 6414242 82
2580009 3218977 31
6419000 19447 96
6435514 6435523 58
6449513 6449516 45
6457921 6457925 58
6478825 6478841 63
6481684 6481703 100
6491920 6491930 42
6497856 6497862 25
38131 156259 79
6508649 6508661 42
6520682 6520699 38
6522801 6522819 42
6523903 6523921 87
6524071 6524074 39
6531286 6531301 31
6533067 2882732 100
5902626 5902660 91
6554495 6554513 29
6570123 6570134 16
6574749 6574759 78
2725590 3316932 12
6578553 6578563 75
6579820 6579831 52
6585654 6585661 55
6608024 6608038 10
6616538 6616544 43
6636641 2412258 44
3501430 3858945 91
6656973 6656981 65
6657618 6657622 62
6659496 6659511 31
6668338 6668343 16
6703340 6703351 19
6706036 6706041 53
5221248 2681760 63
4941863 4941882 92
6748176 6748185 50
6750830 6750836 76
6752144 6752155 9
6755718 6755736 91
6764822 6112487 77
6781207 6781216 94
6787457 6787465 74
6806710 6806714 34
6808985 213189 91
1080751 1942045 33
6848598 6848602 37
6857409 6857418 59
6869618 6869627 53
6877328 6877331 67
6879278 6879281 100
6881860 6881877 85
6896194 6896203 43
6901683 6901687 64
6904393 6904403 59
6908420 6908438 89
6912176 6912192 93
6912196 445594 18
6912726 6912746 45
6929556 6929573 32
6946185 6946194 91
6958330 6958343 24
6966228 986058 76
6976748 6976751 85
6997756 3287223 48
7006663 7006670 65
7010271 2441705 96
7010730 7010742 48
4956088 4956102 98
7012372 7012390 100
7014915 977881 19
7025779 7025789 68
7034545 7034548 62
7043275 7043287 89
7054881 5312800 35
7065888 7065898 64
7073893 7073906 56
7080542 7080552 9
7082717 7082729 62
7089571 7089591 62
7114087 7114101 36
7118503 689677 21
7123971 7123982 46
7126777 7126784 85
7129998 7130004 60
7131104 7131113 30
7134070 7134086 15
7138501 7138512 44
7139271 7139284 53
7144902 5642945 8
7156106 7156117 34
7170987 7170999 56
7171960 7171968 69
7175309 7175322 58
7189809 7189820 80
7192329 7192342 99
7197269 7197276 20
7201457 7201463 57
7210237 7210249 38
7212914 7212927 49
7249105 162631 68
7253798 7253806 75
5971712 5971723 38
7279979 7279993 82
7295352 1036149 57
7307153 7307160 88
7310552 7310558 92
7320443 7320450 17
7337233 7337248 50
7345461 7345465 2
7394605 7394617 77
7395376 3790510 54
7449681 7449689 60
7454929 7454938 11
7456787 7456801 79
7467184 7467192 84
7495902 7495917 13
7533986 7534000 53
7535987 7535991 76
7614475 7614486 88
7621463 7621480 78
7643544 7643547 3
7689839 7689850 27
7719594 7719609 62
7727214 7727217 68
7749536 6530553 45
1934567 2709904 79
7816260 5178010 23
742817 1516051 98
7836804 7836812 73
7836827 369910 22
7838569 7838576 91
7872783 7872798 11
7888837 7888840 20
7890096 7890105 59
7894465 7894473 47
7900052 7900064 56
5631879 5631922 5
7921380 7921396 1
5078724 5078762 75
8002053 8002059 53
8048237 8048253 47
6033884 19971 2
8114760 8114767 22
8114768 8114780 18
8140588 8140604 9
8143689 8143693 4
8143744 8143751 42
8154716 5253260 41
8157593 8157596 19
8162969 8162974 21
8169176 4812761 24
8173289 5651583 58
8173734 8173740 87
8178568 8178576 76
8204477 8204488 33
1517240 2376649 51
8210576 3547531 69
8220258 8220267 88
8238657 8238664 73
8270007 2898439 50
8342749 8342754 35
8357290 8357293 23
8359449 7675543 1
8392020 8392024 24
8416932 8416939 87
8419921 8419926 39
8426987 8426999 27
8468242 8468250 2
8482258 8482265 73
8506128 8506137 81
8506511 8506519 24
8510233 8510241 53
8532178 8532193 41
8540400 8540408 27
8562842 8562846 2
8565334 8565343 59
8568018 8568021 17
8582659 8582673 86
8594823 8594831 13
8600375 8600388 77
8647262 8647274 10
8655628 8655633 38
8675941 8675952 45
8689874 8689881 72
8729018 5547252 46
8736913 8736917 5
8743883 8743886 30
8745313 8745316 14
8784046 8784056 57
8854110 8854117 39
8875257 1058363 64
8882551 7762944 78
8928149 8928152 24
8933193 4779147 40
8941251 8941262 85
8946356 8946360 79
8960686 8960695 37
8961189 8961192 72
9004260 9004267 75
9005665 9005678 92
9008971 9008980 26
9009980 9009983 70
9021802 9021815 74
9023776 9023788 91
9034628 9034633 35
9036000 8812860 33
9039458 9039469 57
3218964 3671827 65
9059723 9059726 13
9080132 9080137 44
9087058 9087063 62
9095714 9095724 50
9120786 9120798 51
9129673 9129678 9
9190748 9190759 73
9221443 9221449 94
9229367 9229375 25
9231060 8862324 68
9235741 9235745 77
9235821 9235824 60
9248842 9248852 84
9312253 8751167 55
9325945 6444707 64
9343100 9343111 85
9360189 9360208 57
9362419 985652 89
9396542 9396558 100
9396612 9396617 52
9399054 7693229 92
9414046 9414055 12
9459105 9459108 32
9472327 9472331 73
466486 1133311 83
9500582 7433368 79
9510566 8131078 18
9522254 9522262 77
9534594 9534601 90
9634385 9634400 65
9652503 9652511 10
9659672 9659677 87
9759200 9759211 17
9759957 9759966 97
9762093 2293713 58
9762794 9762803 28
9763454 9763468 98
9764045 9764058 20
9765083 7313195 56
9765099 9765112 19
9765183 9765195 13
9766272 5281494 92
9767000 5398144 38
9767507 9767517 20
9767785 9767795 2
9768082 9768094 21
9770306 9770320 19
9771549 9771554 78
9771769 9771781 17
9772358 9772369 70
9772955 9772968 30
9774921 9774928 34
9775236 9775246 37
9776821 9776833 69
9776834 9776846 49
9777314 793759 14
9777371 9777379 68
9777439 9777448 5
9777776 9777786 71
9778161 9778172 95
9778933 9778945 60
9779349 9779361 8
9780041 9780048 41
9782210 9782223 53
9782480 9782486 38
9782676 9782681 51
9784842 2868114 50
9785314 684704 24
9785515 9785522 41
9787337 9787349 56
9787534 9787542 13
9787579 9787589 34
9787590 9787599 92
9788287 9788292 59
9789173 6864459 95
9789729 9789735 81
9789737 9789749 23
9790576 9790587 54
9790832 9790841 31
9791121 9791136 98
9791172 9791184 89
9791456 5130048 25
9791464 9791473 100
9791564 9791569 23
9791924 9791934 41
9792315 4087810 14
9792320 9792332 53
9792364 9792367 30
9792368 9792375 59
9792643 9792648 84
9793121 9793132 81
9793327 9793334 59
9794424 9794434 33
9794435 9794444 56
9795939 9795948 51
9798311 9798321 37
9799477 9799491 37
9799756 9799768 28
9800296 9800306 98
9800535 9800541 53
9802732 9802744 69
9805077 9805085 58
9806748 9806763 97
9808912 9808927 54
9809924 9809935 95
9811612 9811622 44
9814018 9814030 78
9814240 9814252 99
9815296 969807 94
9815320 8748256 76
9816430 9816439 43
9816759 9816771 26
9816903 9816910 2
9816976 9816988 4
9817506 9817517 71
9817651 9817665 31
9817732 9817741 91
9818170 9818179 48
9818909 6298500 93
9818943 9818954 98
9821075 9821086 21
9821901 9821906 13
9822480 9822491 15
9822899 9822906 27
9823442 877110 6
9824041 9824047 87
9824092 9824104 26
9824240 9824253 98
9824685 9824695 34
9824798 9824805 68
9824981 9824995 17
9825236 9825245 58
9825332 9825342 68
9825755 9825767 26
9826851 9826859 10
9827606 9827618 12
9829286 9829296 45
9833079 9833083 41
9833595 6937230 37
9833842 9678825 52
9835755 9835763 40
9835838 9835845 87
9836303 9836307 64
9837348 9837357 92
9837562 9837575 97
9838673 9838681 64
9838918 6868830 55
9839286 9839298 83
9839331 9839342 52
9844148 9844157 94
9847050 9847055 84
9847987 114955 55
9847990 9847997 99
9849304 9849309 91
9849985 7040524 35
9850474 9850487 34
9852331 9852338 54
9855871 9855878 100
9858695 9858701 41
9858835 9858840 17
9860958 9860964 49
9861260 9861266 41
9861729 9861739 73
9861900 9861912 77
9861962 9861970 58
9862444 9862454 55
9863082 9863091 3
9863303 7452990 73
9863450 9863457 41
9863611 9863621 46
9864553 9864564 36
9865113 9865121 98
9865175 1447140 21
9865190 5638573 75
9865936 9865948 47
9867430 9867441 15
9867686 9867698 33
9867708 5251607 21
9869982 9869989 42
9870867 9870876 2
9871059 9871065 4
9871209 9871217 98
9871536 9871542 65
9871543 9871552 67
9872147 9872153 29
9872558 9872571 71
9873586 9873593 45
9874554 1680914 89
9875217 1754955 37
9877286 9877291 1
9877959 9877970 16
9878591 9878602 100
9879865 2458723 69
9880555 9880563 15
9881026 9881037 4
9882283 9882290 87
9884886 2692027 5
9885250 9885259 2
9886269 9886281 56
9886415 9886428 42
9886512 9886524 24
9887236 9887248 93
9887730 9887741 7
9888066 9888073 67
9890396 9890407 28
9893391 9893405 11
9893993 9894001 69
9894224 9894237 54
9894386 9894394 10
9894957 9894971 7
9894973 9894980 9
9895117 9895127 18
9896526 9896536 56
9897142 9897156 4
9898801 6311835 83
9898858 9898865 12
9900571 9900579 53
9901609 9901618 4
9902134 9902139 62
9902140 7162833 21
9902185 9902195 70
9902316 9902320 98
9902344 9902348 79
9904367 9904377 28
9906448 9906460 26
9907054 9907064 11
9909024 9909037 5
9913505 665033 90
9913582 9913589 25
9914090 9914101 14
9916770 9916778 41
9918065 9918075 29
9919670 9919675 7
9919878 9919888 26
9921658 9921668 81
9922145 9922150 17
9922789 9922799 89
9923605 5240123 1
9923700 9923710 8
9924103 9924113 73
9924850 9924861 75
9925986 9925996 4
9925998 9926006 26
9926109 5821449 2
9927664 9927674 80
9928681 9928688 76
9930412 9930417 21
9932100 9932106 80
9934367 4533228 33
9935963 9935976 2
9936467 8805278 24
9936819 9936827 15
9936828 9936838 57
9939642 9939645 73
9941099 9941108 64
9941956 9941968 10
9941970 5473723 55
9941986 8248142 88
9942917 9942925 23
9943181 9943188 12
9943642 9943650 57
9943770 9943783 43
9944688 5585578 21
9944816 9944819 29
9945481 9945494 36
9945938 5220702 43
9946269 9946283 54
9946977 9946989 34
9947189 9947199 91
9948471 9948476 1
9952018 9952030 87
9952176 9952181 8
9952521 9952536 74
9952587 9952598 9
9955579 9955585 48
9959113 9959120 49
9959347 9959359 42
9959719 9959732 22
9959918 9959924 28
9960243 9960246 77
9960459 9960465 19
9960466 9960474 57
9960810 9960824 60
9961703 225602 58
9961765 9961777 22
9962624 9962631 21
9964522 9964534 30
9964693 9964707 14
9964758 9964771 60
9966762 9966771 45
9967141 9967153 47
9967816 9967825 32
9967843 693779 47
9968045 8450350 67
9972197 9972206 42
9972207 9972218 39
9973320 9973327 86
9973644 9973651 50
9973975 9973985 34
9974575 9974585 67
9975340 9975355 82
9976248 6495868 4
9977224 9977235 76
9977340 9977349 96
9977350 9977359 98
9978449 9948052 79
9978532 9978546 45
9978550 9978562 42
9978565 9978574 59
9979943 2293714 71
9981398 9981410 38
9981473 7260135 30
9982811 9982814 38
9983358 9983365 49
9983526 9983536 78
9983653 2294747 16
9983977 9983991 94
9983993 9984007 89
9984237 9984247 14
9984719 9984729 90
9984893 9984902 54
9985146 9985159 9
9985357 9985366 92
9987261 5932598 97
9988069 9988078 28
9988506 9988519 67
9989512 9989524 36
9989533 9989539 86
9989932 9989945 95
9990735 9990747 85
9991305 9991318 5
9991500 9991514 93
9991909 9991914 54
9992544 9992558 4
9994078 4301266 86
9994770 9994783 56
9995577 9995584 24
9995889 9995896 32
9996086 9996099 73
9996533 9996542 33
9997456 9997465 2
9997500 9997512 80
9997663 9997673 61
9998537 9998549 70
9998915 1818115 100
9999231 9999244 66
9999509 9999519 28
10000247 7634326 65
10001165 6323432 60
10002398 10002408 50
10003731 704285 64
10003836 10003850 82
10006852 10006865 51
10007067 10007079 41
10007962 10007970 28
10009115 10009120 69
10009196 10009208 54
10010188 10010198 15
10010199 10010212 24
10011211 10011224 21
10011638 10011648 76
10012438 10012451 75
10013326 10013335 98
10014843 10014857 24
10014982 10014990 81
10015332 10015343 88
10015344 10015349 77
10015475 10015482 86
10016499 10016511 11
10016526 10016536 35
10016751 10016763 66
10017535 10017544 73
10017792 10017805 33
10018932 10018938 98
10019797 10019806 68
10020076 5129688 9
10020411 10020423 46
10020828 10020839 5
10020914 10020919 14
10020920 10020932 50
10021118 10021130 86
10021982 10021990 98
10022314 6043037 14
10022939 10022950 49
10023197 10023207 85
10025573 10025586 44
10027038 7526258 62
10027904 10027914 38
10028222 5411255 31
10029314 10029325 38
10029531 10029541 15
10029550 6880847 96
10034310 10034321 95
10035537 10035544 5
10092085 10092093 86
10319117 10319119 46
10663205 9730308 91
10781121 10781126 41
10850378 10718975 30
10962910 985828 69
11023532 11023545 25
11153316 11153328 61
11196690 11196700 29
6198317 6198353 10
11267836 5992593 57
11289665 11289669 20
11363860 8693169 63
11557301 11557306 49
11573083 11573095 91
11605105 11605113 78
11624122 11624135 64
11639975 11639979 78
11652117 11652122 34
11658743 8100148 54
11694881 11694884 65
11696730 11696742 45
11722898 11722909 77
11724790 8357238 14
11734784 11734789 57
11740470 11740479 18
11752246 4080001 6
11758276 11758284 90
11767286 381664 11
11784883 11784894 7
11801830 11801833 84
11847500 6582623 47
11860049 11860058 29
11873519 1220132 82
11931646 11931649 59
11953956 11953961 62
11963831 11963838 29
11966382 11966385 16
11966744 11966751 51
11970783 7723819 80
11980530 11980544 90
11982138 11982146 65
11983890 11983893 63
12004148 9685001 30
12009819 12009827 55
12018368 2323584 22
12018383 12018388 16
12018792 12018795 36
12021385 12021393 92
12032534 12032542 37
12032809 12032813 74
12034086 12034095 48
12038295 12038299 6
12044253 12044263 56
12064239 12064242 64
12068059 7434376 8
12070703 12070710 74
12071858 12071865 30
12077775 12077780 16
12149459 6766029 11
12153391 12153398 96
12160989 9678739 98
12173644 12173647 9
12175034 12175037 67
12176774 12176781 84
12182306 83328 46
12188151 9181448 85
12189270 12189283 56
12198699 12198707 66
12220042 1529835 36
12231069 12231074 54
12253290 5670310 75
12272926 12272930 62
12274540 12274548 13
12294406 12294409 17
12304651 12304662 60
12317062 12317072 1
12318581 12318584 13
12351631 12351636 72
12358238 12358244 67
12390136 12390140 5
12399573 12399582 79
12458462 12458475 61
12470186 12470189 99
12472701 81169 23
12516015 1583663 59
12528834 958786 96
12534517 12534526 43
12546159 12546165 78
12551461 112970 94
12569613 12569623 92
12572450 9703524 44
12572520 12572529 32
12591800 12591809 99
12614413 12614418 35
12632022 7086828 1
12646579 12646582 31
12654058 12654061 82
12658284 11918011 93
12658695 12658705 55
12658821 1954376 9
12660300 12660310 15
12663150 9300553 17
12683955 12683966 72
12688899 12688909 92
12694530 12694542 26
12694923 12694935 41
12717336 12717346 16
12759010 1933357 19
12759569 12759575 92
12763594 12763597 60
12771410 12771413 30
12776389 12776392 97
12782783 7105315 23
12784784 7362784 95
12805723 1520749 45
12809543 12809549 61
12890662 12890670 12
12911134 12911139 21
12919764 12919767 75
12931796 1951320 13
12938783 12938792 33
12940675 8035068 29
12940948 12940955 73
12964032 12964040 33
12977662 12977674 96
12984713 12984721 92
12986445 12986453 34
12998099 12998102 57
13000665 13000669 81
13009238 13009241 71
13015771 690298 57
13053400 5920249 76
13069373 13069382 46
13072515 13072518 13
13084255 13084267 7
13088201 13088206 38
13093671 13093679 42
13097569 13097580 39
13114623 13114631 81
13116493 13116498 93
13138150 13138153 87
13144687 13144692 28
13162026 13162029 41
13167072 13167078 71
13169029 13169032 23
13171854 13171859 70
13171906 13171909 79
13173798 13173803 10
13173896 13173899 74
13176103 13176107 95
13176390 13176393 3
13177023 13177026 33
13178508 13178511 52
13179710 13179713 39
13179825 13179827 40
13180051 13180055 51
13180452 13180455 91
13180466 13180469 68
13180643 13180646 39
13181654 13181664 44
13181835 13181844 17
13183296 13183306 51
13183332 8187222 27
13183667 2316570 29
13183836 13183847 69
13184828 13184840 94
13185258 13185267 86
13187638 13187645 71
13187678 13187681 56
13188174 13188179 69
13188588 13188597 33
13188608 13188612 12
13189135 13189138 27
13189493 13189496 79
13191487 13191490 68
13192225 13192228 64
13192229 13192232 2
13192310 13192313 50
13192342 13192353 29
13192814 4779163 71
13193539 13193546 53
13194256 13194261 25
13194795 13194800 60
13194983 13194990 81
13195402 13195405 100
13195463 13195466 88
13197006 7074732 75
13197713 13197716 87
13198045 13198048 83
13198701 13198704 91
13198705 13198708 38
13199872 5228464 40
13199875 13199878 3
13199879 13199882 6
13199883 5378258 90
13199886 13199889 79
13199890 13199893 84
13199916 13199919 59
13200028 13200031 21
13200195 13200204 10
13201899 13201902 29
13202057 8993772 80
13202245 13202248 42
13210255 13210266 89
13211210 1620313 25
13211285 13211292 90
14203693 14203697 36
14203703 14203711 87
14203819 2419323 64
14203893 14203896 86
14205976 14205983 93
14207073 14207081 92
14207231 14207235 5
14208126 14208131 6
14208421 14208424 31
14210860 159090 81
14211057 14211062 86
14211097 7861382 61
14214242 14214247 30
14214411 2707021 38
14215471 14215479 57
14219034 14219037 91
4944646 4944655 72
14219652 14219655 53
14223338 14223344 25
14223829 14223832 70
14224067 14224070 31
14225266 14225274 26
14225418 14225426 7
14229193 5600142 89
14230067 14230070 53
14232045 14232048 79
14232339 14232344 20
14234125 14234131 71
14238131 14238135 77
14240820 14240825 35
14241969 14241972 30
14242013 14242021 89
14243593 14243596 35
14253435 14253440 24
14254233 14254236 5
14254416 14254421 22
14259873 14259876 7
14260303 14260310 72
14260574 14260577 81
14260680 14260685 86
14260747 14260752 21
14260865 14260869 65
14261166 6273397 57
14261754 14261762 76
14262904 14262907 64
14262943 14262947 71
14264432 14264435 30
14271999 14272002 36
14274147 14274150 84
14274151 2553317 3
14282315 14282318 64
14282638 14282644 86
14282686 4937629 92
14284048 14284051 62
14287121 14287124 38
14288341 14288344 33
14290530 1609117 36
14290561 14290564 93
14290644 14290647 17
14291317 14291320 21
14292061 14292064 33
14297676 5357017 93
14301199 14301208 58
14302551 14302554 51
14302720 5476471 22
14303929 6642473 16
14306023 2467463 87
14308273 14308276 30
14309793 14309796 99
14309886 5341318 59
14316305 14316308 40
14322349 14322352 27
14323358 5576125 38
14325590 14325593 16
14328351 14328356 47
14328957 14328964 6
14330755 14330766 88
14333758 14333761 24
14333861 14333867 38
14345555 14345558 62
14345718 14345724 45
14346317 14346320 6
14347113 936708 52
14347789 14347797 11
14347799 14347806 41
14349900 14349903 74
14352666 14352676 93
14353370 5418195 64
14355578 14355582 63
14363965 14363968 22
14364587 3250010 56
14365129 9696076 17
14368380 10707374 82
14368747 14368750 20
14372328 6078660 74
14376156 14376159 72
14376160 14376163 87
14377509 14377512 41
14377829 14377833 89
14379294 14379297 26
14380039 14380046 1
14380105 14380108 97
14386802 14386805 73
14387057 14387063 8
14388251 14388258 71
14393324 14393327 60
14394098 14394101 8
14394285 14394289 52
14394711 5363493 93
14394821 14394829 78
14395337 14395342 80
14396077 14396084 64
14397013 14397018 55
14401242 14401245 16
14406239 14406244 34
14408122 14408125 95
14408331 14408334 52
14409036 14409042 82
14409043 2315174 68
14410653 6832556 73
14410734 14410743 25
14410796 14410799 13
14411445 14411450 66
14412103 14412111 13
14414349 14414353 45
14415977 4903766 6
14416422 14416425 40
14417667 9480398 67
14420527 14420531 66
14423075 14423078 48
14424773 1577449 70
14424862 14424869 33
14428810 14428818 28
14431210 14431216 5
14431400 14431407 64
14431408 5710790 54
14432874 120932 18
14433406 14433409 54
14433865 14433871 17
14434041 14434044 64
14434382 5821965 3
14434560 14434564 25
14435176 14435181 34
14435859 14435862 33
14441233 5317912 64
14441380 6530625 90
14448229 14448233 33
14450150 14450155 25
14450355 5470215 61
14450831 14450836 56
14451039 7754638 6
14452529 14452535 40
14453349 14453352 75
14453752 14453757 56
14454382 14454388 55
14454547 14454551 31
14454573 14454576 82
14455116 6485273 17
14455858 6688236 82
14457574 6526529 84
14458126 14458133 91
14458307 14458310 61
14458499 14458502 56
14459864 2557681 65
14462428 413852 27
14462539 14462542 79
14465023 6215352 67
14465696 14465699 62
14466043 14466050 79
14467631 14467639 78
14479452 14479457 63
14486653 5685081 78
14492225 14492228 77
14495573 14495578 100
14499080 5536832 10
14504428 14504431 23
14505011 14505021 65
14506086 14506092 88
14507709 14507712 77
14514274 14514281 78
14514524 6557495 40
14516494 653949 59
14523010 14523014 92
14524563 14524566 100
14525533 14525536 76
14526097 14526100 99
14526552 14526555 68
14542198 14542206 80
14559112 14559117 11
14565219 14565222 57
14566527 14566531 58
14574291 14574296 45
14587657 14587661 56
14589764 14589767 66
14591006 5733459 74
14591405 14591408 80
14591936 14591939 17
14595478 14595483 18
14610998 14611001 96
14619250 14619257 86
14620392 6487058 43
14630274 14630277 34
14633445 1999654 15
14637791 14637797 100
14641088 14641094 66
14641902 978106 66
14657243 14657246 96
14658037 2016594 15
14661027 5207066 38
14662976 950325 59
14692306 14692309 100
14693549 14693552 75
14693756 14693759 55
14696531 14696535 8
14696926 14696929 76
14698413 14698416 67
14699136 14699144 45
14699334 14699341 35
14701151 14701156 88
14712912 14712915 76
14719153 5370348 34
14723916 14723923 66
14739582 14739587 3
14746814 14746817 76
14758598 7341246 68
14761757 14761762 65
14761845 14761852 99
14839147 4418071 73
14868025 14868028 77
14871765 14871769 16
15267867 15267872 1
15269005 15269012 70
15271523 12591625 22
15277075 10101366 23
15330412 15330416 77
15334300 15334304 70
15476771 15476775 69
15499682 15499686 61
15505258 15505264 65
15516955 15516958 65
15521499 15521502 5
15522031 15522034 66
15525511 15525516 57
15530855 5144105 87
15534506 15534511 8
15542450 15542454 66
15601195 15601198 71
15602610 3462448 100
15604207 15604211 25
15604458 15604462 97
15605056 15605059 38
15605157 15605161 97
15605398 15605402 97
15607494 15607497 73
15608240 5296913 64
15609052 15609055 46
15613298 15613301 79
15614071 15614074 100
15615344 15615349 35
15615570 15615573 61
15615825 15615828 90
15616328 2184229 50
15617592 6626288 55
15617623 8132264 75
15617660 15617663 12
15619354 11078180 28
15619816 11609555 27
15620566 197082 26
15621204 7176369 73
15621505 15621508 84
15629541 15629544 46
15629765 15629768 81
15629856 15629858 10
15631221 15631224 75
15631871 15631873 26
15632022 15632025 9
15634149 15634152 36
15636832 15636835 85
15638950 15638953 95
15639302 15639305 41
15639811 5483604 17
15639825 15639829 55
15639912 15639916 20
15641476 15641479 43
15642155 15642158 92
15643287 15643290 65
15643350 15643354 41
15644003 5860885 9
15644033 15644036 88
15644819 15644822 83
15644879 15644882 48
15644943 930708 32
15645205 114996 44
15646514 15646517 80
15647720 15647723 88
15648973 15648977 49
4943979 4943987 90
15649455 6009198 43
15649508 6485734 61
15649980 15649983 66
15650481 15650485 84
15651057 15651060 79
15651607 15651609 100
15652725 15652729 27
15652885 15652888 90
15652972 15652975 45
15653717 2614266 100
15654199 5159464 17
15654525 15654528 52
15655383 7819696 43
15656242 15656245 33
15657708 15657711 42
15659124 8477539 40
15659936 15659939 67
15660108 15660111 15
15660200 15660203 36
15660252 3255560 32
15660338 15660341 31
15660768 5812935 59
15660771 688126 32
15662131 15662134 83
15662149 116292 66
15662170 4459577 72
15662237 15662240 5
15662431 2870453 97
15663032 15663035 26
15664315 15664319 91
15666335 15666337 13
15666692 15666695 7
22520038 3162435 7
22576594 22576601 35
22587154 22587157 59
22638616 22638620 79
22664831 22664834 58
22684609 8698798 72
22734698 619219 50
22754278 22754280 74
22789278 22789282 53
22895484 22895487 12
22950652 22950654 29
23009430 23009432 76
23019691 23019695 54
23023775 23023779 73
23024055 23024057 72
23108822 23108825 9
23121029 23121032 77
23356142 23356145 64
23363378 23363384 74
23465643 23465645 81
23472133 7333473 73
23545993 23545995 54
23608661 23608665 6
23749199 23749202 93
24353263 24353265 58
25424027 1094376 76
28298797 28298800 95
28298964 28298967 58
28299419 28299421 92
28301636 28301638 25
28315631 28315633 18
28320365 28320366 50
28336160 28336161 61
28340408 28340409 78
28341977 28341978 36
28347671 28347672 96
28349196 28349197 12
28349391 28349392 3
28353590 28353591 19
28355092 28355093 31
28359899 28359900 5
2470271 3147652 49
28372763 9678625 2
28746348 9705933 7
28765070 28765074 95
29019061 29019062 85
30300011 30300012 28
30300013 30300015 2
30300017 30300020 73
30300022 30300023 78
30300025 30300026 9
30300027 282320 11
30300028 30300030 19
30300032 30300033 94
6008231 6008239 78
30300034 30300038 93
5078734 5078765 84
30300039 30300040 33
30300041 30300042 29
30300044 5860099 80
30300045 30300046 97
30300047 30300049 8
30300051 30300052 41
30300053 30300055 74
4942691 4942698 20
30300056 4901028 53
30300059 30300060 44
30300061 30300062 65
30300064 30300066 22
30300068 3600686 22
30300070 30300071 24
30300073 30300077 30
8565339 8565354 81
30300083 30300085 21
30300086 30300087 29
30300091 8744204 62
30300092 507059 44
466396 1133216 77
30300097 30300100 24
30300106 30300107 72
30300108 30300109 89
30300110 30300111 61
30300113 30300114 2
6102564 6102588 24
30300116 30300118 77
30300119 30300120 4
30300121 30300122 38
30300125 30300126 64
30300127 30300128 43
30300129 6076277 20
30300134 30300135 36
30300138 5105952 33
30391699 30391700 70
30402236 30402237 62
30402439 4875677 62
31095165 11837292 83
2846222 3404712 77
31178890 31178892 74
31179270 1578334 60
31179456 31179458 80
31179973 31179975 58
31180539 31180541 71
31181721 6343397 43
31181748 31181750 19
31181917 9451924 69
31182270 31182272 23
31182297 31182299 49
31183443 31183445 68
31183658 31183660 76
31183668 31183670 86
31184681 31184683 83
31185080 31185082 10
31185710 31185712 94
32750586 32750588 66
32751466 8477540 66
32888694 32888697 15
32938198 32938200 57
33382539 33382541 32
34367739 1663846 85
34965471 8221091 80
35731294 13430583 23
36670545 36670546 75
36761640 5442959 8
33561418 33561419 32
38721864 38721866 25
39352193 39352194 6
39616822 39616824 12
40049801 40049803 29
40105720 6799069 41
40105741 113281 55
40134913 40134914 94
40214149 8085449 57
40215370 40215371 62
40764691 40764692 5
40764700 40764701 41
40764702 8402270 14
41346411 7433384 36
41356428 4361193 74
41356470 41356472 93
44462241 19949 45
44462242 2730829 62
44462244 44462245 81
44462246 44462247 51
44462248 283218 46
44462249 44462250 7
44462251 44462252 82
44462253 30734755 16
44462254 44462255 71
44462256 44462257 25
44462258 9702330 63
44462259 44462260 8
44462261 8134794 46
44462262 4822954 97
44462263 283189 36
44462264 44462265 75
44462266 44462267 5
44462268 44462269 56
44462270 44462271 60
44462272 44462273 80
44462274 9686390 72
44462275 44462276 38
44462277 3021531 8
44462278 44462279 65
44462280 9270954 19
44462281 833470 12
44462284 44462285 33
44462286 44462287 52
44462288 44462289 16
44462291 44462292 56
44462293 44462294 5
44462295 44462296 52
44462297 9748317 74
44462298 44462299 10
44462300 44462301 38
44462302 1790395 95
44462303 44462304 41
44462305 44462306 31
44462307 12541827 21
44462308 421838 37
44462309 44462310 63
44462311 44462312 36
44462313 44462314 80
44462315 44462316 87
44462317 44462318 6
44462319 929697 29
44462320 44462321 60
44462322 44462323 41
44462324 44462325 97
44462326 44462327 95
44462328 44462329 50
44462330 5427151 47
44462331 44462332 88
44462333 13060705 23
44462334 44462335 22
44462336 8107997 22
44462337 44462338 89
44462339 44462340 38
44462341 44462342 91
44462343 13342580 100
44462344 44462345 86
44462346 44462347 65
44462348 44462349 37
44462350 44462351 74
44462352 44462353 16
44462354 44462355 78
44462356 44462357 22
44462358 44462359 24
44462360 6087628 40
44462361 13399754 3
44462362 44462363 37
44462364 9064588 9
44462365 7849601 53
44462366 44462367 44
44462368 44462369 97
44462370 44462371 51
44462372 44462373 84
44462374 44462375 69
44462376 44462377 41
44462379 44462380 72
44462381 44462382 61
44462383 11210470 45
44462384 44462385 44
44462386 44462387 7
44462388 44462389 90
44462390 44462391 15
44462392 44462393 86
44462394 44462395 52
44462396 44462397 19
44462398 44462399 15
44462400 44462401 26
44462402 44462403 47
44462404 44462405 21
44462406 44462407 14
44462408 44462409 46
44462410 44462411 60
44462412 44462413 38
44462414 3459855 78
44462415 44462416 70
44462417 44462418 29
44462419 44462420 93
44462421 44462422 56
44462423 44462424 67
44462425 44462426 6
44462427 44462428 64
44462429 44462430 61
44462431 44462432 56
44462433 44462434 89
44462435 44462436 6
44462437 44462438 72
44462439 44462440 3
44462441 44462442 85
44462443 7799221 3
44462444 44462445 35
44462446 44462447 35
44462448 44462449 61
44462450 44462451 64
44462452 44462453 58
44462454 745901 42
44462455 44462456 99
44462457 44462458 97
44462459 44462460 40
44462461 44462462 68
44462463 44462464 22
44462465 6183728 32
44462466 44462467 80
44462468 44462469 56
44462470 5055110 22
44462471 44462472 43
44462473 44462474 62
44462475 44462476 82
44462477 44462478 79
44462479 11111618 79
44462480 44462481 4
44462482 44462483 28
44462484 44462485 17
44462486 7908635 75
44462487 44462488 77
44462489 44462490 26
44462491 44462492 22
44462493 44462494 36
44462495 44462496 49
44462497 44462498 21
44462499 9997823 33
44462500 44462501 35
44462502 44462503 20
44462504 5769866 74
44462505 44462506 66
44462507 44462508 8
44462509 44462510 47
44462511 44462512 45
44462513 44462514 63
44462515 44462516 97
44462517 44462518 46
44462519 5336833 63
44462520 44462521 10
44462522 44462523 25
44462524 44462525 40
44462526 44462527 73
44462528 44462529 95
44462530 654281 41
44462531 44462532 99
44462533 10764545 24
44462534 44462535 33
44462536 6071138 77
44462537 44462538 80
44462539 44462540 52
44462541 44462542 42
44462543 44462544 95
44462545 44462546 15
44462547 44462548 43
44462549 44462550 25
44462551 44462552 93
44462553 44462554 15
44462555 44462556 70
44462557 44462558 33
44462559 44462560 64
44462561 44462562 43
44462563 44462564 68
44462565 44462566 46
44462567 44462568 87
44462569 7023290 42
44462570 44462571 9
44462572 44462573 32
44462574 44462575 16
44462576 44462577 83
44462578 44462579 93
44462580 44462581 81
44462582 44462583 4
44462584 44462585 62
44462586 44462587 22
44462588 44462589 47
44462590 44462591 26
44462592 44462593 18
44462594 44462595 13
44462596 44462597 74
44462598 44462599 85
44462600 44462601 80
44462602 44462603 61
44462604 44462605 27
44462606 44462607 37
44462608 44462609 44
44462610 44462611 15
44462612 44462613 19
44462614 44462615 39
44462616 44462617 16
44462618 955967 35
44462619 44462620 57
44462621 44462622 34
44462623 44462624 62
44462625 44462626 38
44462627 44462628 8
44462629 44462630 17
44462631 3627718 59
44462632 7198200 31
44462633 44462634 42
44462636 44462637 57
44462638 44462639 29
44462640 44462641 79
44462642 3526224 70
44462643 44462644 72
44462645 44462646 91
44462647 44462648 18
44462649 44462650 52
44462651 44462652 67
44462653 33604851 80
44462654 44462655 47
44462656 7895220 35
44462657 44462658 100
44462659 44462660 91
44462661 14696661 77
44462662 44462663 33
44462664 44462665 72
44462666 44462667 60
44462668 44462669 38
44462670 44462671 42
44462672 44462673 10
44462674 44462675 95
44462676 44462677 93
44462678 44462679 82
44462680 44462681 76
44462682 44462683 24
44462684 44462685 34
44462686 44462687 14
44462688 44462689 39
44462690 44462691 40
44462692 44462693 68
44462694 44462695 3
44462696 44462697 2
44462698 44462699 59
44462700 44462701 3
44462703 44462704 3
44462705 44462706 98
44462707 905857 9
44462708 44462709 97
44462710 44462711 4
44462712 12788191 74
44462713 44462714 57
44462715 44462716 17
44462717 3981594 13
44462718 44462719 71
44462720 44462721 81
44462722 11865217 22
44462723 44462724 16
44462725 2467109 90
44462728 44462729 75
44462730 44462731 31
44462732 44462733 52
44462734 44462735 28
44462736 44462737 37
44462738 44462739 91
44462740 44462741 58
44462742 5427809 55
44462743 44462744 30
44462745 44462746 27
44462747 6638614 19
44462748 44462749 69
44462750 1532729 55
44462751 44462752 11
44462753 44462754 30
44462755 44462756 22
44462757 6481644 60
44462758 44462759 84
44462760 44462761 37
44462762 44462763 85
44462764 44462765 22
44462766 8155135 9
44462767 6866668 49
44462768 44462769 84
44462770 44462771 100
44462772 5885676 6
44462773 44462774 44
44462775 44462776 23
44462777 44462778 68
44462779 44462780 85
44462781 44462782 57
44462783 44462784 59
44462785 44462786 19
44462787 44462788 31
44462789 5866884 50
44462790 44462791 14
44462792 358565 9
44462793 10019861 48
44462794 44462795 27
44462796 44462797 66
44462798 44462799 34
44462800 44462801 54
44462802 44462803 83
44462804 44462805 54
44462806 44462807 90
44462808 44462809 27
44462810 44462811 86
44462812 44462813 61
44462814 44462815 75
44462816 159502 81
44462817 44462818 92
44462819 44462820 48
44462821 6701080 14
44462822 44462823 96
44462824 44462825 17
44462826 5267215 12
44462827 203140 24
44462828 44462829 31
44462830 44462831 83
44462832 44462833 9
44462834 44462835 29
44462836 44462837 48
44462838 44462839 61
44462840 8266941 26
44462841 1329611 35
44462842 44462843 49
44462844 44462845 76
44462846 44462847 44
44462848 3058607 73
44462849 44462850 52
