29057879 18357085 29
29057885 18357085 1
29057891 407129 28
29057896 18956773 42
29057899 17318301 4
29057902 17318301 4
29057904 18360896 17
29057905 17318301 1
29057908 18360896 83
29086190 1367256 14
29086195 1677913 85
29086198 1012910 28
29086203 1677913 12
29086209 1677913 64
29086214 1677913 62
29086220 1677913 71
29086226 1677913 9
29086231 1677913 91
29086236 1677913 29
29086242 1677913 6
29086248 1677913 25
29086254 1677913 46
29086260 1012910 62
29086265 1012910 66
29086271 1012910 92
29086276 1012910 46
29086279 1012910 10
29086284 1012910 49
29086289 1012910 61
29086291 1012910 84
29086294 211300 80
29086296 1677913 72
29086299 1677913 12
29086303 1677913 40
29086304 1677913 100
29086308 1677913 55
29086312 2644814 80
29086315 1012910 2
29086320 17918991 50
29086326 1677913 69
29086332 1677913 26
29086335 1677913 96
29086337 1677913 70
29086339 4916452 7
29086346 1677913 55
29086353 17513785 2
29086356 1012910 59
29086357 4916452 26
29086359 4916452 22
29086360 1012910 51
29086361 18443977 98
29086364 18578158 21
29086367 18588322 78
29086369 1369326 67
29086370 1377272 59
29086371 4916452 44
29086372 4916452 45
29086373 17468423 10
29086375 1369326 83
29086376 18106027 38
29086378 18529824 6
29086381 18976135 60
29086383 1677913 33
29086385 18106027 70
29086386 1012910 1
29086397 1677913 78
29086401 1677913 4
29086405 1677913 43
29086411 1677913 13
29086415 1012910 40
29086417 1012910 50
29086423 1012910 53
29086426 1012910 35
29086429 1012910 56
29086432 1012910 89
29086434 1012910 3
29086437 1012910 77
29086440 1012910 11
29086443 1012910 14
29086446 1012910 76
29086449 1012910 93
29086455 1012910 53
29086458 1012910 95
29086461 4916452 74
29086463 4916452 32
29086466 4916452 38
29086469 4916452 31
29086472 4916452 21
29086475 4916452 16
29086478 4916452 20
29086481 4916452 23
29086484 4916452 37
29086487 4916452 69
29086490 4916452 94
29086493 1012910 4
29086496 1012910 69
29086498 1677913 93
29086502 1012910 81
29161666 18844542 4
29161672 1774090 26
29161678 1036356 3
29161684 1036356 61
29161687 1036356 37
29161690 17440132 74
29161693 18753107 62
29161697 1036356 18
29161700 18832716 7
29161701 21250548 73
29161702 19843848 46
29161703 17434706 74
29161706 1036356 59
29161707 16033781 60
29161708 17952526 92
29161710 17434706 46
29161713 19022131 55
29161724 18844542 29
29161726 1774090 19
29161742 18061580 8
29170151 16007388 18
29170157 2326017 91
29170161 16007388 16
29170164 16007388 40
29170169 1773389 44
29170175 1773389 88
29170179 1773389 56
29170182 1773389 60
29170188 1773389 96
29170192 1773389 28
29170196 1773389 13
29170200 17428654 28
29170206 18089912 41
29170209 18844636 12
29170212 16007388 100
29170214 407937 31
29170220 16042472 69
29170223 18859626 50
29170229 1036858 53
29170233 1036858 58
29170239 1036858 8
29170245 1036858 86
29170251 1036858 59
29170255 1036858 93
29170259 18285261 54
29170261 18811665 49
29170266 18811665 86
29170272 319961 51
29170276 1395777 62
29170280 17115377 58
29170283 1036858 47
29170289 1036858 26
29170295 16007388 78
29170296 1036858 82
29170297 404297 79
29170300 404297 3
29170301 18928400 67
29170304 1395777 86
29170305 1382475 64
29170307 19147019 8
29170309 18849069 7
29170310 18369610 35
29170312 16007388 37
29170315 16007388 51
29170321 1036858 27
29170324 16007388 89
29170325 1395777 27
29170346 17958660 17
29170349 1192759 1
29170350 1373317 26
29170353 18855025 94
29170355 18844636 15
29170357 16007388 82
29170359 16007388 36
29170361 16007388 71
29170364 16007388 66
29170366 16007388 73
29170368 16007388 91
29170370 868962 97
29170373 18844636 18
29170377 18844636 14
29170378 18844636 97
29170381 1395777 56
29170384 1014138 96
29170397 18811665 9
29170404 17076478 87
29175226 209201 26
29175228 18946583 72
29175231 18946583 4
29175236 17317336 38
29175239 217920 37
29175241 18260450 68
29175244 1626958 84
29175247 217920 60
29175248 18849656 28
29175250 18792684 2
29175256 217920 39
29175261 17452807 7
29175262 18849656 34
29175263 17452807 93
29175264 209201 74
29175265 18599518 53
29175267 217920 31
29175268 18254540 11
29175269 18372052 71
29175270 17809473 94
29175273 18287187 75
29175276 209201 92
29175277 217920 71
29175278 18580816 38
29175279 18599518 18
29175280 18981955 41
29175281 18849656 17
29175290 17019473 66
29175294 18580816 51
29175296 3225292 16
29175298 1395809 55
29175301 1395809 32
29175304 1395809 52
29180320 18981394 61
29180322 319947 76
29180326 319947 59
29180330 319947 85
29180334 319947 22
29180338 319947 20
29180341 18862944 49
29180342 18862944 7
29180345 18862944 37
29180349 18862944 8
29180352 18862944 32
29180355 18862944 40
29180358 319947 86
29180362 18416647 28
29180364 18425862 31
29180367 19022439 75
29180370 17921321 57
29180372 2326346 86
29180375 17952160 7
29180376 211316 35
29180377 18975333 85
29180378 1374811 21
29180380 17794119 74
29180381 2971358 69
29180382 319947 64
29180385 4934219 76
29180387 403981 54
29180413 18862944 65
29180414 18862944 24
29180418 17614650 59
29180421 17614650 3
29180424 17614650 79
29180427 17614650 34
29268054 19287903 59
29268057 1012463 83
29268063 1012463 15
29268065 1012463 48
29268066 209209 98
29268069 19119769 74
29268071 17018018 50
29268072 17414272 40
29268074 17018018 32
29268116 1012463 4
29268117 18055681 76
29268119 18426238 18
29275926 403801 1
29275929 2644814 100
29275930 2644814 43
29275932 2644814 21
29275938 2644814 92
29275944 2644814 87
29275946 2644814 92
29275952 2644814 73
29275958 18793167 28
29275961 18793167 39
29275966 18273772 7
29275972 2644814 21
29275974 2644814 52
29275980 2644814 1
29275986 2644814 30
29275990 18261109 66
29275995 2644814 12
29276001 2644814 68
29276007 2644814 65
29276009 275805 56
29276010 18793167 27
29276016 403801 27
29276019 2644814 49
29276021 2644814 62
29276023 2644814 63
29276025 2644814 72
29276027 2644814 63
29276031 2644814 39
29276036 2644814 35
29276042 2644814 89
29276043 2644814 46
29276044 18273772 4
29276050 2644814 84
29276055 2644814 18
29276058 211449 58
29276061 2644814 59
29276064 350868 28
29276068 18161602 26
29276071 18062219 9
29276077 17788756 87
29276081 211452 22
29276084 403801 24
29276085 18273772 69
29276086 18841856 48
29276087 275805 35
29276090 18833066 36
29276092 18062219 97
29276094 29276095 95
29276098 275805 39
29276099 18283301 24
29276100 1773720 100
29276102 1012213 66
29276104 2644814 69
29276105 18793167 76
29276108 350868 94
29276109 1626923 55
29276110 18261109 88
29276111 16586721 51
29276113 16586746 95
29276115 16586721 30
29276121 16586746 66
29276124 16586746 49
29276128 16586721 15
29276132 16586721 100
29276136 16586746 75
29276141 16586746 21
29276147 16586721 50
29276151 16586721 91
29276155 16586746 22
29276161 16586746 99
29276167 17734613 40
29276194 2644814 35
29276195 18793167 38
29276200 18793167 35
29276202 18793167 73
29276207 2644814 50
29276209 2644814 7
29276212 211324 74
29276213 2644814 77
29276216 2644814 14
29276219 2644814 24
29276222 2644814 56
29276224 2644814 8
29276227 2644814 35
29276230 2644814 40
29276233 17713512 20
29276239 17788756 98
29276242 17788756 35
4945506 1037510 74
4945517 1011745 32
29280428 1037510 12
29280434 1037510 88
29280439 1037510 48
29280445 1037510 8
29280451 1037510 26
29280453 1037510 3
29280455 1011745 13
29280461 1904964 84
29280463 1011745 36
29280469 17513127 78
29280472 1037510 18
29280475 18405734 8
29280481 1037510 27
29280484 1037510 58
29280486 2662949 26
29280492 1011745 14
29280495 1011745 34
29280498 1011745 64
29280504 17396845 23
29280508 1011745 77
29280511 1011745 95
29280514 1011745 44
29280520 1011745 31
29280524 18405734 27
29280526 1011745 95
29280532 1011745 53
29280538 1011745 97
29280542 1011745 56
29280548 1011745 82
29280554 1037510 38
29280559 1037510 31
29280564 1037510 34
29280570 1037510 34
29280575 1037510 91
29280581 1037510 56
29280586 1037510 47
29280591 1037510 43
29280595 1037510 85
29280597 211326 79
29280603 1037510 2
29280606 1037510 33
29280610 1037510 10
29280616 1037510 63
29280619 1011745 27
29280625 1011745 63
29280627 1011745 10
29280630 1011745 87
29280634 1011745 3
29280638 1011745 13
29280641 1011745 20
29280645 211326 28
29280649 1011745 2
29280653 1037510 69
29280657 1011745 8
29280658 1384262 18
29280660 1011745 27
29280664 17513127 96
29280667 18405734 11
29280673 1037510 18
29280675 211326 44
29280678 211326 36
29280681 18080525 66
29280686 17513127 88
29280689 1011745 47
29280690 1011745 79
29280691 211326 70
29280692 17513127 96
29280693 2662949 41
29280694 211326 2
29280695 1011745 1
29280696 17849930 44
29280698 18614793 30
29280699 1037510 52
29280701 18374328 70
29280702 18405734 31
29280705 17122148 20
29280706 211455 79
29280708 211326 93
29280709 407127 83
29280711 17749725 5
29280713 18415533 67
29280714 17741069 97
29280716 1037510 29
29280717 1037510 34
29280718 1011745 31
29280719 18080525 32
29280762 2662949 44
29280765 1037510 95
29280767 1037510 53
29280770 1011745 78
29280773 1011745 40
29280776 1011745 67
29280781 1011745 24
29280784 1011745 98
29280786 1011745 92
29280790 1011745 12
29280792 1011745 45
29280794 1011745 98
29280796 1011745 62
29280798 1011745 17
29280801 1011745 96
29280803 1011745 37
29280806 1037510 61
29280812 1037510 9
29280815 1011745 5
29280818 1037510 42
29280819 1037510 76
29280824 1011745 82
29280830 1011745 89
29280832 1677913 59
29280834 1011745 3
29280836 1037510 4
29280841 1037510 64
29280843 1037510 30
29280845 1011745 29
29280848 1011745 94
29280850 1011745 86
29280852 1011745 30
29280854 1011745 86
29280856 1011745 85
29280858 1037510 48
29280860 1011745 80
29280863 1037510 11
29280865 1037510 26
29280871 1037510 51
29280873 1037510 55
29280876 1037510 71
29283478 3989802 18
29283480 19118920 65
29283481 3989802 90
29283482 3989802 65
29283483 1384263 29
29283485 1384263 13
29283486 17071334 15
29283487 18677788 91
29283488 18677788 39
29283489 18931704 40
29283490 19118920 4
29283493 18416763 83
29290212 17846960 29
29290213 1773846 8
29290219 1773846 53
29290225 1773846 69
29290228 1773846 53
29290231 1773846 67
29290237 16701566 39
29290240 1773846 37
29290246 15987461 4
29290252 2682371 53
29290255 211333 78
29290260 18649431 84
29290261 322752 57
29290264 15987461 64
29290265 15987461 72
29290266 1197479 13
29290269 17846960 43
29290270 1773846 98
29290272 18958400 46
29290274 1773846 77
29290275 18264815 95
29290276 15987461 60
29290277 17353163 67
29290279 17353163 21
29290280 1626664 93
29290283 17749985 62
29290286 15988963 68
29290289 19751378 85
29290290 15987461 78
29290296 17749985 51
29290302 17749985 34
29290307 17749985 76
29290312 17749985 28
29290317 17749985 23
29290324 17749985 54
29290330 17749985 77
29290336 17749985 21
29290342 17749985 9
29290346 17749985 12
29290350 17749985 91
29290354 17749985 87
29290358 17749985 3
29290362 17749985 50
29290366 17749985 59
29290370 17749985 91
29290376 17749985 6
29290382 17749985 73
29290388 17749985 37
29290394 17749985 33
29290398 17749985 1
29290404 17749985 39
29290408 17749985 45
29290414 17749985 56
29290420 15987461 84
29290425 17749985 66
29290429 15987461 79
29290436 15987461 51
29290440 15987461 72
29290446 19198785 35
29290459 18958400 94
29290462 15987461 13
29290467 15987461 82
29290474 15987461 41
29290478 15987461 78
29290481 15987461 49
29290484 15987461 62
29290489 15987461 26
29290497 15987461 90
29290502 15987461 69
29290508 15987461 46
29290514 15987461 77
29290521 15987461 29
29290528 4916643 80
29290530 1773846 97
29290532 1773846 26
29290535 1773846 49
29290540 1773846 36
29290542 1773846 51
29290545 1773846 89
29290547 1773846 34
29290550 1773846 8
29290552 1773846 46
29290555 1773846 79
29290558 1773846 92
29290561 1773846 84
29290564 1773846 39
29290567 1773846 16
29290569 1773846 27
29290571 1773846 25
29290574 1773846 46
29290577 18722394 22
29290583 18722394 14
29290589 18722394 39
29290595 15987461 42
29290598 18722394 89
29290601 1773846 68
29290607 15987461 33
29290613 15987461 69
29290619 15987461 81
29290624 15987461 45
29290630 15987461 73
29290636 15987461 53
29290642 15987461 85
29290648 15987461 73
29290653 15987461 96
29290659 15987461 26
29290665 15987461 33
29290671 15987461 24
29290677 15987461 85
29290683 15987461 35
29290689 15987461 83
29290695 15987461 67
29290701 15987461 35
29290706 15987461 95
29290712 15987461 14
29290718 15987461 29
29290721 15987461 74
29290727 15987461 85
29290733 15987461 68
29290739 15987461 62
29290745 15987461 2
29290748 15987461 36
29290754 15987461 92
29290760 15987461 22
29290766 15987461 19
29290772 15987461 24
29290778 15987461 85
29290784 15987461 19
29290790 15987461 50
29290795 15987461 54
29290798 15987461 10
29290801 15987461 11
29290807 15987461 78
29290810 15987461 97
29290816 15987461 6
29290821 15987461 11
29290825 15987461 37
29290831 15987461 68
29290834 15987461 33
29290840 15987461 32
29290846 15987461 24
29290849 15987461 30
29290855 15987461 40
29290860 15987461 38
29290866 15987461 9
29290870 15987461 38
29290876 15987461 70
29290882 15987461 14
29290888 15987461 59
29290894 15987461 99
29290900 15987461 99
29290905 15987461 31
29290911 15987461 40
29290917 15987461 68
29290922 15987461 61
29290928 15987461 51
29290933 15987461 16
29290939 15987461 35
29290942 15987461 70
29290945 15987461 62
29290950 15987461 14
29290956 15987461 74
29290962 15987461 2
29290968 15987461 75
29290974 15987461 43
29290980 15987461 22
29290986 15987461 13
29290992 15987461 38
29290998 15987461 59
29291003 15987461 4
29291009 15987461 59
29291015 15987461 97
29291021 15987461 3
29291026 15987461 60
29291032 15987461 77
29291038 15987461 66
29291044 15987461 2
29291049 15987461 11
29291055 15987461 18
29291060 15987461 98
29291062 15987461 3
29291068 15987461 35
29291074 15987461 52
29291080 15987461 61
29291085 15987461 39
29291091 15987461 99
29291097 15987461 95
29291102 15987461 8
29291105 15987461 18
29291110 15987461 75
29291116 15987461 52
29291119 15987461 11
29291125 15987461 84
29291131 15987461 23
29291137 15987461 59
29291142 15987461 53
29291148 15987461 77
29291154 15987461 16
29291159 15987461 37
29291164 15987461 1
29291170 15987461 97
29291176 15987461 75
29291181 15987461 36
29291183 15987461 37
29291189 15987461 73
29291194 15987461 61
29291200 15987461 3
29291203 15987461 17
29291208 15987461 21
29291214 15987461 85
29291220 15987461 10
29291226 15987461 90
29291232 15987461 83
29291238 15987461 84
29291243 15987461 42
29291249 15987461 66
29291252 15987461 95
29291254 15987461 43
29291259 15987461 47
29291265 15987461 9
29291267 15987461 80
29291272 15987461 19
29291278 15987461 72
29291285 15987461 54
29291289 15987461 97
29291292 15987461 57
29291295 15987461 100
29291298 15987461 85
29291303 15987461 15
29291307 15987461 16
29291309 15987461 44
29291311 15987461 62
29291315 15987461 96
29291318 15987461 91
29291323 15987461 86
29291327 15987461 50
29291332 15987461 11
29291334 15987461 39
29291339 15987461 47
29291344 15987461 56
29291348 15987461 19
29291352 15987461 19
29291357 15987461 84
29291362 15987461 17
29291366 15987461 48
29291373 15987461 18
29291379 15987461 98
29291381 15987461 92
29291387 15987461 36
29291391 15987461 100
29291396 15987461 81
29291402 15987461 35
29291406 15987461 51
29291411 15987461 75
29291416 15987461 68
29291419 15987461 16
29291424 15987461 7
29291426 15987461 78
29291432 15987461 96
29291437 15987461 98
29291443 15987461 79
29291449 15987461 86
29291454 15987461 32
29291459 15987461 57
29291461 15987461 43
29291467 15987461 69
29291473 15987461 21
29291479 15987461 53
29291484 15987461 63
29291490 15987461 67
29291495 15987461 95
29291498 15987461 95
29291501 15987461 19
29291506 15987461 100
29291511 15987461 41
29291516 15987461 49
29291523 15987461 19
29291525 15987461 33
29291528 15987461 44
29291530 15987461 55
29291533 15987461 75
29291538 15987461 55
29291541 15987461 35
29291543 15987461 24
29291544 15987461 77
29295336 18850756 27
29295341 19239392 12
29295345 17870248 93
29295347 403536 31
29295353 17870248 47
29295355 18359749 15
29295358 18850756 21
29295360 520754 90
29295361 3285367 52
29296941 4000781 69
29296944 4000781 54
29296947 17517206 74
29296951 17517206 9
29296955 119996 71
29296961 119996 62
29296967 119996 85
29296970 119996 23
29296976 119996 60
29296979 17723486 15
29296982 119996 23
29296984 19200401 37
29296985 4000781 55
29296986 17718459 13
29296995 119996 67
4945528 1773446 90
29299237 1367260 56
29299239 1367260 92
29299241 19005923 32
29299246 212883 15
29299253 212883 18
29299259 17485845 64
29299262 17485845 46
29299267 211338 42
29299273 212883 41
29299276 211338 67
29299278 403546 31
29299280 18751776 37
29299283 16187510 55
29299284 16187510 84
29299285 17485845 69
29299287 18917937 50
29299288 17485845 28
29299289 19196007 52
29303702 1626725 3
29303708 18674846 98
29303710 18674846 40
29303716 1626725 72
29303722 18674846 24
29303725 1367256 67
29303728 1367256 88
29303730 1367256 62
29303732 1626725 74
29303738 1626725 75
29303743 951056 76
29303745 951056 81
29303749 18836120 57
29303754 2644920 94
29303755 2644920 81
29303756 18442304 51
29303758 18442304 24
29303759 18187669 95
29303779 18674846 8
29303780 951056 92
29303782 1626725 97
29303785 1626725 60
29303792 951056 42
29305614 17417357 19
29305617 17417357 96
29305623 1677977 4
29305625 1677977 35
29305627 407129 38
29305628 18580480 61
29305631 18580480 27
29305632 1677977 14
29305633 1677977 7
29305634 1677977 84
29305635 18580480 23
29305636 18580480 10
29305637 18580480 79
4945539 1012384 53
29309358 1012654 3
29309364 319961 83
29309368 1012384 27
29309371 1012384 57
29309374 1012384 51
29309380 1012384 61
29309386 1904914 52
29309393 1904914 86
29309398 1904914 72
29309403 1904914 86
29309406 1904964 62
29309409 1904914 92
29309415 637416 39
29309418 1012654 15
29309424 1012654 91
29309428 1904914 96
29309432 1904914 40
29309438 1012384 14
29309439 1904914 97
29309443 1012384 93
29309447 1012384 23
29309453 296898 50
29309455 17799872 66
29309458 18934465 37
29309459 18657059 47
29309460 1904964 88
29309461 18832948 97
29309463 1012384 31
29309464 1410502 54
29309467 1012384 92
29309468 29306059 96
29309469 29306059 46
29309470 1012384 36
29309471 17799872 62
29309472 1904914 75
29309473 1012384 88
29309479 1012384 2
29309481 1012384 59
29309484 1904964 54
29309494 17485359 97
29309495 1904914 68
29309497 1904914 34
29309503 1904914 20
29309509 1904914 1
29309515 1904914 10
29309521 1012384 82
29309525 1012384 96
29309528 1012384 82
29309531 1012384 93
29309534 1012384 71
29309537 1012384 80
29309540 1012384 90
29309541 1012384 2
29309544 1012384 28
29309547 1012384 100
29309551 1012384 56
29309553 1012384 9
29309556 1012384 6
29309558 1012384 100
29309561 1012384 58
29309563 1012384 44
29309565 1012384 56
29309568 1012384 28
29309571 1012384 38
29309574 1012384 58
29309577 1012384 55
29309579 1012384 85
29309582 1012384 4
29309584 1012384 41
29309587 1012384 13
29309589 1012384 20
29309592 1012384 65
29309595 1012384 46
29309598 1012384 95
29309602 1012384 23
29309608 1012384 75
29309611 1012384 60
29309614 1012384 51
29309617 1012384 9
29309623 1012384 4
29309629 1012384 19
29309635 1012384 29
29309639 1012384 65
29309645 1012384 73
29309649 1012384 46
29309653 1012384 99
29309658 1012384 93
29309664 1012384 54
29313280 1773446 32
29313286 1773446 11
29313292 4916070 64
29313295 4916070 12
29313298 404565 71
29313300 16915130 76
29313306 16915130 30
29313311 16915130 5
29313314 1773446 93
29313320 15986773 55
29313323 15986773 31
29313329 403808 18
29313333 404565 38
29313339 336300 47
29313344 16915130 1
29313347 16915130 52
29313352 18447807 55
29313354 4916070 78
29313357 403808 11
29313362 16915130 98
29313363 19298296 24
29313364 18019098 73
29313367 18447807 90
29313368 211343 35
29313369 336300 35
29313371 16915130 32
29313372 18853771 68
29313373 15986773 91
29313374 17631680 77
29313376 17499655 25
29313378 4916070 89
29313381 19040868 88
29313382 16915130 83
29313383 16615352 42
29313385 404565 59
29313386 18911367 2
29313389 19040868 31
29313400 1773446 41
29313406 1773446 13
29313412 1773446 65
29313418 1773446 62
29313424 1773446 38
29313430 1773446 89
29313433 1773446 10
29313439 1773446 50
29313445 1773446 66
29313448 1773446 55
29313454 1773446 8
29313460 16915130 70
29313463 16915130 11
29313466 16915130 77
29313469 16915130 100
29313472 16915130 58
29313475 16915130 29
29313477 16915130 5
29313480 16915130 85
29313483 16915130 74
29313485 16915130 49
29313487 1773446 6
29313493 1773446 14
29313499 16915130 12
29313501 1773446 37
29313507 1773446 88
29313510 1773446 34
29313516 1773446 21
29313522 1773446 45
29313528 1773446 4
29313534 1773446 31
29313540 1773446 85
29313543 1773446 31
29313546 1773446 19
29313552 1773446 76
29313558 4916070 61
29313561 4916070 92
29313564 1773446 31
29313569 1773446 24
29313574 1773446 6
29313580 1773446 65
29313583 1773446 31
29313586 1773446 40
29313592 1773446 77
29313598 1773446 81
29313603 1773446 4
29313606 1773446 30
29313609 1773446 89
29313612 1773446 18
29313615 1773446 48
29313621 1773446 14
29313624 1773446 69
29313629 1773446 40
29313632 1773446 70
29313635 1773446 13
29313637 1773446 35
29313639 1773446 47
29313642 1773446 50
29313645 1773446 2
29313648 1773446 22
29313651 1773446 49
29313654 1773446 72
29313656 1773446 55
29313659 1773446 68
29313662 1773446 69
29313665 1773446 87
29313668 1773446 64
29313671 1773446 65
29313673 1773446 74
29313676 1773446 44
29313678 1773446 61
29313681 1773446 69
29313684 1773446 41
29313687 1773446 60
29313690 1773446 92
29313692 1773446 15
29313694 1773446 91
29313696 1773446 13
29313699 1773446 95
29313702 1773446 70
29313705 1773446 20
29313708 1773446 11
29313711 1773446 18
29313714 1773446 83
29313716 1773446 72
29313718 1773446 3
29313720 1773446 95
29313722 1773446 26
29313725 1773446 11
29313728 1773446 53
29313731 1773446 63
29313734 1773446 42
29313737 1773446 10
29313740 1773446 96
29313743 1773446 19
29313746 1773446 42
29313749 1773446 91
29313751 1773446 44
29313753 1773446 85
29313755 1773446 86
29313758 1773446 73
29313760 1773446 64
29313763 1773446 58
29313766 1773446 42
29313768 1773446 43
29313771 1773446 31
29313774 1773446 7
29313777 1773446 14
29313780 1773446 87
29313783 1773446 10
29313785 1773446 54
29313787 1773446 14
29313789 1773446 69
29313791 1773446 70
29313794 1773446 79
29313796 1773446 24
29313798 1773446 86
29313801 1773446 47
29313804 1773446 25
29313806 1773446 36
29313808 1773446 82
29313811 1773446 80
29313814 1773446 30
29313817 1773446 53
29316773 1012717 39
29316776 18977557 60
29316780 1012717 94
29316783 1012717 59
29316788 1012717 80
29316792 19079125 8
29316798 1012717 41
29316799 18989646 78
29316802 16014667 24
29316807 1012717 34
29316812 19079125 95
29316814 19079125 65
29316815 19042636 4
29316816 18989646 2
29316819 1012717 85
29316820 19290599 65
29316822 16014667 94
29316824 16014667 48
29316825 16014667 99
29316826 16014667 97
29316827 16014667 49
29316845 1012717 5
29316846 19079125 100
29316849 19079125 2
29316852 19079125 52
29316855 19079125 81
29316857 19079125 45
29316860 19079125 58
29316862 1012717 40
29320637 4664237 39
29320640 1012262 44
29320646 1012262 13
29320652 319961 29
29320655 1196482 1
29320658 1196482 13
29320664 1196482 81
29320670 1012262 83
29320673 17803283 6
29320675 319961 66
29320677 18298350 26
29320683 18298350 15
29320689 4664237 49
29320692 319961 45
29320698 18298350 9
29320703 18298350 32
29320704 18298350 6
29320705 1012262 96
29320706 18298350 80
29320707 19741328 56
29320710 18445361 50
29320713 18298350 9
29320714 319961 44
29320715 16602046 72
29320716 1012262 73
29320717 17942675 7
29320718 319961 80
29320735 18298350 85
29320741 4664237 14
29320742 1012262 80
29325348 18853490 44
29325351 17474316 47
29325353 18853490 35
29325358 212886 75
29325360 212886 44
29325363 212886 33
29325365 18162898 47
29325368 212886 57
29325370 18823571 64
29325371 18900511 51
29325373 403647 9
29325374 18397866 11
29325383 212886 61
29330064 993642 55
29330065 18174671 78
29330068 18174671 21
29330071 296900 4
29330074 296900 74
29330080 16031293 73
29330086 18430227 25
29330089 18622043 41
29330092 296900 79
29330096 18175213 3
29330100 18991255 5
29330101 993642 27
29330102 993642 27
29330103 18834239 92
29330106 296900 31
29330107 1904351 13
29330108 16031293 93
29330109 16007395 25
29330111 19232872 67
29330112 18991255 38
29330113 18251887 65
29330115 18921176 80
29330116 1626897 80
29330118 16007395 11
29330123 18647957 87
29330126 16007395 5
29330128 1768273 92
29330129 296900 91
29330132 296900 68
29330135 296900 89
29330138 296900 91
29330141 296900 13
29330144 296900 96
29330147 296900 97
29330150 296900 73
29330153 296900 47
29330156 296900 37
29330159 296900 80
29330162 296900 23
29330165 296900 37
29330168 296900 68
29330171 296900 90
29330174 296900 12
29330178 296900 38
29330181 296900 60
29330184 296900 1
29330187 296900 83
29330190 296900 85
29330193 1626897 45
29334234 16007186 60
29334237 16007186 57
29334240 2645710 77
29334242 520759 82
29334245 16007186 46
29334247 16007186 99
29334252 16007186 71
29334257 16007186 93
29334260 16007186 57
29334265 16007186 35
29334270 16007186 86
29334276 18647179 85
29334278 16007186 43
29334283 16007186 83
29334288 2645710 69
29334294 19036358 63
29334297 19036358 41
29334300 16007186 71
29334306 1367508 91
29334309 16007186 47
29334314 4951573 13
29334317 4951573 12
29334319 209238 41
29334322 1367508 36
29334325 520759 99
29334326 18654293 26
29334328 275815 42
29334330 16007186 36
29334333 4951573 70
29334334 275815 52
29334335 18647179 63
29334336 19303222 61
29334337 18850428 22
29334339 17978960 34
29334340 18433719 49
29334342 2645710 36
29334343 16007186 93
29334344 16024839 52
29334347 16715237 20
29334348 16007186 60
29334351 275815 75
29334354 275815 64
29334357 275815 38
29334360 275815 83
29334378 16007186 66
29334384 16007186 46
29334386 16007186 59
29334388 16007186 100
29334391 16007186 75
29334393 16007186 94
29334395 16007186 26
29334400 16007186 86
29334402 16007186 55
29334404 3707033 14
29334405 16007186 27
45101539 1011745 20
45101540 1011745 37
45101541 1011745 75
45101542 1011745 87
45101543 1011745 69
45101544 1012910 88
45101545 1012910 98
45101546 1012910 68
45101547 1012910 51
45101548 1012910 71
45101549 1012910 34
45101550 1012910 82
45101551 1012910 62
45101552 1012910 72
45101553 1012910 2
45101554 1012910 40
45101555 1012910 90
45101556 1012910 63
45101557 1012910 35
45101558 1012910 46
45101559 1012910 26
45101560 1012910 18
45101561 1012910 94
45101562 1012910 77
45101563 1012910 6
45101564 1012910 96
45101565 1012910 39
45101566 1012910 60
45101567 1012910 97
45101568 1012910 30
45101569 1012910 90
45101570 1012910 37
45101571 1012910 99
45101572 1012910 17
45101573 1012910 14
45101574 1012910 2
45101575 1012910 51
45101576 1012910 95
45101577 1012910 34
45101578 1012910 4
45101579 1012910 10
45101580 1012910 80
45101581 1012910 3
45101582 1012910 50
45101583 1012910 39
45101584 1012910 81
45101585 1012910 97
45101586 1012910 100
45101587 1012910 34
45101588 1012910 88
45101589 1012910 85
45101590 1012910 17
45101591 1012910 46
45101592 1012910 75
45101593 1012910 87
45101594 1012910 54
45101595 1012910 81
45101596 1012910 27
45101597 1012910 97
45101598 1012910 87
45101599 1012910 47
45101600 16007186 85
45101601 16007186 42
45101602 1037510 70
45101603 296900 25
45101604 296900 96
45101605 296900 79
45101606 16007388 43
45101607 1773846 25
45101608 1011745 14
45101609 1011745 6
45101610 1011745 68
45101611 1037510 98
45101612 19079125 33
45101613 17086701 14
45101614 4951573 99
45101615 319942 87
45101616 319942 74
45101617 19166543 95
45101618 18791396 13
45101619 2662949 7
45101620 951056 46
45101621 403560 87
45101622 1395777 71
45101623 17076478 78
45101624 1037510 55
45101625 1014138 86
45101626 18425612 45
45101627 1012910 67
45101628 1677913 97
45101629 1677913 67
45101630 1677913 97
45101631 1677913 9
45101632 1677913 49
45101633 1677913 98
45101634 1677913 40
45101635 1012384 40
45101636 16007388 67
45101637 1012910 80
45101638 18416763 23
45101639 1677913 82
45101640 16007395 50
45101641 1011745 64
45101642 1011745 1
45101643 16007395 62
45101644 16007395 18
45101645 16007395 73
45101646 16007395 56
45101647 16007186 66
45101648 16007186 63
45101649 1012717 48
45101650 1626709 63
45101651 1773846 30
45101652 1904964 86
45101653 1012384 57
45101654 1011745 74
45101655 1011745 36
45101656 1011745 61
45101657 1011745 69
45101658 1011745 98
45101659 1011745 78
45101660 1011745 73
45101661 1011745 100
45101662 1011745 57
45101663 1011745 75
45101664 1011745 30
45101665 1011745 85
45101666 1011745 84
45101667 1011745 35
45101668 16007395 16
45101669 16007186 19
45101670 2644814 52
45101671 1773446 4
45101672 1773446 16
45101673 1773446 85
45101674 1012384 56
45101675 1012384 4
45101676 1773846 94
45101677 1773846 68
45101678 1773846 65
45101679 17799872 14
45101680 17799872 35
45101681 1773446 3
45101682 17076478 3
45101683 1011745 50
45101684 1011745 78
45101685 1011745 61
45101686 1011745 11
45101687 1011745 17
45101688 16007186 53
45101689 1904914 44
45101690 1011745 96
45101691 1036858 64
45101692 1773446 99
45101693 1773446 13
45101694 1773446 78
45101695 1773446 23
45101696 1773446 95
45101697 1773446 45
45101698 1773446 36
45101699 1904914 50
45101700 1904914 11
45101701 1012384 86
45101702 1012384 24
45101703 1012384 3
45101704 1012717 4
45101705 1012384 85
45101706 1012384 70
45101707 1012384 80
45101708 1012384 7
45101709 1012384 80
45101710 1012384 85
45101711 1012384 20
45101712 211338 47
45101713 4916452 99
45101714 1677913 68
45101715 1012384 24
45101716 1012384 71
45101717 2662949 90
45101718 2662949 68
45101719 2662949 35
45101720 2662949 28
45101721 2662949 33
45101722 1011745 61
45101723 1011745 87
45101724 1011745 49
45101725 1011745 13
45101726 1011745 9
45101727 2662949 42
45101728 1011745 56
45101729 1011745 68
45101730 1011745 9
45101731 1011745 14
45101732 1011745 64
45101733 2662949 15
45101734 1011745 64
45101735 1011745 64
45101736 1011745 45
45101737 1011745 29
45101738 1011745 70
45101739 1011745 73
45101740 2662949 60
45101741 2662949 86
45101742 2662949 98
45101743 2662949 36
45101744 2662949 77
45101745 2662949 87
45101746 2662949 80
45101747 18447807 93
45101748 18447807 50
45101749 18447807 45
45101750 18447807 66
45101751 1773846 56
45101752 1773446 65
45101753 1773446 39
45101754 1773446 84
45101755 1773446 81
45101756 1773446 71
45101757 1773446 25
45101758 1773446 41
45101759 1773446 69
45101760 1773446 90
45101761 1773446 36
45101762 1773446 3
45101763 1773446 47
45101764 1773446 55
45101765 1773446 79
45101766 1773446 64
45101767 1773446 49
45101768 1773446 79
45101769 1773446 71
45101770 1773446 41
45101771 1773446 74
45101772 1773446 66
45101773 1773446 73
45101774 1773446 79
45101775 1773446 33
45101776 1773446 21
45101777 1626725 62
45101778 18106027 55
45101779 1012717 23
45101780 1012717 47
45101781 1012717 7
45101782 1011745 39
45101783 1011745 45
45101784 1011745 87
45101785 1011745 58
45101786 1011745 77
45101787 1011745 21
45101788 1773446 40
45101789 1773446 84
45101790 18862944 12
45101791 403438 20
45101792 3458377 77
45101793 17015656 96
45101794 18192107 70
45101795 21321424 6
45101796 403438 43
45101797 403438 99
45101798 211326 36
45101799 1037510 30
45101800 211326 12
45101801 18623433 1
45101802 16007388 36
45101803 1773446 31
45101804 1037510 59
45101805 1012384 50
45101806 211326 6
45101807 1011745 86
45101808 1037510 21
45101809 1011745 55
45101810 1011745 33
45101811 1011745 92
45101812 1011745 80
45101813 1011745 61
45101814 1822586 16
45101815 18862944 91
45101816 18862944 55
45101817 1011745 72
45101818 275805 17
45101819 319947 36
45101820 319947 17
45101821 17799872 45
45101822 17799872 100
45101823 17799872 61
45101824 17799872 91
45101825 1626664 80
45101826 403808 44
45101827 17076478 58
45101828 18705721 46
45101829 211455 44
45101830 1012262 72
45101831 1012262 44
45101832 1012262 75
45101833 1012262 7
45101834 1904964 89
45101835 1904964 78
45101836 18165614 59
45101837 15987461 6
45101838 1012910 42
45101839 1012910 43
45101840 1012910 86
45101841 1012910 7
45101842 1012910 38
45101843 1012262 16
45101844 15987461 91
45101845 15987461 96
45101846 15987461 39
45101847 15987461 30
45101848 15987461 4
45101849 15987461 71
45101850 15987461 26
45101851 15987461 48
45101852 15987461 32
45101853 15987461 93
45101854 1011745 43
45101855 15987461 85
45101856 15987461 17
45101857 15987461 96
45101858 15987461 61
45101859 15987461 5
45101860 15987461 95
45101861 15987461 21
45101862 15987461 35
45101863 15987461 29
45101864 15987461 10
45101865 15987461 34
45101866 15987461 74
45101867 15987461 17
45101868 15987461 48
45101869 15987461 63
45101870 15987461 69
45101871 15987461 30
45101872 15987461 36
45101873 15987461 10
45101874 16024839 19
45101875 16024839 47
45101876 16024839 32
45101877 15987461 53
45101878 15987461 20
45101879 15987461 73
45101880 15987461 59
45101881 15987461 27
45101882 15987461 80
45101883 15987461 21
45101884 15987461 88
45101885 15987461 23
45101886 1011745 69
45101887 1011745 32
45101888 1011745 27
45101889 15987461 80
45101890 15987461 18
45101891 15987461 36
45101892 1011745 93
45101893 1011745 87
45101894 15987461 68
45101895 1011745 5
45101896 1011745 40
45101897 1011745 71
45101898 1011745 6
45101899 15987461 17
45101900 15987461 88
45101901 15987461 31
45101902 15987461 70
45101903 15987461 80
45101904 15987461 56
45101905 15987461 77
45101906 15987461 25
45101907 15987461 28
45101908 15987461 68
45101909 15987461 19
45101910 15987461 25
45101911 15987461 81
45101912 15987461 57
45101913 15987461 61
45101914 15987461 75
45101915 18181571 58
45101916 18181571 60
45101917 18181571 5
45101918 17713512 87
45101919 15987461 38
45101920 15987461 33
45101921 15987461 3
45101922 15987461 80
45101923 15987461 78
45101924 15987461 44
45101925 15987461 12
45101926 15987461 71
45101927 15987461 85
45101928 15987461 41
45101929 15987461 8
45101930 15987461 94
45101931 15987461 15
45101932 15987461 80
45101933 15987461 1
45101934 404827 21
45101935 1774090 5
45101936 319952 82
45101937 209209 61
45101938 209209 9
45101939 17115377 86
45101940 18181571 49
45101941 18181571 69
45101942 319961 68
45101943 319961 81
45101944 17846960 78
45101945 993743 9
45101946 2644814 71
45101947 1037510 25
45101948 1037510 38
45101949 1037510 7
45101950 1037510 34
45101951 1037510 68
45101952 1037510 88
45101953 18826255 91
45101954 407129 29
45101955 18183916 33
45101956 18232991 69
45101957 15987461 78
45101958 17713512 60
45101959 209209 95
45101960 18933103 34
45101961 18844636 31
45101962 18844636 49
45101963 15987461 33
45101964 15987461 82
45101965 1011745 81
45101966 1011745 87
45101967 1773446 46
45101968 1773846 11
45101969 1773846 91
45101970 1773446 86
45101971 1773446 8
45101972 1773446 5
45101973 18357085 65
45101974 1037510 55
45101975 18623433 69
45101976 18074778 64
45101977 15987461 43
45101978 15987461 15
45101979 1773446 80
45101980 15987461 60
45101981 1773446 68
45101982 1773446 96
45101983 17958660 54
45101984 18260450 47
45101985 18844636 8
45101986 18844636 27
45101987 18844636 84
45101988 18933103 17
45101989 1037510 46
45101990 1037510 14
45101991 16026347 4
45101992 951056 76
45101993 404531 8
45101994 1011745 87
45101995 1369340 61
45101996 17616014 71
45101997 19098384 71
45101998 19301132 23
45101999 19301150 98
45102000 1012463 90
45102001 18614070 68
45102002 21499651 83
45102003 1012320 8
45102004 19073291 91
45102005 17749985 85
45102006 1904914 50
45102007 1012320 76
45102008 403808 92
45102009 1012262 29
45102010 19079125 34
45102011 4916452 56
45102012 17455858 33
45102013 3225292 8
45102014 19005923 83
45102015 17788756 69
45102016 17749985 98
45102017 18811665 8
45102018 18366692 99
45102019 212883 61
45102020 18844636 74
45102021 119996 3
45102022 19036358 88
45102023 699360 92
45102024 1626725 61
45102025 1904964 48
45102026 319961 50
45102027 1904964 85
45102028 2644814 69
45102029 1037510 8
45102030 1012384 32
45102031 403532 6
45102032 19238942 26
45102033 1677913 24
45102034 18416763 16
45102035 18416763 90
45102036 1012910 98
45102037 1011745 41
45102038 1012910 25
45102039 1012910 47
45102040 1012910 28
45102041 1012910 72
45102042 1012910 42
45102043 1012910 66
45102044 1012910 14
45102045 217920 18
45102046 1773846 92
45102047 1904914 12
45102048 1012384 7
45102049 1037510 83
45102050 1011745 34
45102051 1011745 40
45217348 17394261 29
45217349 22489339 63
