117071 376582 56
11030115 11030123 42
11785704 11785711 42
3933655 4139751 66
84474 290010 79
11860070 11860074 81
822310 1629629 87
12144464 12144474 10
368566 967413 64
20640 116587 12
117077 376612 20
1812 20647 96
1812 20670 13
1812 20671 35
13360226 13360233 13
10002340 10002357 51
13369469 13369476 7
13381945 13381954 12
13387278 13387286 10
368893 968179 37
368893 968180 50
112526 368253 66
112526 368305 26
368250 966718 38
84477 290051 30
13420862 2579728 23
84478 290092 36
13425490 13425496 90
1629620 2476443 30
13436548 13436559 65
13437114 13437120 23
13438065 13438072 50
13440392 13440396 70
13442624 13442629 37
112679 368585 49
112679 368627 84
112679 368628 7
13443741 13443748 83
117079 376633 32
808103 1610260 81
13322958 13322980 68
84479 290105 53
13477818 13477832 16
13480570 13480578 36
112653 368485 54
368569 967450 80
1629651 2476507 26
13493641 13493644 52
15756 81478 61
1496139 2361111 10
375364 978345 40
13506402 3799906 93
13506436 13506441 20
13511103 13511110 80
13511500 13511505 47
13523451 13523459 5
13523814 13523823 98
14926357 14926361 69
368572 967473 56
14959511 14959514 10
14965098 14965102 67
14461887 10163727 11
368664 967752 99
15010034 15010042 47
15015073 15015081 17
10661310 10661442 99
15050291 15050297 37
15059503 15059510 51
15095591 15095596 2
15100397 15100404 16
15102477 15102482 67
15105824 15105827 83
112698 368683 74
14978208 14978215 5
15148861 15148867 55
15148893 15148900 94
15174026 15174032 50
15175589 15175594 94
15180285 15180289 98
15180643 15180648 97
15180643 15180649 82
13356651 4212462 50
22000091 22000098 31
22277441 22277448 92
28365958 28365962 45
28317520 28317528 37
368578 967497 14
29044735 29044739 26
29045618 29045624 21
982682 1825845 24
29046130 29046137 49
28307677 28307687 100
4979437 4979495 28
29050888 29050891 20
29052212 29052214 25
29607561 29607566 62
29607963 29607969 43
793848 1583692 49
29608119 29608127 78
29608230 29608235 34
29608437 29608441 41
28774047 28774157 55
29608455 29608459 51
29608481 29608485 55
29608500 29608522 82
4988479 4988499 10
3988479 4174453 15
29608727 4174453 97
29051025 29051036 70
29608962 29608966 66
29608976 29608982 24
10605465 10605552 57
794701 1584397 81
29609123 29609126 13
29609130 29609133 37
29609150 29609152 11
29609155 29609157 14
29609162 1044930 22
29609170 9676391 82
29609178 29609181 49
29609185 29609188 24
29609192 29609200 64
29609392 29609403 83
29609450 29609453 35
2635007 3258761 68
29609468 29609476 76
29609625 29609627 79
29609652 29609656 78
29609711 29609714 86
29609746 29609752 45
29609766 29609773 72
368582 967536 89
368582 967537 46
368583 967546 9
29609896 29609901 40
29609257 29609282 54
10661333 10661511 17
29610012 21957740 12
29610019 29610022 58
29610040 29610043 7
29610049 29610052 29
29610145 29610146 25
29610153 29610159 32
29610205 29610207 88
29610332 28774091 14
29610349 29610361 72
29610349 29610364 70
29610349 29610365 33
29610349 29610366 100
29610349 29610367 68
29610374 28774334 17
368338 966926 87
29610459 29610463 37
4959735 2043957 63
1629625 2476467 29
29610797 29610801 98
29610993 29610998 75
29608686 29608694 21
29611268 29611272 38
29611332 29611336 73
1825866 1825870 75
29611345 29611348 88
29611366 29611371 61
112538 368321 6
29611379 10140276 92
29611404 29611407 93
29610237 29610264 64
29611628 29611631 39
86438 295094 89
112789 368902 38
112789 368903 51
30488677 30488687 34
30758308 30758313 98
30368652 30368661 83
30774919 30774924 87
81318 282522 44
368584 967562 71
30881270 30881276 35
31066952 31066956 51
31067507 31067515 38
4924224 4924238 55
368426 967152 27
31848468 31848469 84
31849913 31849915 80
31850119 31850120 36
31861076 31861078 19
283673 794517 82
4636309 4644323 44
13438068 13438083 4
13438068 13438084 34
13438068 13438085 23
13438068 13438087 18
31898905 31898908 6
32657872 32657880 2
3135548 3610824 71
368727 967887 59
4932293 4932321 50
29610730 29610743 2
32723534 32723536 81
33033746 33033748 68
33033751 33033753 92
33033770 33033774 15
33033770 33033775 58
33033791 733915 14
33033796 4285393 35
33033802 33033805 83
33033820 33033822 23
33033847 33033850 53
33033884 33033887 52
33033914 33033917 68
33033928 33033930 22
33033939 33033944 78
793197 1583158 23
33034051 33034055 43
33034062 33034064 20
368587 967570 69
33034080 33034083 87
33034203 33034206 72
33034214 33034217 36
33034226 33034229 9
33034232 33034235 75
33034238 33034241 48
33034257 33034261 25
33034264 33034267 49
33034270 33034273 45
33034276 10149227 7
33034289 33034292 24
33034295 33034299 10
33034302 33034304 13
33034308 33034311 69
33034317 33034320 18
33034324 33034329 28
33034333 33034336 81
33034359 33034362 12
33034365 33034367 74
33034385 33034389 32
33034394 33034397 91
33034413 33034416 97
33034427 33034429 91
33034433 33034435 76
33034477 33034479 22
33034489 33034492 95
33034500 33034504 30
33034514 33034516 31
33034519 33034521 70
33034556 32040166 1
30381446 30381453 90
33034700 33034704 93
33034707 33034710 46
33034739 33034741 10
33034745 33034748 29
33034766 33034770 72
33034778 33034783 93
33034792 33034795 78
33034823 33034825 91
33034864 33034866 51
33034932 33034935 37
29050638 29050647 26
33035005 788391 29
33035009 33035011 57
33035015 9752685 48
33035033 33035037 16
33035041 33035045 28
33035050 33035053 3
33035073 2962815 96
33035079 33035084 2
33035086 33035089 7
33035097 33035099 84
33035113 33035116 90
368481 967272 49
33035139 33035143 42
33035153 33035157 3
33035161 33035164 25
33035168 33035172 31
33035176 33035180 50
33035184 33035187 27
33035192 4421958 90
33035211 33035214 82
33035242 10144841 100
33035323 33035326 34
33035331 33035334 92
33035337 33035340 30
33035352 33035353 76
33035415 33035417 69
33035421 33035424 39
33035535 33035537 89
33035558 33035561 96
33035611 10145971 6
1806755 1806758 27
33035715 21616172 43
10559820 10559850 48
33035725 33035728 57
33035751 33035754 70
33035768 33035771 68
33035775 33035777 15
33035786 33035790 26
33035821 33035823 66
33035838 33035840 37
33035889 33035891 5
33035894 33035896 67
33035900 33035903 52
33035907 33035911 97
33035955 33035957 86
33036004 33036007 86
33036016 33036019 3
33036036 33036038 3
33036077 33036079 8
33036077 33036080 41
33036077 33036081 74
33036077 33036082 60
10661626 10661680 76
33036095 33036098 46
33036157 33036161 45
33036211 33036214 74
368588 967577 97
33036250 33036254 11
33036276 33036279 26
112601 368420 97
33036312 33036314 69
789831 1576843 48
33036377 33036381 32
33036386 33036388 2
33036392 33036395 95
33036412 33036415 96
33036420 33036424 11
33036434 33036441 57
967859 1807023 48
33036494 33036496 97
33036501 10130969 82
33036516 33036519 14
33036523 33036527 70
368589 967588 36
33036618 33036621 46
33036687 33036690 71
33034440 33034447 42
33036779 33036782 76
33036800 33036804 49
33036853 33036863 56
33036866 33036868 68
33036872 33036875 41
33036904 33036909 42
33036925 33036927 44
33036175 1299504 26
33037005 33037009 54
33037019 3019556 70
28317521 28317533 89
33037069 33037072 93
33037084 33037087 91
368312 966905 75
368312 966907 83
368590 967594 99
33037149 33037151 74
33037154 33037157 27
33037160 33037162 5
33037165 33037167 38
33037170 33037173 25
33037182 33037184 15
33037187 33037189 73
33037192 33037194 78
33037197 33037201 78
33037204 33037206 52
33037208 33037210 31
33037214 33037217 36
33037220 33037222 70
33037225 33037227 41
33037229 33037231 26
33037234 33037236 26
33037239 33037241 29
33037244 33037246 49
33037249 33037251 61
33037254 33037256 80
33037259 33037261 77
33037264 33037266 19
33037269 33037271 2
33037276 33037279 77
33037282 33037285 75
33037288 33037290 42
33037293 33037295 83
33037298 33037300 44
33037303 33037306 94
33037309 33037311 26
33037314 33037316 19
33037319 33037321 74
33037324 33037326 53
33037335 33037337 83
33037340 33037342 90
33037345 33037348 75
33037351 33037353 70
33037356 33037358 82
33037361 33037363 53
33037368 33037371 20
33037374 33037376 93
33037379 33037385 88
33037402 33037404 43
33037407 33037410 19
33037413 33037415 31
33037417 33037419 21
33037422 33037424 64
33037427 33037429 93
33037432 33037434 93
33037437 33037439 16
33037442 33037445 97
33037448 33037450 74
33037454 33037456 44
33037459 33037461 81
33037465 33037468 73
33037473 33037475 75
33037483 33037485 9
33037487 33037489 87
33037492 33037494 55
1610339 2460245 32
1610339 2460246 68
1610339 2460247 36
33037742 33037746 79
33037793 33037797 85
368591 967601 24
33037858 33037866 44
33037869 33037871 76
33037874 9750855 43
33037879 33037883 49
33037892 33037895 70
33037906 33037909 86
33037913 33037916 65
33037919 29021576 33
33037943 7355867 90
33037996 33037999 3
33038015 10136121 55
33038053 33038058 26
112767 368762 89
33038108 33038112 25
33038159 33038162 33
33038183 33038186 19
33038191 33038194 4
15021447 15021458 62
33038323 33038326 80
33038334 4967909 98
33038396 33038399 57
33038404 33038407 98
33038424 33038427 15
33038433 33038437 58
33038498 33038500 40
33038502 33038506 93
33038510 33038513 59
368592 967610 7
33038518 33038521 58
33038525 30608562 83
112618 368430 43
33038547 33038552 61
33038557 33038562 31
33038565 33038567 92
33038570 33038574 5
33038578 3014132 64
33038589 33038592 74
33038595 33038597 10
33038600 33038603 93
33038608 33038611 48
33038617 33038620 17
33038624 2551254 75
33038629 33038631 43
33038636 33038638 13
33038643 33038646 48
33038650 33038655 57
33038660 33038662 97
33038677 33038680 51
33038685 33038688 42
33038691 33038693 18
33038697 33038700 19
33038703 33038705 54
33038706 33038709 8
33038713 33038715 50
33038720 33038722 31
33038725 33038727 74
33038733 33038736 42
33038739 33038741 9
33038748 33038750 91
33038754 33038756 67
33038760 33038763 83
33038773 33038775 69
33038779 33038781 26
33038784 33038786 73
33038790 33038793 65
33038800 33038803 98
33038808 33038810 74
33038819 33038822 87
33038826 33038828 38
33038838 33038841 5
33038843 33038846 43
368594 967621 6
33038849 33038852 24
33038855 33038859 76
33038865 33038867 82
33038871 33038873 47
33038876 33038878 75
33038881 33038884 45
33038894 33038896 62
33038899 33038901 65
33038905 30396179 8
33038909 33038911 36
33034747 33034758 77
33038914 33038917 55
33038947 33038949 8
33038969 33038971 71
33039057 33039059 68
33039061 33039064 68
33039131 33039134 46
33039152 33039155 97
33039214 33039216 76
33039219 33039222 30
29718250 29718254 79
33039271 33039283 54
33039317 33039321 52
33039348 33039352 80
32723699 32723714 9
33039532 33039535 12
33034558 33034569 24
33039571 33039576 33
29611271 29611280 74
33039644 33039646 91
33039684 33039690 65
33039704 33039706 27
31860550 31860551 30
33039726 32158090 35
1629627 2476481 33
33039759 33039762 54
33039820 33039822 5
10559825 10559884 98
33039868 33039871 49
33039875 33039877 72
33039888 33039891 58
33039888 33039893 12
33039912 33039915 52
33039994 33039997 25
33040012 33040014 69
2619509 3248362 1
33040021 33040024 88
33040038 33040042 28
33040076 33040079 8
33040091 283529 92
33040135 33040138 70
33040183 33040186 90
33040191 33040195 21
33040199 33040203 22
33040273 33040275 27
33040291 33040293 37
33040353 33040357 67
33040408 25402365 4
33040445 33040448 68
33040482 33040485 6
33040570 33040572 87
33040585 33040587 47
33040643 33040646 100
33040773 33040775 14
33040803 33040807 8
33040846 33040849 32
368921 968188 51
33040885 33040887 25
22000095 22000111 40
33040998 33041003 58
33041022 33041024 29
33041092 33041095 16
33041142 33041145 66
33041182 33041186 80
33041308 33041311 58
33041346 33041350 92
33041375 33041376 48
33041389 33041392 73
33041401 33041403 43
29611193 29611209 93
33041467 33041470 70
31865425 31865431 36
33041490 33041493 35
33041532 33041536 91
33041532 33041537 13
33041610 33041614 71
33041681 33041683 85
33039573 33039583 52
33041802 33041804 72
33041831 33041834 72
33041851 33041857 65
33041895 33041902 64
33041920 33041923 66
33041943 33041946 16
33041964 33041968 44
33041973 33041977 28
33041973 33041978 38
33041973 33041979 85
33041983 33041987 12
33042007 33042010 47
33042087 33042089 27
33042105 33042109 6
33042113 33042116 46
33042276 33042279 31
28843717 28843733 65
33042284 33042286 100
3247538 3247542 81
33042374 33042376 84
33042379 33042382 42
33042393 33042397 38
33042402 33042406 78
33042433 33042435 31
33042439 33042442 57
33042451 33042456 69
33042465 33042468 26
31758740 31758755 89
33042637 33042639 99
33042697 33042700 46
33042711 33042713 44
368595 967629 45
33042734 33042737 45
33042759 4567616 83
33042780 33042783 91
33042847 33042850 32
33042884 33042888 67
33042925 33042927 77
33042928 33042932 77
368596 967636 74
33042959 1372465 83
33042972 33042975 25
33043010 33043012 49
33043171 33043174 13
33040023 33040029 96
33043320 33043323 20
33043328 10155704 89
30381447 30381460 76
33043449 33043452 18
33043462 30701781 5
33043512 33043514 57
33043553 33043557 23
33043638 33043641 27
33043664 33043666 37
33043697 33043700 92
33043764 33043766 76
33043771 33043773 73
33043776 33043779 31
33043786 33043790 55
33043819 33043822 7
21889313 4567661 86
33044045 33044049 9
33044057 33044062 41
33044083 33044086 12
33044150 33044155 78
33044178 33044180 64
33044188 33044192 7
33044251 33044254 76
33044259 33044261 100
33044270 33044272 40
33044275 33044278 48
33044310 33044313 30
33044332 33044337 52
33044345 33044348 84
33044391 33044393 80
33044395 33044397 25
967860 1807031 95
33044399 1682301 76
33044559 33044562 17
33044604 33044607 76
33044619 33044624 95
967861 1807037 65
978456 1821996 67
33044731 33044736 46
33044796 33044803 32
33044796 33044804 28
33044929 33044933 64
33044968 15286509 78
33045078 33045081 70
33045128 33045134 7
33045198 33045200 63
33045398 33045403 27
806536 1606225 8
33045423 33045425 78
33045431 5799532 39
33045492 33045495 19
4960362 4960369 83
33045572 33045574 79
33045657 33045662 74
33045708 33045710 81
33045741 33045744 61
33045762 33045765 7
33045769 33045772 51
29608822 29608828 16
28366251 28366260 93
33045968 33045973 96
33046100 33046103 29
33046115 33046117 58
30585206 30585215 44
33046191 33046195 74
33046207 33046210 16
33046281 33046286 30
33046331 33046333 94
33046365 33046367 43
33046385 33046388 63
33046398 33046404 2
2835639 3396693 48
33046558 33046562 57
33046715 33046719 64
33046738 33046741 82
33046764 33046766 34
33046800 33046803 5
33046824 33046826 12
33046829 33046832 13
29609203 29609211 23
33046965 33046967 90
33047019 3529125 4
30779151 10166946 46
33047056 33047058 94
33047080 33047085 19
22277444 22277455 77
33047136 33047138 8
33047136 33047139 8
1838 20803 86
1838 20804 49
1838 20806 97
1838 20807 18
33047177 33047180 71
33047204 33047207 79
33047218 33047220 75
33047228 33047231 42
290098 808269 50
33047337 33047339 80
33047342 33047343 18
33047400 33047402 93
33047413 33047417 13
33047425 33047427 63
33047486 33047489 87
33047486 33047490 60
33047582 33047584 43
33047711 33047713 17
33047716 33047721 82
33047732 33047734 58
33047747 33047752 96
4973182 4973188 48
33047792 33047795 3
33047844 33047846 83
33047859 33047862 32
4917314 4917341 81
33047927 33047930 48
33047988 33047994 97
33048087 33048089 27
33048104 33048106 98
33048167 33048169 90
33048200 33048202 56
33048229 33048232 65
33048254 33048256 64
4967448 4967454 63
33048261 33048263 13
33048433 33048437 86
33048471 33048473 74
33048490 33048494 16
33048492 33048500 8
33048522 33048524 66
33048538 33048540 9
33048583 33048586 44
112735 368742 18
33048590 33048592 52
33048644 33048646 44
29045814 29045819 24
33048694 33048698 27
2476475 3151319 44
13387295 13387306 31
33048810 33048812 97
33048841 33048846 71
33048848 33048856 48
33048860 33048866 83
33048900 33048903 26
33048918 33048922 43
33048930 33048933 2
33048961 33048964 23
33049058 33049060 84
33049135 33049138 88
33049156 10155745 52
33049324 33049327 48
33049332 33049334 67
33049345 33049349 77
33049383 33049386 44
33049513 33049516 22
33049620 33049623 49
33049708 33049711 11
33049750 33049753 15
33049853 33049855 19
33049874 33049876 61
33049914 33049917 91
33050000 33050004 75
33050025 33050028 45
33050053 33050056 94
368599 967653 5
33050315 33050317 53
33050335 33050337 11
33050340 33035424 91
33050343 33050346 82
33050384 33050386 38
1806842 2618514 66
33050405 33050411 100
30722166 826787 29
33050512 33050515 78
33050519 33050522 14
33050519 33050525 40
29609568 29609584 34
33050528 33050531 24
33050539 33050541 58
4970743 4970750 87
33050544 33050546 85
33050549 33050551 62
33050559 33050561 43
33050564 33050567 28
33050570 33050574 86
33050582 33050584 43
1807027 2618670 12
33050588 33050591 39
33050594 33050596 93
33050599 33050601 21
33050605 33034445 44
33050611 33050615 70
33050618 33050621 53
33050626 33050629 66
33050632 33050635 45
33050636 33050639 29
33050642 33050645 60
33044401 9719161 71
33050649 33050652 81
33050657 33050659 15
33050662 33050664 4
33050666 33050671 48
33050674 33050676 21
15092794 15092804 79
33050694 33050698 32
33050708 33050711 11
33050757 3520928 94
32742842 32742846 57
33050818 33050820 38
29608824 29608836 71
33050829 33050831 43
33050835 33050841 50
33050835 33050842 14
33050852 31067335 77
368794 968015 33
33050991 33050993 66
33051022 29007634 45
33051042 33051044 77
33051050 33051053 73
33051067 33051070 89
33051079 33051082 65
33051079 33051083 61
33051118 440289 78
33051124 33051128 98
974875 1817535 24
33051161 33051166 77
33051182 33051185 88
33051215 33051217 66
33051215 33051218 81
33051221 33051226 58
33051229 33051226 6
33051230 33051232 100
33051235 33051238 20
33051242 33051247 85
33051463 33051467 14
33051492 33051495 24
33051498 33051501 82
33051515 33051518 70
112768 368765 26
33051532 33051534 84
33051540 33051543 35
31066576 10139326 96
33051562 33051565 69
33051571 33051575 14
33051618 33051621 46
33049792 33049796 60
33051642 33051646 12
33051705 33051707 9
33051757 33051759 20
33051816 33051818 56
33043788 33043799 18
33051912 33051914 47
33051946 33051949 62
33051991 33051994 42
33051997 33052000 31
28311824 28311831 24
33052081 33052083 24
112575 368341 83
33052153 33052159 19
31066800 31066813 6
33052182 33052185 42
290169 808332 40
33052218 33052220 40
33052226 33052229 61
33052239 33052241 89
33052245 33052249 62
33052269 33052271 28
33052295 33052303 99
33052355 33052357 91
10844586 10844590 60
33052410 33052414 98
33052425 33052427 98
33052485 33052488 96
33047689 10163484 53
33052580 33052583 62
33052607 33052612 26
33052622 33052626 7
33558915 33558917 52
33558929 33558932 13
33677034 29014412 77
33829589 33829591 23
33829637 33829639 14
33857607 33857609 82
33867989 33867991 79
33993702 33993704 9
33993857 33993858 93
34009346 34009348 66
34036478 34036479 87
34073708 34073710 5
34097068 34097072 94
34359515 34359517 97
34359525 34359528 22
34380772 34380773 58
3987968 4173944 27
34994233 23664144 17
34994283 34994285 24
33036781 33036787 25
34994415 34994416 50
34994448 34994449 93
34994453 34994454 30
34994459 34994462 20
34994472 34994473 77
34994493 34994497 34
34994519 34994521 51
34994534 34994535 45
34994631 34994633 21
4696822 4700567 89
34994673 34994675 80
34994693 34994695 61
34994699 34994701 52
34994718 34994720 21
34994743 34994745 82
34994767 34994769 22
34994779 34994781 96
34994792 34994794 70
34994887 34994888 31
34994900 34994901 78
34994907 34994909 13
34994912 34994913 24
34994916 13309968 41
34994923 34994924 56
34994930 34994931 15
34994939 34994940 4
34994947 34994948 79
34994951 34994952 45
34994957 34994958 42
34994961 34994963 91
34994966 34994967 6
34994972 34994973 77
34994993 34994995 3
34994998 34995000 88
34995038 34995039 61
34995099 34995100 90
15965123 15965130 9
4947197 4947198 26
34995179 34995181 23
28372025 28372035 28
34995335 34995337 10
34995430 34995431 68
35405755 35405757 91
35405755 35405758 87
35405871 35405872 66
35405871 35405873 16
2825196 3390518 65
35406153 35406155 72
35406904 35406906 17
35406904 35406907 92
35406904 35406908 58
35406904 35406909 31
30488681 30488695 9
13347072 13347079 72
33048791 33048795 24
35411352 35411353 27
29609265 29609300 4
22000108 22000115 34
35542562 35542565 95
35542975 35542978 13
35543900 35543902 42
35544031 35544034 93
35544031 35544035 90
35544598 13299788 67
35544640 35544643 57
35544719 35544724 98
35544782 35544785 100
35544782 35544786 58
35545118 35545122 75
35783822 35783824 5
33037744 33037752 50
33050779 1480063 21
35786566 35786569 11
35788173 35788176 7
35788987 35788990 52
35793896 35793898 56
35799767 35799769 51
35803098 35803101 24
35804062 35804064 19
35806936 35806938 88
35806960 35806963 24
35809452 35809456 78
35818291 35818293 82
35819260 35819262 11
35820374 35820377 35
35820647 31911498 6
35821174 35821176 97
35821528 35821531 79
35823096 35823098 13
35825249 822647 12
35830430 35830434 27
35833785 35833787 14
35833785 35833788 88
33042985 33042993 76
35834771 35834773 25
35835280 28952536 73
35835445 35835447 36
37647414 37647415 63
38021858 33051205 54
38022740 38022741 35
38022740 38022742 62
38023888 38023889 81
38024823 38024824 59
38025609 38025610 99
38026138 2364940 71
38026390 38026391 37
38026390 38026392 76
38026390 38026393 2
38026390 38026394 75
38026390 38026395 30
38026390 38026396 15
38026390 38026397 62
38026554 38026555 85
38026986 38026987 72
38026991 38026992 53
38027679 38027680 6
38027876 38027877 2
38028304 38028305 55
38028682 38028683 32
38029218 38029220 3
39352778 39352779 12
39352801 39352802 90
39352828 39352829 22
39352831 39352833 4
39352862 39352863 73
39353037 39353038 72
39353180 39353181 53
39353224 39353225 92
39353333 39353335 31
39353414 39353415 62
39353474 39353475 56
39353498 39353499 4
39353532 39353534 77
41487677 41487679 77
41487725 31881480 74
41487739 41487741 34
41487842 41487844 56
41487847 41487849 40
41487864 41487866 36
41487867 41487869 55
41487966 30778927 66
41488030 41488032 70
41826500 41826501 44
41826521 41826522 89
41826616 41826617 34
41826631 41826632 72
41826684 41826685 43
41827087 9753535 97
41827944 41827945 100
41827991 41827992 67
41828007 41828008 20
41828101 41828102 24
41828111 10142476 79
41828163 41828164 61
41828168 41828169 86
41828244 41828245 3
41828314 41828315 50
41829356 41829357 1
41829965 41829966 37
41830098 41830099 70
41830733 41830734 45
41830779 41830780 17
41830818 41830819 21
41830827 41830828 30
41830941 41830942 54
41830956 41830959 31
41831080 41831081 34
41831103 41831104 39
41831228 41831229 10
41831234 41831235 32
41831238 41831239 60
41831268 41831269 63
41831290 41831291 57
41831306 41831307 12
41831516 41831517 65
42215379 42215380 30
42216041 42216042 44
42216079 42216080 78
6971561 6971570 44
44070218 44070219 82
44070990 44070991 14
44071057 44071058 18
45144727 45144729 42
45149787 45149788 22
45211205 45211207 4
45217375 9636421 15
45217378 45217379 35
45217381 45217382 48
45217385 45217386 61
45217387 45217388 35
45217389 45217390 23
45217392 45217393 32
45217395 45217396 15
45217398 45217399 88
45217402 45217403 18
45217405 45217406 27
45217408 45217409 90
45217411 45217412 98
45217414 45217415 62
45217414 45217416 96
45217419 45217420 77
45217419 45217421 50
45217419 45217422 13
45217419 45217423 38
45217425 45217426 10
45217427 45217428 22
45217430 45217431 80
45217432 45217433 22
45217434 45217435 6
45217437 45217438 76
45217442 45217443 47
45217444 45217445 36
45217447 45217448 30
45217450 45217451 62
45217452 45217453 58
45217457 45217458 6
45217459 45217458 11
45217460 45217461 31
45217462 45217463 37
45217465 45217466 49
45217468 45217469 2
45351708 582481 50
45351710 577947 85
45351711 45351712 24
45351714 45351715 89
45351716 45351717 79
45351718 42646 36
45351719 28891648 27
45351722 45351723 90
45351724 45351725 30
