3599866 3926137 75
755020 1536589 52
3599798 3926028 30
5018046 5018050 84
723291 1484776 23
5024189 5024194 95
3702209 3991359 13
10240488 10240493 43
10412440 10412442 62
11681045 11681048 14
11745182 11745187 73
12193614 12193617 13
12565610 12565618 32
4625605 4634647 58
101430 332804 78
8828070 8828083 9
13332730 13332740 40
2066258 2824601 19
2061429 2821187 1
1059303 1921105 93
723964 1486086 46
13387606 13387609 56
13388721 13388728 83
4362096 4424713 83
13405508 13405515 80
442934 1091605 15
2740476 3332753 100
13476618 13476621 38
11440588 11440613 68
1553051 2413475 72
13505607 13505610 88
1553053 2413483 6
11064634 11064646 23
4948236 4948300 24
2336126 3036782 81
14931657 14931662 61
14941422 14941436 95
15083641 15083645 44
15085009 15085013 6
15086793 15086797 56
4424831 4469013 87
15091739 15091744 76
785388 1571687 38
3122390 3599850 78
4948256 4948309 88
15240732 15240735 88
15241914 15241917 92
15256199 15256202 6
15257524 15257527 89
15259763 15259766 43
15260928 15260931 56
15260979 15260982 50
10850144 10850169 36
2352853 3050202 99
15454308 15454316 11
15471260 15471266 46
15514196 15514201 35
1797848 2612471 51
15601594 15601598 70
15316883 15316892 58
29838651 29838652 37
29838653 29838654 59
29865133 29865134 58
29942183 29942184 90
29954450 29954451 18
30053255 30053256 35
30053255 30053257 36
30053255 30053258 40
30065833 30065834 65
30220694 30220696 53
30233960 30233961 43
30234565 30234566 45
30245494 30245497 4
30493724 30493725 49
30493882 30493884 50
30494036 30494037 31
30495482 30495484 41
10650549 10650561 65
30497527 30497529 68
30497683 30497685 93
30497723 30497724 84
30497768 30497772 50
30497809 30497810 62
30498454 30498456 26
30500072 30500074 100
30500187 30500188 17
30500260 30500262 61
30500287 30500288 33
30500295 30500296 14
30500298 30500299 57
30500445 30500447 21
30502063 30502065 45
30502092 30502093 31
30502094 30502095 69
30502099 30502100 96
30503414 30503415 71
30503431 30503432 21
30504198 30504199 34
30504589 30504590 23
30504616 30504618 33
30504852 30504853 2
4529884 4550825 52
4503149 4529886 99
3922551 4131581 60
4529837 4550772 34
4529832 4550767 2
30519353 30519354 8
4424751 4468923 82
4362176 4424807 29
3678466 3975860 45
4131595 4271484 8
4424689 4468873 68
4271412 4362103 8
4424703 4468876 37
14782470 14782476 70
30755645 30755647 29
30756704 30756706 19
2413508 3101482 14
30772492 30772494 7
30772495 30772496 28
30773375 30773377 18
30785598 30785599 28
4503126 4529833 47
3049740 3549405 46
230463 708390 17
1541808 2401711 97
8224025 8224030 32
1541843 2401778 60
7444007 7444025 73
1962796 2733443 74
1836585 2642578 82
10718682 10718695 34
582801 1300643 14
32721450 32721452 66
32721453 32721455 30
32721464 32721466 4
32721467 32721469 12
32721484 32721486 4
32721491 32721493 14
32721498 32721500 89
32721501 32721503 69
32721508 32721510 21
32721520 32721522 12
32721533 32721535 5
32721537 32721539 37
32721540 32721542 100
32721543 32721545 72
32721546 32721548 3
32721549 32721551 76
32721552 32721554 39
32721561 32721563 12
32721565 32721567 30
32721568 32721570 77
32721571 32721573 62
32737452 32737454 61
32742075 32742077 16
11657576 11657584 35
32791253 32791255 67
32793513 32793515 39
32795701 32795702 31
32804869 32804871 2
32815439 32815440 1
2087029 2840555 22
1740179 2570403 71
32823997 32824000 75
7267983 7267988 24
32824098 32824101 53
2570405 3209862 88
32824109 32824110 69
32824111 32824113 37
32824311 32824314 92
32826313 32826315 30
32826909 32826910 99
31936010 31936015 62
32829412 32829413 51
32840452 32840453 68
32842370 32842372 83
32858244 32858248 52
32870026 32870027 14
32960819 32960820 87
33066320 33066322 90
33066501 33066505 66
33066561 33066564 90
33066820 33066823 47
33067154 33067156 45
33067189 33067192 31
33067269 33067272 33
33067363 33067366 91
33067369 33067372 91
33067473 33067475 16
33067882 33067885 26
33067971 33067975 99
33171367 33171369 33
33944258 33944259 45
4529838 4550776 15
34341889 34341891 73
34345481 34345484 46
31934414 31934415 56
4530101 4551027 82
34358268 34358270 49
34358272 34358273 63
34358275 34358276 17
34358478 34358479 95
34361554 34361555 57
11052325 11052326 38
34361582 34361583 66
34361732 34361734 58
34361735 34361736 7
34361737 34361738 65
34363846 34363847 73
34368987 34368988 100
34369279 34369280 9
34369322 34369323 80
34369812 34369814 15
34369823 34369824 79
34380728 34380730 16
34384384 34384386 63
34384392 34384393 19
34390764 34390765 18
34391848 34391849 89
34397235 34397236 17
34397964 34397966 56
34398047 34398049 27
34400683 34400684 88
928579 1740200 62
34406233 34406234 8
34406572 34406574 22
6464408 6464410 43
31940402 31940403 3
34429598 34429599 88
34429631 34429632 15
34429669 34429670 16
34429681 34429682 45
34429786 34429787 71
34429821 34429822 74
34429826 34429827 72
34429853 34429854 64
31930104 31930107 67
2336119 3036779 34
34435670 34435672 27
34437745 34437746 82
34438827 34438828 38
34439486 34439488 2
4530118 4551043 17
29944104 29944105 22
34440871 34440872 91
34440994 34440997 42
34441095 34441097 1
3209444 3664672 50
33955368 33955369 15
34445483 34445484 56
34445485 34445487 75
34446218 34446219 3
34447262 34447263 78
34447553 34447554 69
34447575 34447576 33
34447584 34447585 28
34447586 34447587 88
34449157 34449158 51
34452869 34452870 43
34455443 34455444 46
34457235 34457236 74
34457247 34457249 29
34457250 34457251 96
34461650 34461651 73
34465513 34465514 89
34474580 34474581 95
34475111 34475112 54
4625609 4634680 9
34484902 34484904 78
34494420 34494421 39
34494515 34494517 12
34721592 34721593 63
34723578 34723579 55
35052051 35052055 27
35400188 35400190 21
34720372 34720374 61
35554382 35554384 53
6140059 6140081 46
35554403 35554405 40
2336130 3036785 93
35554448 35554449 43
2871412 3421124 17
35555822 35555823 67
35555892 35555893 25
35555942 35555943 33
35556361 35556362 83
35556367 35556368 84
35556723 35556724 68
35556740 35556741 98
35556742 35556743 45
35556745 35556746 81
35556936 35556938 79
35556958 35556959 86
35557046 35557047 44
35557338 35557339 79
35557406 35557407 71
35557426 35557427 66
35557457 35557458 86
35557486 35557487 66
35557488 35557489 66
35557494 35557496 91
35557578 35557579 34
35557591 35557592 34
35557594 35557595 32
12700185 12700191 13
35557657 35557658 52
35557675 35557676 26
35557679 35557680 89
35557681 35557682 37
35557684 35557685 100
33944253 33944255 95
35564751 35564754 4
35565138 35565140 27
35565557 35565559 82
35568317 35568318 24
35568330 35568331 75
35568445 35568446 93
35571954 35571955 31
35572339 35572340 43
35572350 35572351 53
35573342 35573343 23
35574390 35574391 47
35574401 35574402 41
35574461 35574462 65
35574501 35574503 39
35574511 35574513 29
35574522 35574523 35
35574524 35574525 12
35574527 35574529 65
35575076 35575077 56
35575078 35575079 38
35575407 35575408 24
35575697 35575699 24
35575718 35575719 36
35575722 35575723 41
35575726 35575728 81
35575761 35575762 11
31939301 31939302 72
35575804 35575805 27
35575812 35575813 54
35575874 35575875 62
33874544 33874547 66
35575879 35575880 78
4292465 4376845 100
35575935 35575936 68
35576024 35576025 25
35576707 35576708 4
35576983 35576984 18
35579474 35579475 46
35579918 35579919 61
35580009 35580010 29
35580093 35580094 34
35580095 35580096 22
35580098 35580099 100
35580101 35580102 86
35580103 35580105 9
6141255 6141270 71
35580178 35580180 73
35580203 35580204 42
35580224 35580227 20
35580228 35580229 40
35580230 35580231 24
35580265 35580266 61
35580271 35580272 75
35580273 35580274 99
35580275 35580276 65
35580277 35580278 100
35580309 35580310 94
35580312 35580313 48
35581532 35581533 15
35581546 35581548 15
35581550 35581551 95
35581552 35581553 87
35581558 35581560 53
35581561 35581562 44
35581569 35581570 28
35582777 35582778 39
35583407 35583408 32
35584313 35584314 43
35584716 35584717 87
35584719 35584720 45
35584722 35584723 76
35585104 35585105 12
35585106 35585107 81
35585108 35585109 45
35585110 35585111 14
35585228 35585230 93
35586316 35586317 49
35586549 35586551 95
35586577 35586578 18
14818076 14818077 70
35586624 35586626 90
35586634 35586635 62
35586689 35586690 11
35586691 35586692 29
35587157 35587159 45
2821192 3387779 22
35588719 35588720 91
35588721 35588722 39
35590495 35590497 41
35591510 35591511 10
35591522 35591523 79
35591528 35591529 41
35591531 35591532 90
35591542 35591544 37
35594908 35594909 23
35594991 35594992 50
35595022 35595023 58
35595054 35595055 33
35595105 35595106 52
35595119 35595120 59
35595122 35595124 78
35595325 35595326 63
35595344 35595346 45
35595439 35595440 69
35595462 35595463 67
35595592 35595593 62
35595773 35595774 40
35595800 35595801 23
35595971 35595972 64
35596003 35596006 54
35596091 35596093 15
35597282 35597283 31
35597307 35597308 52
35597321 35597322 18
35599884 35599885 92
35600155 35600157 12
33956233 33956236 22
35600223 35600224 75
2352861 3050208 85
35604101 35604102 5
35604115 35604116 39
35604248 35604249 10
35604412 35604413 61
35604415 35604416 11
35604531 35604532 97
35604534 35604535 95
35604536 35604537 96
35604584 35604585 90
35604672 35604673 33
35604698 35604699 90
35605188 35605189 25
35605199 35605200 24
35605751 35605752 33
35605753 35605754 30
35605757 35605759 52
35605774 35605775 8
35605776 35605777 32
35605778 35605779 53
35605781 35605782 94
35605783 35605784 47
35605812 35605813 21
35605942 35605943 53
35606513 35606514 76
35606526 35606528 64
35606530 35606532 21
35606535 35606537 69
35606541 35606542 16
35606543 35606544 79
35606546 35606547 42
35606550 35606551 6
35606552 35606553 92
35606554 35606555 99
35606557 35606559 90
35606561 35606563 43
35606565 35606567 59
35606570 35606572 56
35606595 35606596 97
35606597 35606599 7
35606606 35606607 64
2352862 3050209 47
35606609 35606612 35
35606613 35606616 96
35608503 35608506 7
35608683 35608684 18
35608713 35608714 3
35608825 35608826 8
35608829 35608830 35
35608835 35608836 52
35614165 35614166 88
35614222 35614224 5
31939305 31939307 70
35615798 35615799 57
35615883 35615884 82
35616028 35616029 34
35616060 35616062 18
35616111 35616112 12
14820249 14820250 53
35616443 35616445 62
35616475 35616476 22
35616480 35616482 50
35616524 35616525 97
35616526 35616527 49
35616652 35616653 89
35616757 35616758 44
35616790 35616791 88
35617167 35617168 19
35617382 35617384 71
35617402 35617404 79
35617506 35617507 31
35621039 35621040 85
35621041 35621042 65
35621043 35621044 85
36262474 36262476 80
36262480 36262481 40
1553062 2413498 77
36460334 36460335 26
36460381 36460382 27
36460393 36460394 77
36461234 36461236 96
36461444 36461446 1
36461449 36461450 87
36509094 36509096 13
36509109 36509110 51
36509230 36509231 49
36509314 36509315 94
36509416 36509417 61
30619888 30619893 58
11142252 11142256 33
36513927 36513928 23
4530155 4551082 38
36521534 36521535 16
37176288 37176289 68
37369980 37369982 6
37411623 37411625 22
38013568 38013570 27
38016673 38016675 5
38018933 38018934 40
38019005 38019006 31
4991707 4991713 14
33955501 33955502 78
31929953 31929954 83
33955049 33955050 9
3898386 4115817 82
39664757 39664759 8
39978706 39978707 95
40040814 40040815 5
28388832 28388834 63
4077210 4231636 39
40289006 40289008 2
40289061 40289063 37
40289073 40289075 69
40289076 40289078 98
40289083 40289085 19
40289092 40289094 56
40289097 40289099 99
40289102 40289104 5
40289123 40289126 75
40289131 40289133 31
40289134 40289136 24
40289137 40289139 52
40289140 40289142 27
40289145 40289147 98
40289148 40289150 17
40289155 40289157 68
40289158 40289160 30
40289161 40289163 85
40289164 40289166 71
40289167 40289169 36
40289170 40289172 43
40289175 40289177 62
40289197 40289199 5
40291262 40291264 33
40291265 40291267 62
40291268 40291270 50
40291271 40291273 90
40291276 40291278 34
40291309 40291311 53
40291343 40291345 62
40291350 40291352 19
40291354 40291352 12
40291374 40291376 45
40291382 40291384 60
40291391 40291393 36
40291394 40291396 48
40291397 40291399 58
40291414 40291416 67
40291417 40291419 97
40291517 40291519 84
40291526 40291528 78
40291559 40291561 54
40291562 40291564 77
40291569 40291571 61
40291652 40291654 99
40291659 40291661 22
40291664 40291667 54
40291668 40291670 53
40291671 40291674 5
40291676 40291678 99
40291683 40291685 58
40291688 40291690 22
40291697 40291699 9
40291702 40291704 33
40291707 40291708 45
40291711 40291713 49
40291718 40291720 96
40291721 40291723 55
40291750 40291752 17
40291816 40291818 15
40291825 40291827 75
40291828 40291830 77
40291834 40291836 68
40291838 40291840 34
40291841 40291843 12
40291846 40291848 32
40291872 40291874 51
40291879 40291881 43
40291882 40291884 3
40291902 40291904 85
40291905 40291907 48
40291908 40291910 100
40291911 40291913 4
40291914 40291916 25
40291917 40291919 62
40291920 40291922 69
40291925 40291927 19
40291928 40291930 38
40291979 40291981 36
40291982 40291984 20
40291985 40291987 52
40291992 40291994 52
40291999 40292001 17
40292012 40292014 40
40292039 40292041 48
40292157 40292159 26
40292163 40292165 3
40292194 40292196 15
40292210 40292213 7
40292249 40292251 99
40292254 40292256 64
40292261 40292263 20
40292264 40292267 5
40292269 40292271 99
40292272 40292274 36
40292275 40292277 70
40292278 40292280 53
40292281 40292283 89
40292284 40292286 75
40292287 40292289 32
40292290 40292292 1
40292293 40292295 47
40292298 40292300 49
40292301 40292303 100
40292304 40292306 81
40292307 40292309 18
40292310 40292312 31
40292313 40292315 55
40292316 40292318 43
40292321 40292323 85
40292326 40292328 29
40292469 40292471 48
40292472 40292474 39
40292477 40292479 87
40292480 40292482 47
40292483 40292485 19
40292486 40292488 81
40292489 40292491 12
40292492 40292494 21
40292495 40292497 78
40292498 40292500 1
40292501 40292503 87
40292512 40292514 13
40292515 40292517 45
40292588 40292590 34
40292627 40292629 61
40292630 40292632 51
40292633 40292635 8
40292636 40292638 1
40292639 40292641 50
40292642 40292644 86
40292649 40292651 29
40292654 40292656 20
40292659 40292661 68
40292664 40292666 11
40292669 40292671 68
40292672 40292674 6
40292680 40292682 99
40292683 40292685 41
40292686 40292688 65
40292689 40292691 77
40292696 40292698 99
40292707 40292709 76
40292710 40292712 27
40292723 40292725 77
40292793 40292795 31
40292808 40292810 31
40292828 40292830 88
40292843 40292845 38
40292920 40292922 92
40292943 40292945 56
40303053 40303055 100
40303975 40303977 27
40304002 40304004 58
40304018 40304020 5
40304021 40304023 39
40304028 40304030 53
40304031 40304033 16
40304034 40304036 64
40304037 40304039 10
40304040 40304042 83
40304043 40304045 96
40304046 40304048 84
40304053 40304055 59
40304056 40304058 99
40304061 40304063 31
40304064 40304066 18
40304067 40304069 92
40304070 40304072 86
40304073 40304075 29
40304076 40304078 50
40304079 40304082 55
40304083 40304085 54
40304086 40304088 43
40304089 40304091 69
40304092 40304094 15
40304095 40304097 51
33067631 33067635 31
40304110 40304112 7
41840527 41840528 64
41862887 41862888 93
41862889 41862890 17
41862891 41862892 79
41862893 41862894 5
41862895 41862896 67
41862897 41862898 5
41862899 41862900 7
41862901 41862902 13
41862903 41862904 5
41862905 41862906 10
41862908 41862909 5
41862910 41862911 64
41862912 41862913 9
12224205 12224209 31
41911801 41911803 17
41911846 41911847 30
41919561 41919563 24
41919562 41919564 43
41922377 41922379 68
41925275 41925277 94
34380729 34380731 80
41926963 41926965 66
41926964 41926966 19
41926967 41926969 19
41926970 41926971 6
41926972 41926973 63
41926974 41926976 4
41927003 41927005 78
41927016 41927018 96
41927051 41927052 36
41927054 41927055 12
41927056 41927057 78
41927058 41927059 53
41927060 41927061 88
41927075 41927076 82
41927077 41927078 62
41927079 41927080 88
42000856 42000858 63
42000860 42000861 26
42023858 42023860 7
42061820 42061821 65
42098679 42098681 57
42098847 42098849 74
42099054 42099056 97
42099058 42099059 11
42099123 42099125 71
42099124 42099126 16
37412529 37412530 67
42099365 42099367 82
42099862 42099864 67
42099865 42099866 89
42100960 42100961 49
42101048 42101050 15
42101110 42101112 42
42101122 42101124 35
42101992 42101994 43
42102008 42102010 62
42102470 42102471 62
42102614 42102616 67
42108503 42108504 75
42108508 42108509 3
42133092 42133093 21
42133094 42133096 45
42133095 42133097 41
42133105 42133107 76
42133108 42133109 72
42133110 42133111 59
42133112 42133113 9
42134894 42134896 60
42157635 42157636 92
42157638 42157639 15
42164211 42164212 20
42195479 42195480 72
43455455 43455456 37
43680302 43680303 39
43680309 43680310 46
43680333 43680334 89
43686314 43686315 4
43792409 43792410 85
45356577 45356578 89
45356579 45356580 49
45356581 45356582 65
45356583 45356584 26
45356585 45356586 92
45356588 45356589 39
45356591 45356592 39
45356593 45356594 73
45356595 45356596 65
45356597 45356598 89
45356599 45356600 44
45356601 45356602 20
45356603 45356604 52
45356606 45356607 1
45356608 45356609 34
45356610 45356611 84
45356612 45356613 1
45356614 45356615 27
45356616 45356617 49
45356618 45356619 3
45356621 45356622 27
45356623 45356624 44
45356625 45356626 6
45356627 45356628 45
45356629 45356630 64
45356631 45356632 3
45356633 45356634 10
45356635 45356636 94
45356637 45356638 52
45356639 45356640 61
45356641 45356642 26
45356643 45356644 39
45356645 40291345 11
45356646 45356647 19
45356648 45356649 59
45356650 45356651 37
45356652 45356653 37
45356654 45356655 73
45356657 45356658 41
45356660 45356661 6
45356662 45356663 59
45356664 45356665 46
45356666 45356667 57
45356669 45356670 33
45356671 45356672 59
45356673 45356674 33
45356675 45356676 100
45356677 45356678 7
45356679 45356680 33
45356681 45356682 20
45356683 45356684 27
45356685 45356686 37
45356688 45356689 93
45356691 45356692 93
45356693 45356694 28
45356695 45356696 97
45356697 45356698 67
45356699 45356700 33
45356701 45356702 92
45356703 45356704 94
45356705 45356706 3
45356707 45356708 24
45356709 45356710 40
45356711 45356712 95
45356713 45356714 19
45356715 45356716 57
45356717 45356718 40
45356719 45356720 4
45356721 45356722 95
45356723 45356724 64
45356725 45356726 53
45356727 45356728 86
45356729 45356730 79
45356732 45356733 1
45356734 45356735 32
45356736 45356737 39
45356738 45356739 63
45356740 45356741 22
45356743 45356744 57
45356745 45356746 78
45356750 45356751 85
45356753 45356754 53
45356755 45356756 47
45356757 45356758 67
45356759 45356760 68
45356761 45356762 42
45356764 45356765 24
45356767 45356768 66
45356770 45356771 78
45356773 45356774 8
45356775 45356776 53
45356777 45356778 12
45356779 45356780 58
45356781 45356782 39
45356784 45356785 45
45356786 45356787 15
45356788 45356789 17
45356790 45356791 85
45356792 45356793 67
45356794 45356795 44
45356797 45356798 35
45356799 45356800 79
45356801 45356802 20
45356803 45356804 52
45356805 45356806 31
45356807 45356808 60
45356810 45356811 8
45356812 45356813 80
45356814 45356815 57
45356816 45356817 48
45356818 45356819 19
45356820 45356821 38
45356822 45356823 17
45356824 45356825 76
45356826 45356827 76
45356828 45356829 14
45356830 45356831 71
45356832 45356833 8
45356834 45356835 30
45356836 45356837 87
45356838 45356839 87
45356840 45356841 26
45356842 45356843 32
45356845 45356846 41
45356847 45356848 53
45356849 45356850 33
45356851 45356852 27
45356853 45356854 6
45356855 45356856 47
45356857 45356858 1
45356859 45356860 4
45356861 45356862 47
45356863 45356864 75
45356865 45356866 44
45356871 45356872 6
45356873 45356874 41
45356875 45356876 85
45356877 45356878 80
45356879 45356880 43
45356881 45356882 40
45356883 45356884 34
45356885 45356886 18
45356889 45356890 56
45356891 45356892 45
45356893 45356894 65
45356895 45356896 45
45356897 45356898 85
45356899 45356900 90
45356901 45356902 4
45356903 45356904 30
45356906 45356907 93
45356908 45356909 77
45356910 45356911 92
45356912 45356913 63
45356914 45356915 95
45356916 45356917 20
45356918 45356919 28
45356920 45356921 89
45356922 45356923 57
45356924 35580010 38
45356925 45356926 21
45356927 45356928 34
45356929 45356930 75
45356931 45356932 38
45356933 45356934 72
45356935 45356936 23
45356937 45356938 29
45356939 45356940 25
45356941 45356942 14
45356943 45356944 3
45356945 45356946 59
45356947 45356948 70
45356949 45356950 61
45356951 45356952 79
45356953 45356954 6
45356955 40292309 54
45356956 45356957 47
45356958 45356959 74
45356960 45356961 15
45356962 45356963 51
45356964 45356965 1
45356966 45356967 34
45356968 45356969 44
45356970 45356971 96
45356972 45356973 79
45356974 45356975 58
45356976 45356977 54
45356978 45356979 85
45356980 45356981 38
45356982 45356983 57
45356984 45356985 5
45356986 45356987 15
45356988 45356989 68
45356990 45356991 35
45356992 45356993 10
45356994 45356995 10
45356996 45356997 45
45356998 45356999 97
45357000 45357001 100
45357002 45357003 79
45357004 45357005 38
45357006 45357007 40
45357008 45357009 67
45357010 45357011 74
45357012 45357013 15
45357014 45357015 94
45357016 45357017 9
45357018 45357019 67
45357020 45357021 46
45357022 45357023 9
45357024 45357025 87
45357026 45357027 27
45357028 45357029 57
45357031 45357032 79
45357033 45357034 42
45357035 45357036 75
45357037 45357038 55
45357039 45357040 4
45357041 45357042 43
45357043 45357044 15
45357045 45357046 57
45357047 45357048 46
45357049 45357050 50
45357051 45357052 8
45357053 45357054 78
45357055 45357056 98
45357057 45357058 53
45357059 45357060 95
45357061 45357062 92
45357063 45357064 53
45357065 45357066 68
45357067 45357068 38
45357069 45357070 9
45357071 45357072 46
45357073 45357074 27
45357075 45357076 96
45357077 45357078 55
45357079 45357080 85
45357081 45357082 79
45357083 45357084 47
45357085 45357086 52
45357088 45357089 79
45357090 45357091 96
45357092 45357093 80
45357094 45357095 40
45357096 45357097 58
45357098 45357099 40
45357100 45357101 10
45357102 45357103 51
45357104 45357105 98
45357106 45357107 96
45357108 45357109 67
45357110 45357111 23
45357112 45357113 33
45357114 45357115 74
45357116 45357117 75
45357118 45357119 27
45357120 45357121 14
45357122 45357123 95
45357124 45357125 55
45357126 45357127 30
45357128 45357129 25
45357130 45357131 19
45357132 45357133 35
45357134 45357135 15
45357136 45357137 96
45357138 45357139 72
45357140 45357141 27
45357142 45357143 21
45357144 45357145 9
45357146 45357147 64
45357148 45357149 70
45357150 45357151 50
45357152 45357153 63
45357154 45357155 80
45357156 45357157 60
45357158 45357159 41
45357160 45357161 88
45357162 45357163 100
45357164 45357165 11
45357166 45357167 15
45357168 45357169 80
45357170 45357171 84
45357172 45357173 41
45357174 45357175 54
45357176 45357177 53
45357178 45357179 11
45357180 45357181 96
45357182 45357183 84
45357184 45357185 50
45357186 45357187 75
45357188 45357189 38
45357190 45357191 48
45357192 45357193 33
45357194 45357195 59
45357196 45357197 11
45357198 45357199 80
785431 1571688 44
45357200 45357201 5
45357202 45357203 66
45357204 45357205 49
45357206 45357207 41
45357210 45357211 73
45357226 45357227 97
45357228 45357229 1
45357230 45357231 59
45357232 45357233 3
45357234 45357235 39
45357236 45357237 99
45357239 45357240 22
45357242 45357243 75
45357244 45357245 39
45357246 45357247 98
45357248 45357249 34
45357250 45357251 48
45357252 45357253 57
45357254 45357255 43
45357256 45357257 13
45357258 45357259 81
45357260 45357261 8
45357263 45357264 79
45357265 45357266 89
45357267 45357268 71
45357269 45357270 64
45357272 45357273 59
45357274 45357275 45
45357276 45357277 57
45357278 45357279 65
45357281 45357282 3
45357283 45357284 35
45357285 45357286 90
45357287 45357288 8
45357289 45357290 69
45357291 45357292 47
45357294 45357295 91
45357297 45357298 30
45357299 45357300 99
45357301 45357302 86
45357303 45357304 57
45357305 45357306 71
45357307 45357308 3
45357309 45357310 48
45357311 45357312 53
45357313 45357314 62
45357315 45357316 56
45357317 45357318 100
45357319 45357320 40
45357321 45357322 49
45357323 45357324 21
45357325 45357326 13
45357328 45357329 96
45357330 45357331 13
45357332 45357333 24
45357335 45357336 1
45357337 45357338 33
45357339 45357340 82
45357341 45357342 51
45357343 45357344 35
45357345 45357346 30
45357347 45357348 33
45357349 45357350 29
45357352 45357353 75
45357356 45357357 95
45357359 45357360 69
45357361 45357362 12
45357363 45357364 93
45357365 45357366 41
45357367 45357368 79
45357369 45357370 55
45357371 45357372 16
45357373 45357374 54
45357376 45357377 81
45357378 45357379 9
45357380 45357381 51
45357382 45357383 79
45357385 45357386 71
45357388 45357389 43
45357390 45357391 48
45357390 45357392 89
45357393 45357394 15
45357395 45357396 64
45357397 45357398 35
45357399 45357400 55
45357401 45357402 65
45357403 45357404 31
45357405 45357406 12
45357407 45357408 39
45357409 45357410 46
45357411 45357412 17
45357413 45357414 85
45357416 45357417 74
45357418 45357419 48
45357421 45357422 9
45357423 45357424 41
45357425 45357426 65
45357428 45357429 97
45357430 45357431 73
45357432 45357433 46
45357434 45357435 20
45357436 45357437 67
45357438 45357439 68
45357440 45357441 22
