5009064 5009068 35
487145 1165311 51
5018385 5018388 100
2866386 3416564 8
2730667 3321490 74
10188872 10188876 63
10405041 10405043 76
10408565 10408567 89
10409064 10409066 64
10410081 10410083 86
10410134 10410136 11
10410142 10410145 87
10410157 10410159 5
10410315 10410317 100
12227127 12227134 1
12228025 12228031 24
12354090 12354093 79
13152568 13152571 10
1920560 2697395 92
13391157 13391174 90
1241118 2120120 40
13412007 13412016 95
2800504 3373412 9
1240337 2119276 82
2038061 2801062 15
11441957 11441962 69
2800505 3373422 23
3650813 3960580 21
1959757 2730663 33
14277270 14277273 31
530220 1240454 24
2800513 3373435 46
530604 1241225 41
14408736 14408742 98
1241131 2120152 31
2037230 2800503 52
3373336 3775599 49
15144147 15144151 47
15345710 15345717 47
15623486 15623489 87
15626916 15626920 65
25407194 25407196 30
25413073 25413076 89
2331087 3033329 22
28223553 28223554 13
28223566 28223567 52
14037342 14037347 20
874782 1691662 23
28225407 28225408 88
28225441 28225443 73
28225445 28225447 90
28225449 28225450 3
28225451 28225452 22
28225453 28225454 6
28225456 28225457 91
28225458 28225459 73
28225460 28225461 38
28225462 28225463 75
28225464 28225465 44
28225466 28225467 81
28225468 28225469 33
28225470 28225471 46
28225472 28225473 17
28225474 28225475 71
28225476 28225477 35
28225478 28225479 89
28225480 28225481 99
28225482 28225483 97
28225484 28225485 96
28225487 28225488 5
28225489 28225490 65
28225492 28225493 81
28225494 28225495 58
28225497 28225498 45
28225499 28225500 87
28225502 28225503 82
28225505 28225506 36
28225508 28225509 46
28225510 28225511 86
28225512 28225513 57
28225520 28225521 83
28225525 28225526 56
28225528 28225530 69
28225531 28225532 61
28269288 28269289 87
28225523 28225524 27
29039043 29039044 79
29039050 29039051 14
4033762 4202695 3
30510616 30510617 58
30528350 30528351 22
30528377 30528378 60
30778292 30778294 65
30781968 30781970 8
31151260 31151262 99
25457729 25457735 4
31161673 31161674 73
11112439 11112447 95
8209735 8209738 41
487090 1165219 42
13452077 13452082 7
10643365 10643369 88
1165087 2036914 42
1165088 2036917 10
4708851 4711613 5
154338 487499 23
32826523 32826524 97
3062070 3556882 58
28272039 28272040 12
3033230 3538678 69
4033763 4202697 66
10266252 10266254 45
10266253 10266255 82
28199752 28199753 26
32841780 32841781 15
6848533 6848542 52
487091 1165222 20
4906067 4906105 39
32942883 32942885 14
32945061 32945063 98
32945897 32945899 58
2367816 3062156 37
34355143 34355144 68
14814811 14814817 8
4214434 4325546 85
34380724 34380725 42
34387177 34387178 14
34391845 34391846 93
34404733 34404734 100
34417654 34417656 54
34418137 34418138 51
34433758 34433760 88
34441615 34441616 24
34444891 34444892 20
34447268 34447269 16
34448367 34448368 2
34448693 34448694 58
34449200 34449201 68
34452894 34452896 38
28739834 28739843 27
34459531 34459532 7
3775593 4033751 75
34463885 34463886 78
34464649 34464651 31
34464783 34464784 52
34469766 34469767 100
34472789 34472791 14
34478349 34478350 56
3650812 3960573 60
34484875 34484876 50
14514636 14514642 77
1959762 2730684 84
31163978 31163979 40
34417657 34417659 42
34756841 34756842 29
34756847 34756848 16
34756857 34756858 63
34756880 34756881 85
34756894 34756895 41
4033777 4202717 25
34781535 34781537 15
34797653 34797654 7
34798264 34798265 30
28269561 28269564 16
35353541 35353542 41
35554353 35554354 89
35557034 35557035 6
35557444 35557445 45
35557838 35557839 35
35563531 35563532 36
35564031 35564032 93
35565289 35565290 59
35565337 35565338 28
35565624 35565625 25
35565727 35565728 6
35566770 35566771 92
35566776 35566777 67
35567224 35567225 21
35567226 35567227 1
35567228 35567229 25
35567267 35567268 8
35567541 35567542 46
35568739 35568740 82
35568767 35568769 56
35568846 35568847 86
35568891 35568892 59
35568914 35568915 24
35568965 35568966 33
35569104 35569105 3
35569136 35569137 57
35569291 35569292 17
35574424 35574425 89
35575420 35575421 53
35575423 35575424 3
3373482 3775666 74
35575435 35575436 46
35575518 35575520 41
35575999 35576000 86
13452069 13452080 96
35576037 35576038 70
35576078 35576079 93
35577468 35577470 47
35579847 35579848 94
35579914 35579915 32
28739796 28739816 29
4705703 4708854 55
35580254 35580255 57
35580256 35580258 81
35580267 35580268 95
35581503 35581504 31
35581505 35581506 22
35581514 35581515 18
35581764 35581765 100
35582022 35582023 52
35582034 35582036 43
35582038 35582039 22
35582046 35582047 74
4362032 4424607 14
35582050 35582051 50
35582054 35582055 99
35582057 35582058 86
35582083 35582084 18
35582091 35582093 48
35582107 35582108 31
35582118 35582119 20
35582120 35582121 50
35582470 35582471 13
35582482 35582483 5
35582484 35582485 24
35582495 35582496 92
35582497 35582498 47
35582499 35582501 15
35582513 35582515 64
35582522 35582524 84
35582532 35582533 86
35582534 35582535 29
35582536 35582537 4
35582538 35582539 62
35582546 35582547 7
35582561 35582562 32
35582564 35582565 14
35582571 35582572 79
35582578 35582579 12
35582583 35582584 73
35582591 35582592 85
35582598 35582599 20
35582601 35582602 11
35582607 35582608 14
35584288 35584289 84
35584308 35584309 65
33559145 33559147 36
35586074 35586075 49
35586314 35586315 78
30739524 30739525 18
35586640 35586641 96
35586767 35586768 39
35586831 35586832 41
35587541 35587542 69
35588151 35588152 52
35588171 35588172 49
35588355 35588356 34
7948333 7948341 45
35589516 35589517 22
35591915 35591916 18
35592049 35592050 7
35592052 35592054 47
35595830 35595832 76
35595924 35595925 39
35595926 35595927 72
4014747 4191626 83
35596044 35596045 31
35596084 35596085 76
35596154 35596155 52
35596190 35596191 38
35596203 35596204 9
35596472 35596473 39
35596541 35596542 91
35596593 35596594 83
35596640 35596641 1
35596643 35596644 61
35596645 35596646 66
35596647 35596648 42
35596649 35596650 98
35596652 35596653 56
35596654 35596655 29
35596656 35596657 24
35596668 35596669 36
35596671 35596672 45
35596719 35596720 57
35596722 35596723 31
35596725 35596726 79
35596727 35596728 98
35596843 35596844 80
35596845 35596846 37
35596880 35596881 26
35596947 35596948 8
28225517 28225518 9
35597294 35597295 98
35603028 35603029 41
35603045 35603046 31
35603064 35603065 63
35603066 35603067 82
3087509 3574955 52
35604722 35604723 45
35604943 35604944 45
35605097 35605099 19
14424837 14424844 17
35606631 35606632 78
35606639 35606641 27
35607047 35607048 93
35607049 35607050 100
35607052 35607054 35
35607487 35607488 28
35607489 35607490 79
35607505 35607506 47
35609088 35609089 70
35609093 35609094 47
35609096 35609097 37
35609110 35609111 12
35609113 35609114 38
35609115 35609116 56
35609117 35609118 84
34050700 34050703 80
35609119 35609121 57
35609122 35609123 16
35609125 35609126 43
35609129 35609130 17
35609131 35609132 83
35609134 35609135 56
35609137 35609138 52
35616701 35616702 24
35616854 35616855 29
35616894 35616895 92
11867258 11867259 54
35616906 35616907 59
35620566 35620567 14
25460566 25460571 77
36365108 36365112 13
36397854 36397856 71
36399011 36399013 65
25460952 25460955 93
36405556 36405557 28
36510296 36510297 31
36523039 36523040 86
30768729 30768732 59
3775605 4033774 82
2037155 2800437 92
38012611 38012612 66
2037156 2800441 55
2800447 3373330 11
38013165 38013166 31
38015454 38015455 74
38015456 38015457 57
38015860 38015861 81
38015998 38015999 70
38016000 38016001 58
38016003 38016004 29
38016005 38016006 61
3373327 3775552 46
38016016 38016017 1
38016018 38016019 83
38017358 38017359 76
38017360 38017361 26
38017362 38017363 36
38017364 38017365 89
38017936 38017938 82
38019743 38019744 92
38020055 38020056 58
38060753 38060754 13
38060744 38060745 12
38060783 38060784 3
38060804 38060805 14
38060808 38060809 68
38060810 38060811 38
38060844 38060845 83
38060858 38060860 96
38061078 38061079 76
38061121 38061122 63
38061166 38061167 10
38061182 38061183 49
25417786 25417798 33
38061257 38061258 26
38061293 38061294 86
4033764 4202698 36
38061321 38061322 18
38070807 38070808 56
4951240 4951249 45
4906071 4906106 23
4906072 4906107 1
38443416 38443417 9
38443436 38443437 12
28739789 28739809 15
13452078 13452083 47
38820993 38820995 5
38824337 38824339 27
39577405 39577406 48
39935636 39935637 90
40047295 40047296 67
3373694 3775847 95
34470104 34470105 38
3186544 3646608 35
41461122 41461123 99
41461125 41461127 29
5393097 5393116 52
41856117 41856119 7
41856122 41856123 47
41856124 41856125 73
41856126 41856127 13
41857393 41857394 13
41857395 41857396 69
41869867 41869869 34
41869870 41869871 18
41869872 41869873 20
41869874 41869875 50
41911452 41911454 83
42003618 42003619 13
42003620 42003621 33
42003655 42003656 40
42003659 42003660 39
42003661 42003662 81
42003667 42003668 22
42003681 42003682 59
42003683 42003684 3
42003685 42003686 22
42003687 42003688 78
42003689 42003690 27
39585300 39585302 53
1706903 2537442 69
42057369 42057370 40
42057371 42057372 63
42081978 42081980 98
42081981 42081982 38
42094232 42094233 24
42094236 42094237 75
42094238 42094239 81
42094240 42094241 55
42094242 42094243 61
42094244 42094246 65
42094285 42094286 97
42094288 42094289 47
42094291 42094292 71
42094294 42094295 88
42094296 42094297 18
42094298 42094299 55
42094313 42094314 26
3193333 3650815 68
10410320 10410321 54
13524884 13524888 70
42110216 42110218 71
42110217 42110219 48
42120421 42120422 1
42129255 42129256 76
12281819 12281832 30
42130063 42130064 35
42130210 42130211 37
13452556 13452560 72
36378186 36378188 93
4317988 4394343 24
8352001 8352020 90
1165279 2037187 42
4271192 4362015 22
42133059 42133061 82
42133120 42133121 69
42133124 42133125 28
42133153 42133154 38
42133156 42133157 22
42133158 42133159 64
42133160 42133161 99
42133163 42133164 41
34493649 34493650 47
42133315 42133316 69
42133318 42133319 62
32840016 32840018 97
32840020 32840022 73
42133738 42133739 45
42135655 42135656 4
42135885 42135887 73
42142891 42142892 9
13453543 13453546 9
42153976 42153977 33
42153978 42153979 1
42153980 42153981 4
42153982 42153983 98
42182465 42182466 96
42182923 42182924 11
3979218 4168344 65
42188099 42188100 4
42188748 42188749 40
42189115 42189116 40
42189523 42189524 93
42189525 42189526 35
42189531 42189533 18
42189558 42189559 78
42189576 42189577 30
42189579 42189580 48
42189596 42189597 30
45240323 45240325 12
45240446 45240448 58
45240564 45240566 81
45240619 45240621 79
45240784 45240786 76
45590712 45590713 46
45590714 45590715 30
45590716 45590717 21
45590718 45590719 24
45590720 45590721 13
45590722 45590723 90
45590724 45590725 20
45590726 45590727 68
45590728 45590729 87
45590730 45590731 13
45590732 45590733 100
45590734 45590735 59
45590736 45590737 91
45590738 45590739 23
45590738 45590740 87
45590738 45590741 92
45590738 45590742 54
45590743 45590744 25
45590745 45590746 40
45590747 45590748 33
45590749 45590750 26
45590751 45590752 98
45590753 45590754 5
45590755 45590756 94
45590758 45590759 80
45590760 45590761 90
45590762 45590763 57
45590764 45590765 20
45590766 45590767 85
45590768 45590769 5
45590770 45590771 55
45590772 45590773 53
45590774 45590775 45
45590777 45590778 33
45590779 45590780 88
45590781 45590782 26
45590783 45590784 96
45590787 45590788 56
45590789 45590790 92
45590791 45590792 38
45590793 45590794 21
45590795 45590796 36
45590797 45590798 72
45590799 45590800 29
45590801 45590802 44
45590803 45590804 38
45590805 45590806 13
45590807 45590808 29
45590809 45590810 93
45590811 45590812 50
45590813 45590814 86
45590815 45590816 40
45590817 45590818 51
45590819 45590820 93
45590821 45590822 29
45590823 45590824 25
45590825 45590826 100
45590827 45590828 83
45590829 45590830 56
45590831 45590832 60
45590833 45590834 44
45590835 45590836 94
45590837 45590838 88
45590839 45590840 84
45590841 45590842 79
45590843 45590844 13
45590845 45590846 18
45590847 45590848 27
45590849 45590850 80
45590851 45590852 87
45590853 45590854 13
45590855 45590856 65
45590858 45590859 18
45590860 45590861 31
45590862 45590863 1
45590864 45590865 31
45590866 45590867 64
45590868 45590869 99
45590870 45590871 2
45590872 45590873 64
45590874 45590875 2
45590876 45590877 74
45590878 45590879 91
45590880 45590881 14
45590882 45590883 17
45590884 45590885 60
45590886 45590887 18
45590888 45590889 14
45590890 45590891 97
45590892 45590893 82
45590894 45590895 71
45590896 45590897 66
45590898 45590899 84
45590900 45590901 43
45590902 45590903 33
45590904 45590905 84
45590906 45590907 42
45590908 45590909 28
45590910 45590911 12
45590912 45590913 28
45590914 45590915 93
45590916 45590917 48
45590918 45590919 66
45590920 45590921 71
45590922 45590923 78
45590924 45590925 84
45590926 45590927 8
45590928 45590929 46
45590930 45590931 87
45590932 45590933 66
45590934 45590935 92
38060969 38060970 50
45590936 45590937 73
45590939 45590940 26
45590941 45590942 39
45590943 45590944 77
45590945 45590946 92
45590947 45590948 53
45590949 45590950 37
45590951 45590952 53
45590953 45590954 31
45590955 45590956 78
45590957 45590958 6
45590959 45590960 91
45590962 45590963 4
45590964 45590965 22
45590966 45590967 56
45590968 45590969 7
45590970 45590971 72
45590972 45590973 8
45590975 45590976 8
45590977 45590978 41
45590979 45590980 47
45590981 45590982 39
45590984 45590985 5
45590986 45590987 19
45590989 45590990 43
45590991 45590992 25
45590993 45590994 55
45590995 45590996 6
45590998 45590999 72
45591000 45591001 4
45591003 45591004 67
45591005 45591006 39
45591007 45591008 77
45591009 45591010 73
45591011 45591012 10
45591013 45591014 64
45591015 45591016 53
45591017 45591018 89
45591019 45591020 20
45591021 45591022 96
45591023 45591024 38
45591025 45591026 56
45591027 45591028 51
45591029 45591030 97
45591031 45591032 14
45591033 45591034 94
45591035 45591036 7
45591037 45591038 37
45591039 45591040 91
45591041 45591042 90
45591043 45591044 4
45591046 45591047 83
45591048 45591049 98
45591050 45591051 44
45591052 45591053 93
45591054 45591055 44
45591056 45591057 93
45591058 45591059 91
45591060 45591061 9
45591062 45591063 51
45591064 45591065 27
45591066 45591067 95
45591068 45591069 82
45591070 45591071 24
45591072 45591073 34
45591074 45591075 82
732599 1504016 72
45591077 45591078 97
45591079 45591080 50
45591081 45591082 42
45591083 45591084 25
45591085 45591086 42
45591087 45591088 51
45591090 45591091 2
45591093 45591094 32
45591096 45591097 90
45591098 45591099 76
45591100 45591101 88
45591102 45591103 79
45591104 45591105 37
45591106 45591107 65
45591108 45591109 96
45591110 45591111 72
45591112 45591113 11
45591114 45591115 6
45591116 45591117 86
45591118 45591119 21
45591120 45591121 1
45591122 45591123 55
45591124 45591125 37
45591126 45591127 81
45591128 45591129 58
45591131 45591132 43
45591133 45591134 65
45591135 45591136 92
45591137 45591138 96
45591139 45591140 61
45591141 45591142 16
45591143 45591144 32
45591146 45591147 56
45591148 45591149 58
45591150 45591151 17
45591152 45591153 8
45591154 45591155 27
45591156 45591157 78
45591158 45591159 63
45591160 45591161 90
45591163 45591164 39
45591165 45591166 69
45591167 45591168 72
45591169 45591170 86
45591171 45591172 24
45591174 45591175 91
45591176 45591177 5
45591178 45591179 40
45591180 45591181 88
45591182 45591183 23
45591184 45591185 13
45591186 45591187 100
45591188 45591189 43
45591191 45591192 92
45591193 45591194 52
45591196 45591197 47
45591198 45591199 58
45591200 45591201 77
45591202 45591203 72
45591204 45591205 47
45591206 45591207 36
45591208 45591209 79
45591210 45591211 44
45591212 45591213 39
45591214 45591215 82
45591216 45591217 4
45591218 45591219 42
45591220 45591221 10
45591222 45591223 77
45591224 45591225 58
45591226 45591227 34
45591228 45591229 94
45591230 45591231 55
45591232 45591233 14
45591234 45591235 68
45591236 45591237 75
45591238 45591239 54
45591240 45591241 34
45591242 45591243 48
45591244 45591245 40
45591246 45591247 92
45591248 45591249 83
45591250 45591251 47
45591252 45591253 36
45591254 45591255 76
45591256 45591257 62
45591258 45591259 75
45591260 45591261 79
45591262 45591263 57
45591264 45591265 26
45591266 45591267 25
45591268 45591269 95
45591270 45591271 41
45591272 45591273 73
45591274 45591275 87
45591276 45591277 42
45591278 45591279 55
45591280 45591281 89
45591282 45591283 63
45591284 45591285 12
45591286 45591287 70
45591288 45591289 95
45591290 45591291 33
45591292 45591293 33
45591294 45591295 64
45591296 45591297 24
45591298 45591299 41
45591300 45591301 14
45591302 45591303 51
45591304 45591305 92
45591306 45591307 40
45591308 45591309 73
45591310 45591311 34
45591312 45591313 8
45591314 45591315 30
45591316 45591317 32
45591318 45591319 45
45591320 45591321 74
45591322 45591323 18
45591324 45591325 5
45591326 45591327 22
45591328 45591329 69
45591330 45591331 79
45591332 45591333 81
45591334 45591335 57
45591336 45591337 13
45591338 45591339 63
45591340 45591341 88
45591342 45591343 79
45591344 45591345 82
45591346 45591345 17
45591347 45591348 74
45591349 45591350 54
45591351 45591352 33
45591353 45591354 88
45591355 45591356 24
45591357 45591358 35
45591359 45591360 77
45591361 45591362 16
45591363 45591364 48
45591365 45591366 45
45591367 45591368 90
45591369 45591370 43
3910243 4123549 13
45591371 45591372 80
45591373 45591374 25
45591375 45591376 91
45591377 45591378 6
4033768 4202703 48
45591379 45591380 65
45591381 45591382 93
45591383 45591384 27
45591385 45591386 54
45591388 45591389 87
45591390 45591391 5
45591392 45591393 88
45591394 45591395 41
45591396 45591397 19
45591398 45591399 46
45591400 45591401 31
36524164 36524165 43
45591402 45591403 39
45591404 45591405 70
45591406 45591407 7
45591408 45591409 45
45591410 45591411 6
45591412 45591413 81
45591414 45591415 81
45591416 45591417 47
45591418 45591419 52
45591420 45591421 12
45591422 45591423 86
45591424 45591425 4
45591426 45591427 69
45591428 45591429 73
45591430 45591431 34
45591432 45591433 13
45591434 45591435 11
45591436 45591437 90
45591438 45591439 83
45591440 45591441 83
45591442 45591443 6
45591444 45591445 35
45591446 28225513 20
45591447 45591448 34
45591449 45591450 76
45591451 45591452 69
45591453 45591454 82
45591456 45591457 76
45591459 45591460 47
45591461 45591462 52
45591463 45591464 38
45591465 45591466 69
45591467 45591468 54
45591469 45591470 1
45591471 45591472 26
45591473 45591474 39
45591475 45591476 99
45591477 45591478 23
45591479 45591480 46
45591481 45591482 43
45591483 45591484 37
45591485 45591486 46
45591487 45591488 8
45591489 45591490 19
45591491 45591492 78
45591493 45591494 17
45591495 45591496 52
45591497 45591498 11
45591499 45591500 72
45591501 45591502 91
45591503 45591504 74
45591505 45591506 2
45591507 45591508 49
45591509 45591510 37
45591511 45591512 88
45591513 45591514 9
45591515 45591516 75
45591517 45591518 44
45591519 45591520 4
45591521 45591522 94
45591523 45591524 82
45591525 45591526 17
45591527 45591528 31
45591529 45591530 26
45591531 45591532 36
45591533 45591534 81
45591535 45591536 83
45591537 45591538 95
45591539 45591540 4
45591541 45591542 91
45591543 45591544 38
45591545 45591544 56
45591546 45591547 39
45591549 45591550 43
45591551 45591552 7
45591553 45591554 73
45591555 45591556 22
45591557 45591558 22
45591559 45591560 100
45591561 45591562 98
45591563 45591564 61
45591565 45591566 91
45591567 45591568 45
45591569 45591570 36
45591571 45591572 29
45591574 45591575 72
45591576 45591577 44
45591578 45591579 26
45591580 45591581 30
45591582 45591583 82
45591584 45591585 94
45591586 45591587 69
45591588 45591589 83
45591590 45591591 98
45591592 45591593 21
45591594 45591595 22
45591596 45591597 33
45591598 45591599 31
45591600 45591601 71
45591603 45591604 3
45591606 45591607 84
45591609 45591610 27
45591612 45591613 63
45591614 45591615 72
45591616 45591617 88
45591618 45591619 84
45591620 45591621 50
45591622 45591623 98
45591625 45591626 86
45591628 45591629 75
45591631 45591632 63
45591633 45591634 76
45591636 45591637 31
45591639 45591640 71
45591642 45591643 50
45591645 45591646 14
45591648 45591649 63
45591650 45591651 12
45591652 45591653 96
45591654 45591655 96
45591656 45591657 99
45591658 45591659 82
45591660 45591661 5
45591662 45591663 70
45591664 45591665 49
45591666 45591667 81
45591668 45591669 28
45591671 45591672 56
45591673 45591674 96
45591676 45591677 24
45591679 45591680 32
45591682 45591683 34
45591684 45591685 87
45591687 45591688 8
45591690 45591691 17
45591692 45591693 40
45591695 45591696 8
45591697 45591698 50
45591700 45591701 42
45591703 45591704 37
45591706 45591707 83
45591708 45591709 41
45591711 45591712 41
45591714 45591715 91
45591717 45591718 50
45591720 45591721 26
45591723 45591724 69
45591726 45591727 54
45591729 45591730 40
45591732 45591733 35
45591734 45591735 55
45591737 45591738 42
45591740 45591741 14
45591743 45591744 94
45591746 45591747 9
45591749 45591750 30
45591752 45591753 72
45591755 45591756 36
45591758 45591759 92
45591760 45591761 31
45591763 45591764 87
45591766 45591767 90
45591769 45591770 26
45591772 45591773 26
45591774 45591775 43
45591777 45591778 87
45591780 45591781 92
45591784 45591785 26
45591787 45591788 79
45591790 45591791 99
45591793 45591794 92
45591796 45591797 100
45591799 45591800 49
45591802 45591803 33
45591805 45591806 69
45591808 45591809 77
45591811 45591812 44
45591813 45591814 10
45591816 45591817 95
45591819 45591820 62
45591822 45591823 61
45591824 45591825 63
45591827 45591828 36
45591830 45591831 98
45591833 45591834 37
45591835 45591836 27
45591838 45591839 86
45591841 45591842 26
45591844 45591845 52
45591847 45591848 100
45591849 45591850 20
45591852 45591853 30
45591855 45591856 79
45591857 45591858 37
45591859 45591860 11
45591861 45591862 25
45591864 45591865 55
45591866 45591867 89
45591869 45591870 1
45591871 45591872 100
45591874 45591875 26
45591877 45591878 64
3910244 4123551 53
45591880 45591881 27
45591882 45591883 53
45591885 45591886 81
45591888 45591889 96
45591891 45591892 63
45591893 45591894 38
45591895 45591896 73
45591898 45591899 24
45591901 45591902 65
45591904 45591905 49
45591907 45591908 30
45591909 45591910 33
45591911 45591912 94
45591913 45591914 54
45591915 45591916 62
45591919 45591920 93
45591922 45591923 13
45591925 45591926 3
45591929 45591930 54
45591931 45591932 65
25457245 25457248 95
45591933 45591934 49
45591935 45591936 33
45591938 45591939 93
45591942 45591943 44
45591945 45591946 83
45591948 45591949 19
45591950 45591951 7
45591952 45591953 87
45591955 45591956 21
45591957 45591958 89
45591959 45591960 60
45591962 45591963 94
45591965 45591966 94
45591968 45591969 19
45591970 45591971 17
45591973 45591974 18
45591976 45591977 47
45591979 45591980 87
45591982 45591983 91
45591984 45591985 55
45591986 45591987 93
45591988 45591989 38
45591991 45591992 71
