1703441 2534339 34
1328715 2200749 31
929941 1750039 94
1080801 1942067 12
6506506 6506532 62
6506506 6506533 94
589922 1322605 44
14715721 14715726 13
4103777 4253627 28
2573841 3214284 15
14964054 14964058 1
14964054 14964059 21
4214515 4325642 100
4054049 4214544 9
4388734 4444297 99
3308272 3732742 30
3808802 4054035 84
4490673 4520722 42
4490673 4520723 9
4490673 4520724 2
4490673 4520725 61
15324458 15324462 12
15601246 15601250 8
15601246 15601251 79
439938 1086794 92
929943 1750105 16
929943 1750106 6
929943 1750107 30
4952933 4952995 17
28318754 28318756 22
9083383 9083398 17
28319300 28319301 69
12388966 12388979 30
30233769 30233772 98
30237153 30237155 63
30242186 30242189 26
1080464 1941744 19
2350717 3047397 35
30351712 30351714 62
6351152 6351162 47
30323260 30323261 64
30494930 30494932 92
30500241 30500243 56
30500245 30500246 53
8305865 8305872 65
30501982 30501984 92
30503464 30503465 24
30525038 30525039 69
4054019 4214520 40
3852975 4087145 23
2092525 2845212 44
8295413 8295425 24
1960738 2731678 49
262047 759202 96
1080807 1942070 8
741560 1512325 82
2128467 2876061 37
31914792 31914793 60
32715972 32715973 23
32780836 32780839 71
32789825 32789826 85
32789825 32789827 69
32807499 32807500 44
32807499 32807501 100
32808100 32808102 94
15373127 15373131 65
32812190 32812191 47
14873303 14873307 81
32813096 32813097 42
32813096 32813098 95
32813100 32813101 77
15973516 15973517 15
32814067 32814070 15
32819226 32819227 99
11319652 11319654 31
3808804 4054045 8
3852970 4087137 14
4451691 4490665 65
4325639 4399425 57
3487066 3852986 99
31028092 31028094 28
33015854 33015857 62
33562297 33562298 85
33562297 33562299 93
14871801 14871804 29
33562450 33562451 9
33562450 33562452 19
2573859 3214289 23
33577964 33577965 21
28319481 28319482 61
34238382 34238383 26
3047395 3547907 74
33853069 33853073 79
33853069 33853074 81
33853069 33853075 68
34367436 34367438 18
34385772 34385773 2
3804340 4050981 16
4343453 4411537 99
34409245 34409247 20
4087170 4238176 99
2196327 2932781 78
34422296 34422298 53
34427145 34427147 36
31051996 31051998 77
34466028 34466030 25
11416101 11416108 91
3807229 4052574 87
34720389 34720390 57
34721315 34721316 40
34723188 34723189 13
3403910 3795685 66
2193528 2930715 24
34774624 34774625 49
2763501 3350332 18
34794094 34794095 64
5862834 5862851 32
35556017 35556018 94
35556041 35556042 87
35556045 35556046 3
35556048 35556049 53
35556051 35556052 74
35556054 35556055 75
35556056 35556057 58
35556059 35556060 99
35556061 35556062 3
35556063 35556064 37
35556065 35556066 65
31015675 31015678 35
13332429 13332432 30
13332429 13332433 76
31050025 31050027 88
35556113 35556114 3
35556118 35556120 15
35556122 35556123 85
35556131 35556132 40
35556135 35556136 85
35556138 35556140 62
35556142 35556143 62
35556151 35556152 77
35556153 35556154 62
35556155 35556156 32
35556155 35556157 91
35556158 35556159 27
35556161 35556162 66
35556163 35556164 91
35556165 35556166 58
35556167 35556168 88
35556169 35556170 89
35556171 35556172 3
35556173 35556174 93
35556175 35556176 83
35556177 35556178 26
35556179 35556180 64
35556182 35556183 34
35556184 35556185 86
35556186 35556187 100
35556188 35556189 77
35556190 35556191 37
35556192 35556193 30
35556195 35556196 32
35556197 35556198 41
35556200 35556201 85
35556203 35556204 95
35556205 35556206 6
35556208 35556209 34
35556210 35556211 69
35556213 35556214 84
35556215 35556216 90
11757805 11757810 81
35557450 35557451 69
35557689 35557690 5
35557768 35557769 31
35557771 35557772 83
35557773 4054045 98
35557775 35557776 72
35557778 35557779 90
35557781 35557782 66
35557784 35557785 3
35557786 35557787 96
35557788 35557789 83
35557791 35557792 8
35557794 35557795 38
35557796 35557797 13
35557799 35557800 84
35557802 35557803 98
35557807 35557808 31
35562519 35562520 99
3175251 3640310 37
3175251 3640311 47
3175251 3640312 74
35566621 35566622 56
35567340 35567341 94
35567340 35567342 73
35567343 35567344 49
35567346 35567347 85
35567359 35567361 88
35567865 35567866 53
35568278 35568279 35
35568278 35568280 92
35568572 35568573 48
35570880 35570881 72
35570880 35570882 60
35571083 35571084 24
35571194 35571195 50
35571452 35571453 5
35571452 35571454 63
35571976 35571977 74
35571984 35571985 36
35571987 35571988 7
35571990 35571991 40
35571992 35571993 29
35571994 35571995 20
35571997 35571998 66
35572000 35572001 36
35572002 35572003 77
35572330 35572331 32
35573068 35573069 16
35573072 35573073 15
35575237 35575238 20
35575439 35575440 57
35575591 35575592 25
35575638 35575639 43
35575950 35575951 89
4953004 4953041 47
1082037 1943771 71
35577104 35577105 80
35577130 35577131 3
35577172 35577173 96
35577344 35577345 93
35577346 35577347 28
35577348 35577349 46
35577350 35577351 1
35577353 35577354 46
35577355 35577356 34
35577357 35577358 86
35577360 35577361 70
35577362 35577363 48
35577364 35577365 89
35577366 35577367 7
35577368 35577369 68
35577371 35577372 16
35577373 35577374 34
35577376 35577377 84
35577378 35577379 86
35577381 35577382 79
35577384 35577385 98
35577386 35577387 43
35577388 35577389 34
35577391 35577392 31
35577393 35577394 75
35577396 35577397 8
35577399 35577400 4
35577401 35577402 89
35577403 35577404 52
35577405 35577406 45
35577407 35577408 75
31025524 31025527 86
35577724 35577726 31
35579159 35579160 55
35579159 35579161 49
35579188 35579189 93
5408486 5408497 83
31015992 31015996 98
35579393 35579394 13
35579416 35579418 76
35579585 35579586 43
35579592 35579594 56
35579615 35579616 22
35579618 35579619 65
35579637 35579638 40
35579660 35579661 82
35579662 35579663 2
35579669 35579670 1
35579671 35579672 31
35579674 35579675 69
35579676 35579677 91
35579678 35579679 43
35579680 35579681 82
35579682 35579683 45
35579685 35579686 83
35579687 35579688 85
35579689 35579690 62
35579692 35579693 82
35579694 35579695 56
35579697 35579698 45
35579700 35579701 53
35579702 35579703 91
35579704 35579705 49
35579706 35579707 43
35579708 35579709 74
35579710 35579711 43
35579712 35579713 98
35579714 35579715 13
35579716 35579717 57
35579718 35579719 87
35579720 35579721 44
35579723 35579724 83
35579726 35579727 42
35579728 35579729 8
35579730 35579731 62
35579733 35579734 2
35579735 35579736 5
35579738 35579739 61
35579741 35579742 66
35579744 35579745 64
35579747 35579748 58
35579750 35579751 59
35579752 35579753 14
35579755 35579756 79
35579758 35579759 49
35579761 35579762 11
35579764 35579765 3
35579767 35579768 73
35579770 35579771 91
35579772 35579773 60
35579775 35579776 9
35579777 35579778 26
35579779 35579780 90
35579781 35579782 92
35579784 35579785 21
35579786 35579787 7
35579788 35579789 69
35579790 35579791 41
35579792 35579793 66
35579794 35579795 83
35579797 35579798 56
35579799 35579800 30
35579802 35579803 56
35579804 35579805 65
35579807 35579808 49
35579810 35579811 66
35579813 35579814 57
35579815 35579816 21
35579818 35579819 29
35579820 35579821 56
35579823 35579824 3
35579825 35579826 62
35579827 35579828 49
35579830 35579831 30
35579832 35579833 9
35579835 35579836 31
35579837 35579838 23
35579839 35579840 37
15643073 15643075 95
35583069 35583071 32
35583302 35583303 29
35583316 35583321 79
35583316 35583322 98
35583497 35583499 93
35583504 35583505 41
35583504 35583506 53
4399439 4451712 44
35583762 35583763 27
14837299 14837303 57
2573861 3214293 7
35584231 35584232 43
35584300 35584301 51
35584302 35584303 55
35584321 35584322 88
35584324 35584325 60
13207843 13207854 65
35584343 35584344 18
35584547 35584548 4
35584549 35584550 72
35584557 35584558 76
35584563 35584564 92
35584577 35584578 67
35584579 35584580 68
35584581 35584583 68
35584584 35584586 31
35584591 35584593 6
35584595 35584596 43
6267724 6267746 72
35584598 35584600 81
35584602 35584603 26
35584609 35584611 39
35584627 35584629 5
6351170 6351176 29
35584662 35584663 20
35584744 35584745 81
35584747 35584748 9
35584749 35584751 86
35584758 35584759 27
35584760 35584761 44
35584763 35584764 88
35584766 35584767 73
35584768 35584769 31
35584770 35584771 4
35584773 35584774 34
35584776 35584777 80
35584778 35584779 90
35584780 35584781 24
35584782 35584783 100
35584784 35584785 5
35584787 35584788 9
35584789 35584790 70
35584792 35584793 20
35584795 35584796 8
35584798 35584799 57
35584801 35584802 33
35584803 35584804 9
35584805 35584806 42
35584808 35584809 12
35584810 35584811 4
35584812 35584813 54
35584814 35584815 44
35584816 35584817 45
35584819 35584820 26
35584822 35584823 27
35584825 35584826 46
35584827 35584828 30
35584829 35584830 3
35584831 35584832 71
35584833 35584834 10
35584835 35584836 28
35584837 35584838 75
35584840 35584841 42
35584842 35584843 59
35584844 35584845 29
35584846 35584847 85
35584848 35584849 86
35584851 35584852 88
35584853 35584854 4
35584856 35584857 36
35584858 35584859 51
35584860 35584861 92
35584863 35584864 14
35584865 35584866 84
35584867 35584868 7
35584870 35584871 56
35584872 35584873 98
35584874 35584875 13
35584877 35584878 88
35584880 35584881 11
35584882 35584883 63
35584886 35584887 71
35584888 35584889 58
35584890 35584891 1
35584892 35584893 25
35584894 35584895 63
35584897 35584898 89
35584899 35584900 42
35584902 35584903 1
35584905 35584906 31
35584907 35584908 53
35584909 35584910 56
35584911 35584912 96
35584913 35584914 13
35584916 35584917 54
35584918 35584919 89
35584921 35584922 52
35584923 35584924 31
35584925 35584926 58
35584928 35584929 17
35584930 35584931 16
35584932 35584933 66
35584935 35584936 79
35584937 35584938 73
35584939 35584940 14
35584942 35584943 5
35584944 35584945 53
35584946 35584947 90
35584948 35584949 39
35584950 35584951 43
35584953 35584954 98
35584956 35584957 20
35584959 35584960 4
35584961 35584962 2
35584963 35584964 81
35584965 35584966 47
35584967 35584968 31
35584970 35584971 36
35584972 35584973 20
35584974 35584975 11
35584976 35584977 74
35584978 35584979 37
35584980 35584981 70
35584982 35584983 57
35584985 35584986 85
35584987 35584988 66
35584990 35584991 15
35584993 35584994 100
35585270 35585271 43
35585270 35585272 14
14871122 14871125 3
35587314 35587315 66
35587316 35587317 91
35587322 35587323 96
35587324 35587325 73
35587326 35587327 5
35587328 35587329 64
35587331 35587332 42
35587333 35587334 5
35587335 35587336 57
35587337 35587338 98
35587340 35587341 42
35587342 35587343 39
35588633 35588634 40
35597088 35597089 80
35598533 35598534 43
35598535 35598536 45
35599334 35599335 70
35600075 35600079 3
434512 1082029 28
35604287 35604288 5
35604887 35604888 30
741598 1512413 33
14855323 14855325 10
35604969 35604970 33
35604971 35604972 3
35604971 35604973 95
35605057 35605058 53
35605057 35605059 60
35605075 35605076 97
35605149 35605151 54
35605382 35605383 97
35605385 35605386 99
35605388 35605389 46
35605390 35605391 11
35605392 35605393 95
35605395 35605396 14
35605397 35605398 49
35605399 35605400 28
35605402 35605403 36
35605404 35605405 76
35605406 35605407 40
35605408 35605409 27
35605410 35605411 37
35605413 35605414 29
35605416 35605417 13
35605418 35605419 76
35605420 35605421 63
35605422 35605423 82
35605424 35605425 56
35605427 35605428 56
35605429 35605430 42
35605433 35605434 32
35605435 35605436 48
35605437 35605438 12
35605439 35605440 75
35605441 35605442 49
35605443 35605444 40
35605445 35605446 89
35605447 35605448 6
35605450 35605451 92
35605452 35605453 23
35605454 35605455 31
35605456 35605457 48
35605459 35605460 47
35605461 35605462 44
35605463 35605464 16
35605465 35605466 46
35605467 35605468 58
35605469 35605470 52
35605471 35605472 94
35605474 35605475 63
35605476 35605477 82
35605479 35605480 16
35605481 35605482 94
35605483 35605484 11
35605486 35605487 64
35605489 35605490 87
35605491 35605492 82
35605493 35605494 27
35605496 35605497 4
35605498 35605499 24
35605501 35605502 13
35605504 35605505 65
35605506 35605507 54
35605510 35605511 58
35605513 35605514 11
35605516 35605517 80
35605518 35605519 31
35605520 35605521 44
35605523 35605524 52
35605526 35605527 99
35605528 35605529 53
35605531 35605532 91
35605534 35605535 77
35605543 35605544 11
3732739 4009643 56
3732739 4009644 97
35614324 35614325 4
35567360 35567365 82
31015061 31015064 24
31015061 31015065 87
35615138 35615139 8
35615145 35615146 58
35615147 35615148 97
35615149 35615150 28
35615151 35615152 66
35615153 35615154 67
35615155 35615156 87
35615157 35615158 100
35615159 35615160 78
35615162 35615163 40
35615164 35615165 97
35615168 35615170 82
35615171 35615172 21
35615175 35615176 71
35615178 35615179 52
35615180 35615181 15
35615182 35615183 25
35615184 35615185 88
35615186 35615187 41
35615188 35615189 15
35615190 35615191 30
35615298 35615299 76
35615301 35615302 22
35615309 35615310 89
35616545 35616546 53
35616561 35616562 1
35616564 35616565 17
35616566 35616567 74
35616568 35616569 13
35616571 35616572 55
35616573 35616574 14
35616575 35616576 10
35616577 35616578 44
35616579 35616580 84
35619187 35619188 65
35619887 35619889 20
35619920 35619921 97
35619939 35619940 58
35619941 35619942 21
35619943 35619944 9
35619945 35619946 47
35619947 35619948 44
35619949 35619950 82
35619951 35619952 77
35619954 35619955 5
35619956 35619957 35
35619958 35619959 13
35619961 35619962 34
35619963 35619964 6
35619965 35619966 22
35619967 35619968 31
35619969 35619970 29
35619971 35619972 59
35619973 35619974 57
35619975 35619976 30
35619977 35619978 18
35619979 35619980 83
35619981 35619982 62
35619983 35619984 89
35619985 35619986 77
35619988 35619989 48
35619990 35619991 25
35619992 35619993 8
35619994 35619995 25
35619996 35619997 34
35619998 35619999 92
35620001 35620002 43
35620004 35620005 53
35620006 35620007 32
35620008 35620009 78
35620010 35620011 84
35620013 35620014 89
35620015 35620016 41
35620017 35620018 77
35620019 35620020 53
35620022 35620023 8
35620025 35620026 94
35620027 35620028 22
35620030 35620031 94
35620032 35620033 84
35620034 35620035 35
35620037 35620038 96
35620039 35620040 96
35620041 35620042 18
35620044 35620045 16
35620046 35620047 60
35620048 35620049 5
35620050 35620051 76
35620052 35620053 82
35620054 35620055 15
35620056 35620057 98
35620058 35620059 96
35620060 35620061 64
35620062 35620063 18
35620064 35620065 27
35620066 35620067 67
35620068 35620069 29
35620070 35620071 88
35620072 35620073 20
35620075 35620076 17
35620077 35620078 32
35620079 35620080 39
35620082 35620083 53
35620084 35620085 52
35620087 35620088 90
35620089 35620090 38
35620092 35620093 15
35620094 35620095 85
35620096 35620097 100
35620098 35620099 15
35620100 35620101 45
35620102 35620103 46
35620104 35620105 85
35620106 35620107 6
35620109 35620110 17
35620111 35620112 69
35620113 35620114 100
35620115 35620116 57
35620117 35620118 85
35620119 35620120 7
35620121 35620122 88
35620123 35620124 35
35620126 35620127 50
35620128 35620129 58
35620130 35620131 60
35620132 35620133 30
35620134 35620135 98
35620136 35620137 52
35620138 35620139 11
35620140 35620141 43
35620142 35620143 29
35620144 35620145 86
35620146 35620147 10
35620148 35620149 53
35620150 35620151 23
35620152 35620153 60
35620155 35620156 10
35620159 35620160 37
35620161 35620162 77
35620164 35620165 23
35620167 35620168 64
35620172 35620173 41
35620702 35620703 62
4490664 4520713 51
36533902 36533903 86
37258967 37258968 71
37559148 37559149 31
38015592 38015593 14
32814846 32814848 97
1866434 2665677 40
4214568 4325682 2
39527196 39527198 89
39527196 39527199 6
39609855 39609856 30
39634374 39634375 87
39801122 39801123 91
39816018 39816019 25
39819355 39819356 70
39825309 39825310 6
39828277 39828278 67
39879686 39879688 53
39901266 39901267 81
39907092 39907094 48
41926114 41926115 56
41926117 41926118 5
41926123 41926125 1
41926130 41926131 96
41926133 41926134 19
41926138 41926139 29
41926140 41926141 99
41926142 41926143 72
41926144 41926145 100
41926147 41926148 61
41926154 41926155 34
41926157 41926158 76
41926159 41926160 62
41926161 41926162 63
41926173 41926174 97
41926175 41926176 10
41926177 41926178 97
41926179 41926180 37
41926181 41926182 80
41926183 41926184 64
41926185 41926186 84
41926188 41926189 38
41926190 41926191 52
41926192 41926193 78
41926194 41926195 4
41926196 41926197 97
41926198 41926199 19
41926200 41926201 3
41926202 41926203 27
41926204 41926205 88
41926207 41926208 19
41926210 41926211 91
41926212 41926213 33
41926214 41926215 68
41926217 41926218 58
41926219 41926220 9
41926221 41926222 99
41926223 41926224 7
41926225 41926226 26
41926227 41926228 21
41926229 41926230 57
41926231 41926232 35
41926233 41926234 31
41926235 41926236 51
41926238 41926239 3
41926240 41926241 48
41926242 41926243 93
41926244 41926245 60
41926247 41926248 89
41926249 41926250 94
41926251 41926252 90
41926253 41926254 73
41926255 41926256 74
41926258 41926259 68
41926260 41926261 45
41926262 41926263 28
41926265 41926266 65
41926268 41926269 87
41926270 41926271 20
41926273 41926274 49
41926275 41926276 67
41926277 41926278 82
41926279 41926280 49
41926281 41926282 56
41926283 41926284 29
41926285 41926286 95
41926287 41926288 1
41926289 41926290 30
41926291 41926292 26
41926293 41926294 40
41926295 41926296 18
41926297 41926298 95
41926299 41926300 21
41926301 41926302 67
41926303 41926304 10
41926305 41926306 85
41926308 41926309 22
41926310 41926311 42
41926312 41926313 22
41926314 41926315 97
41926316 41926317 70
41926318 41926319 40
24346891 24346893 61
41926320 41926321 23
41926322 41926323 72
41926324 41926325 41
41926326 41926327 52
41926328 41926329 91
41926330 41926331 55
41926332 41926333 54
41926334 41926335 35
41926336 41926337 34
41926338 41926339 90
41926340 41926341 73
41926342 41926343 12
41926344 41926345 53
41926346 41926347 43
41926348 41926349 35
41926350 41926351 98
41926352 41926353 70
41926354 41926355 21
41926356 41926357 81
41926359 41926360 80
41935917 41935919 27
41942793 41942794 99
41942795 41942796 54
41957609 41957610 82
41958440 41958441 98
42023265 42023266 78
42023755 42023756 84
42031276 42031277 79
31055963 31055965 28
42108605 42108606 66
42108613 42108614 71
42150955 42150956 54
42160379 42160380 17
42186768 42186769 62
42216367 42216369 80
42216368 42216370 7
45683862 45683863 48
45683865 45683866 17
45683867 45683868 26
45683870 45683871 78
45683872 45683873 25
45683874 45683875 59
45683877 45683878 54
45683879 45683880 44
45683882 45683883 66
45683884 45683885 50
45683886 45683887 79
45683889 45683890 83
45683892 45683893 48
45683894 45683895 34
45683897 45683898 48
45683901 45683902 55
45683904 45683905 46
45683906 45683907 29
45683909 45683910 57
45683911 45683912 35
45683914 45683915 26
45683916 45683917 51
14873305 14873309 6
45683919 45683920 32
45683921 45683922 34
45683923 45683924 86
45683926 45683927 4
45683928 45683929 6
45683930 41926218 9
45683931 45683932 81
45683933 45683934 57
45683935 45683936 35
45683938 45683939 2
45683941 45683942 79
45683943 45683944 45
45683946 45683947 93
45683948 45683949 45
45683951 45683952 33
45683953 45683954 37
45683955 45683956 73
45683957 45683958 57
45683959 45683960 97
45683961 45683962 15
45683963 45683964 12
45683965 45683966 92
45683968 45683969 68
45683971 45683972 7
45683973 45683974 65
45683975 45683976 1
45683977 45683978 55
45683979 45683980 24
45683982 45683983 22
45683984 45683985 35
45683987 45683988 87
45683989 45683990 44
45683991 45683992 9
45683994 45683995 86
45683996 45683997 100
45683999 45684000 33
45684002 45684003 22
45684004 45684005 71
45684006 45684007 11
45684009 45684010 17
45684011 45684012 60
45684013 45684014 34
45684015 45684016 89
45684017 45684018 8
45684019 45684020 7
45684022 45684023 37
45684025 45684026 5
45684027 45684028 32
4214571 4325685 20
45684030 45684031 90
45684032 45684033 20
45684035 45684036 61
45684037 45684038 65
45684040 45684041 61
45684043 45684044 16
45684046 45684047 61
45684049 45684050 96
45684052 45684053 85
45684054 45684055 84
45684056 45684057 34
45684059 45684060 41
45684062 45684063 1
45684064 45684065 17
45684066 45684067 63
45684068 45684069 17
45684070 45684071 20
45684073 45684074 95
45684075 45684076 30
45684078 45684079 92
45684080 45684081 40
45684082 45684083 25
45684085 45684086 52
45684087 45684088 36
45684089 45684090 82
45684092 45684093 53
45684094 45684095 71
45684096 45684097 60
45684098 45684099 48
45684101 45684102 15
45684103 45684104 80
45684105 45684106 65
45684108 45684109 59
45684110 45684111 88
45684112 45684113 2
45684115 45684116 47
45684117 45684118 30
45684120 45684121 23
45684123 45684124 7
45684125 45684126 77
45684127 45684128 100
45684129 45684130 92
45684131 45684132 44
45684134 45684135 61
45684137 45684138 2
45684139 45684140 82
45684141 45684142 81
45684144 45684145 3
45684147 45684148 48
45684149 45684150 8
45684151 45684152 81
45684153 45684154 61
45684156 45684157 88
45684158 45684159 52
45684160 2249235 40
8305873 8305875 93
45684162 45684163 36
45684165 45684166 70
45684167 45684168 19
45684170 45684171 72
45684173 45684174 1
45684175 45684176 44
45684177 45684178 97
45684180 45684181 57
45684182 45684183 69
45684184 45684185 8
45684186 45684187 22
45684188 45684189 95
45684190 45684191 67
45684193 45684194 60
45684196 45684197 61
45684198 45684199 69
45684200 45684201 58
45684202 45684203 13
45684204 45684205 78
45684206 45684207 28
45684208 45684209 8
45684210 45684211 82
45684213 45684214 25
45684213 45684215 56
45684216 45684217 31
45684218 45684219 11
45684220 45684221 73
45684223 45684224 13
45684225 45684226 84
45684227 45684228 78
45684229 45684230 59
45684231 45684232 53
45684233 45684234 80
45684235 45684236 20
45684238 45684239 84
45684240 45684241 1
45684242 45684243 84
45684244 45684245 60
45684246 45684247 63
45684249 45684250 76
45684252 45684253 71
45684255 45684256 48
45684257 45684258 44
45684259 45684260 52
45684262 45684263 8
45684264 45684265 8
45684266 45684267 81
45684268 45684269 4
45684271 45684272 79
45684273 45684274 21
45684275 45684276 3
45684277 45684278 73
45684279 45684280 59
45684281 45684282 76
45684284 45684285 91
45684286 45684287 99
45684288 45684289 58
45684291 45684292 11
45684293 45684294 47
45684296 45684297 51
45684299 45684300 19
45684302 45684303 92
45684304 45684305 10
45684306 45684307 19
45684309 45684310 50
45684311 45684312 84
45684313 45684314 22
45684316 45684317 99
45684318 45684319 91
45684320 45684321 33
45684323 45684324 26
45684325 45684326 39
45684327 45684328 52
45684329 45684330 78
45684332 45684333 22
45684334 45684335 63
45684337 45684338 63
45684339 45684340 25
45684342 45684343 74
45684345 45684346 45
45684347 45684348 73
45684349 45684350 14
45684352 45684353 72
45684354 45684355 96
45684356 45684357 11
45684358 45684359 86
45684360 45684361 43
45684362 45684363 65
45684364 45684365 31
45684367 45684368 8
45684369 45684370 71
45684372 45684373 25
45684375 45684376 84
45684378 45684379 44
45684381 45684382 18
45684384 45684385 82
45684386 45684387 16
45684388 45684389 65
45684391 45684392 12
45684393 45684394 60
45684396 45684397 75
45684398 45684399 41
45684400 45684401 91
45684402 45684403 47
45684405 45684406 80
45684408 45684409 55
45684411 45684412 76
45684414 45684415 77
45684417 45684418 15
45684419 45684420 93
45684422 45684423 49
45684425 45684426 85
45684427 45684428 49
45684430 45684431 44
45684432 45684433 92
45684434 45684435 50
45684437 45684438 28
45684439 45684440 26
45684442 45684443 35
45684444 45684445 90
45684447 45684448 9
45684449 45684450 50
45684451 45684452 75
45684453 45684454 79
45684455 45684456 73
45684458 45684459 70
45684460 45684461 48
45684462 45684463 72
45684464 45684465 77
45684467 45684468 20
45684470 45684471 6
45684472 45684473 11
45684474 45684475 60
45684476 45684477 15
45684478 45684479 69
45684480 45684481 46
45684483 45684484 76
45684485 45684486 43
45684487 45684488 48
45684489 45684490 92
45684491 45684492 39
45684494 45684495 52
45684496 45684497 46
45684499 45684500 66
45684501 45684502 59
45684503 45684504 24
45684506 45684507 83
45684509 45684510 73
45684511 45684512 49
45684513 45684514 40
45684515 45684516 13
45684517 45684518 27
45684520 45684521 39
45684522 45684523 6
45684524 45684525 22
45684526 45684527 10
45684529 45684530 7
45684532 45684533 40
45684534 45684535 30
45684537 45684538 99
45684539 45684540 16
45684542 45684543 48
45684544 45684545 74
45684547 45684548 51
45684549 45684550 84
45684551 45684552 90
45684553 45684554 14
45684556 45684557 25
45684558 45684559 47
45684561 45684562 6
45684564 45684565 79
45684566 45684567 68
45684568 45684569 6
45684571 45684572 42
45684573 45684574 28
45684576 45684577 50
45684578 45684579 78
45684581 45684582 31
45684583 45684584 31
45684585 45684586 53
