507151 1200036 72
796202 1586312 93
4113455 4259368 11
5005317 5005344 18
9677535 4454959 16
3892944 4112599 70
1360261 181351 65
9679102 9679125 30
9679451 9679478 45
9679981 9680011 36
209589 632954 21
2082221 2836631 4
4918680 4918714 5
3552434 3896444 21
9680153 4365430 98
9680442 9680464 61
9680476 9680501 15
9680543 9680562 55
3892727 4019645 28
9680777 4274492 24
9697081 4294087 99
9700012 9700042 63
506734 1198990 14
9717096 9717122 70
1360308 2235748 3
9729759 9729788 18
9730085 9730117 34
1360262 2235179 67
9740908 9740926 43
9741068 9741093 66
1868366 2667484 82
1373601 2250823 97
4919725 4919748 58
9742534 43627 100
9742589 9742617 26
1028343 1889194 71
210321 231617 27
9743028 9743061 47
9743295 3749352 85
9743704 1076892 63
9743789 9743819 7
9743915 9743932 37
9744211 9744228 25
1197404 2074328 93
9744749 4219355 20
9744886 9744914 38
9746122 9746144 91
9746368 9746382 34
9746676 9746695 53
9746954 4569807 57
2369193 3063471 59
9755109 4411415 6
9755640 276394 100
9755754 9755769 21
9756853 9756874 9
1193311 2068953 25
10669069 10669090 17
10682120 2131815 86
11862742 11862765 19
160263 502928 95
4961695 4961736 49
408496 1044727 18
533675 1246829 46
404778 1032769 57
127323 413278 57
149377 471308 13
13284904 4313609 14
13285635 13285649 43
13290044 13290064 72
210501 638457 91
13293381 4663977 73
1360263 2234489 27
13294088 4404316 46
1482016 2349729 41
1365249 2241672 59
13294211 4640664 31
1716341 2551779 10
13295158 13295178 71
931687 1754897 12
13296301 13296324 22
13296354 13296378 83
13296545 4193612 95
13296937 32636 74
3496419 2131495 86
13297075 13297095 95
506738 1199090 70
1371955 2248447 68
13298250 13298273 80
1374086 2251796 35
1036158 1900325 74
13298730 2437367 20
13298783 2878865 79
13298806 13298825 41
210218 637128 96
13299260 4608956 57
208635 625697 93
13301038 13301056 53
13302236 1556731 18
13302600 13302621 62
13303959 4664037 88
13304517 13304544 67
13304562 13304577 69
210322 637895 34
406996 1039128 61
13305704 13305714 4
13305912 260325 68
3893034 4112812 61
408437 486625 51
13309359 4017367 33
13309437 4127964 13
1907116 2685703 45
13312435 3807965 46
2987506 3503103 76
13313432 13313454 1
13314680 13314701 96
721846 1482336 4
13314792 91402 79
402929 1016675 41
13317234 13317271 60
13317857 13317872 26
13317952 13317975 57
13318526 13318543 26
13318589 4135689 59
13318714 13318729 38
13319100 13319118 64
2987507 3503168 11
13319832 13319856 62
1907158 2685860 92
13326811 13326833 78
13330111 2683258 75
13331983 13331998 55
208697 626965 51
13334369 1382009 45
13335067 13335080 64
13336288 13336306 1
160266 503080 13
13337858 13337874 100
796206 1586506 95
4931190 4931220 65
13341923 13341944 79
13342235 13342264 24
13343847 13343872 91
13344520 2890465 79
13345315 13345331 87
13345932 13345951 86
13347113 2416968 53
13347347 13347363 35
13347850 13347862 56
13348399 13348415 52
13348794 13348809 76
13350038 13350056 85
13337939 1148655 54
13350311 13350321 11
13350566 13350579 84
13350699 13350713 97
2075769 2831630 99
13351250 13351265 86
13352575 1260032 62
13353818 13353844 30
408438 1044019 20
13357132 80180 44
13357354 13357377 4
13358683 13358708 13
2829623 3393197 15
13359482 13359501 68
13359718 13359740 8
13360277 4427350 90
13360875 13360893 54
124672 406171 13
13361002 2231219 43
13363115 463154 8
13367307 3328872 85
13367385 13367401 46
13367458 1261064 93
13368040 13368056 13
13371367 3928555 43
13373733 4269114 79
13373792 2243503 47
13375194 4657676 62
13376347 3328390 11
13376943 1252074 100
13379756 13379776 46
13379856 13379873 86
1395026 2268814 48
13383367 13383387 77
1013266 1864128 32
13385662 4193883 40
13390020 5508381 40
208045 620011 66
13391911 4617048 8
13394102 13394120 63
13397070 1344188 96
1902440 2682749 84
13407066 13407081 45
13407629 13407648 3
504209 1194010 30
13411440 13411459 70
4956187 4956210 8
13415041 4087415 56
13429742 13429756 21
13435370 1032213 33
13437522 73953 96
14766888 14766905 20
14767162 14767189 93
14769244 14769273 31
3893105 4113008 25
1367303 1815373 13
1955654 2727168 64
14889563 14889578 55
221462 682415 18
122344 400593 12
407657 1041489 85
1345426 2220221 88
1197184 2074037 91
3892955 12277 61
15829859 15829885 5
1364126 2240549 2
533676 1246899 6
15837475 15837491 73
15837699 15837714 99
15838172 15838189 6
210164 636837 8
15886967 15886986 9
22323783 22323795 29
22323907 4605642 23
22324788 1125771 65
22326221 22326234 95
4928467 4928489 62
22327034 22327051 76
22327066 22327071 87
22327118 22327133 25
1373607 2250989 20
22327697 4563994 99
22327743 22327758 100
4958181 4958193 73
22328097 18632578 25
22328368 22328375 78
22328414 2130617 12
22328849 2115567 64
22329611 22329623 29
22329793 22329803 50
22329856 1158198 72
22330614 22330634 37
22330993 22331006 82
22331010 22331025 4
22331327 22331344 98
22331798 22331816 7
22332233 22332248 8
22332787 4557947 12
22333357 4606738 82
533711 1247492 57
22334043 22334058 80
22334172 17486100 41
22334539 2130606 65
19039796 4596003 63
506771 1199251 15
4918782 4918835 37
18932067 4269055 43
22337241 4521863 16
22337489 33729 45
22338264 4025531 51
22338379 22338393 77
22339691 18938440 34
1360269 2235419 29
22340579 4411480 7
22340888 22340904 77
22341197 22341210 87
505928 1197825 46
22342571 1651683 18
22342640 22342653 45
22343012 22343024 69
22343216 22343230 11
208701 627102 29
22344666 2130157 71
22344687 3746270 44
22344834 22344851 53
22345150 4343214 85
22345872 22345878 48
22345928 22345945 51
22346382 4427125 53
22346558 1556856 54
22347168 22347185 58
22347264 4343352 60
22347394 22347413 79
22347433 22347445 5
22347621 22347640 56
22348095 4584044 14
22348324 22348330 30
22348344 22348360 21
22348817 9903479 31
22349083 22349101 37
22349186 22349199 50
22349645 22349659 33
160267 503180 83
22350267 22350282 24
22350382 22350395 20
22350587 465527 86
22351025 22351035 37
22351064 4265145 32
22351271 4086988 25
22351739 22351756 67
22351832 2417043 42
22353210 2289566 31
22353320 22353330 74
211401 642967 34
22353717 22353734 52
1359345 2234012 60
1375232 597374 60
22354201 22354216 19
22354714 22354728 25
22354912 22354928 87
4997714 4426753 63
22355941 22355952 59
22356165 2130543 83
22356510 22356527 38
2664447 3278854 70
22359058 22359079 68
22359996 22360017 88
208702 627146 62
22362245 2918029 17
352868 755666 65
319916 864121 9
22363038 22363053 11
22363087 22363105 60
1192754 2067935 1
22365783 933510 44
22366179 22366187 63
22366426 22366438 20
22366542 22366558 25
22366670 2206660 97
4258955 4353559 99
22368913 22368921 50
208064 620751 27
22371881 156410 2
22371902 22371920 85
404790 460780 13
402982 1017179 27
3707031 3995503 77
22373823 22373837 74
221468 682547 70
214593 652764 42
22374579 3488926 45
22374634 72378 48
211403 643031 82
1192756 2068043 4
22376070 22376078 71
1374803 2252658 55
352771 942204 5
22377188 22377198 56
505929 1197857 32
1907161 2685939 1
208281 624030 16
22378728 22378740 95
296872 146518 75
22406137 22406150 11
22406654 22406670 46
211404 643062 2
208254 427645 85
22407321 22407338 86
10856300 10856342 89
39266 160594 49
39267 160638 96
637397 1374503 32
502897 1185184 80
321714 870399 40
1345429 2220344 7
48987 208989 75
208650 626196 95
208255 623875 95
326355 884665 83
22411318 22411336 71
22411425 3942234 49
22411661 22411680 40
22414305 3453111 59
408476 1044538 1
22414793 22414815 51
22415440 22415455 61
22415460 22415478 54
22415493 15034267 93
22415959 4488848 30
22415974 15091337 22
402935 1016867 23
22416372 22416387 82
208075 621283 57
22417164 4650936 2
319922 864350 37
160470 504894 5
796220 1586838 85
22418630 22418645 92
208079 621438 42
22419285 1251853 60
2684523 3286072 15
214601 653010 71
22421405 24748 41
22421762 4650893 67
22421927 22421943 7
407247 1040501 14
23031 124818 61
322710 872201 78
22422687 4390422 68
22422727 22422742 89
536119 1253475 77
124683 406484 97
160268 503210 94
22423221 4606879 18
22423246 22423259 34
208350 624420 50
16161868 16161894 64
22423469 22423483 89
880439 1696348 52
22424251 22424270 17
22425389 4427341 15
22425524 22425538 6
22426622 22426640 26
22426814 22426835 11
160474 505040 88
993920 1840232 93
208081 621518 75
319923 864389 85
22427385 22427399 59
350838 937198 62
1360272 2235515 40
506194 1198087 14
407338 1040863 75
1196868 2073525 69
122349 400756 49
22429267 22429287 34
208082 621556 13
1011718 127630 43
22431079 22431092 21
22431179 1252037 22
22431738 4087218 22
22432614 22432630 79
22433103 4136000 59
208086 621743 54
208087 621814 77
296879 820012 43
22433564 22433585 93
2075812 2831833 100
211412 643295 38
507344 1200661 56
22435373 22435384 63
110588 355599 23
22436308 4064586 8
1028356 1889446 49
124684 406565 75
1036160 1900365 30
209178 233078 29
407011 1039557 36
160270 503251 34
1030719 1893347 96
22638 122894 43
22440543 4545718 68
22440647 22440659 33
2682027 3284555 62
208805 628256 70
208094 622018 3
407595 1041400 58
160271 503346 11
22442920 22442933 49
1193172 1964473 26
506176 656485 81
22443589 2417270 35
22444432 22444450 3
22444738 22444756 26
22444810 22444825 76
504396 1195711 35
817551 1624043 57
208187 623577 94
504374 1195439 83
216405 657013 99
160272 503413 51
1192715 2067757 22
22447340 1182390 13
22447420 22447439 96
22447638 4562193 90
326361 884871 81
1359348 2234070 41
1868368 2667531 36
208100 622245 33
208809 628420 76
407340 1040918 94
1030720 1893405 47
22450691 2082166 82
22450814 22450827 23
110589 355650 35
86638 295794 17
22451196 22451219 97
160482 505415 41
22451462 9874116 21
350475 936633 56
22452369 22452383 54
211416 643534 71
408325 93168 52
208101 622301 38
22455310 283212 17
1036341 1900633 31
1360659 2236507 12
22456038 22456063 27
504236 1194769 41
122353 400929 27
1373678 2251468 3
22457637 22457656 88
506572 1198715 32
22457852 2417229 55
22457916 22457927 65
22458153 22458165 83
5736 49611 70
22458887 22458903 37
22458989 22459001 26
352778 942469 75
208102 622342 100
22459642 22459659 91
504238 1194872 13
22460083 22460089 15
1687978 2523911 94
22460824 22460841 2
1345431 1967834 66
22462366 22462383 55
22462437 22462455 33
22462586 22462600 87
22462758 4632217 99
22462809 22462823 10
22463138 4471157 51
22463189 2416343 13
22463257 504078 73
209180 630058 46
507402 1200805 55
407119 1039846 50
357875 955398 80
1036342 627938 51
796237 1587410 15
2075814 2831859 76
221474 682824 16
22466718 3327842 100
22466843 22466863 20
1678181 2514622 76
39277 161137 51
211287 640557 75
208659 626518 47
22468876 1026924 16
1726746 2562296 39
350842 937294 9
221477 682959 8
22473473 2130208 49
976013 1819014 9
210340 638040 32
209454 632484 33
408442 1044229 32
221479 683038 54
22474498 435291 83
1013268 1864160 14
208352 551148 78
124686 406634 15
22475204 4491668 56
208661 626607 32
2588402 3224587 66
22487339 22487347 16
22488626 22488646 51
22497781 22497798 36
39280 161239 85
110593 355729 60
18847098 18847127 25
402961 1017050 28
1196446 152897 53
352780 942518 60
1773561 216642 86
221484 683201 84
122355 400999 98
2952225 3480720 43
4168182 4296136 43
23664780 4572670 5
4961797 4961814 37
23768559 23768570 79
23769529 23769538 14
15757971 4505134 81
23770391 23770402 11
2252287 2976759 11
23770797 3281118 79
23771993 4504750 53
23772072 23772087 78
13337941 1188505 84
23773865 23773882 98
23773891 23773900 18
2987509 3503216 22
23775090 1363453 38
23775133 23775147 97
23775823 23775838 99
23776492 23776497 53
23776713 23776728 91
23777451 19150061 22
23777535 23777547 100
23777898 23777914 17
23779273 23779283 77
23779467 23779477 13
533685 1247284 50
23780221 23780234 72
23780420 23780432 25
23780578 23780591 2
23780626 23780639 79
23780784 23780789 10
23780875 23780885 89
23780891 23780901 24
23781183 4427304 90
23781708 23781719 20
23781905 23781917 36
23782113 23782125 27
23782978 2910839 62
23783131 23783146 18
23783304 23783309 50
23784075 23784090 97
23784242 539427 7
23785014 23785025 6
23785030 23785039 54
23785196 4569505 30
23785516 23785528 53
23785768 1197083 24
23786207 23786219 77
23787674 23787684 80
23788523 23788536 71
23789706 23789716 24
23794324 23794339 76
23794546 4617000 10
23799045 23799057 2
23799829 23799838 89
23801069 23801084 53
23801920 23801930 48
23801953 23801961 24
23802003 23802019 34
23804439 1567599 64
23804627 520769 85
23804885 23804897 23
23805149 23805159 76
23805437 23805457 23
23806055 14273 11
23806138 23806147 59
23806346 67174 99
23806509 23806520 18
23806952 23806961 100
23807088 23807101 89
23807158 23807167 10
23808011 23808021 95
23808114 23808130 34
23808672 23808681 84
23809094 23809101 8
23809421 23809431 60
23809621 3603002 20
23809866 948490 89
23809953 2962026 13
23810027 23810037 100
23810068 23810078 1
23810081 3330619 46
23810167 4492867 60
23810282 4505094 33
23810395 23810404 58
23810645 4689100 40
23810717 23810726 77
23810817 23810825 74
23810881 2962000 62
23810901 23810912 78
23811191 23811200 76
23811429 4643173 87
23811692 1252390 88
23811945 23811953 69
23811998 23812008 30
23812153 4505570 13
23812283 23812294 30
23812308 1477033 16
23812485 4635200 39
23812500 23812505 51
23812512 23812520 82
23812559 23812564 77
23812700 4421578 47
4997715 4997795 96
23812820 4584109 30
23813124 4471013 66
23813819 23813829 43
23814179 23814191 45
23814240 23814255 47
23814732 4364606 51
23814786 23814799 87
23814907 23814917 100
23815013 15058026 65
23815095 23815108 19
23815145 23815155 57
23815235 23815242 70
23815244 23815255 82
23815303 1252533 90
23815318 23815328 94
23815342 23815356 73
23815637 3603398 96
23815826 23815837 13
23815929 4404371 24
23816032 2381520 67
23816095 23816105 48
23816369 23816375 59
23816483 23816491 79
23816552 23816561 53
23816684 23816688 46
23816709 2129921 13
23816758 23816769 95
23816984 23816999 41
23817023 23817036 22
23817069 1251487 65
23817150 23817162 74
23817342 23817354 79
23817358 23817370 2
23817529 23817537 83
23817753 3327096 29
23817920 23817935 91
23818056 2444258 89
23818121 23818128 61
23818467 4531884 18
23818632 4576497 1
23818665 1968651 64
23818709 4592297 26
23818847 23818858 52
23818866 23818879 66
23820249 23820259 14
23820651 23820663 81
22329182 22329244 90
23821279 23821287 79
23821483 23821493 56
23826080 2239740 1
23827552 4432815 89
23828170 1030062 70
23835754 23835764 74
23836176 3928799 27
23837033 23837041 65
23837055 34036 10
23846622 630824 39
23847388 4187958 72
23847943 23847960 44
23848840 4613704 62
23849311 4311013 93
23856012 1481670 25
23860319 23860329 70
23867042 23867060 34
23867215 4454855 64
23868376 23868387 56
2588403 3224623 78
23873369 23873379 58
23873813 23873830 79
23876555 23876565 70
23876710 3328509 54
1773445 2588679 11
23878144 23878156 29
23883611 23883625 31
23884180 23884194 20
23884198 23884210 78
23891164 23891181 86
23891602 2084505 21
23892779 4017282 90
23893257 23893266 31
23895079 23895090 98
23898167 23898180 46
23898456 18839033 32
23911614 23911625 92
23912247 23912251 47
23912555 23912566 54
23916692 23916696 1
23926317 23926327 21
23926558 23926573 24
23933684 23933700 42
23934236 23934249 96
23935002 23935016 23
23935586 23935593 15
23937052 23937060 91
23938540 23938554 67
23945667 23945671 11
23947315 23947331 98
23948084 4363996 88
23948453 4449395 59
23950369 23950381 35
23950398 23950405 32
23950644 23950653 62
23950658 23950665 92
23950903 23950912 33
23952765 23952774 65
23953492 4664030 65
23957359 2231310 74
23957612 503959 83
23958421 18425621 59
23960363 23960378 65
23960518 23960528 55
23960633 23960642 75
23960722 23960734 88
23962722 23962737 4
23964138 3427126 37
23964513 23964522 43
23964660 23964670 4
23964995 4364850 83
221557 683498 3
23965208 23965216 85
23969860 23969874 46
4918438 4918458 97
23974828 23974839 16
23974944 23974956 67
23975323 23975333 49
23975362 23975376 100
23976054 1020976 29
23976257 23976264 60
23978213 23978229 58
23978715 23978729 77
23979376 23979386 85
23980174 3928303 46
23980407 23980416 55
23980881 23980895 93
23981755 23981763 89
23983128 23983135 53
23988121 23988134 39
23989294 23989302 60
23995672 23995683 23
23995830 23995838 35
23996935 23996942 71
23997027 23997034 72
23997428 23997439 42
23997603 181599 31
23997630 23997647 58
23997999 23998012 22
23998034 23998049 34
23998686 1131259 92
24009169 24009183 64
24009496 24009506 55
24011261 24011271 8
24012285 24012296 10
624682 1363336 39
24013966 24013974 45
24014495 24014512 82
24014803 24014816 88
24015064 1072381 59
24016190 24016200 8
24018598 24018612 43
322715 872312 48
24019425 24019433 36
24020291 24020302 63
24020317 24020328 3
24021137 24021149 36
24021154 24021168 72
24021173 24021183 17
24021199 3719487 34
24021312 24021324 22
24022084 55923 1
24022699 24022706 34
24025017 24025025 15
24025390 24025401 20
24026698 4579139 99
24027429 24027446 17
24028921 24028936 44
24030794 24030802 14
24030816 24030826 46
24033103 4547514 86
24034103 24034116 8
24034374 24034382 18
1372925 2250019 43
24037170 24037179 90
24038134 4603156 55
24039117 24039128 30
24039551 24039561 17
24082780 1536030 17
24089607 24089617 14
24093602 18452742 3
24094137 24094146 87
24094847 24094856 32
24095306 24095315 65
24095544 24095552 52
24095671 24095686 65
24095900 24095910 87
24097512 503921 2
24098447 4343297 41
24098846 4404298 42
24099447 24099458 34
24102761 24102775 34
24102784 24102794 80
24103684 24103696 36
24103783 24103793 31
24105035 24105043 73
24106196 24106206 41
24106891 24106904 87
24107020 24107032 77
24108568 24108576 22
24109791 24109799 30
24111151 24111162 58
24111510 24111524 94
24113519 24113529 87
24127674 24127683 27
24130375 24130385 81
24133139 24133149 66
24135927 24135937 40
24136405 3344514 46
1364150 2240694 10
24136861 24136871 55
24136968 24136978 52
24138175 4697129 25
24138434 24138452 7
24138673 267579 54
24141355 24141366 50
24142313 24142326 69
24143625 24143636 77
18858495 1235898 15
24144285 24144293 54
24145690 24145704 73
2976871 2130958 17
533688 1247334 71
24147444 24147460 55
24148531 15155119 90
24148606 24148621 87
24148870 10958 86
24149220 24149239 58
24149251 3602905 67
24150185 24150198 81
24150241 24150250 26
24150397 223921 16
24151118 378292 80
24151243 24151258 59
24151345 24151361 52
24152428 24152436 85
24152551 24152562 45
24152791 1481658 18
24152848 806843 65
24153289 3486964 47
24153530 1064922 84
24154060 24154068 12
24154116 4343270 90
24154690 24154702 24
24154852 18918153 3
24155060 24155072 14
24155080 24155091 64
24155140 24155155 73
24155742 24155754 5
24157341 24157350 71
24157857 24157868 46
24159512 24159524 15
24159762 24159772 34
24160659 24160667 68
24161075 24161096 97
24163441 24163451 4
24163677 24163688 12
24164339 24164347 79
24165191 24165205 54
24166367 24166384 55
24166394 24166409 14
24166521 24166530 62
24166536 2130424 22
24167004 535980 93
24168561 4619172 2
24173776 24173786 42
24175167 24175176 65
24179207 24179217 47
24184316 4471508 83
24192705 24192720 4
24192922 24192927 84
24193031 24193043 100
24194485 24194501 37
24194799 24194813 49
24196519 24196529 32
24199455 24199465 50
24201898 773188 15
24202508 4592284 67
24204103 24204117 69
24204466 24204477 48
24207989 24208000 85
24211090 24211110 91
24211514 24211525 47
24211567 24211574 90
24211664 4785274 27
24212596 24212609 98
24213073 24213085 9
24213479 24213488 1
24216610 24216618 83
24216682 2132143 83
24216801 24216805 74
24217207 24217221 91
24217549 24217560 20
24217637 24217647 55
24218424 4963080 78
24219974 24219981 95
24223238 1996090 13
24230006 24230015 64
24230435 24230445 69
24231679 810501 99
24231863 24231871 98
24233516 1660629 7
24233605 24233610 1
24235045 3329125 6
24236143 2130375 74
24236655 24236665 79
24236925 24236937 47
24237024 24237033 98
24239364 24239379 5
24239536 462191 98
24239751 24239767 83
24240009 3748655 5
24240787 24240794 13
24241165 24241172 6
24242105 24242118 72
24243323 24243333 49
24243888 966860 70
24244382 24244394 8
24244749 24244759 40
24246380 24246387 93
24246479 3327879 92
24246564 24246577 64
24248317 24248326 88
24248465 24248474 37
24248637 4474522 20
24248703 24248722 74
24248910 295970 36
24249451 24249458 5
24249579 27126 63
24249874 24249887 38
24249944 24249955 87
1894967 2678787 83
24251799 24251813 21
24252423 24252436 14
24252439 24252450 77
1369053 2245276 40
24252977 1998514 89
24253487 24253497 89
24253843 24253852 80
24254463 5508367 13
993631 1839823 26
24255367 24255376 93
24255508 1318310 10
24255583 3487198 3
24256018 24256029 44
24256159 1605935 99
24256697 24256710 20
24256922 4421639 53
24258125 24258134 67
24258365 2074371 73
24258422 18062798 84
24258713 24258723 68
24259061 4449594 18
24259118 24259128 49
24259287 24259299 9
24259365 24259379 53
24259855 24259863 43
24261765 24261775 54
533691 1247407 1
24262251 24262255 32
24262276 24262293 58
24262342 1106908 65
24262563 24262573 36
24263224 24263234 13
24264255 24264264 93
24265306 24265313 79
24265370 24265382 57
24265725 24265740 32
24266603 24266611 44
24266935 1535746 56
24269164 24269175 83
24269501 24269512 64
24269999 784868 100
24270315 778632 54
24270377 24270388 66
24271692 24271698 53
24272273 24272283 57
24275460 24275472 69
24275649 24275655 63
24275686 24275697 30
24276336 24276351 11
24277745 24277756 50
24277904 1556727 52
24279495 1806679 12
24281174 504091 70
24281785 706628 87
24282404 14734 25
24285304 24285312 10
24285493 24285508 36
24286491 24286503 24
24286573 24286581 55
24287096 891864 81
24288154 24288158 8
24290658 24290673 15
24291411 24291424 27
24291908 24291917 50
24292508 24292525 48
24292639 24292646 49
24293222 24293233 7
24294075 60802 37
24294631 24294637 19
24299186 24299194 23
24300361 24300377 13
24306233 3487069 71
24306727 15064994 22
24307924 24307937 59
24308200 24308213 24
24308969 4411399 53
24309479 503993 15
24310404 24310414 86
24310709 24310723 36
24310843 24310850 13
24311392 24311408 94
24311644 19036038 52
24312516 24312524 50
24312967 2839133 48
24313432 9803512 54
24313460 15050167 9
24314574 4471387 32
24315367 24315376 86
24315744 15762526 98
24315766 4316380 96
24316152 24316162 48
24316277 24316289 3
24317656 24317670 65
24317761 24317771 68
24318197 24318213 6
24318414 24318431 27
24318725 24318738 39
24319256 4532101 88
24319545 24319553 94
24320861 24320870 73
24321138 24321146 53
24321224 24321233 7
24321392 4086906 12
24321740 2877275 56
24323416 24323428 50
24323630 3103996 15
24323977 24323992 54
24324155 28898 30
24324235 24324245 50
24324633 24324648 83
24325479 24325493 19
24325554 24325566 49
24325727 24325731 5
24325897 24325907 17
24325957 24325968 99
210121 636622 17
24326443 4265035 19
24327001 20887 81
24327084 4105126 74
24327153 24327158 41
24327337 24327355 27
24327649 2131781 74
24329039 24329045 20
24329669 24329683 4
24330033 24330045 84
24330116 24330126 24
24330630 121324 32
22413471 13457174 15
24331151 24331162 21
24331827 4592321 57
24332022 24332031 89
24332083 24332091 41
24332246 2417290 83
24332332 24332343 11
24332476 24332492 66
24332810 24332818 78
24332908 2736677 78
24333160 24333175 9
24333285 24333290 64
24333579 24333591 54
24334240 1251478 78
24336316 24336329 29
24336601 24336611 98
24336655 24336666 11
24336846 104743 63
1907171 2686121 64
24337140 1357413 70
24337353 24337358 96
24337709 24337713 87
24337926 24337936 29
24338155 24338165 65
24338279 24338295 49
24338309 24338318 36
24338483 24338490 26
24338532 24338546 22
24427110 4603421 73
24429590 24429601 47
24439904 24439917 87
24440237 24440242 33
24441482 24441488 44
24443333 24443344 2
24443730 1253284 37
24446920 24446930 89
24448365 24448372 29
24449038 3602552 22
24451514 24451519 83
24456640 24456653 47
24457855 24457862 10
24459712 24459719 70
24465451 24465466 84
24465615 4593578 34
24466952 18924852 24
24469749 24469759 86
24472070 24472077 11
24473675 24473682 46
24476860 4404278 93
24477699 24477708 56
24482357 24482366 80
24483253 24483260 16
24483664 1536411 31
24484697 24484704 38
24491618 4587980 5
24493054 2093141 83
24494005 24494016 6
24497773 18444665 81
24499448 24499460 76
24499692 24499710 81
24499987 24499999 27
24500347 4238291 56
24503661 24503670 53
24504090 495679 52
24505469 4274877 89
24509631 24509641 2
24514605 14936157 28
24515844 24515853 16
24516777 4372368 31
24517844 24517851 93
24519131 24519146 79
24522418 24522427 8
24523582 3852830 29
24524277 4086956 84
24526649 2462452 7
24527392 24527399 49
24532065 24532073 87
24533570 24533574 11
24541383 4662034 44
24541645 24541650 6
24542751 24542759 82
9746302 4192815 19
24549787 4067469 61
24560287 24560296 67
406779 1038335 69
24560934 24560942 41
24561174 24561181 89
24562852 24562859 38
24564473 24564481 10
24564862 24564870 36
24565137 24565144 100
24565961 4459814 19
24567688 24567697 87
24576977 24576984 23
24577095 24577101 45
24577264 1107771 75
24577980 24577986 69
24581121 1982932 11
24581997 24582006 99
24582949 24582959 41
24586270 14970648 74
24586660 24586667 46
24590604 24590607 42
24591351 24591364 14
24593125 24593133 66
24596835 24596844 28
24598066 24598073 9
24606952 24606961 81
24608282 24608289 64
24626642 24626650 31
24626844 2684491 86
24628022 24628033 39
24633716 24633724 71
24651958 24651964 54
24653915 24653925 84
24654290 24654302 59
24668988 2131018 48
24670892 4259235 44
24672104 24672108 6
24672134 24672141 98
24672807 24672815 26
24675218 24675225 33
24677536 2879087 1
24679191 4580840 81
24680629 2686343 100
24683370 24683381 31
24683468 4017803 67
24688024 2048795 78
24723938 24723945 63
24726977 24726984 93
24729187 24729195 3
24748931 24748938 68
24756513 24756520 29
24757182 24757192 48
24757384 230243 41
24765971 24765978 31
24768972 2130129 14
24799489 24799496 14
24847772 24847777 16
24848935 1459175 84
24849710 4493069 33
24896446 24896451 37
24901019 20944649 52
24906222 24906229 62
24918743 24918749 99
24919634 3539373 68
24920267 24920276 41
24920849 24920857 33
24922128 24922135 76
24922936 30140 26
24924412 2417052 33
24925295 19122004 29
24925602 10483 76
24926055 15159979 41
24926477 24926486 62
24926556 24926565 87
24927014 1556348 21
24927264 4524715 16
24927293 4343218 72
24927311 1483163 23
24927577 2153863 34
24927752 2416479 19
24932659 24932669 14
24944031 819697 41
24944062 24944070 18
24944073 24944082 36
24944099 24944105 98
24944248 4454967 64
24944702 4019462 22
24944796 1256005 97
24944927 1120338 65
24945701 24945710 43
24945717 4163346 100
24946320 4129168 40
24946518 2683673 67
24946698 17831446 3
24947296 4454875 37
24947456 1968801 21
24947886 535637 20
24947933 24947940 60
24947967 24947975 20
24948051 24948058 55
24948087 10891092 39
24948489 24948497 51
24949291 4602744 62
24950382 4505163 53
24950456 11059422 65
24950509 24950515 100
24950715 24950727 25
24951358 4087319 27
24951796 24951804 52
24953700 1375316 90
24955449 24955455 14
24955563 2417364 86
24955608 4663983 66
24956319 24956326 29
24969184 24969192 23
24969728 2979315 78
24969939 24969945 35
24971228 24971237 56
24971542 24971549 61
24971589 4492923 35
24972510 4274618 73
24973280 24973287 26
24973994 2132077 76
24974545 4650891 29
24977958 4471569 40
24986963 24986970 49
24989090 24989095 18
24999328 24999334 22
25000505 25000512 7
25001228 25001236 15
25005354 4142095 64
25005415 25005423 14
25006554 4086864 10
25023748 25023756 66
25024058 2542414 87
25056626 25056633 37
25062208 25062216 42
25062371 25062378 29
25063229 25063235 35
25066747 18805548 50
25066876 25066882 93
25067326 25067333 69
25067393 9194864 99
25067686 25067694 64
25067771 1589472 67
25068269 25068275 94
25070601 25070609 96
25072890 3329435 6
25073237 3487459 40
25074003 25074010 50
25074406 25074418 82
25074780 25074789 61
25075146 25075153 78
25075217 4943129 41
25080403 25080415 86
25084780 2910494 36
25086143 25086152 74
25087533 25087541 20
25087545 25087551 69
25088111 25088118 23
25088408 4547544 53
25090077 25090085 43
25090359 25090368 30
25091477 3928390 56
25092482 25092491 51
25092718 4332710 35
25093455 2838320 81
25093791 25093798 29
25094376 25094390 63
25094486 25094492 96
25095012 25095025 43
25097346 25097357 43
25097508 10097156 89
25097659 25097669 94
25097920 400113 52
25097930 25097934 67
25098212 3826131 13
25098837 25098849 67
25099913 25099920 22
25102319 25102329 97
25105110 25105117 58
25106574 25106580 74
25106705 25106714 49
25107336 25107341 23
25108084 25108093 51
25108260 25108268 7
25109146 25109155 79
25112198 25112205 54
25114943 4657671 55
25115450 25115457 59
25118504 25118515 93
25119189 25119197 10
25119742 4486737 81
25119898 25119904 9
25120314 25120323 66
25121770 2231665 35
25124203 25124210 76
25127767 25127776 88
25132173 25132184 29
25136463 25136470 46
25139443 25139450 56
25144534 145902 26
25145356 25145362 99
25156124 25156131 38
25160164 25160175 96
25170208 25170214 80
25171844 25171850 30
25172049 3573897 9
25174815 25174822 17
25180190 25180199 27
25181685 143594 72
1372502 143164 99
25191137 25191148 50
25192007 25192015 77
25192626 25192633 82
25193892 2818409 94
25195801 4293211 21
25197129 25197135 1
25199294 25199307 87
25200313 25200320 46
25200335 25200341 1
25200488 25200497 13
25203581 25203588 1
25215331 25215336 95
25219984 25219990 23
25220148 993242 23
25226427 18841411 84
25229092 25229099 22
25263771 4445368 97
25267502 25267509 20
25269358 25269366 25
25378451 4321333 18
25378681 1862669 19
25384298 25384307 81
25392173 25392186 58
25392406 25392418 41
