6248559 6248589 31
3427179 3808766 23
10204165 10204170 14
10204313 10204318 93
461776 1126163 72
10240132 10240138 54
1450434 2320313 5
1171999 2044106 68
4287575 4373383 39
3065173 3558999 29
10243948 10243954 91
10243988 10243995 73
10244026 10244033 7
10244047 10244054 29
10244059 10244066 17
10244141 10244146 41
10244597 10244603 85
1082709 1944507 34
10244606 10244612 54
10244615 10244622 51
10244636 10244643 50
10244696 10244702 61
3547391 3892604 37
10405555 10405560 9
485835 1163371 34
5139554 5139579 39
534451 1249396 40
309042 842461 88
475811 1148153 49
94631 320866 37
959672 1796599 50
836267 1646789 7
4074400 4229469 13
149811 472313 20
1110739 1982762 94
150287 473712 87
821792 1628964 54
473695 1145137 68
242678 730299 5
179697 550685 77
1648621 2491767 11
501539 1190334 41
38366 157326 24
4750028 4751181 4
2084000 2837877 57
3089024 3576361 82
631 5839 68
2042099 2804254 41
1390935 2264375 34
430283 1074799 84
471916 1142035 23
464690 1130615 13
13382614 13382621 49
365369 963556 93
1131035 2002663 90
848040 1662171 70
173200 534588 33
1796588 2611369 72
323309 875090 78
1979440 2752636 79
366440 964349 82
5916239 5916259 47
142295 448042 91
290788 809017 81
338186 928241 45
813295 1615826 33
1332914 2204715 33
235175 719010 81
471170 1140928 31
2698274 3295940 29
1190365 2065028 55
2636533 3260188 74
1825389 2634726 71
235121 718833 35
3725780 4006033 53
455138 1116029 2
13504059 13504065 26
1140642 2012101 100
2413594 3101559 54
3487566 3853432 85
715906 1474841 96
6452089 6452124 34
14537337 14537345 33
14890945 14890952 49
14893309 14893314 82
2358126 3054486 23
14917774 14917779 99
2266109 2986013 100
14934689 14934695 7
14944871 14944876 6
2875775 3424921 66
2065074 2823611 63
2461333 3140707 79
14985179 14985184 86
8634111 8634157 75
1250611 2128360 23
15026754 15026761 69
15052655 15052661 99
15053110 15053116 27
466576 1133432 39
15066043 15066049 3
15071568 15071573 44
14848420 14848430 70
15097039 15097045 15
15097048 15097054 60
361117 960314 51
15113359 15113365 12
14602035 14602043 44
14783589 14783600 97
15134453 15134458 77
15137824 15137830 62
891778 1704783 87
3853159 4087311 7
7679421 7679447 57
328322 891789 57
15477572 15477577 20
648880 1390338 83
15573101 15573109 11
28165352 28165357 95
28165556 28165563 71
28165897 28165904 52
337954 927498 10
28166378 28166382 26
9922479 9922491 91
3693376 3986549 25
28166826 28166829 45
28167331 28167336 27
28167342 28167348 3
1238950 2117860 69
3470535 3843480 65
28168352 28168358 98
2566494 3206647 91
2477994 3152089 3
5371928 5371969 88
3576348 3911127 29
11238168 11238180 50
4112207 4258847 89
3487075 3853005 79
28169324 28169330 7
798754 1589689 72
2085388 2839141 62
4238353 4343604 12
597337 1332922 32
851417 1666392 56
35227 140009 35
28169980 28169983 39
7349710 7349752 73
2290318 3010268 16
14681951 14681963 89
5926289 5926317 45
3046472 3547299 11
6540552 6540574 26
5897376 5897408 20
1589684 2446691 42
1713759 2543827 74
491356 1171993 28
28171808 28171814 35
9515238 9515249 84
133431 421719 89
4511626 4537611 98
9592735 9592751 42
28172530 28172535 93
10284964 10284972 61
3389215 3786134 94
28172893 28172897 77
6579238 6579255 3
28173343 28173350 1
6734402 6734415 25
1802022 2614967 31
28174152 28174158 43
1562562 2421941 96
28174766 28174773 2
3575187 3910372 41
39721 162653 91
96098 323334 57
6000943 6000972 72
7084856 7084885 1
28176396 28176402 88
468992 1136810 75
981972 1825180 84
2482701 3157450 20
4452409 4491221 10
28177739 28177743 78
1128515 2000243 93
28178218 28178224 69
1346399 2221299 5
1692763 2527180 33
1797264 2612003 68
28178367 28178373 68
1491972 2358419 100
4411648 4460056 60
28178479 28178486 19
700548 1458340 50
2961854 3486974 87
435233 1082719 50
11890760 11890774 7
2543822 3197124 15
28179266 28179273 20
8921969 8921988 63
600591 1337109 22
2233469 2964138 41
155119 489570 82
474950 1146754 47
320095 865885 10
1465291 2334710 92
28180464 28180470 22
689118 1444040 40
28180685 28180691 16
4148659 4283345 13
28180757 28180762 66
28180804 28180809 18
4195228 4313049 66
28181083 28181088 34
11643576 11643591 9
2293407 3012190 10
1269863 2146177 64
6218368 6218384 41
11103974 11103987 44
3403150 3794893 87
720436 1480439 79
2483045 3157705 67
28182774 28182779 80
501543 1190372 57
3233191 3682069 5
5559403 5559419 3
28183672 28183678 96
28184462 28184466 97
365381 963620 22
21911464 21911472 67
28185248 28185253 12
29749732 29749736 69
11159938 11159947 95
29776498 29776504 78
29779245 29779250 80
29786716 29786720 69
29798147 29798153 79
29810620 29810625 47
29810697 29810700 82
1414125 2287086 83
29818437 29818442 74
1239034 2118012 40
29880851 29880855 47
29892472 29892478 84
4371456 4432271 21
4476914 4510106 98
1663424 2503543 12
29931176 29931181 92
29965698 29965702 43
9525704 9525715 87
29975128 29975133 31
5577531 5577563 62
29995135 29995140 58
1646780 2489335 17
30022571 30022576 50
30023063 30023068 97
30024361 30024365 31
6762351 6762363 95
6945425 6945452 74
1733296 2566622 7
2634909 3258712 28
30129872 30129875 58
6539673 6539687 23
3162284 3632064 65
2749222 3340274 26
30183106 30183111 86
2064949 2823485 70
30207300 30207304 38
30207877 30207881 79
30209307 30209313 98
30214481 30214485 75
1239293 2118278 21
3195604 3652298 75
9860222 9860230 96
4111126 4258430 96
224520 696247 13
6796102 6796122 20
358697 957098 62
3949267 4149422 44
2216943 2950051 84
1332927 2204731 80
8746019 8746041 40
4569674 4584138 57
2842243 3401652 3
1647472 2490357 45
7183683 7183715 82
2365924 3060748 3
10665023 10665041 63
10897489 10897500 98
5092499 5092508 42
2603106 3237264 48
1190367 2065037 95
31084338 31084344 9
1488458 2355573 1
6124005 6124022 4
318302 856355 7
1346168 2221035 36
1974715 2747367 50
10929179 10929189 37
3756237 4023433 13
12340954 12340961 46
7044365 7044376 51
1465517 2335046 72
1398325 2272856 68
14356814 14356824 76
8653391 8653402 18
8766632 8766648 56
9300411 9300427 39
10432967 10432986 22
1974659 2747222 4
3487573 3853459 29
1440780 2309198 21
6236040 6236060 27
784068 1570437 35
687673 1442695 84
4742735 4743899 72
2207944 2944622 35
14398630 14398639 25
8699755 8699761 35
9268876 9268904 6
31170106 31170114 15
30510169 30510174 58
1142024 2013452 11
1104378 1976358 55
3849264 4085134 4
31767566 31767570 8
31767583 31767587 95
31769812 31769817 4
31770406 31770411 42
32893338 32893343 10
32893359 32893364 17
15065632 15065642 4
32893428 32893432 7
7510042 7510060 87
7843584 7843597 5
2219229 2951767 17
30903470 30903479 58
30520136 30520141 68
2759051 3347738 47
3852787 4086924 37
32893840 32893845 100
213636 650051 13
30518599 30518606 29
3947629 4148647 71
32893993 32893997 76
4020125 4195150 47
10733310 10733316 27
32894008 32894012 100
32894049 32894054 9
30968102 30968109 39
6426933 6426957 74
32894069 32894074 62
32894099 32894103 75
32894227 32894232 2
1358065 2232406 13
1077005 1938842 76
5494190 5494205 26
32894358 32894361 22
30509691 30509696 43
14226703 14226709 39
32894468 32894473 51
46172 198853 13
32894504 32894509 88
5470404 5470432 63
32894527 32894532 100
10911294 10911306 62
32894606 32894611 18
32894654 32894658 1
32894693 32894696 23
32894701 32894705 45
14793559 14793565 20
7580060 7580068 37
31770821 31770827 81
32894903 32894908 41
29008753 29008757 37
32894937 32894943 81
29353787 29353793 75
30513566 30513571 60
2355563 3052648 80
32895010 32895015 43
30529947 30529952 47
2361398 3057311 39
32895063 32895068 76
32895073 32895077 9
32895081 32895084 51
32895095 32895100 79
3274860 3712786 13
30520745 30520750 87
7773654 7773668 76
32895167 32895171 18
32895191 32895194 76
32895224 32895229 7
32895279 32895283 89
32895289 32895294 56
7213459 7213471 81
30520834 30520839 94
30520848 30520855 21
32895420 32895425 54
32895497 32895502 21
32895523 32895528 12
2351067 3047887 3
3208174 3664072 33
5838371 5838381 58
32895646 32895651 42
2680502 3283215 44
5401565 5401589 22
32895817 32895822 76
30515403 30515410 49
489375 1168596 76
32895961 32895967 16
11841743 11841766 90
29357210 29357217 97
32896010 32896014 100
5988383 5988425 77
1802831 2615556 92
9355379 9355387 28
30521155 30521160 44
32896304 32896309 55
32896319 32896324 55
2891061 3434502 38
30521259 30521266 87
32896409 32896413 11
32896443 32896447 77
32896600 32896605 37
32896616 32896621 97
11079244 11079251 98
32896640 32896645 16
9350972 9350996 5
32896707 32896710 51
4801395 4801627 65
4949408 4949419 3
32896802 32896807 58
30510013 30510017 61
1190327 2064955 28
32896845 32896850 51
7480678 7480686 68
813309 1615860 80
30975484 30975489 50
32896957 32896962 68
8458672 8458690 78
32897080 32897085 7
14456469 14456473 84
32897123 32897127 36
32897130 32897135 37
32897150 32897155 60
15136009 15136018 89
30506630 30506636 85
32897227 32897232 57
32897245 32897249 29
3011204 3523968 84
3427411 3808929 76
32897316 32897321 38
5593230 5593244 51
1392424 2266096 60
4148642 4283335 73
30062746 30062751 43
30512619 30512623 78
421707 1061712 52
32897535 32897541 98
1190368 2065048 75
1468424 2337458 69
32897671 32897676 36
30332064 30332072 73
32897720 32897725 25
32897918 32897923 58
32897928 32897932 36
3685392 3981034 21
30521614 30521620 47
8213174 8213184 10
30521464 30521478 17
32898033 32898036 88
2232364 2963013 42
32898090 32898093 64
32898095 32898099 45
32898103 32898108 54
32898113 32898118 67
32898121 32898125 67
31504357 31504363 31
32898138 32898142 24
32898168 32898174 69
30510203 30510207 63
32898214 32898219 43
30508165 30508172 30
32898273 32898278 10
32898331 32898336 48
32898385 32898389 15
31086401 31086408 75
8276204 8276228 52
32898511 32898516 5
2082744 2837128 24
32898538 32898543 90
32898552 32898556 32
30968610 30968616 68
30522235 30522240 64
32898749 32898754 34
32898774 32898776 44
32898821 32898826 43
30529388 30529395 42
30524454 30524463 72
30741548 30741555 90
8522365 8522382 79
2759061 3347751 72
2985966 3502150 44
2963046 3488070 73
11185158 11185170 81
32899157 32899162 30
32899169 32899173 63
3146266 3620458 21
30516050 30516055 16
11204026 11204036 28
30811887 30811892 23
32899366 32899371 7
32899385 32899390 20
28449815 28449822 14
32899479 32899483 85
32899485 32899490 97
30522563 30522568 42
32899503 32899507 37
30522573 30522577 25
32899520 32899525 56
4175715 4302291 5
32899581 32899585 45
32899588 32899593 46
32899603 32899608 9
32899645 32899649 19
31205848 31205853 59
32899717 32899722 5
32899807 32899812 83
30522645 30522650 98
7394276 7394293 28
32899898 32899903 9
9149739 9149746 1
32899971 32899975 72
32899986 32899990 84
32900002 32900007 74
32900011 32900014 17
32900065 32900068 66
10710532 10710545 84
32900198 32900203 14
30512796 30512801 78
32900233 32900235 41
32900329 32900334 32
32900353 32900357 52
2213771 2948054 24
30515216 30515220 25
32900559 32900564 57
30510528 30510533 62
32900601 32900606 51
3347742 3761457 27
32900652 32900655 47
32901242 32901247 98
11139184 11139199 42
32901640 32901644 22
32901654 32901658 81
32901752 32901757 94
30522975 30522980 68
15547266 15547278 81
10844829 10844836 31
30517745 30517759 7
2489160 3161507 63
32903145 32903147 86
28627864 28627871 2
32903468 32903473 95
10382992 10383024 46
32903496 32903501 16
32903521 32903525 27
1487418 2354757 50
11845349 11845361 54
3754992 4022765 73
32904611 32904616 23
313508 849658 52
1273641 2149193 61
32905326 32905331 28
4228749 4337062 69
32905515 32905520 55
32905596 32905599 18
30510802 30510808 35
7133745 7133764 98
14690109 14690124 93
32906889 32906894 54
5624225 5624238 81
2759039 3347704 68
32907195 32907199 93
2875244 3424443 38
10867276 10867286 94
30506652 30506659 7
2487863 3160678 87
29369158 29369165 92
1987169 2759034 68
32907329 32907334 38
32907363 32907368 16
30739555 30739558 90
2018958 2784065 64
1148144 2018963 26
32117277 32117282 25
3643574 3956218 72
30515939 30515946 68
4163512 4293338 8
32907599 32907602 9
15495022 15495027 66
32907609 32907612 77
6398865 6398908 96
2335053 3036132 20
32907650 32907653 99
30523417 30523422 57
32907886 32907892 39
30780961 30780967 79
2823649 3389457 48
32907938 32907940 96
3200178 3658972 3
32907974 32907977 69
32907980 32907985 94
30523503 30523508 25
32908132 32908137 4
30517518 30517525 66
32908222 32908226 84
1107365 1979649 83
1190404 2065110 19
32908316 32908320 42
32908347 32908352 81
32908362 32908367 96
32908371 32908376 22
32908414 32908419 52
32908457 32908462 60
32908472 32908477 72
30523574 30523579 10
32908495 32908500 70
32908559 32908564 28
32908568 32908571 11
32908574 32908578 37
32908583 32908589 24
989821 1835543 55
2878737 3427175 19
28363392 28363401 49
4698476 4701984 35
2759040 3347712 47
4258899 4353528 79
5680057 5680074 81
32908708 32908712 45
32908744 32908750 66
32908787 32908792 40
32908818 32908823 93
32908865 32908868 63
32908949 32908954 84
32908959 32908962 38
2335041 3036123 18
32909061 32909066 18
30523776 30523781 43
32909131 32909135 22
32909221 32909225 70
32909267 32909271 80
32909296 32909301 83
2335054 3036140 29
9152377 9152382 34
32909390 32909394 31
32909417 32909422 35
32909428 32909432 63
14238107 14238115 33
32909472 32909477 28
30511135 30511140 76
6130744 6130761 82
2878747 3427182 21
8213178 8213191 93
30519808 30519814 31
32909519 32909524 82
1352467 2226347 30
32909530 32909534 94
32909586 32909591 23
579815 1296888 65
32909602 32909607 76
32909654 32909658 64
1486710 2354244 28
32909687 32909692 86
32909698 32909701 10
11040768 11040776 98
3921480 4130732 79
5741172 5741186 75
2332285 3034163 72
30514523 30514529 54
32909767 32909772 64
1491071 2357636 47
32909831 32909834 40
32909852 32909856 77
2020547 2785395 38
5331746 5331767 45
14754112 14754119 84
7510054 7510078 99
32909981 32909986 75
32909990 32909994 32
32910048 32910053 32
30517960 30517966 98
29016551 29016557 7
29761621 29761632 77
32910133 32910138 27
32910142 32910147 52
32910162 32910167 62
32910179 32910183 14
32910194 32910197 7
32910209 32910213 92
501546 1190386 17
30516345 30516352 31
15034558 15034567 54
32910296 32910299 80
32910346 32910352 56
32910386 32910391 56
3853452 4087514 7
30524360 30524365 85
30524370 30524374 4
29027342 29027345 91
30517755 30517772 55
32910509 32910514 82
30384815 30384820 52
32910554 32910559 91
32910572 32910577 28
32910602 32910607 34
32910623 32910628 49
1450755 2321301 70
3817991 4059920 82
32910663 32910668 76
32910757 32910762 36
32910837 32910841 80
32910868 32910871 72
30507022 30507027 4
1858654 2659276 22
32910981 32910986 38
32911012 32911017 20
32911022 32911027 84
32911067 32911072 49
32911089 32911094 100
32911097 32911102 52
32911149 32911155 82
3179661 3643579 79
32911206 32911211 38
32911237 32911241 5
3237259 3685846 93
30511408 30511413 70
32911425 32911429 66
32911432 32911437 82
32911467 32911471 30
30511432 30511437 59
32911589 32911594 99
3919711 4129919 14
32911610 32911615 46
6549225 6549250 39
32911627 32911632 68
32911655 32911659 88
2266077 2985970 29
32911663 32911666 18
1190391 2065079 67
2065042 2823582 67
32911768 32911771 17
32911773 32911778 48
30511456 30511461 65
32911869 32911874 1
2065126 2823703 81
5138957 5138986 87
32912007 32912012 50
31859446 31859455 46
32912049 32912054 3
32912067 32912072 76
32912077 32912082 24
32912094 32912100 8
12365315 12365328 34
32912199 32912204 85
32912244 32912250 97
2759028 3347688 73
32912297 32912303 18
32912322 32912327 40
3840030 4079695 10
501547 1190398 24
32912363 32912368 13
32912375 32912380 90
1392405 2266062 89
32912558 32912563 26
11064459 11064470 10
32912597 32912602 29
2527329 3187111 24
32912621 32912624 12
11444390 11444397 65
28805215 28805226 45
32912687 32912690 60
3628499 3947635 91
32912730 32912736 59
30525117 30525122 12
32912755 32912760 54
32912848 32912853 6
32912856 32912861 40
30195768 30195781 32
32912934 32912939 96
3398352 3791534 80
32912974 32912979 12
32912982 32912986 25
8781463 8781469 85
32913048 32913053 78
30962978 30962983 55
6748649 6748674 89
1690622 2525268 79
32913253 32913257 44
32913265 32913270 12
30516874 30516880 88
14740725 14740736 46
32913379 32913384 74
32913405 32913410 8
6434508 6434527 57
32913437 32913442 12
32913445 32913449 48
30517792 30517796 82
32913487 32913492 67
32913500 32913506 14
32913526 32913531 9
7505401 7505424 1
8428028 8428039 33
30525402 30525408 33
4207640 4321115 26
32913622 32913626 38
2759041 3347722 61
32913704 32913709 29
3340297 3756289 58
32913756 32913761 51
32913785 32913790 11
32913793 32913798 27
32913802 32913805 44
105429 337880 14
32913819 32913824 7
9170395 9170430 34
32913830 32913835 22
30517743 30517750 98
32913846 32913851 93
32913856 32913860 61
32913864 32913868 90
32913872 32913878 39
32913933 32913938 26
32913949 32913953 42
28372638 28372649 25
30108664 30108673 36
32914022 32914026 26
30515492 30515496 56
32914127 32914131 37
32914136 32914141 75
32914146 32914150 8
30511925 30511931 24
2421990 3107515 84
32914209 32914214 56
2177071 2915498 76
32914219 32914224 34
7242845 7242862 57
8840296 8840302 47
32914235 32914238 24
9237598 9237612 76
32914296 32914301 73
32914315 32914320 5
3487591 3853469 2
32914323 32914326 89
32914357 32914359 41
32914420 32914424 1
32914429 32914434 49
597344 1332931 96
2752630 3343161 68
33586265 33586269 90
33586267 33586269 76
34324991 34324997 64
3401505 3794135 57
3852778 4086910 83
1357241 2231138 95
4112224 4258879 49
30523355 30523358 70
3761446 4027116 79
34351999 34352007 77
1251856 2130369 37
4343761 4411717 2
34369159 34369166 5
34369180 34369188 48
34369192 34369200 96
11993791 11993799 92
34369364 34369370 86
30525104 30525110 13
34369384 34369388 100
30526174 30526179 91
34369412 34369419 17
1940149 2714478 68
2823678 3389473 52
3853307 4087434 35
30517668 30517675 30
1569186 2428277 2
30512416 30512421 34
6439239 6439262 60
30510400 30510404 80
4602575 4612867 35
30524706 30524710 34
5562928 5562936 62
2174538 2914076 69
30528157 30528162 30
5539916 5539929 88
30528500 30528503 33
5071642 5071669 96
30525012 30525017 81
5155089 5155094 56
34395819 34395826 45
30520648 30520653 38
7377402 7377414 76
30511097 30511101 83
30521539 30521545 29
1687799 2523718 31
2962304 3487557 31
30522827 30522833 82
30522056 30522061 22
30516189 30516194 38
30511446 30511451 84
6400583 6400603 84
30511764 30511768 35
5476214 5476226 76
30968857 30968863 38
30519149 30519155 90
30521009 30521014 68
30509653 30509658 12
30524687 30524692 21
30517413 30517419 42
2512177 3179667 76
30521463 30521469 83
30519025 30519030 29
1563313 2422422 23
30524941 30524945 100
34406505 34406510 81
30510059 30510064 34
2925684 3463173 83
30517379 30517385 52
3160673 3631093 43
6750968 6750975 26
788312 1575372 51
30520969 30520973 68
34412593 34412600 57
2312963 3022633 57
34413230 34413234 95
30511361 30511365 22
2988720 3503747 74
4015147 4191776 30
3761447 4027122 14
1094437 1960234 87
30510275 30510280 45
3487601 3853485 29
1563194 2422331 77
30515359 30515364 78
9547638 9547650 46
34236289 34236296 7
3720604 4003038 16
30528207 30528211 72
30528484 30528489 10
30512728 30512734 17
30506631 30506645 60
34359618 34359624 79
30507708 30507714 69
4238346 4343598 86
30524896 30524900 28
34395820 34395831 10
34427494 34427499 93
28610980 28610996 98
1190405 2065121 28
30530219 30530222 35
30517615 30517617 8
34259089 34259094 27
34435544 34435553 76
3032410 3538127 1
4085734 4237310 35
14807735 14807742 98
4274602 4365141 92
34439099 34439109 26
30517996 30517999 20
30525135 30525140 52
30519977 30519980 71
2823664 3389464 23
30520281 30520285 98
3487598 3853476 33
30513552 30513558 90
34351833 34351838 5
30975515 30975520 95
34459193 34459198 79
30519052 30519055 79
34377016 34377022 73
5470840 5470862 30
2985985 3502165 52
2985986 3502169 42
34462245 34462251 24
30530976 30530978 90
31304143 31304152 42
30520850 30520864 88
30522092 30522097 72
30508886 30508890 67
28704659 28704663 15
29870150 29870153 86
11472799 11472808 97
30986356 30986362 74
2823679 3389478 68
4343588 4411633 54
30512521 30512527 99
3761462 4027149 17
34469867 34469868 22
30522248 30522251 92
15291592 15291601 22
30514512 30514517 38
3642113 3954899 71
30512843 30512846 84
34473428 34473437 60
30522355 30522358 95
30523466 30523468 79
5389058 5389132 86
30521243 30521247 79
34478879 34478883 1
30512047 30512052 30
1546786 2407094 46
30515712 30515717 20
30518414 30518417 47
12219710 12219714 24
3179653 3643568 9
30509584 30509589 46
30513954 30513960 87
30524316 30524319 53
3427270 3808853 29
2231727 2962391 15
3761448 4027129 13
34473429 34473443 89
30516501 30516505 89
30506887 30506889 90
3761463 4027153 54
30512471 30512475 86
3853449 4087505 64
34488545 34488549 46
34488568 34488571 32
30512750 30512755 2
30524632 30524637 34
30511376 30511380 49
34457495 34457505 32
30524402 30524407 27
30527319 30527326 9
30529412 30529418 35
4472014 4505946 27
35053038 35053042 27
34997560 34997568 41
35513982 35513988 38
34241234 34241242 33
35515333 35515334 86
23734231 23734238 17
9296866 9296879 28
7016797 7016817 15
3052152 3550948 54
2612000 3242169 88
13492763 13492768 10
33297989 33297995 19
36344913 36344919 24
35438248 35438254 49
15174116 15174132 24
34243707 34243713 33
36349586 36349592 40
36350215 36350223 26
1392425 2266104 23
4139779 4277889 79
2964148 3489111 30
36381188 36381193 9
1125678 1997486 41
36401357 36401364 82
36410279 36410283 89
1734333 2568370 6
36766199 36766202 52
2502473 3171437 44
34245107 34245112 43
34009500 34009507 14
38640688 38640694 29
28167496 28167505 40
38722082 38722088 43
38722083 38722094 77
9003193 9003211 76
90268 307155 79
226986 701568 89
2266110 2986023 57
30517767 30517781 23
501554 1190412 78
1190406 2065132 69
38779088 38779092 93
34359622 34359630 25
2117203 2864708 12
38794444 38794449 79
38822937 38822941 96
38823058 38823060 74
39116705 39116709 14
39116762 39116767 56
551926 1275326 32
3947630 4148655 64
39801739 39801744 18
3236714 3685397 99
39888164 39888170 69
39910270 39910275 64
40039101 40039105 65
40042607 40042609 34
7572834 7572848 72
40042644 40042647 81
1459209 2329837 85
12175694 12175703 35
28701694 28701696 65
34307508 34307511 61
40115226 40115231 34
1125750 1997536 52
3289213 3720629 51
10796873 10796886 13
40115951 40115956 12
36265343 36265348 3
12068270 12068277 53
6061188 6061194 3
40116020 40116025 79
34758687 34758692 79
3890326 4111197 32
3808924 4054150 98
6793132 6793140 64
40132489 40132493 55
40133932 40133936 13
40134573 40134578 5
34998192 34998197 66
5597344 5597358 97
12715980 12715990 1
6349003 6349014 19
7375080 7375090 100
3204244 3661754 82
40139126 40139130 22
5948807 5948820 98
2784069 3363623 3
6927257 6927266 17
1713819 2543882 87
4023444 4197446 20
9596219 9596229 74
34997422 34997428 39
35662565 35662569 46
34294837 34294841 70
4339985 4409268 43
40148510 40148514 54
36730631 36730637 37
14335117 14335122 10
6303007 6303024 38
33142667 33142671 80
5735357 5735383 41
40149002 40149007 37
6796864 6796886 15
2533542 3189937 55
40150831 40150836 83
5640952 5640974 96
40151933 40151937 86
1562635 2421996 21
28695152 28695156 31
4985446 4985451 51
15579372 15579379 96
40152960 40152965 95
6678694 6678701 39
10415642 10415653 86
9194065 9194081 69
29026373 29026378 46
40153383 40153386 64
33338733 33338740 96
7572322 7572334 84
856422 1671269 94
5437519 5437537 59
34761091 34761096 53
7510055 7510086 70
3236963 3685581 51
38224134 38224140 10
606738 1343917 15
6700459 6700468 5
34762810 34762815 3
36680436 36680441 100
33373292 33373297 75
6352784 6352810 32
24345651 24345657 77
40158389 40158392 99
36681912 36681916 31
1611315 2461337 93
34998021 34998025 59
9518699 9518710 84
4132856 4272612 66
1190393 2065098 13
9528473 9528481 42
1210027 2085975 42
2355564 3052657 71
28628340 28628345 67
38223397 38223403 59
31121929 31121934 52
1256349 2133623 18
33540418 33540423 59
35002563 35002570 83
33387326 33387331 31
2354794 3052273 81
5763581 5763586 9
6468457 6468465 33
366130 964053 74
34245371 34245376 42
31281779 31281783 4
14341583 14341588 84
1440248 2308592 77
34243462 34243467 41
34309587 34309593 27
34907504 34907508 34
35404416 35404420 3
6248588 6248592 27
10926379 10926387 100
11147692 11147700 8
40190833 40190837 29
10958034 10958051 89
24377914 24377920 14
40191581 40191583 18
40192646 40192649 75
3802407 4049965 88
40192770 40192773 13
8823024 8823038 5
36689579 36689581 10
5725111 5725118 65
40194342 40194344 25
33121138 33121145 68
24391823 24391831 87
40194658 40194661 44
29026426 29026431 92
30739847 30739849 60
7306133 7306139 11
40196108 40196114 63
40196118 40196120 27
1974662 2747235 42
1987172 2759047 60
34760425 34760430 100
36682686 36682690 95
34912097 34912101 82
23735057 23735063 24
2952044 3480570 87
31680944 31680949 76
440736 1088467 34
36669244 36669248 10
28692912 28692918 15
36682318 36682323 14
40209687 40209688 45
28698958 28698960 39
3843526 4082255 93
34294811 34294816 53
5187237 5187245 57
6398903 6398920 58
40213035 40213039 6
6838170 6838192 59
10776764 10776774 82
1965957 2735664 80
40215307 40215311 70
7900787 7900790 34
34757910 34757915 30
40226697 40226702 50
9521981 9521986 29
40227414 40227419 80
3098120 3583002 81
7044372 7044384 58
31175569 31175574 91
41331557 41331564 69
28733372 28733379 21
31719063 31719067 55
34243917 34243925 56
30742043 30742045 77
34295475 34295482 90
41996103 41996108 14
32895430 32895440 68
2194697 2931550 60
42038589 42038594 78
34292134 34292139 72
31313379 31313384 57
34245793 34245799 99
42118571 42118572 99
31444811 31444815 52
34294968 34294977 52
34245822 34245829 12
31303798 31303803 51
42149866 42149868 96
31253386 31253391 7
42156778 42156784 14
34244763 34244769 4
31203938 31203943 37
34243366 34243371 98
31445577 31445582 95
31304144 31304158 26
34309607 34309610 54
4112270 4258921 39
13635610 13635616 95
43399724 43399729 15
43401344 43401349 75
43401362 43401366 81
43401370 43401375 25
43401380 43401384 46
43670085 43670088 34
44163062 44163067 5
44163070 44163075 86
44163113 44163118 80
44163122 44163127 70
44163139 44163144 80
44163146 44163151 68
44163162 44163167 62
44163186 44163191 21
44163220 44163225 9
44163235 44163240 31
44163250 44163255 100
44163266 44163271 14
44163274 44163279 9
44163295 44163300 92
44163318 44163323 58
44163326 44163330 12
44163386 44163391 50
44163402 44163406 28
44163407 44163411 31
44163487 44163491 2
44163495 44163499 13
44163520 44163524 21
44163527 44163532 81
44163556 44163560 87
44163571 44163574 54
44163590 44163594 63
44163597 44163602 71
44163606 44163611 77
44163615 44163620 14
44163667 44163672 27
44163782 44163787 19
44164261 44164266 74
44164291 44164295 17
44164416 44164420 21
44164503 44164507 43
44164537 44164542 77
44164549 44164555 21
44164616 44164621 72
44164773 44164778 17
32961135 32961140 82
44164916 44164921 64
44164994 44164999 21
44165027 44165032 15
44165040 44165045 46
44165087 44165092 75
44165102 44165107 94
44165152 44165157 57
44165238 44165243 60
44165309 44165314 13
44165421 44165426 93
44165534 44165539 78
44165542 44165547 38
44165606 44165611 96
44165746 44165751 5
44165766 44165771 100
44165774 44165778 10
44165787 44165792 6
44165827 44165832 51
44165919 44165924 9
44165947 44165952 97
44165969 44165973 73
44166108 44166112 29
44166265 44166270 57
44166633 44166636 25
44167231 44167236 94
44167410 44167412 37
44167487 44167492 23
44167513 44167518 87
44167542 44167547 99
44167789 44167794 75
44168333 44168338 10
44168782 44168785 14
44169834 44169839 39
44169885 44169890 4
44169964 44169968 94
44170005 44170009 58
44170036 44170041 57
44170053 44170057 46
44170060 44170065 26
44170072 44170077 43
44170122 44170127 3
44170132 44170137 79
44170252 44170257 2
44170303 44170307 63
44170324 44170329 32
44170332 44170336 74
44170347 44170352 24
44170372 44170377 47
44170431 44170436 1
44170456 44170461 28
44170478 44170483 37
44170507 44170512 25
44170535 44170540 98
44170552 44170557 11
44170609 44170614 55
44170651 44170657 98
44170661 44170665 42
44170690 44170695 32
44170699 44170702 21
44170731 44170736 11
44170755 44170760 17
44170763 44170768 68
44170781 44170786 61
44170789 44170794 3
44170797 44170802 68
44170805 44170810 10
44170814 44170817 57
44170820 44170825 96
4112167 4258829 44
44170846 44170848 49
44170851 44170856 72
44170860 44170865 43
44170883 44170888 75
44170892 44170897 67
44170900 44170902 56
44170910 44170915 52
44170918 44170922 38
44170925 44170930 24
44170945 44170950 45
44170988 44170993 8
44170997 44171000 20
44171055 44171060 64
44171064 44171069 26
44171101 44171106 19
44171116 44171121 81
44171150 44171155 48
44171228 44171233 49
44171272 44171275 84
44171283 44171288 2
30511926 30511939 37
44171362 44171366 33
44171373 44171378 55
44171436 44171441 30
44171458 44171463 42
44171475 44171480 8
44171484 44171489 58
44171512 44171517 91
44171569 44171571 40
44171573 44171578 89
44171583 44171588 82
44171591 44171596 10
44171663 44171668 60
44171681 44171685 43
44171689 44171694 62
44171699 44171703 73
44171706 44171710 81
44171712 44171717 33
44171724 44171729 55
44171731 44171735 93
44171738 44171743 14
44171748 44171753 72
44171761 44171766 93
44171769 44171774 48
44171778 44171783 85
44171789 44171794 3
44171797 44171802 6
44171805 44171810 11
44171813 44171818 20
44171821 44171826 84
44171829 44171833 88
44171844 44171849 22
44171857 44171862 96
44171867 44171872 11
44171875 44171880 81
44171883 44171888 17
44171891 44171896 93
44171904 44171909 40
44171914 44171919 65
44171923 44171928 42
44171931 44171936 5
44171939 44171944 51
44171948 44171953 73
44171966 44171968 7
44171970 44171975 80
14754407 14754412 72
44171978 44171983 29
44171987 44171991 49
44171997 44172000 75
44172002 44172007 74
44172010 44172015 40
44172025 44172028 58
44172038 44172043 1
44172064 44172069 80
44172077 44172082 4
44172084 44172089 39
44172094 44172098 17
44172111 44172116 57
2266090 2985994 83
44172125 44172130 43
44172134 44172139 80
44172174 44172179 29
44172194 44172199 22
44172210 44172215 14
44172219 44172221 23
44172223 44172226 6
2266079 2985979 74
44172229 44172234 56
44172282 44172287 41
44172345 44172349 53
2355567 3052673 53
1987175 2759057 1
44172404 44172407 29
3761449 4027135 34
3761450 4027144 47
3157445 3628518 87
2759030 3347696 77
44172708 44172713 4
34294973 34294985 97
44172783 44172788 90
44172843 44172848 17
44172898 44172903 43
44172929 44172934 45
44172944 44172950 86
44172954 44172959 74
44172995 44173000 92
3947631 4148664 83
44173024 44173029 38
44173032 44173037 8
44173040 44173044 87
44173063 44173068 85
44173072 44173077 52
44173106 44173111 40
44173140 44173145 1
44173149 44173154 20
44173159 44173164 41
44173191 44173194 72
44173214 44173216 61
44173219 44173224 51
44173253 44173258 21
44173272 44173276 56
44173278 44173280 17
44173290 44173292 42
44173323 44173328 1
44173341 44173346 1
44173365 44173370 85
44173373 44173378 87
44173382 44173387 36
44173391 44173395 60
44173398 44173403 19
44173424 44173429 33
44173442 44173447 35
44173452 44173458 87
44173468 44173474 97
44173480 44173485 75
44173489 44173494 98
44173499 44173503 78
44173517 44173522 35
44173552 44173556 67
44173559 44173564 96
44173568 44173573 14
44173578 44173582 13
44173586 44173591 60
44173614 44173619 99
44173624 44173628 55
44173633 44173637 34
44173643 44173648 78
44173682 44173687 46
44173691 44173695 25
44173708 44173713 76
44173717 44173720 88
44173740 44173745 83
44173748 44173753 80
44173765 44173769 6
44173788 44173793 2
44173797 44173803 48
44173807 44173812 83
44173817 44173822 100
44173833 44173838 79
44173843 44173848 36
44173857 44173861 19
44173871 44173875 33
44174938 44174943 47
44175060 44175065 24
44175100 44175105 9
44175448 44175453 23
44175512 44175517 95
44175576 44175580 41
44175583 44175588 12
44175592 44175597 59
44175640 44175644 60
44175652 44175654 56
44175656 44175660 37
44175665 44175670 30
44175742 44175747 59
44175795 44175800 54
44175832 44175837 74
44175868 44175872 24
44176217 44176219 73
44176246 44176251 85
44176293 44176298 72
44176440 44176445 46
44176571 44176575 99
44176695 44176700 73
44176704 44176707 85
44176753 44176756 33
44176854 44176859 26
1459211 2329847 62
1459212 2329855 90
44176870 44176874 27
44176885 44176891 57
44176899 44176904 47
44176909 44176914 91
2986008 3502175 96
44176919 44176924 14
44176927 44176932 76
44176936 44176941 15
44176958 44176963 92
3032393 3538101 37
44176970 44176974 96
44176986 44176991 92
44176998 44177003 72
3204245 3661763 63
44177008 44177012 67
44177018 44177023 34
3363609 3769829 31
2560538 3204250 91
44177031 44177036 29
44177042 44177047 18
44177052 44177057 73
44177065 44177071 21
2784060 3363613 18
44177078 44177083 54
44177089 44177093 48
44177097 44177101 50
44177116 44177121 77
44177125 44177129 85
44177138 44177141 8
44177151 44177153 71
44177154 44177159 93
2018983 2784094 70
44177165 44177175 12
44177199 44177203 99
44177228 44177231 63
44177241 44177246 54
2065023 2823569 93
44177255 44177259 48
44177266 44177270 64
44177273 44177277 78
44177280 44177285 90
44177299 44177302 35
44177305 44177308 79
44177325 44177329 73
44177332 44177335 41
44177337 44177342 80
44177346 44177350 96
44177353 44177356 84
44177358 44177362 65
44177364 44177368 42
44177374 44177379 80
44177383 44177388 89
32898957 32898969 16
44177396 44177401 26
44177405 44177411 25
44177417 44177422 39
44177427 44177433 19
44177439 44177444 22
44177459 44177464 59
2221018 2953187 100
3179663 3643587 63
3628502 3947654 69
44177475 44177480 39
44177485 44177491 17
44177494 44177499 11
44177502 44177506 87
28177231 28177242 76
44177530 44177535 26
44177556 44177561 68
44177585 44177589 61
44177591 44177596 14
44177600 44177604 51
44177607 44177612 29
44177635 44177639 1
44177646 44177651 99
44177678 44177683 20
44178701 44178704 31
44178705 44178709 95
44178730 44178733 24
44178738 44178742 27
44178763 44178766 69
44178838 44178843 25
44178853 44178858 15
44178901 44178905 43
44178907 44178910 27
44178972 44178977 64
44179043 44179047 57
44179072 44179077 25
44179089 44179092 84
44179094 44179099 72
44179106 44179111 83
44179142 44179146 39
44179148 44179152 3
44179179 44179183 61
44179190 44179194 86
44179201 44179206 69
44179213 44179218 80
44179243 44179248 54
44179264 44179270 66
44179295 44179300 12
44179303 44179308 50
44179332 44179336 45
44179346 44179350 11
44179356 44179361 27
44179368 44179372 78
44181987 44181992 24
44181997 44182002 88
44182006 44182011 89
44182014 44182019 84
44182032 44182036 11
44182048 44182053 94
44182084 44182086 84
44182092 44182098 4
44182102 44182107 25
44182111 44182116 67
44182132 44182137 29
44182149 44182154 58
44182158 44182163 51
44182176 44182181 79
44182185 44182190 18
44182202 44182206 16
44182236 44182241 49
44182245 44182250 88
44182307 44182311 100
44182331 44182336 93
1116025 1987985 36
44182362 44182367 50
44182376 44182381 57
44182387 44182392 6
44182398 44182403 15
44182407 44182412 79
44182417 44182421 23
44182423 44182428 94
44182436 44182441 94
44182445 44182450 41
44182473 44182476 89
44182479 44182484 72
44182487 44182492 2
44182503 44182507 90
15065625 15065636 51
44182533 44182537 90
44182541 44182547 15
44182558 44182563 53
44182573 44182577 23
44182580 44182585 15
44182601 44182606 48
44182610 44182615 30
3938156 4143071 56
44182649 44182654 15
44182658 44182663 96
44182717 44182721 73
44182724 44182728 8
44182755 44182760 50
44182779 44182784 43
44182787 44182791 3
44182836 44182840 53
44182845 44182850 64
44182870 44182875 75
44182899 44182904 98
44185144 44185148 15
44185165 44185170 23
44185216 44185221 77
44185236 44185242 98
44185246 44185250 9
44185252 44185255 15
2512237 3179733 84
44185267 44185272 92
33338737 33338749 53
44185282 44185286 68
44185300 44185304 3
44185307 44185312 11
44185316 44185321 6
44185325 44185330 84
11204031 11204045 75
44185336 44185341 21
44185395 44185399 61
44185428 44185431 9
44186662 44186667 12
44186752 44186756 42
44186760 44186765 25
44186800 44186804 40
44186808 44186812 80
44187027 44187031 44
44187190 44187193 15
44187224 44187228 60
44187290 44187294 60
30520390 30520398 31
44187562 44187564 54
44187581 44187584 81
44187714 44187718 49
198398 595560 33
44187823 44187827 29
44187941 44187943 99
44187963 44187967 8
44187998 44188002 5
44188220 44188224 20
2355568 3052679 6
44189561 44189565 31
44189647 44189651 48
3052670 3551133 21
44189776 44189780 89
44189984 44189986 61
44190372 44190375 50
44190767 44190770 59
44191566 44191570 54
44191819 44191823 17
44192026 44192030 24
44192269 44192273 66
44192326 44192329 46
44192362 44192366 37
44192578 44192582 100
44192893 44192897 85
3628504 3947661 97
44193454 44193458 19
44193558 44193561 52
30517778 30517787 95
44193713 44193717 97
44193879 44193883 23
44193926 44193931 58
44193928 44193937 74
44193960 44193962 37
44194479 44194483 9
44195095 44195099 13
44195209 44195213 68
44195652 44195656 50
44196162 44196164 56
44196607 44196611 39
44196817 44196819 53
44197359 44197363 3
44197911 44197915 56
44197918 44197922 53
44198140 44198144 83
2006742 2773928 63
44198689 44198693 51
44198697 44198700 55
44198749 44198753 100
44198966 44198970 74
44199399 44199403 82
44199474 44199477 5
44199498 44199501 57
44199570 44199574 36
44199578 44199581 21
44199584 44199587 62
44199592 44199595 21
44199616 44199619 26
44199763 44199767 86
44199812 44199816 67
44199847 44199851 26
44199881 44199884 93
44200038 44200041 69
44200089 44200092 24
2065117 2823695 82
7704449 7704455 55
2985976 3502159 7
2018977 2784086 69
44201035 44201039 48
44201120 44201123 15
44201289 44201293 64
44201328 44201332 83
44201405 44201409 62
44201459 44201463 86
44201512 44201515 66
44201743 44201745 28
44201772 44201776 36
44201957 44201961 80
44201983 44201987 62
44201990 44201994 4
44202105 44202109 55
44202272 44202276 43
44202288 44202292 11
44202321 44202325 41
44202480 44202482 5
30521475 30521485 58
2615551 3244928 37
44202621 44202625 81
44202636 44202639 85
44202760 44202764 89
44203137 44203141 39
44203403 44203406 49
44203408 44203412 99
44203511 44203515 33
44203564 44203568 12
44203585 44203588 83
44203665 44203669 31
44203736 44203740 76
44203743 44203746 99
44203807 44203811 95
44203827 44203832 7
44203881 44203885 29
44203891 44203894 59
44203957 44203960 18
5916255 5916266 80
44204464 44204468 9
44204508 44204512 57
44204657 44204661 74
44204841 44204844 30
44204845 44204849 68
11147697 11147707 2
44204932 44204936 100
44204981 44204985 54
28778031 28778034 19
44205036 44205039 49
44205348 44205351 28
44205490 44205492 2
44205676 44205679 36
44205817 44205821 1
44205825 44205829 27
44205836 44205840 46
44205953 44205957 85
44206033 44206037 8
44206285 44206289 97
44206476 44206480 82
44206484 44206488 30
44206491 44206495 8
44206672 44206676 11
44207925 44207928 48
44208054 44208056 29
14368877 14368881 83
44208158 44208162 57
44208337 44208340 22
44208458 44208461 56
44208491 44208495 72
44208610 44208614 28
44208621 44208624 34
44208761 44208765 81
44208776 44208778 49
44208818 44208822 85
44209038 44209040 65
44209311 44209314 34
44209330 44209333 99
44209623 44209625 49
44209648 44209651 38
44209768 44209771 10
44209780 44209783 53
44209793 44209796 61
44209812 44209815 81
44209817 44209820 52
44209823 44209826 57
44209863 44209867 30
44209877 44209880 54
44209884 44209887 90
44209898 44209901 35
44209919 44209922 96
44209930 44209933 10
44209951 44209954 47
36333582 36333589 13
44209967 44209970 11
44209974 44209976 77
44209981 44209984 82
44209997 44210000 70
44210005 44210008 8
44210015 44210018 16
44210031 44210033 60
44210037 44210040 99
2266093 2986001 97
44211038 44211040 31
44211149 44211152 9
44211164 44211167 34
44211177 44211180 39
44211185 44211188 99
44211208 44211211 35
44211214 44211217 9
44211224 44211227 27
3925416 4133017 28
44211649 44211652 50
44211660 44211663 5
44211692 44211695 15
44212754 44212757 53
44212780 44212783 55
44212800 44212803 38
44213005 44213008 81
44213029 44213032 63
44213062 44213065 75
44213078 44213081 28
44213232 44213234 56
44215187 44215190 16
45841095 45841096 1
45841205 45841207 48
45841259 45841261 71
45841367 45841369 16
45841443 45841445 16
45841463 45841465 29
45841482 45841484 55
45841513 45841514 76
45841629 45841630 30
45841654 45841655 50
45841658 45841659 91
45841679 45841680 27
45841695 45841696 96
45841772 45841773 41
45842237 45842238 93
45842254 45842255 60
