120118 386990 2
6752845 6752866 31
334960 913469 83
777147 1562583 55
1585689 2444042 33
8043367 8043376 53
8556109 8556133 54
7158205 7158260 74
140989 442873 12
290096 808260 22
777157 1562857 61
1610443 2460483 73
2033515 2795868 35
9444097 9444106 19
9460014 9460021 17
4517905 4542461 23
948814 1778550 31
10271172 10271176 94
10274568 10274581 61
10276908 10276921 76
10293195 10293206 70
10293197 10293214 29
10293609 10293612 61
10294627 10294637 92
2460433 3139647 10
10300900 10300907 23
10309152 10309184 79
2595111 3230373 74
10323652 10323662 32
2595112 3230388 46
1733979 2567961 63
10328575 10328578 48
948815 1778570 39
10339431 10339444 37
2595113 3230414 78
10354171 10354174 65
10356570 10356580 34
10356667 10356674 10
2460530 3139684 72
10704162 10704167 95
10889228 10889233 38
10914744 94643 23
10931076 10931085 1
11164799 11164807 36
777189 1563321 33
484704 1162253 37
11434374 11434386 86
11471753 11471764 73
11529095 11529100 42
11556656 11556662 59
2033525 2796014 1
11595351 11595359 41
3766893 4029271 81
11708667 11708677 35
11708681 11708685 7
11747833 11747843 82
12014093 12014100 95
12024331 12024338 13
4431921 4475338 69
12222760 12222763 20
1610416 2460377 94
12337499 12337511 1
442840 1091557 46
1610417 2460386 32
12542169 12542174 5
12551972 12551984 45
8995726 8995739 67
944738 1775891 29
12764149 12764152 36
1610418 2460398 89
777193 1563383 7
3766831 4029179 75
14291853 14291863 75
14366065 14366069 20
3766912 4029280 64
14556905 14556911 39
4747934 4749124 37
832034 1642464 73
14577474 14577479 75
14643046 14643049 69
14666992 14666998 60
15188045 15188049 47
15192877 15192882 91
15195423 15195428 4
15200717 15200721 26
15202291 15202296 9
15211235 15211241 53
15214272 15214277 58
15214292 15214297 58
15234256 15234261 13
15235508 15235513 25
15235605 15235610 22
15235721 15235726 51
15235905 15235909 98
15255164 15255168 42
15261267 15261271 88
15262205 15262210 56
15263145 15263149 72
15416641 15416646 97
15421085 15421088 41
15539345 15539349 15
1610419 2460405 26
15750198 15750201 9
15766795 15766801 65
15768271 15768274 15
15783402 15783406 58
3329858 3747814 54
15852352 15852355 83
15853514 15853520 13
15854082 15854085 76
15856426 15856432 92
15873396 15873399 7
15807374 15807395 13
3139672 3616146 82
21786440 21786446 46
21850035 21850038 54
23766704 23766709 25
25432100 25432103 60
14969200 14969207 21
25451259 25451265 76
1610444 2460488 87
28409351 28409355 89
2832851 3394822 55
1610421 2460412 41
28409425 28409427 42
28409470 28409472 33
1610445 2460490 66
2832852 3394825 96
1610423 2460415 66
28409547 28409552 80
3139598 3616111 5
3789167 4041442 56
28409595 28409604 98
3766913 4029284 86
1610424 2460419 76
28409352 28409358 52
1610425 2460424 61
28409629 28409634 55
28409643 28409655 54
1610426 2460428 14
28409813 28409815 19
28409364 28409367 72
28409848 28409850 8
1610446 2460493 63
1610447 2460495 9
3789169 4041443 75
3139601 3616115 72
1610449 2460497 32
1610450 2460499 100
3139597 3616108 18
2832857 3394836 8
3358045 3766828 30
28409630 28409635 48
1610451 2460503 87
28409573 28409576 48
1610427 2460431 1
28409814 28409819 2
3789172 4041445 33
28409365 28409369 50
28409579 28409581 90
3139602 3616117 47
1610453 2460506 67
1610428 2460435 5
1610454 2460510 33
1610455 2460513 60
1610429 2460438 3
28410038 28410040 62
3139603 3616119 29
3139604 3616122 69
1610430 2460440 56
28409617 28409620 84
28409548 28409555 84
1610431 2460443 99
1610432 2460448 48
3125865 3602816 75
28409631 28409641 33
28409353 28409361 70
1610457 2460515 90
28409792 28409794 76
28409644 28409659 10
28512106 28512108 85
10293200 10293216 49
11708668 11708680 84
25447002 25447007 86
28744304 28744308 30
28758939 28758946 17
29029168 29029169 99
30325578 30325581 21
30326483 30326486 34
30345844 30345846 14
30392651 30392655 96
30758026 30758028 84
30761201 30761207 63
30764903 30764904 57
1610459 2460517 47
1610460 2460519 42
31082943 31082944 9
3081328 3570417 16
31089342 31089345 78
32555324 32555327 25
32556256 32556260 36
1610433 2460453 70
33097825 33097828 41
28409645 28409667 30
33283653 33283655 77
33301621 33301627 1
33301712 33301714 53
33301716 33301719 22
33301722 33301723 58
3394799 3789150 90
1610434 2460456 21
33301769 33301771 59
33301775 33301777 18
33301782 33301784 74
33301791 33301792 81
33301808 33301809 94
33301811 33301812 14
33301819 33301820 100
3139605 3616126 39
33301830 33301831 67
1610463 2460521 37
28409646 28409670 59
33301839 33301841 67
33301843 33301845 98
33301847 33301849 46
33301862 33301864 90
33301877 33301878 30
33301899 33301901 91
33301909 33301912 18
33301936 33301939 90
33301992 33301993 93
33301994 33301996 99
33302006 33302007 63
29045161 29045163 70
32065418 32065422 42
1610466 2460524 97
33302013 33302015 77
28409647 28409672 65
33302047 33302048 24
33302059 33302062 47
33302066 33302070 27
33302093 33302094 25
33302098 33302101 24
33302112 33302115 77
33302127 33302128 37
33302144 33302145 94
33302149 33302150 61
33302175 33302177 53
33302188 33302189 78
33302205 33302207 52
33302242 33302244 42
1610468 2460527 1
33302274 33302275 43
1610469 2460535 35
33302284 33302287 72
33302294 33302297 14
33302294 33302298 43
507953 1201438 98
33302315 33302317 45
33302319 33302320 100
33302323 33302324 70
33302326 33302329 56
33302376 33302377 56
33302381 33302383 52
33302389 33302390 23
33302393 33302394 83
33302395 33302396 56
33302460 33302462 75
33302496 33302497 67
33302534 33302535 72
1610473 2460539 38
33302576 33302577 59
33302580 33302584 77
33302604 33302605 19
33302621 33302623 58
14680183 14680199 16
33302658 33302659 2
33302679 11839007 71
1610474 2460541 72
33302713 33302714 99
33302717 33302719 60
1610475 2460543 3
33302725 33302727 79
33302730 33302732 73
33302763 33302765 82
1610476 2460545 32
33302837 33302838 54
33302855 149960 85
33302856 8123113 49
28409648 28409674 96
33302863 33302864 22
33302895 33302896 96
3139606 3616128 45
33302898 33302899 46
33302910 33302912 92
33302922 33302923 39
33302928 33302930 22
33302932 33302933 28
28409649 28409676 92
33302938 33302940 82
33302956 33302957 20
33302960 33302963 28
33302970 1055238 86
33302976 33302979 47
30333263 30333264 50
33302990 33302993 84
33302997 33302998 78
33303004 33303005 21
1610477 2460547 30
33303028 33303030 58
33303033 33303034 57
33303046 33303048 52
33303052 33303055 2
33303060 33303061 7
33303116 33303118 33
33303128 33303129 91
33303093 33303097 23
33303151 33303153 25
33303156 33303159 48
33303162 33303163 33
33303165 33303167 89
33303175 33303177 4
33303185 33303188 56
1610436 2460462 60
33303207 33303209 92
33303214 33303215 95
33303217 33303221 78
33303226 33303230 42
1610437 2460465 52
33303248 33303250 68
33303256 33303258 31
11929513 11929516 6
33303267 33303269 48
33303274 33303276 49
33303279 33303281 38
33303289 33303290 8
28409651 28409680 95
33303296 33303299 88
33303311 33303312 71
33303314 33303316 42
33303318 33303320 63
33303327 33303330 40
33303334 33303336 32
33303344 33303345 87
33303346 33303347 24
33303355 33303356 1
33303357 33303358 14
33303367 33303369 98
33303371 33303372 86
33303386 5761041 56
3139607 3616134 65
33303390 33303392 59
33303396 33303398 12
2130729 2877967 11
33303405 33303407 49
1610482 2460550 15
33303429 33303430 42
33303441 33303443 9
33303448 33303449 87
1610484 2460552 4
33303454 33303456 42
28409652 28409682 46
33303461 33303463 90
33303465 33303468 18
33303470 33303471 15
33303475 33303476 89
33303478 10081375 13
33303482 33303483 62
33303490 33303492 4
33303494 33303496 47
28409653 28409685 9
1610439 2460468 86
1610441 2460471 37
33303509 33303510 20
33303516 33303519 4
33303520 33303523 96
442855 1091562 36
33331571 33331573 75
33331575 33331579 80
33331581 33331583 91
33331585 33331587 48
33331589 33331591 48
33331593 33331596 74
33331599 33331603 4
33344156 33344161 13
15174192 15174203 83
33536284 33536287 15
33541577 33541578 60
33548926 33548927 99
2422168 3107845 27
33551220 33551222 84
948825 1778661 70
33551448 33551453 47
34749353 34749354 18
33535351 33535362 75
34754004 34754006 98
34809252 34809253 66
34809350 33270653 8
34810192 34810194 77
34812445 34812447 32
34812857 34812861 13
34812928 34812931 99
34816686 34816688 75
34813056 34813059 83
34817828 34817829 92
33531415 33531421 87
34824383 34824386 39
34825232 34825234 55
34826188 30324114 81
34827217 34827219 2
34827393 34827398 60
34832204 34832205 8
34834522 34834524 80
34834585 34834586 17
34834622 34834623 33
30244943 30244947 81
34835983 34835984 79
3766922 4029290 82
34851765 34851768 69
34852563 34852565 32
34853560 34853562 30
15050423 15050429 38
34855516 34855517 42
34855984 34855987 33
25451972 25451977 76
34863059 34863062 54
33551097 33551100 70
30767616 30767623 53
34868361 34868363 1
34891814 34891817 19
34895474 34895475 8
34896318 34896324 63
34901577 34901579 33
34915328 34915330 12
34915377 34915380 51
33551225 33551226 17
34926702 34926706 35
34927229 34927230 47
34928290 34928291 17
34959732 34959734 62
34960229 34960230 60
34984942 34984943 70
34985193 34985195 21
34985715 34985716 76
30761205 30761217 49
10358176 10358179 52
35637595 35637597 9
35638341 35638342 64
35652621 35652622 59
35660250 35660251 88
35669558 35669559 50
35669564 35669565 38
35669599 35669601 56
35672607 35672608 15
35743164 35743165 92
36700403 36700406 79
36745270 36745274 84
36745652 36745654 19
36757299 36757300 24
36769425 36769427 46
38082035 38082037 36
38083528 38083529 52
38085493 38085496 62
38096008 38096010 45
38127591 38127593 90
38129152 38129154 38
38142613 38142616 31
38150935 38150936 90
38160300 38160304 65
38173509 38173511 11
38182992 38182997 51
38183619 38183620 10
38191093 38191096 93
33319171 33319172 61
158720 498933 75
34805570 34805571 26
38654925 38654927 20
38656934 38656935 60
35724973 35724975 22
6259845 6259851 11
8738834 8738839 99
2467735 3145516 67
38778787 38778788 38
38793797 38793800 12
28730591 28730593 17
39225105 39225107 99
39225730 39225732 38
33303075 33303077 87
39457444 39457446 4
39458698 39458700 37
39460082 39460084 81
39461363 39461365 9
39461700 39461702 46
39461704 39461706 63
39461725 39461728 30
39462368 39462370 86
39462402 39462405 24
39463502 39463504 17
39465196 39465198 82
39467081 39467083 44
39467089 39467092 32
39467860 39467862 80
39468897 39468899 81
39469360 39469362 19
39462404 39462410 32
33302131 33302134 8
39471523 39471525 24
39471814 39471816 14
39471840 39471842 59
39472332 39472334 62
39472747 39472749 44
39472820 39472822 54
39472983 39472985 6
39473057 39473059 79
39473101 39473103 27
39473320 39473322 10
39473865 39473867 71
39473870 39473872 58
39474769 39474771 62
32555315 32555318 80
39476520 39476522 88
39477135 39477137 55
39477176 39477178 92
25451262 25451271 72
39477586 39477588 4
33535352 33535366 68
39478328 39478330 31
39478387 39478389 29
33535353 33535369 4
39478876 39478878 23
39481109 39481112 54
39481136 39481138 29
39481366 39481368 25
39482919 39482921 4
39483123 39483125 31
39483672 39483674 83
39483760 39483762 57
39485833 39485836 52
39485845 39485847 94
39486993 39486995 22
39487766 39487768 24
39488175 39488177 37
39488467 39488469 91
33302303 33302306 30
39489340 39489342 20
39490025 39490027 52
39490128 39490131 71
39490159 39490161 80
39490409 39490411 30
39490535 39490538 75
39490592 39490594 71
39492229 39492233 1
39492958 39492960 45
39492968 39492970 47
39492977 39492979 43
33302285 33302292 43
39493140 39493143 97
39494264 39494266 32
33535334 33535344 39
39495409 39495412 86
39495866 39495868 41
39497046 39497049 98
33301802 33301805 15
39497665 39497667 100
39497675 39497677 67
39497840 39497842 72
39498303 39498307 84
39498921 39498923 10
39498963 39498966 14
33097827 33097832 88
39499902 39499904 48
39499962 39499965 62
39500134 39500136 82
39500243 39500245 80
39500276 39500278 32
39500282 39500284 75
39500834 39500836 7
39500973 39500975 68
39501448 39501451 26
39501504 39501507 42
39501710 39501712 98
39503386 39503389 88
39504850 39504852 40
39505506 39505508 43
39505877 39505879 17
39506576 39506578 25
39506629 39506631 81
39506710 33300657 75
39506731 39506733 23
39507016 39507018 5
39507189 39507191 94
39507629 39507631 63
39508078 39508080 68
39508659 39508661 14
39508698 39508700 32
39509945 39509947 29
39510167 39510172 82
39510891 39510893 72
39510965 39510967 76
39511013 39511015 78
39511046 39511048 3
39511205 39511207 71
39511228 39511230 94
33535354 33535374 87
39512529 39512531 19
39512540 39512542 15
39512882 39512884 33
39513047 39513049 57
39513364 39513366 5
15008247 15008253 49
39514066 39514068 63
39514323 39514325 98
39514437 39514439 25
39514516 39514518 86
35910852 35910856 69
39514972 39514974 83
39514990 39514993 37
39514998 39515000 16
39515297 39515299 58
39515859 39515861 25
39515956 39515958 4
39516349 39516351 70
39516650 39516652 96
39516693 39516695 2
39516698 39516702 42
39517034 39517036 92
39517800 39517803 81
39517814 39517816 70
39517824 39517829 72
39518362 39518364 47
39518380 39518382 70
39518835 39518837 22
39521011 39521013 13
39521500 39521502 96
39521504 39521506 68
39521527 39521529 37
39521549 39521551 30
33534078 33534081 21
39522557 39522562 8
39523967 39523969 21
39524677 39524679 95
39525941 39525943 74
39526137 39526141 100
39526217 39526219 26
39526286 39526288 32
39526731 39526733 21
39529425 39529428 21
39529607 39529609 5
39529700 39529702 30
39529707 39529709 69
39529772 39529775 51
39530955 39530958 65
39531429 39531431 4
39533561 39533563 95
39533619 39533621 66
39535219 39535221 35
39579363 39579365 52
39580640 39580643 19
39580671 39580673 49
39581038 39581040 100
33302180 33302186 6
39584099 39584101 26
39584371 39584373 84
39585836 39585838 24
39585907 39585909 17
39586189 39586191 71
39586264 39586266 44
39587042 39587044 47
39587065 39587067 50
39587669 39587671 97
39588006 39588008 73
39588099 39588101 76
39589060 39589062 100
39591055 39591057 33
39637464 39637465 17
39940255 39940256 73
39940390 39940391 25
39945057 39945058 84
40125509 40125510 3
40134285 40134286 59
40151052 40151053 88
40163072 7113368 11
40191678 40191679 14
40220399 40220400 65
12262312 12262317 24
12191962 12191968 26
28450257 28450258 36
10300904 10300910 98
40633922 40633924 88
40633923 40633925 59
40634031 40634033 43
40634032 40634036 77
40634499 40634500 32
33540955 33540961 60
36745273 36745275 92
43444832 43444834 19
43538490 43538491 6
43538566 43538569 69
43702895 43702897 41
43714423 43714424 76
43735108 43735110 61
43745222 43745223 73
43749346 43749347 65
43754481 43754482 41
43821388 43821389 38
43821813 43821814 30
43839691 43839693 12
33543552 33543554 39
43840006 43840008 88
43840124 43840126 48
43840148 43840150 36
43840171 43840173 3
43840212 43840214 93
43840292 43840294 42
43840321 43840323 43
43840386 43840388 6
43840418 43840421 60
43840552 43840554 44
43840579 43840582 25
43840626 43840628 89
43840695 43840697 58
33540399 33540401 100
43840738 43840740 87
43840741 43840743 8
43840789 43840791 53
43840914 43840916 82
43841020 43841022 43
43841044 43841046 33
43841083 43841085 100
33536889 33536891 68
6933071 6933136 41
45870530 61894 9
45870532 45870533 10
45870535 45870536 94
45870537 14279305 40
45870538 45870539 36
45870541 45870542 29
45870544 45870545 20
45870547 45870548 70
45870550 45870551 27
45870552 45870553 95
45870554 45870555 81
45870556 45870557 91
45870558 45870559 86
45870560 45870561 4
45870563 45870564 51
45870565 45870566 97
45870567 45870568 3
45870569 45870570 39
45870572 45870573 43
45870575 45870576 38
45870577 45870578 91
45870579 45870580 32
45870582 45870583 22
45870584 45870585 81
45870587 45870588 94
45870589 45870590 30
45870591 45870592 30
45870593 45870594 61
45870596 45870597 19
45870598 45870599 61
45870601 45870602 45
45870604 45870605 52
45870607 45870608 96
45870610 45870611 36
45870612 45870613 75
45870614 45870615 29
45870616 45870617 58
45870618 45870619 62
45870620 45870621 21
45870622 45870623 29
33536890 33536893 97
45870624 45870625 75
45870626 45870627 64
45870629 45870630 4
45870631 45870632 68
45870633 45870634 79
45870636 45870637 76
45870638 45870639 20
45870641 39613433 86
45870643 45870644 36
45870645 45870646 20
45870648 45870649 94
45870651 45870652 33
45870653 45870654 93
45870655 45870656 67
45870658 45870659 39
45870660 45870661 18
45870663 45870664 37
45870666 45870667 44
45870668 45870669 99
45870670 45870671 39
45870673 45870674 51
45870676 45870677 64
45870679 45870680 15
45870682 45870683 25
45870685 45870686 64
45870687 45870688 42
45870689 45870690 12
45870691 45870692 26
45870694 45870695 74
45870696 45870697 95
45870698 45870699 62
45870700 45870701 14
45870702 45870703 30
45870704 45870705 29
45870706 45870707 76
45870709 45870710 13
45870712 45870713 66
45870714 45870715 34
45870716 45870717 14
45870718 45870719 89
45870721 45870722 75
45870723 45870724 37
45870726 45870727 88
45870728 45870729 40
45870731 45870732 3
33549039 33549044 78
45870733 45870734 35
45870735 45870736 88
45870738 45870739 8
45870740 45870741 59
45870742 45870743 86
45870745 45870746 55
45870747 45870748 74
45870749 45870750 84
45870751 45870752 44
45870754 45870755 42
45870757 45870758 67
45870759 45870760 56
45870762 45870763 92
45870764 45870765 97
45870766 45870767 79
45870769 45870770 4
45870772 45870773 94
45870775 45870776 37
45870778 45870779 5
45870781 45870782 43
45870783 45870784 61
45870786 45870787 69
45870789 45870790 13
45870791 45870792 25
45870793 45870794 60
45870795 45870796 14
45870797 45870798 44
45870799 45870800 23
45870801 45870802 24
45870803 45870804 84
45870805 45870806 11
45870808 45870809 30
45870811 45870812 2
45870813 33311716 82
45870814 45870815 80
45870817 45870818 6
45870819 45870820 50
45870821 45870822 9
45870824 45870825 24
45870827 45870828 63
45870829 45870830 9
45870831 45870832 46
45870833 45870834 87
45870836 2309539 77
45870838 45870839 36
45870841 45870842 66
45870843 45870844 43
45870845 45870846 10
45870847 45870848 92
45870849 45870850 42
45870851 45870852 16
45870853 45870854 34
45870856 45870857 54
45870859 45870860 45
45870861 45870862 22
45870863 45870864 51
45870865 45870866 82
45870868 45870869 66
45870871 45870872 60
45870874 45870875 55
45870877 45870878 15
45870879 45870880 4
45870881 45870882 35
45870883 45870884 84
45870885 45870886 9
45870887 45870888 24
45870889 45870890 68
45870891 45870892 98
45870893 45870894 11
45870896 45870897 17
45870898 45870899 11
45870900 45870901 35
45870903 45870904 43
45870906 45870907 18
45870909 45870910 92
45870911 45870912 64
45870914 45870915 15
45870916 45870917 94
45870918 45870919 42
45870920 45870921 93
45870922 45870923 90
45870924 45870925 39
45870926 45870927 36
45870928 45870929 78
45870931 45870932 71
45870934 2901897 49
45870935 45870936 13
45870938 45870939 48
45870941 45870942 14
45870944 45870945 75
45870946 45870947 22
45870949 45870950 79
45870952 45870953 56
45870955 45870956 25
45870958 45870959 80
45870960 45870961 30
45870962 45870963 58
45870965 45870966 49
45870967 45870968 5
45870969 45870970 24
45870971 45870972 26
45870973 45870974 23
45870975 45870976 38
45870978 45870979 88
45870980 45870981 65
45870983 45870984 36
45870985 45870986 46
45870987 45870988 50
45870989 45870990 31
45870992 45870993 59
45870994 45870995 35
45870996 45870997 71
45870998 45870999 76
45871001 45871002 82
45871004 45871005 33
45871006 45871007 100
45871008 45871009 53
45871010 45871011 40
45871013 45871014 51
45871016 45871017 16
45871019 45871020 18
45871022 45871023 21
45871024 45871025 22
45871027 45871028 57
45871029 45871030 45
45871031 45871032 74
45871033 45871034 11
45871035 45871036 49
45871038 45871039 26
45871040 45871041 4
45871042 45871043 50
45871044 45871045 36
45871047 45871048 18
45871049 45871050 17
45871052 45871053 85
45871055 45871056 2
45871058 45871059 19
45871061 45871062 5
45871064 45871065 97
45871066 45871067 89
45871068 45871069 58
45871071 45871072 13
45871074 45871075 33
45871076 45871077 98
45871078 45871079 16
45871080 45871081 65
45871082 45871083 75
45871084 45871085 12
35910853 35910858 6
45871087 45871088 66
45871089 45871090 67
45871092 45871093 1
45871094 45871095 51
45871097 45871098 66
45871100 45871101 10
45871102 45871103 86
45871104 45871105 41
45871108 45871109 2
45871111 45871112 32
45871114 45871115 46
45871116 45871117 42
45871118 45871119 40
45871120 45871121 97
45871122 45871123 24
45871124 45871125 14
45871127 45871128 12
45871129 45871130 71
45871131 45871132 64
45871134 45871135 50
45871137 45871138 34
45871140 45871141 4
45871143 45871144 52
45871145 45871146 24
45871147 45871148 96
45871150 45871151 28
45871152 45871153 6
45871155 45871156 10
45871157 45871158 5
45871160 45871161 2
45871162 45871163 29
45871165 45871166 82
45871167 45871168 66
45871169 45871170 87
45871171 45871172 98
45871173 45871174 28
45871176 45871177 24
45871178 45871179 39
45871180 45871181 69
45871182 45871183 93
45871185 45871186 33
45871188 45871189 8
45871191 45871192 49
45871194 45871195 37
45871196 45871197 5
45871198 45871199 21
45871201 45871202 95
45871203 45871204 99
45871205 45871206 91
45871207 45871208 35
45871209 45871210 84
45871211 45871212 22
45871213 45871214 10
45871215 45871216 27
45871217 45871218 38
45871219 45871220 8
45871222 45871223 40
45871224 42500320 86
45871225 45871226 7
45871228 45871229 73
45871231 45871232 47
45871234 45871235 31
45871237 45871238 58
45871240 45871241 7
45871243 45871244 64
45871246 45871247 80
45871248 45871249 8
45871251 45871252 35
45871253 45871254 85
45871255 45871256 100
45871257 45871258 16
45871260 45871261 65
45871262 45871263 35
45871265 45871266 3
45871267 45871268 47
45871269 45871270 62
45871271 45871272 35
45871274 45871275 61
45871276 45871277 35
45871278 45871279 26
45871280 45871281 13
45871283 45871284 56
45871285 45871286 50
45871287 33137129 47
45871288 45871289 20
45871291 45871292 57
45871294 45871295 62
45871297 45871298 41
45871300 45871301 68
45871302 45871303 71
45871305 45871306 50
45871307 45871308 73
45871310 45871311 27
45871312 45871313 28
45871314 45871315 49
45871317 45871318 95
45871320 45871321 41
45871323 45871324 27
45871325 45871326 36
45871327 45871328 25
45871330 33294134 52
45871331 45871332 97
45871333 45871334 97
45871336 45871337 30
45871339 45871340 53
45871342 45871343 62
45871344 45871345 38
1846205 2649895 94
45871346 45871347 77
45871349 45871350 87
33548484 33548486 53
45871351 45871352 60
45871354 45871355 63
45871357 45871358 92
45871360 45871361 37
45871363 45871364 97
45871366 45871367 3
45871368 45871369 13
45871370 45871371 74
45871372 45871373 66
45871374 45871375 15
45871376 45871377 53
45871378 45871379 63
45871381 45871382 11
45871383 45871384 51
45871385 45871386 85
45871388 33337821 14
45871390 45871391 36
45871393 45871394 78
45871395 45871396 92
45871398 45871399 7
45871400 45871401 62
45871402 45871403 4
45871404 45871405 55
45871407 45871408 40
45871410 45871411 62
45871413 45871414 25
45871415 45871416 77
45871417 45871418 16
45871419 45871420 37
45871421 45871422 43
45871424 45871425 43
45871427 45871428 4
45871429 45871430 93
45871432 45871433 19
45871435 45871436 92
45871437 45871438 79
45871439 45871440 42
45871441 45871442 1
45871443 45871444 58
45871445 45871446 91
45871448 45871449 80
45871450 45871451 98
45871452 28546636 94
45871454 9250598 30
45871456 45871457 35
45871458 45871459 99
45871460 45871461 6
45871463 45871464 91
3766850 4029225 99
45871465 45871466 13
45871467 45871468 100
45871469 45871470 56
