2734528 3324459 51
9436105 9436114 64
3222342 3673898 78
2734551 3324698 85
2734552 3324710 41
10900747 10900758 38
10905843 10905851 40
10917541 10917558 59
10929117 10929125 45
10980151 10980157 8
11108619 11108630 75
11125494 11125503 25
2033529 2796088 2
4202326 4317765 56
11259626 11259637 91
2734535 3324540 14
11262149 11262160 29
2734536 3324552 1
11400747 11400758 80
2033557 2796507 50
2734538 3324571 7
1964667 2734701 43
337105 923257 73
3370581 3773815 67
11583760 11583770 39
11584107 11584117 48
1097393 1964718 65
11638583 11638591 48
12424160 12424167 27
4148431 4283194 17
3370582 3773825 37
14257685 14257689 51
2033777 2797806 76
2734651 3325183 34
14355355 8599226 83
14386218 14386225 31
14513286 14513293 26
2733867 3324004 70
14652521 14652527 26
14709785 14709791 59
15242543 15242549 33
15239460 15239466 85
15246965 15246968 23
15407226 15407234 2
28387812 28387813 29
28807844 28807863 51
29027544 29027547 97
29028076 29028080 79
29028818 29028822 12
30381372 30381374 46
30384625 30384626 71
30836907 30836910 14
30846856 30846859 21
30849964 30849969 9
30851016 30851021 14
30851079 30851081 26
30854283 30854286 37
31080807 31080812 25
31083102 31083106 28
31083492 31083493 44
31084020 31084022 41
31086682 31086683 18
31088044 31088046 23
31088211 31088217 60
31090868 31090871 31
31094357 31094360 90
31095840 31095843 34
31098419 31098423 94
31098500 31098501 45
31099752 31099756 30
31101524 31101526 79
31102751 31102752 34
4637042 4645087 96
2734577 3324873 9
32552565 32552570 7
32552853 32552859 96
32553902 32553905 43
32553937 32553940 83
14253463 14253471 29
1898031 2680239 48
2734579 3324881 7
2734542 3324601 33
2033538 2796183 11
32555893 32555897 55
32555920 32555924 91
32556159 32556163 9
32556984 32556990 11
2734597 3324948 73
2734603 3324972 97
32559423 32559427 93
32559546 32559549 86
32559692 32559696 10
30244450 30244459 98
33108682 33108685 62
33137519 33137521 46
33144146 33144148 49
33252611 33252614 23
5006395 5006413 73
2532135 3189397 85
2734544 3324615 97
2033781 2797817 31
2033541 2796193 92
33556613 33556614 27
33577845 33577848 32
34652625 34652626 70
34652722 1963597 7
11129791 11129803 99
34763639 34763643 70
34893720 34893721 92
35046072 35046076 51
35353975 35353981 46
35403860 35403863 92
35404150 35404154 82
35405583 35405586 66
35536764 35536771 1
35537049 35537052 29
35537860 35537862 29
35538164 35538168 5
35539320 35539323 71
35539414 35539419 90
35539579 35539583 54
35540907 35540913 32
35540923 35540927 100
35540975 35540978 10
35541611 35541614 85
35541795 35541798 79
35675363 35675368 54
35675583 35675585 76
35675596 35675599 98
35676815 35676818 89
35677040 35677044 48
35677260 35677264 53
35677293 35677296 53
35677501 35677503 46
35678581 35678584 84
35678618 35678620 83
35678676 35678679 71
35678685 35678690 6
35678715 35678717 29
4487900 4518870 97
35678904 35678908 80
35678909 35678913 38
35678914 35678917 1
35678921 35678925 52
35678964 35678965 36
35679000 35679003 96
35679007 35679011 44
35679025 35679029 95
35679234 35679236 38
35679464 35679467 84
35679695 35679698 50
35679706 35679708 61
35680326 35680329 47
9582216 9582221 85
35681332 35681335 53
35681360 35681363 67
35681682 35681684 8
35681685 35681689 64
35681786 35681789 12
35682492 35682497 85
35682624 35682627 72
4033148 4202333 84
33362838 33362840 11
35682819 35682820 13
35682872 35682874 69
35682880 35682883 55
35683008 35683011 9
35683170 35683173 51
35684084 35684088 38
35684091 35684093 48
35684228 35684231 94
35684245 35684248 11
35684256 35684260 38
35684342 35684345 2
35684435 35684438 84
32055647 32055656 52
35684557 35684560 84
35684581 35684585 1
35684604 35684606 48
35684970 35684973 100
35685000 35685003 25
35685090 35685094 78
35685734 35685738 96
35686574 35686578 54
35686751 35686755 61
35686800 35686804 47
35686987 35686990 69
35687197 35687201 66
35687212 35687215 34
35687291 35687294 21
35687414 35687417 4
35687596 35687599 81
35687602 35687605 33
35687619 35687623 7
35687998 35688001 75
35688161 35688164 38
35688637 35688638 35
35688680 35688684 14
35688885 35688889 77
35689270 35689276 42
35689820 35689217 48
35689938 35689943 39
35690441 35690443 53
35690582 35690586 96
35690779 35690782 46
35690966 35690968 54
35691586 35691590 19
32068829 32068835 16
35691780 35691781 79
35692057 35692059 45
35692402 35692405 44
35692429 35692432 18
35692450 35692454 1
35692478 35692479 71
9216828 9216841 74
35692529 35692532 20
35692621 35692623 70
35692794 35692797 79
35692837 35692838 70
35693679 35693681 93
35693758 35693760 17
35694337 35694338 99
35694384 35694386 44
35694906 35694910 1
35694931 35694935 40
35694965 35694966 13
35695775 35695776 73
35696871 35696873 12
35697097 35697099 38
35697769 35697771 99
35698089 35698092 84
35698506 35698509 80
35698846 35698848 16
35699693 35699695 77
35700464 35700466 97
35701262 35701264 3
35701271 35701274 32
35701465 35701468 94
35701480 35701482 84
35701654 35701657 40
35701730 35701733 3
35702126 35702128 51
35702200 35702201 42
35702225 35702226 88
35702840 35702843 63
35703108 35703112 68
30830875 30830878 39
35703503 35703506 94
35703959 35703962 95
35706378 35706382 94
35706398 35706402 45
35707727 35707731 64
35707937 35707940 21
35707941 35707942 62
35708639 35708641 88
11628468 11628476 71
35709141 35709143 7
35709368 35709370 85
35709371 35709375 96
35709627 35709628 32
35709846 35709849 19
35710330 35710336 96
35710508 35710510 98
35710540 35710546 36
35711529 35711532 44
35711585 35711587 43
35711612 35711615 67
35711681 35711685 83
35712763 35712765 57
35712904 35712906 69
35713473 35713476 4
35713542 35713545 15
35713655 35713659 90
35713975 35713980 80
35714389 35714391 42
35714419 35714423 87
35714490 35714494 29
35714752 35714756 76
35714947 35714950 83
35715048 35715049 76
35715181 35715184 71
35715219 35715222 76
35715345 35715347 38
35715836 35715839 16
35715944 35715947 8
35715955 35715958 19
35716195 35716199 65
35716341 35716345 68
35717427 35717430 89
35717620 35717622 71
35717662 35717664 85
35717726 35717729 17
35718333 35718338 56
35718535 35718539 32
35718591 35718594 89
35719167 35719170 40
35719181 35719183 9
35719727 35719729 68
35719965 35719968 96
35720191 35720194 23
35720280 35720282 92
35720298 35720299 75
35721006 35721009 64
35721573 35721576 11
35721864 35721868 49
35721933 35721935 40
35722399 35722401 69
35722544 35722549 57
35677204 35677208 10
35722609 35722611 23
35722781 35722785 10
35722886 35722890 100
35722976 35722979 61
35722998 35723001 9
35723269 35723271 84
35723501 35723503 39
35724127 35724130 75
35724373 35724376 31
33369093 33369096 11
35724758 35724761 47
35724956 35724961 59
12192774 12192780 76
35725266 35725270 74
35725321 35725325 8
35725328 35725329 87
35725388 35725393 75
3539764 3888597 6
35725607 35725610 27
35725705 35725708 80
35725997 35726001 75
35726061 35726062 18
35726491 35726494 80
35726865 35726869 63
35727313 35727316 29
35727369 35727371 98
35727430 35727434 99
35727854 35727860 25
35728088 35728091 37
1667346 2506657 3
35728643 35728647 67
35863544 35863547 18
36700429 36700431 45
36739305 36739308 44
37695897 37695899 50
37696075 37696076 37
37696077 37696079 23
37696080 37696083 57
37696096 37696098 1
37696099 37696101 32
37696131 37696134 75
37696224 37696228 35
37696242 37696244 73
37696254 37696258 35
37696297 37696301 95
37696312 37696314 69
37696328 37696330 10
37696331 37696334 13
37696352 37696353 77
37696366 37696369 83
37696374 37696376 65
37696386 37696390 96
37696415 37696417 56
37696418 37696420 9
37696441 37696444 57
37696445 37696448 26
37696449 37696450 74
37696464 37696466 90
37696488 37696492 78
37696493 37696498 4
37696505 37696508 65
37696510 37696511 82
37696519 37696521 65
37696580 37696582 20
37696599 37696603 15
37696616 37696619 1
37696626 37696630 49
37696639 37696644 54
37696719 37696724 85
37696733 37696737 55
37696744 37696748 73
37696753 37696757 54
37696781 37696784 64
37696785 37696787 67
37696788 37696792 96
37696793 37696798 27
37696801 37696804 88
37696815 37696817 56
37696834 37696838 48
37696839 37696841 32
37696869 37696871 12
37696905 37696908 3
37696936 37696938 16
37696967 37696970 26
37697035 37697039 78
37697128 37697130 52
37697176 37697180 39
37697205 37697209 41
37697211 37697213 52
37697218 37697220 78
37697221 37697223 29
37697247 37697249 16
37697262 37697264 98
37697265 37697267 56
37697273 37697276 57
37697335 37697339 23
37697340 37697344 90
37697374 37697378 14
37697397 37697401 14
37697405 37697408 97
37697422 37697424 13
37697443 37697447 57
37697508 37697512 78
37697527 35681538 66
37697535 37697539 64
37697606 37697611 62
37697726 37697730 83
37697732 37697734 6
37697802 37697805 100
37697823 37697826 41
37697909 37697911 14
37698218 37698220 65
37698292 37698296 96
37698681 37698683 31
37698751 37698754 16
37698874 37698877 15
37699062 37699064 97
37699124 37699125 7
37699257 37699260 23
9813549 9813560 5
37699925 37699927 76
37700341 37700342 25
37700741 37700742 27
37700973 37700974 12
31778115 31778120 73
38236150 38236153 22
3539767 3888600 44
15244367 15244387 32
35537808 35537811 50
38695735 38695736 82
39457255 39457257 74
39457582 39457584 42
39457876 39457878 26
39461634 39461637 25
39463454 39463456 23
39464448 39464451 11
39472464 39472467 78
39472468 39472470 51
39473054 39473056 30
39474230 39474233 13
39474286 39474288 19
39477123 39477126 77
39482750 39482754 61
39488819 39488822 60
39494325 39494328 4
39494732 39494736 92
39497988 39497991 35
39505426 39505429 29
39510866 39510869 54
39512154 39512157 67
39514898 39514902 37
39515139 39515143 48
39518876 39518878 91
39520024 39520026 48
39527324 39527328 17
39527550 39527553 79
39528110 39528114 36
39533667 39533669 14
39960745 39960747 22
39965882 39965885 66
39979077 39979081 39
39979098 39979100 1
39979135 39979136 38
39979331 39979336 30
39979363 39979367 14
39979456 39979458 59
39979568 39979572 43
39979583 39979588 5
39979688 39979692 73
39979693 39979696 51
39979990 39979992 80
39980024 39980026 32
39980079 39980083 93
39980131 39980133 32
39980139 39980141 31
39980142 39980144 64
39980175 39980180 28
39980260 39980263 37
39980299 39980300 86
39980304 39980306 80
39980310 39980311 27
39980326 39980327 97
39980328 39980329 90
39980418 39980419 59
39980461 39980463 91
39980796 39980799 20
39980909 39980912 84
39981151 39981152 98
39981167 39981169 51
39981182 39981185 31
39981224 39981226 85
39981227 39981231 89
39981232 39981235 49
39981264 39981268 82
39981271 39981275 92
39981276 39981280 46
39981305 39981309 6
39981310 39981313 79
39981335 39981339 59
39981342 39981344 71
39981370 39981372 75
39981396 39981399 61
39981404 39981407 49
39981441 39981444 26
39981486 39981489 54
39981511 39981515 94
39981516 39981520 50
39981597 39981599 31
39981635 39981639 43
39981712 39981714 90
39981892 39981894 23
39981918 39981920 72
39982202 39982203 5
39982394 39982396 17
39982450 39982451 56
39982498 39982499 68
39982670 39982673 22
39982940 39982941 70
39982948 39982950 30
39983111 39983114 34
39983118 39983119 6
39983123 39983125 7
39983134 39983137 83
39983157 39983161 84
39983171 39983175 91
39983186 39983191 34
39983216 39983219 78
39983239 39983245 7
39983248 39983251 91
39983266 39983270 3
39983319 39983320 70
39983322 39983324 32
39983363 39983367 13
39983391 39983393 66
39983394 39983398 3
39983404 39983406 92
39983411 39983414 56
39983440 39983443 42
39983462 39983466 65
39983563 39983565 9
39983579 39983583 30
39983686 39983688 100
39983836 39983840 70
39983877 39983878 38
39983881 39983883 18
39983884 39983887 66
39983888 39983891 26
39983964 39983967 87
39983980 39983983 33
39984000 39984003 59
39984165 39984168 79
39984980 39984982 100
39984983 39984984 56
39985088 39985091 73
39985184 39985185 43
39985227 39985230 6
39985312 39985315 76
39985390 39985394 64
39985668 39985669 49
39985774 39985775 78
39985781 39985783 30
39985899 39985902 93
39985918 39985920 72
39986010 39986012 82
39986027 39986031 53
39986059 39986063 16
39986083 39986088 98
39986090 39986092 59
39986094 39986099 99
39986106 39986108 62
39986119 39986123 43
39986127 39986131 82
39986132 39986136 34
39986149 39986151 62
39986160 39986162 48
39986176 39986178 63
39986181 39986183 45
39986233 39986237 83
39986263 39986267 56
39986312 39986315 87
39986327 39986331 32
39986342 39986344 75
39986345 39986348 22
39986356 39986360 9
39986394 39986396 66
39986405 39986409 72
39986441 39986445 34
39986448 39986451 9
39986613 39986616 11
39986628 39986631 4
39986658 39986662 52
39986667 39986671 59
39986768 39986771 96
39986773 39986777 92
39986786 39986789 62
39986807 39986809 48
39986850 39986852 68
39986885 39986887 15
39986904 39986906 77
39987016 39987018 26
39987022 39987023 6
39987227 39987230 71
39987412 39987413 51
39987520 39987523 50
39987646 39987648 22
39987858 39987860 52
39987870 39987873 89
39987958 39987960 96
39987980 39987982 99
39988125 39988127 46
39988146 39988148 84
39988184 39988187 47
39988206 39988209 22
39988285 39988286 8
39988506 39988507 15
39988532 39988534 66
39988645 39988647 85
39989037 39989039 45
39989047 39989048 66
39989103 39989104 58
39989163 39989164 78
39989239 39989243 98
39989255 39989259 77
10713310 10713319 34
39989315 39989317 82
39989329 39989332 71
39989348 39989350 22
39989351 39989352 52
39989374 39989378 25
39989387 39989391 39
39989400 39989404 5
39989459 39989462 47
39989466 39989469 8
39989475 39989479 10
39989480 39989484 60
39989485 39989489 83
39989498 39989501 12
39989502 39989505 80
39989508 39989512 19
39989518 39989519 18
39989542 39989546 46
39989547 39989551 43
39989557 39989561 32
39989564 39989568 77
39989579 39989581 82
39989595 39989597 22
39989598 39989600 60
39989626 39989630 98
39989651 39989653 65
39989691 39989693 100
39989720 39989723 40
39989739 39989742 88
39989765 39989767 25
39989797 39989801 19
39989809 39989810 87
39989837 39989842 98
39989867 39989871 1
39990076 39990080 75
39990084 39990085 20
39990137 39990139 9
39990148 39990150 84
39990151 39990152 32
39990170 39990175 77
39990176 39990179 35
39990227 39990230 22
39990248 39990251 67
39990469 39990470 65
39990690 39990692 38
39990751 39990753 19
39990762 39990763 43
39990791 39990793 98
39990903 39990904 74
39990952 39990955 5
39990990 39990994 61
39991075 39991077 85
39991109 39991110 3
39991185 39991187 51
39991320 39991322 28
39991393 39991394 25
39991704 39991705 94
39991732 39991737 89
39991963 39991964 12
39992249 39992251 73
39992333 39992336 52
39992543 39992544 9
39992592 39992593 10
39992631 39992632 55
39992652 39992654 21
39992655 39992657 99
39992764 39992766 71
39992904 39992907 5
39992962 39992966 61
39992976 39992978 58
39993005 39993007 34
39993019 39993022 26
39993040 39993044 62
39993049 39993054 30
39993059 39993061 82
39993063 39993065 48
39993076 39993078 98
39993095 39993099 8
39993123 39993126 48
39993161 39993165 58
39993177 39993181 83
39993194 39993196 72
39993206 39993208 7
39993253 39993257 65
39993271 39993274 7
39993305 39993307 14
39993310 39993311 64
39993314 39993316 29
39993322 39993325 69
39993342 39993344 72
39993350 39993352 13
39993365 39993368 53
39993371 39993373 12
39993402 39993404 26
39993405 39993407 41
39993454 39993456 35
39993500 39993504 21
39993526 39993530 99
39993531 39993533 85
39993544 39993548 89
39993607 39993610 35
39993611 39993615 42
39993617 39993619 6
39993676 39993678 36
39993698 39993701 98
39993730 39993733 96
39993745 39993750 86
39993807 39993811 49
39993887 39993889 94
39993927 39993928 21
39993972 39993973 31
39994027 39994029 89
39994030 39994034 99
39994085 39994088 77
39994145 39994148 74
39994178 39994180 38
39994184 39994186 63
39994194 39994195 29
39994204 39994205 32
39994232 39994233 7
39994234 39994235 44
39994687 39994688 51
39994709 39994711 10
39994712 39994713 23
39995049 39995050 25
39995268 39995271 79
39995295 39995296 77
39995391 39995394 96
39995425 39995428 43
39995601 39995602 50
39995785 39995786 15
39995862 39995864 85
39995867 39995870 41
39995916 39995917 31
39995920 39995923 13
39996080 39996082 30
39996456 39996459 21
39996500 39996502 60
39996722 39996723 75
39996780 39996782 77
39996786 39996788 70
39996806 39996807 93
39996967 39996968 3
39996970 39996972 84
39996977 39996979 1
39996981 39996984 11
39997007 39997012 62
39997118 39997122 85
39997123 39997126 55
39997142 39997143 4
39997170 39997172 67
39997202 39997204 2
39997216 39997218 40
39997236 39997240 90
39997253 39997257 65
39997315 39997316 63
39997322 39997324 74
39997325 39997328 59
39997329 39997331 79
39997346 39997347 56
39997350 39997352 60
39997353 39997356 60
39997392 39997395 29
39997454 39997459 73
39997471 39997473 17
39997486 39997487 2
39997521 39997524 97
39997559 39997561 4
39997598 39997599 62
39997600 39997602 92
39997605 39997608 46
39997612 39997613 83
39997655 39997657 66
39997755 39997759 83
39997780 39997782 100
39997824 39997828 72
39997840 39997841 28
39997872 39997874 37
39997876 39997879 21
39997916 39997919 50
39997947 39997951 1
9216839 9216845 29
39998253 39998255 11
39998258 39998260 28
39998263 39998265 32
39998401 39998402 44
39998439 39998442 7
39998455 39998456 98
39998586 39998588 48
39998723 39998726 4
39998836 39998839 23
39998850 39998853 54
39998959 39998961 83
39999018 39999020 20
39999095 39999098 87
39999099 39999101 60
39999319 39999323 68
39999582 39999583 30
39999689 39999690 68
40000166 40000168 55
40000275 40000278 76
40000350 40000352 87
40000370 40000371 51
40000524 40000525 1
40000539 40000541 17
40000542 40000544 41
40000577 40000581 47
40000582 40000585 5
40000607 40000609 83
40000652 40000655 96
40000659 40000662 60
40000717 40000722 77
40000732 40000736 47
40000768 40000772 38
40000818 40000822 98
40000839 40000841 77
40000862 40000865 97
40000871 40000873 49
40000882 40000884 74
40000887 40000889 54
40000895 40000898 26
40000901 40000903 97
40000956 40000959 42
40001050 40001052 48
40001060 40001063 55
40001163 40001166 35
40001179 40001181 82
40001207 40001209 56
40001210 40001212 12
40001363 40001366 18
40001398 40001401 64
40001415 40001417 53
40001626 40001629 39
40001689 40001690 40
40001938 40001940 87
38238630 38238632 49
40002300 40002301 18
40002327 40002329 58
40002431 40002432 31
40002530 40002533 63
40002591 40002593 9
40002740 40002742 14
40002864 40002866 89
40002966 40002968 99
40003322 40003324 80
40003339 40003340 70
40003345 40003348 57
40003414 40003416 67
40003422 40003426 72
40003454 40003457 23
40003475 40003477 90
40003489 40003492 20
40003510 40003513 26
40003556 40003559 91
40003593 40003596 46
40003616 40003617 22
40003618 40003621 77
40003624 40003626 67
40003632 40003635 21
40003674 40003676 41
40003719 40003724 48
40003760 40003763 7
40003898 40003900 74
40003907 40003908 25
40003997 40004000 64
40004233 40004236 51
40004315 40004317 76
40004476 40004477 75
40004790 40004792 14
40005209 40005210 30
40005331 40005334 11
40005407 40005410 40
40005414 40005416 37
40005442 40005445 76
40005527 40005530 13
40005720 40005724 88
40005733 40005736 35
40006142 40006144 98
40006230 40006231 53
40006445 40006449 56
40006482 40006484 88
40006572 40006575 30
40006801 40006802 62
40006885 40006886 53
40023543 40023545 79
40023632 40023633 68
40023644 40023645 83
40023773 40023775 75
40024085 40024086 49
40024520 40024521 92
40024724 40024726 93
40024762 40024764 66
40025090 40025091 95
40025092 40025093 63
40025142 40025143 65
40025782 40025783 52
40026029 40026030 88
40026563 40026565 73
40026606 40026608 25
40026617 40026619 24
40027356 40027357 87
40027366 40027367 26
40027378 40027379 43
40027480 40027481 87
40027482 40027483 23
40027617 40027618 26
40027627 40027629 75
40027926 40027928 66
40027963 40027964 17
40027970 40027971 19
40028628 40028630 98
40028653 40028654 66
40028737 15519902 100
40028963 40028964 48
40029214 40029216 39
40029251 40029253 61
40029254 40029256 33
40029325 31095454 59
40030059 40030060 85
40030338 40030339 94
40030654 40030655 17
40030673 40030675 73
40030676 40030678 27
40030692 40030693 70
40030696 40030698 49
40031817 40031818 14
40031827 40031828 78
40031847 40031848 71
40032381 40032383 77
40032503 40032504 87
40032702 40032703 77
40032724 40032726 62
40032730 40032732 29
40033036 40033037 26
40033259 40033260 86
40033289 40033290 57
40033465 40033467 50
40033497 40033499 18
40033994 40033995 13
40034406 40034407 16
40034692 40034693 97
40034809 40034810 81
40034862 40034863 44
40034874 40034875 27
40034998 40035000 3
40035059 40035061 96
40035072 35718307 94
40035082 40035083 67
40035184 40035185 64
40035222 40035223 42
40035321 40035322 72
40035339 40035340 55
40035505 40035506 22
40105080 40105081 94
40107191 40107193 56
40120815 40120816 37
40121011 40121012 51
40137632 40137634 19
40155136 40155137 68
40185089 40185091 72
40192339 40192341 51
41203870 41203871 45
3744069 4015978 16
33326647 33326657 27
12695287 12695291 53
45177772 45177775 72
45293161 45293165 73
45460530 45460532 70
45460553 45460555 71
45461092 45461094 74
45461561 45461565 58
45461639 45461641 52
45461704 45461706 64
45461807 45461809 41
45462293 45462296 68
45462772 45462774 23
45463028 45463030 20
45466386 45466388 23
45466414 45466415 51
45466521 45466522 18
45466693 45466695 42
45466934 45466936 19
45467138 45467139 23
45467212 45467214 11
45467489 35703235 44
45467523 45467524 76
45467541 45467543 59
45467802 45467804 64
45467875 45467876 50
45468377 45468378 93
45468385 45468387 54
45468864 45468866 65
45468895 45468897 68
45469061 45469063 94
45582043 45582044 53
45582463 45582464 2
45583082 45583083 35
45583116 45583117 95
45583279 45583281 4
45583314 45583316 76
45583490 45583492 63
45584024 45584026 75
45584083 45584085 96
45584361 45584363 18
45584440 1963818 18
45584478 45584480 92
45584583 45584585 38
45584628 45584630 100
45584809 45584811 5
45584924 45584926 84
45584961 45584963 23
45585010 45585012 96
45585073 45585075 90
45585084 45585086 24
45585127 45585129 7
45585134 45585136 52
45871609 45871610 54
45871611 45871612 10
45871613 45871614 47
45871615 45871616 57
45871617 45871618 77
45871619 45871620 76
45871621 35690907 32
45871622 45871623 51
45871624 45871625 57
45871626 45871627 67
45871628 45871629 45
45871630 45871631 18
45871632 45871633 58
45871634 45871635 28
45871636 45871637 90
45871638 45871639 76
45871640 45871641 12
45871642 45871643 66
45871644 45871645 16
45871646 45871647 2
45871648 45871649 86
45871650 45871651 56
45871652 45871653 27
45871654 45871655 36
45871656 45871657 26
45871658 45871659 89
45871660 45871661 10
45871662 45871663 78
45871664 45871665 76
45871666 45871667 56
45871668 45871669 80
45871670 45871671 83
45871672 45871673 47
45871675 45871676 92
45871677 45871678 39
45871679 45871680 57
45871681 45871682 23
45871683 45871684 80
45871685 45871686 85
45871687 45871688 8
45871689 45871690 62
45871691 45871692 95
45871693 45871694 43
45871695 45871696 53
45871697 35674754 20
45871698 45871699 91
45871700 45871701 45
45871702 45871703 37
45871704 45871705 21
45871706 45871707 89
45871708 45871709 60
45871710 45871711 63
45871712 45871713 73
45871714 45871715 7
45871716 45871717 25
45871718 45871719 24
45871720 45871721 40
45871722 45871723 68
45871724 45871725 49
45871726 45871727 83
45871728 45871729 2
45871730 45871731 33
45871732 45871733 92
45871734 45871735 42
45871736 45871737 84
45871738 45871739 87
45871740 45871741 36
45871742 45871743 45
45871744 45871745 3
45871746 45871747 15
45871748 45871749 38
45871750 45871751 12
45871752 45871753 86
45871754 45871755 26
45871756 45871757 5
45871758 45871759 40
45871760 45871761 13
45871762 45871763 82
45871764 45871765 11
45871766 45871767 59
45871768 45871769 93
45871770 45871771 19
45871772 45871773 73
45871774 45871775 45
45871776 45871777 80
45871778 45871779 81
45871780 45871781 22
45871782 45871783 40
45871784 45871785 57
45871786 45871787 81
45871788 45871789 2
45871790 45871791 80
45871792 45871793 78
45871794 45871795 41
45871796 45871797 49
45871798 45871799 83
45871800 45871801 99
