4379858 4438177 94
10706789 10706798 14
4007846 4187889 47
11129583 11129591 30
3680297 3977076 78
13350175 13350182 37
4953992 4954022 55
13372629 13372639 60
13374642 13374648 15
13387360 13387366 27
13388618 13388627 1
13389363 13389372 85
13395943 13395951 1
13405319 13405328 10
3729810 4007833 18
13427080 13427087 77
13428406 13428417 79
243231 730968 35
3729811 4007845 69
13435703 13435713 25
13437633 13437637 16
13476329 13476342 89
13484917 13484924 31
13513691 13513698 15
13519894 13519901 95
13521822 13521830 27
13522274 13522282 27
14218761 14218765 50
14223853 14223857 96
14227323 14227326 13
14230657 14230662 85
14263500 14263506 7
14264375 14263507 58
14274034 14274040 75
14274679 14274685 83
14279433 14279437 89
14280976 14280980 25
14280981 14280985 60
14282123 14282128 91
3729812 4007852 95
14288122 14288126 57
14291993 14291997 71
14292763 5972671 95
14295996 14296000 40
14296465 14296470 18
14296471 14296477 72
14297373 14297380 94
14297969 14297973 82
14299686 14299690 22
14301568 14301572 36
14301578 14301585 59
14301595 14301603 74
1073226 1934700 63
14302849 14302862 22
14306501 14306505 94
14307292 14307296 1
14308302 14308307 50
14308781 14308788 74
14308928 14308932 75
14309187 14309193 15
14310471 14310475 2
14310696 14310701 27
14311492 14311496 24
14311607 14311612 67
14312425 14312430 2
14312561 14312565 100
14312784 14312789 43
14312792 14312796 87
14313137 14313141 9
14313403 14313408 93
14313741 14313745 84
14313758 14313762 25
14314031 14314035 93
14314315 14314319 35
14314482 14314486 25
14314840 14314844 38
14314950 14314954 42
14315053 14315057 7
14315485 14315494 37
14322983 14322989 60
14323241 14323247 24
4002336 4184441 18
14324869 14324873 45
14327013 14327019 10
14329119 14329123 68
14329248 14329252 96
14329527 14329531 76
14297375 14297384 45
3729813 4007859 97
14332097 14332103 73
14332358 14332365 80
14333601 14333605 32
14334850 14334854 99
14336477 14336482 79
14338395 14338399 58
14339038 14339042 64
14339043 14339049 35
14339050 14339049 92
14341196 14341200 59
14343774 14343780 11
14346145 14346149 97
14346215 14346220 43
14347285 14347289 7
14347290 14347294 80
14347295 14347299 87
14348318 14348322 56
14348583 14348588 44
14355425 14355431 61
14355435 14355439 29
14355709 14355715 63
14358703 14358707 18
14359877 14359881 61
14362895 14362899 37
14366733 14366737 31
14366742 14366749 82
14367910 14367914 20
14367949 14367953 36
14367954 14367958 1
14368909 14368914 53
14368915 14368919 2
14369156 14369161 17
14369702 14369706 48
14369915 14369920 8
14372780 14372784 23
14376057 14376062 32
14376223 14376228 56
14376597 14376601 1
14376831 14376835 16
14379637 14379641 60
14382218 14288126 84
14382221 14382225 46
14382839 14382843 100
14384198 13437637 20
14384588 14384592 73
14384841 14384846 34
14396922 14396926 66
14397858 14397864 91
14404736 14404741 32
14430010 14430017 7
14433053 14433060 3
14439822 14439826 43
14439983 14439988 42
14439995 14440000 41
14441587 14441592 33
14442143 14442149 8
14444139 14339049 80
14444775 14444779 46
14468244 14468249 20
14468699 14468703 33
14471546 14471550 45
14471867 14471871 90
14472770 14472774 56
14473517 14473522 9
14474535 14474539 47
14475041 14475045 71
14475511 14475515 9
14475516 14475515 83
243232 730973 34
14482273 14482277 13
14482921 14482926 64
14485546 14485550 58
14485566 14485570 2
14486558 14486566 30
14487038 14376067 60
14488056 14488060 69
14488990 14488995 83
14489034 14489038 87
14493211 14493215 18
14274681 14274690 3
14494732 14494736 49
2751130 3341858 64
14501998 14502002 39
14502010 14502014 4
14504423 14504427 27
14505092 14505096 43
14505692 14505696 34
14506501 14506505 10
14230659 14230667 41
14511382 14511388 68
14512428 14512433 66
14512753 14512757 47
14511384 14511392 27
14514710 14514714 79
3255673 3698328 33
14514715 14514719 55
14514953 14514958 94
14514964 14514970 45
14516344 14516348 28
14518812 14518816 21
14518919 14518925 16
14519236 14519240 89
14519866 14519870 78
14519996 14520001 54
14528262 14528267 40
14530604 14530608 21
14533298 14533303 76
14538490 14538494 34
14544391 14544396 61
14544727 14544731 89
14546240 14546245 91
14547463 14547468 29
4954014 4954035 53
14551945 14551949 62
14551955 14551959 82
14554344 14554348 49
14556425 14556435 84
14557022 14557028 11
14560344 14560348 3
14560779 14560786 34
14376059 14376067 11
14561192 14561196 46
14570081 14570085 40
14570152 14570156 11
14576067 14576071 26
14576690 14576694 30
14577822 14577826 36
14581160 14581164 67
14582036 14582040 36
14586333 14586342 43
14586402 14586406 50
14589614 14589618 82
14589704 14589710 81
14593476 14593481 8
14595311 14595316 81
14595317 14595321 77
14596475 14596479 42
14596496 14596500 36
14596512 14596516 33
14610866 14610870 4
14611136 14611140 6
14617091 14617095 16
14618659 14618664 55
14629236 14629241 82
14629554 14629562 61
14633376 14633380 83
14637410 14637415 35
14642839 14642843 91
14645572 14645576 21
14647131 14647135 51
14647161 14647166 4
14649870 14649874 36
14650406 14650410 78
14650870 14650874 32
14651295 14651299 38
14651420 14651425 93
14651443 14651447 60
14651762 14651766 47
14651950 14651954 32
14651955 14651959 21
14652036 14652040 28
14652108 14652112 39
3729814 4007863 17
14653186 14653190 33
14653191 14653195 28
14653208 14653212 1
14654378 14654382 21
14656346 14348322 98
3729815 4007869 100
14658089 14658094 54
14658863 14658867 20
14659177 14659182 11
14659534 14659539 31
14659715 14659719 86
14660333 14660337 85
14660375 14488060 27
14660401 14230662 28
14661580 14661585 65
14663132 14663136 8
14663187 14663191 37
14664583 14664586 16
14670228 14670232 64
14671502 14671506 84
14675030 14675034 97
14675210 14675214 81
14675261 14675265 12
14675283 14675287 30
14678677 14678681 67
14679642 14679646 88
14679867 14679872 46
14680011 14680017 42
14680541 14680546 93
14680962 14680966 99
14376225 14376232 68
14682534 14682539 98
14682886 14682891 54
14683244 14683248 22
14683435 13405328 62
14684827 14684831 77
14546242 14546249 54
14685317 14685321 36
14685338 14685342 17
14685664 14685668 23
14686467 14686471 33
14686816 14686820 34
14686826 14686830 20
14687072 14687076 19
14688405 14688409 13
14688442 14688447 42
13470209 13470217 75
14688656 14688660 19
14688822 14688826 84
14689580 14689585 67
14689807 14689811 25
14689812 14689816 24
14692533 14692537 91
14692917 14692922 91
14693310 14693314 71
14355711 14355720 46
14694293 14561196 47
14695405 14695409 13
14560781 14324873 75
14696598 14696604 72
14696631 14696637 11
14696638 14696642 6
14696942 14696947 57
14697030 14697035 91
14698048 14698053 36
14698287 14698293 64
14698463 14698468 4
14698561 14698570 40
14698800 14698804 50
14699022 14699026 58
14699695 14439988 23
14699706 14439988 18
14701912 14701917 67
14706973 14706977 71
14707690 14707694 96
14708752 14708756 50
14709119 14709123 31
14710570 14308311 10
14369917 14369924 70
14714812 14714817 95
14718746 14718750 67
14735568 14735573 92
14746986 14746990 28
14750281 14750285 21
22409181 22409186 23
22457095 22457100 13
14355427 14355434 44
28201927 28201930 17
28207954 28207956 80
14327015 14327024 6
28223615 14288126 24
14308304 14308311 31
28223640 28223643 59
28223652 28223654 2
28223655 28223657 20
28223679 28223680 68
28223722 28223724 39
28223730 28223732 85
28223738 28223740 2
28223741 28223743 5
28223747 28223750 17
28223774 14688409 91
28223781 28223783 93
28223827 28223829 46
28223908 28223910 26
28223911 28223914 4
28223945 28223948 14
28223962 28223963 99
28223982 28223985 76
28224011 28224015 39
28224042 14707694 36
28224061 14688409 98
28224066 28224068 35
28224157 28224159 99
28224171 28224173 82
28224174 14486566 16
28224176 28224178 36
28224197 28224199 48
28224203 13476342 12
28223983 28223987 91
28224207 28224208 46
28224221 28224223 3
28224226 28224227 27
14679869 14679874 41
28224228 28224230 10
28224231 28224233 83
28224235 28224238 100
28224239 28224241 74
28224244 28224246 9
28224247 28224249 21
28224250 28224252 19
28224253 28224255 78
28224259 28224264 44
28224269 28224272 41
28224276 28224279 89
28224285 28224287 87
28224293 28224296 67
222062 685567 49
28224312 28224314 24
28224318 28224321 69
28224329 28224331 97
28224332 28224335 77
28224338 28224340 73
28224342 14329123 90
28224346 28224348 43
28224349 28224351 17
28224352 28224354 58
28224355 28224357 80
28224358 28224360 36
28224361 28224363 76
28224365 28224367 84
28224369 28224371 20
28224372 28224374 11
28224375 14376232 94
28224382 13437637 16
28224416 28224418 50
28224419 28224421 64
28224428 28224431 60
28224444 28224446 56
28224447 28224449 77
28224452 28224454 83
28224455 28224457 23
28224462 28224464 81
28224468 28224470 41
13395945 13395953 83
28224482 14376232 36
28224484 28224486 45
28224487 14376232 6
28224494 28224496 87
28224498 28224500 60
28224503 28224505 75
28224508 14696642 88
28224514 28224516 12
28224518 28224520 65
28224521 28224523 69
28224524 3977076 51
28224527 28224529 11
28224533 14376067 53
28224539 28224542 78
14312786 14312791 35
28224553 14348322 82
28224558 28224560 31
28224561 28224563 100
28224565 28224569 54
28224574 28224576 80
28224582 28224585 38
3729816 4007872 86
28224590 28224593 41
28224607 28224609 63
28224611 28224613 22
28224615 28224617 1
685563 1440036 32
28224621 28224624 86
28224626 14511392 85
28224628 28224630 4
28224636 28224638 32
28224639 14519240 54
28224650 13476342 95
28224655 14376232 91
28224664 28224677 40
28224688 14439988 60
28224690 28224693 92
28224695 28224698 57
28224696 28224700 6
28224702 28224705 19
28224712 28224714 54
28224715 28224717 71
28224720 28224722 58
28224724 28224576 35
28224734 28224736 61
28224737 14439826 62
28224651 28224654 54
28224741 14439826 43
28224747 28224749 91
28224753 28224755 16
28224756 28224760 84
28224761 14308311 78
28224766 28224769 85
28224770 28224773 21
28224776 28224778 90
28224779 28224782 57
28224783 28224786 37
28224787 14376228 37
28224790 14685342 33
14512430 14511392 89
28224792 14685321 64
28224795 28224797 27
28224798 28224801 15
28224802 14688826 32
28224804 28224806 12
28224807 28224809 85
28224810 14307296 6
28224812 28224814 94
28224815 28224817 26
28224818 14313141 31
28224820 28224822 77
28224823 14488060 66
28224828 28224830 43
28224831 28224833 7
28224850 28224852 15
28224858 28224860 81
28224864 28224866 49
28224867 28224870 60
28224876 28224878 57
28224879 28224881 15
28224887 28224889 72
14355717 14263507 47
28224893 28224576 87
28224895 28224897 33
28224902 28224903 54
28224921 28224923 69
28224948 28224950 96
28224958 28224960 95
28224961 28224963 92
28224971 28224974 4
28224989 25487150 96
28225000 28225003 58
28225013 28225015 19
28225018 28225020 79
28225023 28225025 73
28225026 28225028 55
28225053 28225055 21
28225062 14263507 10
28225086 28225088 26
3729817 4007874 44
28225090 28225092 63
28225115 28225117 36
28225132 28225135 85
28225140 28225142 38
28225162 28224351 11
28225165 28225167 41
28225176 28225178 59
28225283 28225285 62
28225324 14685668 14
28225331 28224576 46
28225335 28225337 34
28225342 28225344 84
28225348 28225350 23
28225358 28224529 37
28225363 28225366 62
3729818 4007877 3
31772270 31772272 28
28224824 28224827 63
34344027 34344028 82
34363784 34363785 17
34434155 34434157 42
10917194 10917197 17
35046698 35046701 3
35047034 35047038 65
35065219 35065222 95
35067267 35067269 19
35068047 35068050 83
35069107 14439988 48
35075067 35075070 21
35075207 35075209 77
35076866 1007582 82
3729819 4007880 81
35078029 35078032 86
35079295 35079298 28
35079380 35079383 7
35079396 35079399 34
35080063 35080066 87
35084735 35084737 35
35085045 14376228 50
35085802 35085805 91
35085815 35085819 82
35085887 35085890 37
35087096 35087099 1
35089798 35089801 47
35090325 35090327 56
35091109 35091112 41
35091271 35091276 46
35093277 35093279 52
35093771 35093774 43
35094894 35094897 95
35100938 35100940 16
35101181 35101184 81
28761103 28761117 71
35397716 35397717 88
35774421 35774423 80
35774517 35774519 29
35940175 35940178 92
35940176 28224348 60
35951988 35951990 27
14263503 14263507 18
36013067 36013069 62
36057166 36057167 34
36062078 36062080 99
36067311 36067314 44
28224591 28224595 15
28224703 28224706 18
36071206 28224252 15
38710269 38710270 57
38724245 38724247 74
38825690 38825691 59
38825709 38825711 1
38826620 28723630 86
38826655 28224246 79
38826764 14368914 52
41502259 41502261 84
41502260 41502262 14
28224771 28224775 10
45163994 45163997 22
3729824 4007888 18
45192143 45192146 27
45200377 45200380 6
45334532 45334535 48
45983320 45983322 18
45983323 45983325 46
45983326 45983328 29
45983329 45983331 58
45983332 45983334 34
45983335 45983337 19
45983338 45983340 34
45983341 45983343 78
45983346 45983348 52
45983349 45983351 97
45983352 45983354 59
45983355 45983357 77
45983358 45983360 45
45983361 45983363 71
45983364 45983366 93
45983367 45983369 38
45983370 45983372 8
45983373 45983375 95
45983376 45983378 75
45983381 45983383 48
45983384 45983386 32
45983387 45983389 75
45983390 45983392 67
45983393 45983395 17
45983396 45983398 58
45983399 45983401 74
45983404 45983406 75
45983407 45983409 43
45983410 45983412 41
45983413 14685342 68
45983415 45983417 72
45983418 14685668 12
45983419 45983421 34
45983422 45983424 93
45983425 45983427 3
45983428 45983430 4
45983431 14686820 23
45983435 45983437 88
45983438 45983440 14
45983441 45983443 22
45983444 45983446 80
45983447 45983449 80
45983450 45983452 99
45983453 45983455 83
45983456 45983458 79
45983461 45983463 36
45983464 45983466 23
45983467 45983469 94
45983470 28761117 96
45983472 45983474 66
45983475 45983477 56
45983480 45983482 80
45983483 45983485 51
45983486 45983488 30
45983489 45983491 93
45983492 45983494 44
45983495 45983497 93
45983498 45983500 29
45983501 45983503 95
45983508 45983510 76
45983515 14263507 66
45983517 45983519 32
45983522 45983524 66
45983525 45983527 78
45983530 45983532 39
45983533 45983535 63
45983538 45983540 76
45983547 45983549 19
45983550 45983551 28
45983552 45983554 94
45983555 38825710 83
45983557 45983559 62
45983560 45983562 99
45983567 45983569 36
45983570 45983572 83
45983573 45983575 21
45983576 45983578 65
45983579 45983581 79
45983582 45983584 14
45983585 45983587 84
45983588 45983590 2
45983591 45983593 49
45983594 45983596 74
45983611 45983613 2
45983614 45983616 45
45983617 45983619 20
45983620 45983622 52
45983625 45983627 29
45983630 45983632 73
45983635 45983637 100
45983638 45983640 80
45983641 45983643 46
32694925 32694928 62
45983644 45983646 18
45983647 28224755 63
45983649 45983651 27
45983656 45983658 61
45983659 45983661 94
45983666 45983668 95
45983669 45983671 26
45983672 45983674 16
45983675 45983677 83
45983678 45983680 20
45983681 45983683 48
45983684 45983686 47
45983687 45983689 47
45983690 45983692 45
45983695 45983697 22
45983698 45983700 28
45983705 45983707 93
45983708 45983710 13
45983711 45983713 66
45983716 45983718 69
45983721 45983723 93
45983726 45983728 13
45983731 45983733 30
45983734 26577461 71
45983736 45983738 65
45983739 28089488 76
45983741 45983743 96
45983744 45983746 76
45983747 45983749 37
45983750 45983752 18
45983755 45983757 17
45983758 45983760 45
45983761 45983763 53
45983764 45983766 24
45983767 45983769 97
45983770 45983772 20
45983773 45983775 16
45983776 45983778 62
45983779 45983781 23
45983782 45983784 22
45983785 45983787 9
45983788 45983790 48
45983791 45983793 65
45983794 45983796 70
45983797 45983799 10
45983800 45983802 11
45983803 45983805 97
45983806 45983808 88
45983809 45983811 88
45983812 45983814 66
45983815 45983817 61
45983818 45983820 12
45983821 45983823 60
45983824 28713967 52
45983826 45983828 73
45983829 45983831 69
45983832 45983834 9
45983835 45983837 42
45983838 45983837 23
45983840 45983842 50
45983843 45983845 45
45983846 45983848 44
45983849 35780954 95
45983860 45983862 70
45983867 45983869 29
45983872 45983874 92
45983875 45983877 35
45983878 45983880 61
45983881 45983883 44
45983886 45983888 92
45983893 45983895 97
45983902 45983904 95
45983907 45983909 68
45983910 45983912 19
45983915 45983917 93
45983918 37284526 11
45983920 45983922 39
45983923 45983925 24
45983928 45983930 10
45983935 45983937 12
45983938 45983940 67
45983941 45983943 44
45983946 45983948 14
45983953 45983955 55
45983956 45983958 31
45983959 45983961 2
45983964 45983966 96
45983970 45983972 77
45983973 45983975 87
45983976 45983978 20
45983979 45983981 52
45983982 45983984 10
45983985 45983987 47
45983988 45983990 81
45983993 45983995 86
45983998 45984000 3
45984001 45984003 81
45984004 45984006 19
45984007 45984009 60
45984012 45984014 22
45984015 45984017 71
45984018 45984020 61
45984021 45984023 20
45984024 45984026 23
45984027 45984029 29
45984030 45984032 6
45984033 45984035 11
45984042 45984044 50
45984045 45984047 32
45984048 45984050 66
45984051 45984053 2
45984054 45984056 19
45984057 45984059 49
45984062 45984064 97
45984065 45984067 61
45984068 45984070 39
45984071 45984073 42
45984074 45984076 4
45984077 45984079 25
45984082 45984084 71
45984085 45984087 53
45984088 45984090 72
45984095 45984097 59
45984100 45984102 87
45984103 45984105 6
45984106 45984108 39
45984112 45984114 40
45984115 45984117 55
45984118 45984120 49
45984121 45984123 38
45984124 45984126 27
45984127 45984129 88
45984130 45984132 14
45984133 45984135 99
45984136 45984138 74
45984139 45984141 36
45984142 45984144 38
45984145 14310700 23
45984147 45984149 67
45984150 45984152 9
45984153 45984155 10
45984156 45984158 78
45984161 45984163 34
45984164 45984166 54
45984167 45984169 48
45984173 45984175 100
45984176 45984178 76
45984179 45984181 11
45984182 45984184 88
45984185 45984187 9
3729825 4007890 94
3729826 4007892 97
45984188 45984190 14
45984191 45984193 55
45984194 45984196 98
45984197 45984199 45
45984200 45984202 47
45984203 45984205 62
45984208 45984210 4
45984211 45984213 18
45984214 45984216 7
45984217 13389372 41
45984219 45984221 75
45984222 45984224 89
45984227 35047038 12
45984228 45984230 5
45984231 45984233 64
45984234 45984236 36
45984237 45984239 73
45984240 45984242 41
45984243 45984245 3
45984246 45984248 73
45984249 45984251 35
45984252 45984254 21
45984255 45984257 3
45984258 45984260 96
45984261 14439826 83
45984263 45984265 71
45984266 45984268 6
45984269 45984271 72
45984272 45984274 14
45984275 45984277 88
45984278 45984280 88
45984281 45984283 72
45984284 45984286 76
45984287 45984289 17
45984290 45984292 30
45984296 45984298 94
45984301 45984303 34
45984304 45984306 91
45984307 45984309 38
45984310 45984312 54
45984313 45984315 25
45984316 45984318 49
45984319 45984321 78
45984322 45984324 80
45984325 14334854 5
45984327 14334854 18
45984329 45984331 37
45984332 45984334 74
45984337 45984339 91
45984340 45984342 54
45984345 45984347 9
45984348 45984350 16
45984351 45984353 59
45984356 45984358 72
45984359 45984361 23
45984362 45984364 10
45984365 45984367 30
45984368 45984370 23
45984371 45984373 51
45984374 45984376 52
45984377 45984379 47
45984380 45984382 99
45984383 45984385 47
45984386 45984388 7
45984389 45984391 23
45984392 45984394 16
45984395 45984397 66
45984398 45984400 26
45990522 45990523 79
45990524 45990525 54
45990526 45990527 4
45990528 14685342 20
45990529 45990530 86
45990531 45990532 97
45990533 45990534 77
45990535 45990536 60
45990537 45990538 66
45990539 45990540 80
45990541 45983388 36
45990542 26584549 75
45990543 45990544 86
45990545 45990546 27
45990547 45990548 55
45990549 45990550 46
45990551 45990552 12
45990553 45990554 28
45990555 45990556 97
45990557 45990558 100
45990559 14519870 64
45990560 45990561 87
45990562 45990563 32
45990564 45990565 9
45990566 45990567 100
45990568 45990569 86
45990570 45990571 96
43777863 43777865 22
45990572 14274685 86
45990573 45990574 57
45990575 45990576 6
45990577 45990578 53
45990579 45990580 69
45990581 45990582 74
45990583 45990584 83
45990585 45990586 2
45990587 45983689 45
45990588 45990589 65
45990590 26577454 33
45990591 45990592 8
45990593 45990594 14
45990595 45990596 14
45990597 45990598 54
45990599 45990600 29
45990601 45990602 29
45990603 45990604 20
45990605 45990606 10
45990607 45990608 92
45990609 45990610 96
45990611 45990612 16
45990613 45990614 14
45990615 45990616 64
45990617 45990618 7
45990619 45990620 52
45990621 45990622 65
45990623 45990624 85
45990625 25645242 46
45990626 45990627 58
45990628 45990629 49
45990630 45990631 76
45990632 45990633 67
45990634 45990635 13
45990636 45990637 9
45990638 45990639 63
45990640 45990641 95
45990642 45990643 1
45990644 45990645 99
45990646 45990647 49
45990648 45990649 100
45990650 26578207 31
45990651 45990652 38
45990653 45990654 60
45990655 27984529 1
45990656 45990657 48
45990658 4959959 36
45990659 26578008 65
45990660 45990661 40
45990662 45990663 89
45990664 45990665 5
45990666 45990667 85
45990668 45990669 64
45990670 45990671 74
45990672 45990673 72
45990674 45990675 83
45990676 45990677 98
45990678 45990679 60
45990680 45990681 92
45990682 45990683 74
45990684 45990685 52
45990686 45990687 63
45990688 45990689 71
45990690 45990691 32
45990692 45990693 87
45990694 45990695 3
45990696 45990697 58
45990698 45990699 49
45990700 45990701 72
45990702 45990703 13
45990704 45990705 11
45990706 45990707 29
45990708 45990709 3
45990710 45990711 57
45990712 45990711 35
45990713 45990714 50
45990715 45984245 17
45990716 45990717 97
45990718 45990719 19
45990720 45990721 45
45990722 45990723 43
