7239325 7239345 72
7465979 7465986 46
8869201 8869204 78
9046179 9046193 55
9758468 9758475 50
9765410 9765415 42
9790197 9790201 71
9790199 9790204 36
9790571 9790575 6
9797939 9797944 6
9798990 9798999 28
9800792 9800797 94
9803052 9803055 3
9831227 9831230 30
9839518 9839522 81
9864361 9864375 3
9866293 9866297 63
9872028 9872032 80
9883912 9883917 100
9888616 9888619 86
9902624 9902629 10
9908754 9908757 27
9917822 9917831 29
9925577 9925582 7
9927321 9927324 68
9883914 9883923 41
9947908 9947911 80
260323 755956 23
9956269 9956273 48
9972241 9972247 100
9972723 9972729 25
9983424 9983427 37
9984463 9984466 74
9987997 9988001 100
9988983 9988988 35
9989573 9989576 69
9991920 9991925 89
9994231 9994240 84
1535758 2393980 95
10004585 10004590 26
10007203 10007209 9
10012901 10012906 27
10024005 10024009 19
9938384 9938401 42
10030407 10030410 41
3274826 3712776 26
10035570 10035577 59
9782771 9782782 87
10273597 10273599 21
10276564 10276566 71
10279727 10279732 7
10291243 10291248 63
10297621 4897058 28
10298030 10298034 22
10306721 10306726 52
10313595 10313600 100
10313663 10313673 53
10313699 10313705 31
10313969 10313975 66
10319145 10319152 77
10319260 10319262 83
10319372 10319377 11
10324176 10324180 59
2903311 3444035 79
10328419 10328426 47
10331225 8494865 58
10332930 10332937 54
10334299 10334303 52
9783082 9783091 82
10357250 10357252 14
10035572 1752040 69
10722246 10722253 83
12944728 12944733 62
3935487 4141903 3
28462756 17544522 84
28482421 25517583 62
28621184 28132008 16
28621307 21937 28
9464598 9464618 75
28733131 28733134 23
28733132 28733136 80
10297623 10297630 68
29025387 29025390 73
30359799 30359800 73
30374604 13996773 30
30391930 21211239 41
30942006 16464138 52
30944880 30944884 45
30947055 30947060 2
30947355 30947361 34
30949705 30949711 58
30949768 30949771 47
30950265 30950269 82
30950902 30950905 20
30950962 30950965 75
30950969 16322643 18
30951006 30951010 57
30951206 20462915 71
30951246 11014000 81
30951329 30951331 29
30951796 19181459 79
30953488 30953494 25
30953711 30953715 19
30953985 29877592 21
30954548 30954553 16
30955538 30955541 80
30956173 17009780 4
30956368 5795071 86
30959376 30959382 12
28621606 28621611 92
30963980 30963983 46
30966729 30966733 14
30979952 28334109 81
30979961 30979964 45
30980045 30980046 97
30980094 18560267 23
30596316 30596320 97
30980967 30980970 13
30981404 30981405 51
30981500 30981504 49
30981662 22371171 69
30982266 19084974 27
30982513 30982515 91
30982552 30982557 73
30982599 28324279 57
30982820 30982823 73
30982973 11758306 43
30983267 27897084 30
30983367 9418744 37
30983578 18882168 7
30983585 25970610 36
30983617 18320858 39
30983690 30983694 17
30983797 30983800 83
30983964 18854765 51
30984026 6345214 55
9821533 9821543 86
30984149 24501477 13
30984219 30984223 95
30984260 30984266 41
30984331 21235499 44
9785293 9785295 41
30984501 30984504 32
30984828 16678304 86
30984886 26031020 92
30984966 30984970 65
30984971 30984975 79
30985120 28351994 31
30985410 30985411 58
30985453 30985456 25
30985516 30985518 23
30985521 30985523 14
30985581 30985586 87
30986703 20065393 20
30987177 30987180 52
30987325 30987329 20
30987824 30987825 63
30243102 30243110 77
30989047 16265309 15
30989277 30989278 92
30989662 30989664 69
30989934 30989935 64
30990146 30990148 100
1538642 2397819 9
30991233 19510655 50
30991316 4587009 41
30991502 30991504 92
30991553 30991556 88
30991566 30991568 22
30991796 30991797 92
14919734 14919742 76
30991854 30991855 75
30992033 6681658 73
31081933 31081934 67
31087788 15463346 20
31092395 11128083 83
31092702 31092704 79
31092804 19792641 80
31111692 9898726 44
31122371 25549367 63
31165188 31165191 14
31818651 31818654 82
31818691 31818693 80
31819462 31819464 52
31820252 30465607 16
31820445 31820447 48
31821464 31821467 51
31821478 31821481 95
31821519 31821523 61
31821640 13956899 34
31821659 31821661 63
31821678 18484419 66
31821680 20462489 15
31821721 31821724 93
31821817 19325988 53
31821848 6340879 67
31821882 31821884 61
31821885 31821887 38
31821911 31821914 74
31821950 31821953 80
31821970 31821972 29
31821977 31821980 73
31821981 30950419 7
31822052 31822054 94
31822121 20518732 62
31822172 31822174 45
31822175 30173753 60
31822196 31822200 40
33255631 33255632 25
33255962 8763668 12
33256048 20202008 17
9995941 9995945 15
33256424 7909853 56
2394020 3086852 1
33277625 24767184 61
33277629 33277630 51
33277835 25762143 22
33277849 33277850 30
33277851 33277854 53
33277861 29449999 95
33277875 33277881 13
33277901 33277902 86
33277903 33277906 15
33277941 29450042 92
33277983 28001818 79
33277999 33278000 90
33278006 33278007 21
33278047 33278048 26
33278107 25478365 18
33278111 33278114 35
33278171 19573826 48
33278188 33278189 79
33278200 33278203 74
3822133 4062947 65
33310918 19386176 28
33375734 33375737 15
33376105 19926290 65
33377575 33377577 86
33377578 25551626 79
33286413 18325153 5
33377870 33377872 63
33377873 25519205 75
33377876 33377879 61
33377886 33377888 13
33286415 33286418 90
33377907 33377909 30
33377922 28073673 92
33380844 27650084 70
33381297 29450030 64
33381300 33381303 17
33381313 33381316 6
33381320 33381322 28
33381361 20879228 2
33381364 29449967 13
33381367 27650421 27
33381429 25522645 65
33381530 33381532 36
33381537 28035694 51
33381549 29726851 65
33381572 3762557 74
33392541 33392544 76
33393214 25513326 66
33394226 21425297 60
3248399 3693061 39
33404663 33404666 29
10306723 10306728 79
31808519 31808531 9
33405773 33405775 71
33405796 33405801 17
33405822 16098593 99
33405823 33405824 10
33405842 33405843 57
33405895 33405897 26
33405909 19573834 64
33405932 28000852 42
33405951 28115080 61
33405983 33405985 43
33406018 33406020 95
33406029 21138992 11
33406033 25484131 17
33406036 28066657 14
33408113 23895969 33
33442042 28346173 10
33442045 20849236 30
33301097 33301099 45
33443686 28343819 69
33443763 20128777 93
33444424 33444426 76
33444516 33444518 87
33444577 33444579 30
33444700 33444702 22
33444703 33444705 6
33444715 33444718 16
33444725 33444726 9
33462608 19127638 39
33462610 33462612 26
33462628 33462630 44
33462633 33462636 99
33462634 33462638 37
33462639 13235711 69
33463954 33463957 90
3370434 3773699 42
33464702 33464704 70
33464728 21157881 27
33464766 33464768 29
33464769 28067086 72
33464869 6929375 92
33465589 33465591 89
33465728 33465731 84
33466205 33466207 61
33470141 33470143 78
33470148 33470150 70
33470153 33470155 91
33470179 33470181 24
33470803 33470805 87
30799187 30799190 35
33472449 33472450 31
33472451 33472452 17
33472453 33472455 47
33472478 33472480 12
33472514 11057208 80
33473534 20849489 7
33473741 16501399 90
33486020 33486027 26
30983368 30983375 93
33488300 33488303 4
33488325 16297572 70
30374605 30374609 58
33488328 13431243 80
33488479 33488482 62
33488483 33488485 92
33488495 33488499 64
33488514 33488517 52
30318857 30318860 27
33488556 33488560 8
33488641 20064946 27
33488959 33488962 86
33489303 33489305 41
10272720 10272727 60
3448213 3822141 14
33506198 33506200 94
33506479 25549890 41
33508099 28319555 95
33508185 16091655 64
2394036 3086926 86
4019944 4194967 35
2394037 3086930 24
3330186 3748018 87
34768195 21464923 90
34927994 34927996 60
34982621 34982622 44
34983136 34983137 79
34983147 6864600 96
35010092 1347682 29
35010850 17543349 78
35011135 14933188 59
35516919 35516921 17
35517324 35517325 6
35517391 35517392 78
35517400 19163604 77
35517415 35517416 11
35517426 35517427 78
35517545 16941048 21
35517568 19210616 35
35517583 26848445 69
35517585 28329406 52
35517592 35517593 36
35517594 17544531 88
35517602 35517603 31
35517675 35517676 54
35517720 35517721 24
35517722 24237945 90
35517758 35517759 9
35517760 35517761 21
35517762 35517763 25
35518097 35518100 19
35518315 16994290 22
35518961 35518964 42
35519352 3406781 89
35519353 35519355 15
31821524 31821527 52
35520223 35520226 75
35520461 35520464 82
35521263 35521264 65
30983965 30983967 78
35522560 8818338 61
35522676 35522677 70
35523809 35523813 97
35523814 35523818 55
35523819 19723634 33
35523914 35523915 56
35524231 35524235 65
35524236 35524239 94
35524939 20443727 37
35525992 35525994 90
35525995 35525999 81
35526000 35526002 66
35526003 30038145 72
35526370 35526375 60
35527218 35527220 75
35527221 35527224 39
3086920 3574389 97
35527225 35527229 53
30799405 16268214 6
33500548 20975575 37
35527230 35527236 30
35527663 35527666 81
35528319 35528321 44
35528953 18325932 83
35528957 35528960 1
35529939 35529940 13
35529943 16436816 27
35529952 35529954 4
35529973 35529974 7
35529983 35529984 2
35529990 11393713 51
35530021 35530022 15
35538184 35538187 22
35541459 19559014 51
35636728 35636730 73
35662170 35662172 77
35662174 35662176 68
35730848 19138008 29
35731381 35731383 77
31821019 31821022 76
36486746 36486748 88
36486829 36486832 40
36487604 30477985 19
36487738 36487740 25
36487901 36487903 25
36488425 17177089 3
36488622 28879509 80
30982600 30982603 1
36490029 11283076 23
36490078 36490079 48
30950266 30950274 80
36490412 36490414 97
36490613 36490615 44
36490785 36490787 63
36490869 36490871 61
36490922 36490924 94
36490957 14950303 46
36491013 36491015 89
36491108 36491110 76
36491733 18512447 93
28876752 28876757 29
36492448 19701045 33
36493175 36493177 13
36493327 36493330 10
36493808 36493810 43
36494130 36494131 14
36494280 36494283 29
36494479 36494481 80
36494797 36494801 13
36494840 36494843 2
36494956 36494962 75
36496839 36496841 24
36496919 36496922 68
36497388 29173064 15
36497506 36497509 23
36497871 36497873 22
36497956 36497960 98
36497985 24628945 69
36498766 36498768 82
36498794 13830431 23
36499860 36499863 28
36500064 16248559 54
30959377 30959386 95
36501741 18128332 80
36502201 21137088 34
36502510 18156436 56
36502598 11629560 19
36503375 121518 21
36503588 36503590 84
36503946 36503949 23
36503997 24590765 78
36503998 36503999 75
36504593 36504595 84
36505059 36505063 69
36505643 36505648 84
36506552 5722837 55
36506691 35302095 38
36506900 36506901 53
36507091 36507093 59
36507136 36507138 95
36507560 36507562 28
36507695 36507700 100
36507913 19985704 1
36508158 36508159 25
36508511 36508513 46
36677425 36677426 74
36677455 21078538 40
9798993 9799001 17
36686448 36686450 73
36706618 36706619 91
33504047 33504049 24
36721747 19896079 93
30950903 30950907 28
36721751 36721753 34
36721755 36721756 4
36721757 36721760 53
36721761 36721762 58
36721763 36721764 49
9783084 9783094 6
36721765 36721766 57
36721767 28345878 85
36721768 36721769 92
36721770 36721772 17
36721773 17184542 25
36721774 36721775 20
36721776 36721778 25
30975088 30975090 94
4123818 1900649 11
36721788 36721791 81
36721794 36721795 100
36721805 36721808 100
4185451 4306940 99
4179155 4303235 23
9838114 9838117 67
33387123 16683876 22
6315585 6315594 54
15525979 15525985 4
31116101 31116105 67
35653881 17003749 43
28621295 28083910 11
38694536 38694538 74
33395304 33395306 59
38700979 38700981 57
12036194 12036200 21
9772799 9772809 46
28600933 28600935 69
28602201 28602202 96
33376862 25916770 85
33377309 25502559 84
4082909 4235716 90
4478476 4511613 87
28881041 28881046 61
38794153 29449882 34
36663060 36663063 100
31110198 31110200 13
4678511 4683092 49
38812886 38812888 19
3262337 3702455 2
38820167 38820169 88
33402396 22312769 99
33509997 33510000 89
38823799 38823801 53
39488612 39488614 8
39519750 39519753 85
39531756 4881107 7
39535488 39535491 59
39610297 39610299 87
39610690 28324835 82
39611087 39611090 92
39611288 39611290 45
39611396 21229768 55
39611398 39611399 74
39611402 39611404 58
39611405 26067839 98
39611471 29450015 22
39611473 39611475 97
39611780 39611782 55
39611783 39611786 40
39611871 19123388 23
39612054 20525266 95
39612143 39612145 35
39612156 39612158 43
32092282 32092286 94
39612452 39612454 74
39612455 10309260 100
39612504 39612506 92
39612507 39612509 92
39612510 6689581 100
39612514 16139623 1
39612515 19733673 24
39612517 39612519 83
39612520 28345964 60
39612522 39612524 84
39612525 39612527 66
39612528 28026568 7
39612530 39612532 19
39612541 39612543 90
39612544 25511510 43
39612569 25768420 51
33277877 16580962 12
39612623 25553388 18
39612625 39612627 53
39612695 39612697 67
39613128 17294539 37
39613191 39613193 79
39613200 19521384 85
39613213 20545057 10
39613215 28000488 91
39613217 28036453 34
39613219 27652047 56
39613221 39613223 1
39613224 10236837 84
39613226 39613228 89
39613236 28322963 27
39613238 39613240 99
39613243 28348042 93
39613265 35702866 82
39613361 16577867 45
39613505 39613507 79
39613508 29449910 13
39613785 29449935 69
39613880 39613882 77
39614656 39614658 13
39615095 39615097 2
39615495 16675157 88
39615932 39615934 5
39615941 26516052 89
39616086 17256806 29
39616088 39616090 96
39616091 20341288 8
39616093 39616095 83
39616115 39616117 22
39616120 20388994 41
39616121 17544523 50
39616123 20311799 54
39616130 17218665 19
39616157 16693887 21
39616188 39616190 56
39616309 39616311 80
39616746 25551887 61
39616801 39616803 70
39616809 39616811 47
39616812 16176580 14
39616853 27650677 72
39616855 39616857 79
39616858 39616860 82
30991554 30991560 49
39616863 28122527 63
39616865 39616867 43
39616996 39616999 99
30227033 30227037 36
39617065 28353145 96
33277985 33277987 13
39617563 39617565 75
39617566 39617568 17
39617569 39617571 81
39617572 39617575 88
39617576 28028448 45
39617578 2549367 66
39617702 39617704 57
39617854 39617856 24
39617874 18258459 17
39617906 28112097 61
39617989 16752909 29
39617998 39618000 29
39618015 29449976 11
39618028 25515520 44
39618034 39618036 10
39618039 39618041 47
39618042 39618044 60
39618045 2883954 77
39618205 39618207 26
39618208 39618210 27
39618211 39618213 48
39618253 25515624 73
39618349 39618351 10
39618726 39618728 65
39618948 29449896 23
39619015 29726085 83
39619017 39619019 57
39619020 39619022 69
39619023 39619025 93
39619030 39619032 7
39619043 39619045 67
39619061 39619063 32
39619095 17698765 14
39619153 28137285 40
39619155 25503041 18
39619157 39619159 62
3248400 3693063 13
39619241 39619243 28
39619244 39619246 78
39619251 39619253 67
39619282 16495848 17
39619304 25551468 46
39619308 39619310 80
39619311 25482716 68
39619315 10203086 70
39619352 29449921 91
39619367 28151054 53
39619506 20224984 37
39619508 39619510 17
39619544 17672388 21
39619546 39619548 46
39619618 39619620 57
39619643 39619645 1
39619809 39619812 6
39620109 28022532 88
39620117 39620119 63
9841264 9841271 74
39620125 39620127 21
39620130 19894032 3
39620244 39620246 100
39620463 28060080 81
39620465 39620467 59
39620534 39620536 73
39620686 39620688 97
39620719 39620721 13
39620766 28031709 86
39620780 39620782 21
39620783 17218683 36
39620806 39620808 7
39620812 29891098 54
39620814 39620816 25
39620862 39620864 80
39621011 39621013 65
39621418 39621420 47
39621441 25767949 99
39621443 39621445 43
39621446 39621448 70
39621464 25552512 58
39621476 27506887 81
39621508 29449955 42
39621518 21274869 47
39621520 39621522 79
39621552 25916817 78
39621686 26223157 76
39622088 39622090 42
39622091 39622093 33
39622120 39622122 92
39622123 39622125 45
39622159 25553158 24
39622248 39622250 55
39622255 39622257 44
39622271 18976446 96
39622403 39622405 34
39622521 16937516 55
39622523 39622525 98
3226705 3676725 40
39622528 28009580 63
39622530 39622532 31
39622535 39622537 79
39622543 39622545 33
39622579 39622581 93
39622582 21116582 63
39622586 21229662 28
39622590 18703105 83
39622592 39622594 49
39622595 39622597 30
39622686 15396848 48
39622783 20183539 41
39622840 39622842 5
39622843 39622845 38
39622971 39622973 87
36677785 36677787 61
39623577 10236833 86
39623663 28093402 34
39624505 39624507 17
39624558 15372732 13
39624577 39624580 20
39625608 39625610 50
39626102 39626104 1
39626105 39626107 21
39626165 39626168 52
39626312 39626314 48
39626633 39626635 8
39626934 3430362 35
39627070 29449913 22
39627072 6529109 52
39627074 28038144 63
39627076 7418735 71
39627080 17258987 1
39627280 39627282 32
39627283 16134307 48
39627285 13983175 24
39627296 39627298 73
39627301 39627303 87
39627304 39627306 3
39627325 39627327 73
39627328 39627330 64
39627331 10475747 74
9917828 9917833 24
39627548 39627550 98
39627715 39627717 49
39627724 20311826 16
39628020 28007161 40
39628094 29722590 36
39628098 20233259 50
39628136 28089506 14
39628138 18226652 69
39628140 39628142 29
39628143 39628145 38
39628148 28353199 63
39628150 39628152 32
39628153 39628155 65
39628158 39628160 98
39628164 32579505 82
39628168 39628170 31
39628173 39628175 52
39628176 39628178 54
39628369 16139031 1
39628371 39628373 70
39628374 28127141 75
39628641 21165716 30
39628643 16897790 54
39628645 27651468 48
39628649 25515156 16
39628920 39628922 24
39628923 39628925 85
39628926 39628928 84
39628929 21088653 65
39628931 39628933 43
33444717 25553399 49
39629185 30480176 69
39629206 39629208 25
39629439 10236841 59
39629449 39629451 49
39629452 39629454 70
39629559 39629561 71
39629565 39629567 88
39629643 39629645 72
39629646 39629648 69
39629902 39629904 85
39630593 39630595 35
7465984 7465988 12
39630603 25551214 73
30980096 13630812 74
39631094 39631096 31
39631097 39026756 31
39631099 39489495 39
39631106 39631108 78
39631210 39631213 79
39631325 39631327 20
39631328 39631330 58
39631331 39631333 42
39631336 39631338 88
39631341 39282228 13
39631343 39631345 6
39631350 39631353 83
39631359 28033943 48
39631361 13983193 36
39631363 39631365 92
39631366 19482839 48
39631368 13983184 41
33277879 33277884 9
39631370 29450012 28
39631372 39631373 63
39631374 39631376 22
33473538 33473541 34
39631552 39631554 26
39631555 39631557 16
39631567 39631569 2
39631606 39631608 7
39631741 39631743 70
39631746 25551687 69
39631748 25550348 84
39631750 39631752 58
39631753 39631755 19
39631756 39631758 26
39631759 39631761 94
39631762 18697815 42
39631764 39631766 98
33405798 33405803 90
39632030 39632032 30
39632058 39632060 77
39632083 39632086 61
39632130 29450005 55
39632134 39632137 51
39632139 39632141 26
39632144 20311827 89
39632146 39632148 38
39632151 28016647 67
39632153 39632155 8
39632156 39632158 14
39632167 21365561 99
39632194 39632196 12
39632197 29449905 25
39632199 25519049 50
39632251 29398472 80
39632342 39632344 87
30949707 30949714 85
39632669 39632671 37
39633015 39633017 24
39633063 29449878 12
39633067 39633069 78
39633083 39633085 51
39633101 25479606 11
39633103 39633105 63
39633110 19814585 64
39633118 16780077 29
39633344 39633346 30
39633347 39633349 37
39633403 25514854 74
39937078 39937079 98
39937316 39937319 19
39937710 39937711 99
39938473 39938476 55
39938618 39938621 78
39938948 4877217 14
39938999 39939001 24
39939563 39939564 3
39939852 19720842 21
39940055 39940057 62
39940184 39940185 96
39940747 39940748 41
39940780 9835272 48
9783085 9783096 84
39941016 39941017 22
39941072 39941073 29
39941274 39308153 24
39941855 39941856 31
39941858 39941859 13
39941861 39941862 82
39942541 39942543 8
39942854 39942855 22
39942977 39942978 92
39943032 39943033 70
39943171 2312343 12
39943198 39943200 71
39943235 3018842 38
39943240 39943241 100
39619811 30469268 98
39943849 39943851 10
39943877 39943878 95
39944132 39944134 81
39944272 39944273 10
39944274 39944275 62
39944298 39944299 85
39944712 39944714 58
39944723 39944725 22
39944732 39944733 14
39944781 39944782 80
39945161 39945162 88
39945175 39945176 7
9793792 9793794 79
39945199 39945201 91
39945653 5932847 9
39945963 39945964 89
39945965 28323265 22
39946188 39946190 9
39946598 39946599 94
39946620 39946621 58
39946629 39946630 79
39946633 39946635 100
39946752 39946754 69
39946830 39946831 65
39947078 39947080 71
39947676 39947678 62
39947772 7576944 79
9783086 9783097 82
39947882 39947883 98
39947899 39947900 86
39947975 38322520 32
39947981 5483816 64
39948017 39948018 68
39948019 39948020 59
39948039 20392852 67
39948048 20274401 8
39948050 39308412 69
39949029 17165970 60
39949030 39949031 7
39949032 39949034 59
39949120 39949123 5
39949375 26080451 26
39949380 39949382 95
31821951 31821955 58
9871889 9871897 24
39949489 39949490 4
3939169 4143702 64
39949804 19967275 65
39949859 39949861 42
39949918 16748880 15
39949997 19394319 18
39950108 25541045 40
39950110 18562386 82
39950115 25479366 69
39950119 39950120 34
39950127 39950128 49
39950130 19611974 22
30238634 30238637 42
9925580 9925583 76
39950244 39950245 91
39950378 39341249 91
39461126 28354011 80
39950383 39950384 100
39950392 39950393 92
39950430 39950431 16
39950890 15633077 49
39951170 39328204 12
39951224 9860803 93
39951386 39951388 72
39951454 39951456 5
39951463 39951464 11
39951511 35723531 61
39951619 20630368 54
39951622 39951623 3
39951664 19714979 95
39951753 21406339 96
39951759 21363434 15
39951764 39951766 92
39951817 20463135 40
39951818 4729461 36
39951832 19923838 64
39951841 39951842 95
39951859 141802 62
39952377 39952379 57
39952380 4820286 31
39952400 39952402 36
39952620 19985687 15
39952818 39952820 47
39952821 39952822 70
39952823 16254838 55
30239912 6365000 1
39952996 39952998 65
39953017 39953018 85
39953114 39953115 16
39953140 39953141 93
39953257 39953259 60
39953328 39953329 67
39953384 39953385 59
39953386 39953388 20
39953757 20589532 83
39953831 39953832 32
39953844 18944195 93
39953925 39953926 99
39953930 21136293 10
39953931 39296344 9
39954550 11099562 3
39954563 20271611 1
39954590 39954591 75
39954650 39954651 45
39954654 39954655 58
39954689 31155980 31
39954783 17638888 44
39954785 39954787 78
35516920 35516923 94
39954876 39954877 61
39954878 39954879 8
39954906 2757189 19
39954913 23865809 99
39955204 20095379 24
39955608 39955610 61
39955626 16271242 63
39955661 34337075 26
39955665 39955667 13
39955738 39955740 28
39955968 39955970 100
39955974 39955976 100
39956031 39956032 59
39956056 39956058 89
39956067 2369165 85
39956109 39956110 30
39956126 39956127 5
39956141 39956143 13
39956202 39956203 11
39956209 39956210 97
30984221 30984224 84
36721752 20379354 35
39956976 39956977 82
39956983 39956985 2
39957187 39957188 26
39957193 39957195 94
39957314 39957316 46
39957530 39957531 28
31821521 23806814 68
39957623 9732486 20
39957658 8825958 12
39957664 39957665 26
39957720 4881132 23
39957754 16723783 66
39957770 39957772 86
39957831 39957833 93
39957855 39957856 35
39958002 16502159 61
39958179 25555925 18
39958486 39958488 74
39958492 35725546 72
39958629 4044010 37
39958724 39958726 68
39958819 39958820 58
39958951 39958953 76
39958954 19537415 30
39958989 6852666 8
39958995 39958997 11
39959010 19667059 71
39959070 39959072 36
39959083 39959085 94
39959140 39959141 67
39959150 23848948 76
39959351 30472739 8
39959477 10200700 1
39959479 39959481 19
39959512 13259614 77
39959578 39959580 49
39959610 39959612 23
39959613 39959614 75
39959618 39959620 27
39959621 39959623 18
39959698 18330870 13
39959758 39959760 81
39959971 39959973 54
39960027 39960028 52
39960031 28327770 61
39960070 39960071 3
39960085 39960086 37
39960239 16438634 75
39960295 39960296 2
39960422 39960423 41
39960547 39960549 80
39960565 16534084 45
39960654 39960655 79
39960656 39960657 64
39960660 29726726 95
39960662 39960663 39
39960664 6359050 5
39960665 19512476 49
39960667 39960669 5
39960942 39960943 39
39961167 39961170 37
39961171 2180348 76
39961173 39961175 21
39961294 9816284 66
39961325 39961326 51
39961340 39961341 100
39961408 39961410 96
39961896 39961897 2
39961969 20934595 82
39961979 39961980 57
39962030 39962032 28
39962114 20064158 33
39962116 39962117 71
39963126 39963127 35
36493328 36493331 48
39963444 39963447 82
39963576 20131024 62
39963577 39316267 52
39963672 39963673 36
39963674 39963675 77
39963765 19994517 67
39963947 39963949 10
39964057 39964058 20
39964098 39964100 7
39964448 39964449 66
39964450 39964451 48
39964455 39964456 36
39964852 39964853 52
39965119 39965120 2
39965331 39965333 18
39965368 17263273 6
33452706 33452707 44
39966113 28348364 18
39966165 39966166 6
39966174 16543433 95
39966176 39966177 35
39966492 39966495 10
4123779 4265969 96
39967144 39967145 21
39967157 39967158 52
39967260 39967262 37
39968333 39968334 55
39969950 4888720 98
40035996 17706676 31
40036283 40036285 48
40036420 29396830 70
40036795 35032140 75
40036799 39987514 68
40036912 18320284 12
40037221 40037223 22
40037466 32080422 54
30226537 30226539 56
40037573 18209444 52
40037781 40037783 92
40037876 40037879 54
40038116 40038118 31
40038279 40038282 33
40098788 1620904 99
40098789 40098791 31
40098792 40098793 74
40098794 40098795 7
40154069 28094180 53
40154073 40154074 29
40154076 18690386 72
40156323 40156324 71
40156325 19458430 52
40156334 13983137 31
40156335 17703098 95
40156336 40156337 81
40186197 40186198 54
40194756 19165795 51
40195673 40195674 30
40195712 40195713 55
40195715 27402183 78
40195739 16897799 17
40221410 40221411 90
40597491 40597493 21
40621594 40621596 46
40622214 16465614 87
40622542 40622545 30
40622561 40622562 80
40622663 40622666 64
40622709 40622712 10
40622717 21087497 30
40622856 40622859 52
40622860 7318539 59
40630031 40630034 49
9783090 9783099 74
9986035 9986037 57
9986036 9986038 67
30234277 14582420 33
39631352 19616306 80
30951249 30951250 89
39621291 20823247 5
39965081 39965083 32
30243108 28346231 46
36506693 36506695 84
36505061 36505065 44
4185452 4306941 28
40719827 40719829 9
40723064 10309296 12
40723994 40723996 95
40726615 19573353 26
40731513 40731515 27
40734014 40734016 43
40738761 16699719 23
40738763 2757178 89
40738765 40738767 99
40742653 40742655 44
40743196 40743198 38
40743637 16295709 15
40744140 40744142 24
40744143 40744145 37
40744938 40744940 8
40747286 40747288 6
40747846 40747848 94
40749731 40749733 84
40750659 25918290 28
40751255 40751257 70
40752465 40752467 47
40752538 40752540 49
40753095 40753097 38
40758530 40758532 8
40759824 39318636 65
40760044 40760046 10
41193195 41193196 22
41343757 4897824 51
41344046 26053436 87
41344063 25919058 94
41344119 41344120 26
41345241 41345242 18
41345679 41345680 88
41346058 41346059 8
41346094 17704358 15
41346095 41346096 7
41346142 41346143 59
41346175 41346176 81
41346178 41346179 43
41346180 28320223 27
41346181 39984082 23
41346182 21009185 41
41346850 41346851 10
41347071 41347072 37
41347305 17337944 62
41347454 41347455 94
41347479 41347480 88
41347644 23946863 67
41347655 41347656 75
41347757 20799529 92
41347764 41347765 49
41347823 41347824 31
41347825 41347826 63
36505064 27933548 2
41348027 9526870 62
41348164 41348165 45
41348224 41348225 22
41348227 41348228 52
41348235 1900177 90
41348371 41348372 71
41348373 41348374 39
41348383 41348384 72
41348552 41348553 97
41348559 25642556 14
41348568 11099118 18
41348574 41348575 81
41348578 41348579 98
41348583 1677331 67
41348598 41348599 27
41348608 5982734 78
41348638 41348639 28
41348640 41348641 62
41348642 41348643 1
41348824 41348825 59
41348869 29945227 64
41349002 41349003 83
41349034 41349035 24
41349090 41349091 14
41349093 41349094 60
41349114 19705790 64
41349139 41349140 39
41349235 15459496 24
41349237 41349238 14
41349256 41349257 4
41349440 41349441 6
36497304 36497305 1
41349499 41349500 39
41349511 41349512 90
41349513 41349514 41
41349515 41349516 8
41349522 21413229 51
41349890 41349891 100
41350438 41350439 98
41350440 6199144 25
41350442 20525905 23
41350497 41350498 51
41350524 41350525 20
41350542 16148730 47
41350544 41350545 12
41350561 28000739 48
41350589 41350590 29
41350604 41350605 85
41350740 25767133 91
41350875 40780608 48
41350888 41350889 97
41351250 41351251 70
41351484 41351485 84
41351767 4873102 13
41352396 20705010 51
41352452 41352453 82
41352778 41352779 52
41353166 41353167 34
41353193 19958823 79
41353623 41353624 66
41353902 41353903 62
41354006 17167370 36
30246320 30246323 29
41354866 8441288 88
41354893 41354894 61
41354996 41354997 94
41502592 41502593 16
41503199 41503200 50
41504377 41504378 96
41504665 18971273 85
41504668 17561105 50
5025394 5025398 67
41504669 41504670 18
41504671 41504672 37
41504673 41504674 76
41505734 41505735 27
41505736 41505737 21
41505886 41505887 30
41505888 26283814 18
41505924 41505925 36
41506113 21138993 61
39620716 39620718 47
33486024 9073915 55
30797966 7177027 39
33557059 33557060 72
45119362 24757520 22
45463501 21407259 41
45885283 18226643 34
45885292 45885293 97
46010800 46010801 38
46010802 44555992 3
46010803 46010804 33
46010805 46010806 22
46010807 17106820 3
46010808 16496853 14
46010809 46010810 51
46010811 6353426 95
46010812 46010813 61
46010814 20984097 69
46010815 44342388 47
46010816 46010817 84
46010818 6646106 12
46010819 1856923 26
46010820 6552402 48
46010821 8732831 28
46010822 29818470 85
46010823 46010824 61
46010825 19956166 14
46010826 46010827 86
46010828 32611462 31
46010829 16661890 71
46010830 28325643 61
46010831 46010832 65
46010833 28343947 60
46010834 28341435 31
46010835 28345321 55
46010836 16892656 84
46010837 11122038 5
46010838 11122955 83
46010839 28320498 31
46010840 18761387 87
46010841 20197741 53
46010842 46010843 23
46010844 11135076 80
46010845 28332998 76
46010846 21469999 55
46010847 46010848 59
46010849 28342176 16
46010850 46010851 3
46010852 46010853 27
46010854 46010855 85
46010856 2942493 97
46010857 21169581 91
46010858 46010859 88
46010860 46010861 51
46010866 30463172 29
46010867 4736924 18
46010868 4882746 39
46010869 30464791 73
46010870 46010871 55
46010872 46010873 6
46010874 18140939 55
46010875 46010876 49
46010877 46010878 45
46010879 46010880 64
46010881 46010882 1
46010883 46010884 24
46010885 46010886 59
46010887 46010888 84
46010889 46010890 43
46010891 20853432 47
46010892 46010893 9
46010894 46010895 93
46010896 46010897 28
46010898 46010899 56
46010900 46010901 9
46010902 46010903 19
46010904 19204751 94
46010905 46010906 2
46010907 46010908 65
46010909 10215097 4
46010910 39991487 68
46010911 46010912 19
46010913 46010914 5
46010915 46010916 27
46010917 46010918 55
46010919 14555654 38
46010920 27644172 27
46010921 16580961 40
46010922 46010923 18
46010924 46010925 70
46010926 46010927 37
46010928 46010929 75
46010930 46010931 24
46010932 25577903 64
46010933 46010934 55
46010935 27935599 14
46010936 46010937 76
46010938 29449979 19
46010939 29449989 26
46010940 29450020 69
46010941 46010942 29
46010943 25519723 80
46010944 46010945 90
46010946 25551008 69
46010947 16562902 33
46010948 225548 23
46010949 46010950 22
46010951 25553463 12
46010952 28012866 47
46010953 28015707 69
46010954 46010955 68
46010956 25540961 58
46010957 28071395 89
46010958 29430150 17
46010959 25608353 58
46010960 25608601 44
46010961 46010962 24
46010963 25516874 23
46010964 46010965 83
46010966 25767525 35
46010967 28009576 26
46010968 13983199 37
46010969 46010970 60
46010971 20851881 64
46010972 46010973 41
46010974 46010975 80
46010976 46010977 77
46010978 46010979 39
46010980 28112545 39
46010981 46010982 55
46010983 28081485 68
46010984 46010985 67
46010986 20388995 80
46010987 28107521 60
46010988 19116896 37
46010989 46010990 75
46010991 46010992 13
46010993 46010994 55
46010995 26143680 98
46010996 46010997 48
46010998 46010999 49
46011000 46011001 90
46011002 46011003 92
46011004 21406745 6
46011005 46011006 63
46011007 46011008 69
46011009 46011010 86
46011011 46011012 91
46011013 46011014 36
46011015 46011016 32
46011017 46011018 60
46011019 46011020 19
46011021 20439305 36
46011022 46011023 9
46011024 46011025 11
46011026 46011027 2
46011028 46011029 95
46011030 46011031 58
46011032 46011033 39
46011034 46011035 26
46011036 20471060 62
46011037 46011038 92
46011039 46011040 95
46011041 46011042 68
46011043 23885625 56
46011044 46011045 71
46011046 44643914 88
46011047 21163345 79
46011048 46011049 29
46011050 46011051 36
46011052 46011053 15
46011054 46011055 11
46011056 46011057 97
46011063 39967992 97
46011064 46011065 40
46011066 46011067 57
46011068 46011069 9
46011070 46011071 78
46011072 20340378 45
46011073 46011074 36
46011075 17014659 98
46011076 46011077 44
46011078 4258191 68
46011079 46011080 47
46011082 46011083 79
46011084 46011085 84
46011086 46011087 49
46011088 46011089 72
46011090 46011091 47
46011092 19805431 23
46011093 46011094 48
46011095 46011096 53
46011097 46011098 36
46011099 46011100 64
46011101 46011102 82
46011103 44674192 86
46011104 46011105 39
46011106 46011107 53
46011108 46011109 72
46011110 46011111 33
46011112 46011113 74
46011114 46011115 61
46011116 46011117 85
46011118 46011119 39
46011120 16142088 99
46011121 16997742 47
46011122 46011123 1
46011124 46011125 4
46011126 46011127 15
46011128 46011129 68
