5227461 5227485 60
5290136 5290145 85
5344951 5344959 67
5356054 5356061 15
5359091 5359095 31
5359096 5359110 30
5481882 5481888 79
5483636 5483651 75
5483701 5483719 80
5486320 5486326 3
5487462 5487480 78
5490859 5490869 78
5492571 5492588 69
5494258 5494283 35
5495433 5495447 90
5495448 5495466 51
5497648 5497669 71
5505257 5505283 58
5511319 5511333 87
5511396 5511410 83
5513724 5513742 57
5514410 5514427 90
1811454 2622910 71
5529037 5529067 43
5538761 5538766 12
4183861 4306009 62
5543757 5543774 99
5548259 5548263 65
5580623 5580633 6
5684900 5684909 70
5701560 5701569 75
5719182 5719201 90
5786602 5786617 91
5812659 5812664 54
5855523 5855530 10
5903432 5903440 23
5903480 5903485 9
5991329 5991338 38
6089537 6089546 53
6150049 6150058 89
6310565 6310579 13
1563778 2422992 63
6425543 6425558 17
6425674 6425679 7
6425698 6425704 37
6427115 6427129 44
6440763 6440783 19
6454873 6454882 91
6455915 6455931 82
6474465 6474472 5
5191602 5191640 27
6485781 6485786 100
6489986 6489990 4
6494488 6494497 40
6501782 6501787 100
6509395 6509413 39
6511525 6511540 85
6515732 6515743 26
6515864 6515869 43
6518471 6518483 56
6518484 6518488 35
6523273 6523280 36
6530438 6530443 34
6533872 6533891 80
6539069 6539080 61
5511413 5511442 87
6546890 6546895 28
6546896 6546908 97
6550170 6550175 42
6553272 6553277 80
6555972 6555981 43
6571987 6571998 88
6572051 6572061 82
6573816 6573824 70
6582432 6582436 91
6593508 6593528 50
6601602 6601608 97
6604060 6604071 61
6610995 6611004 52
6611206 6611214 12
6613800 6613812 90
6619409 6619423 93
6632915 6632921 51
6650701 6650716 28
6660660 6660664 9
6686089 6686093 2
6686113 6686117 83
6695249 6695259 32
6698644 6698654 70
6698655 6698669 73
6723442 6723451 64
1519017 2377590 82
6782529 6782533 21
6795186 6795199 87
6817751 6817760 63
6823466 6823473 95
6943258 6943262 69
6985492 6985502 74
7024695 7024706 78
7111011 7111035 60
7170825 7170832 52
7175863 7175873 45
7196110 7196141 96
4980726 4980933 81
7382826 7382832 61
7384018 7384027 52
7384071 7384080 35
7385543 7385556 53
7387960 7387968 18
7389648 7389657 94
7391467 7391472 87
7391703 7391715 81
7392560 7392573 90
7392590 7392594 73
7394403 7394407 43
7394967 7394971 79
7394972 7394976 9
7394995 7395002 15
7396196 7396200 31
7398960 7398964 61
7399444 7399452 81
7401795 7401802 23
7403368 7403376 1
7404706 7404714 42
7405692 7405697 99
7424492 7424496 43
7473792 7473800 71
7491910 7491916 35
7516445 7516454 66
7598982 7598989 55
7600013 7600021 23
7604627 7604637 79
6537516 6537535 91
7690219 7690228 2
7691701 7691709 32
3574127 3909738 90
7772188 7772204 81
7773182 7773197 72
7773245 7773258 60
7773995 7773999 92
7786105 7786114 30
7786122 7786127 23
7786137 7786141 93
7812582 7812590 41
3981975 4169863 70
7821722 7821734 28
7828277 7828281 69
7832880 7832884 3
7870154 7870168 41
7871968 7871972 79
7872036 7872043 19
7872153 7872160 54
7875658 7875662 59
7876385 7876389 51
7399453 7399475 23
7877271 7877280 45
7877911 7877915 8
7879016 7879024 83
7880989 7880993 98
7885307 7885318 39
7885916 7885925 50
7889709 7889715 45
7892656 7892661 39
7896209 7896216 19
7897147 7897152 9
7899498 7899503 45
7900477 7900487 61
7900953 7900958 66
7909673 7909688 69
7912017 7912023 75
7912522 7912527 74
7917332 7917336 41
7920648 7920653 77
7921890 7921894 18
7922485 7922495 67
7922606 7922613 45
7922698 7922703 93
7928239 7928243 86
7928822 7928829 2
7932549 7932557 21
7933005 7933011 65
7934164 7934169 52
7935732 7935737 4
8055307 8055319 88
8126523 8126532 96
7399454 7399483 75
8130656 8130661 46
8132084 8132090 61
8133544 8133552 49
8150451 8150460 49
8151752 8151757 16
8152400 8152411 30
8152845 8152850 84
8158292 8158296 96
8163004 8163010 43
8167681 8167688 88
8169509 8169520 24
8171730 8171735 98
8171930 8171934 93
8189910 8189914 5
8199781 8199786 2
8210409 8210414 43
8210435 8210439 89
8215158 8215167 63
8215418 8215423 98
8217298 8217302 91
8235261 8235265 62
8235427 8235434 90
4123118 4265281 34
8248270 8248275 82
8264498 8264502 81
8267354 8267360 69
8277739 8277747 41
8307312 8307328 41
8317909 8317913 75
8325460 8325470 49
8334754 8334761 81
8346809 8346814 95
8348924 8348931 50
8281810 8281840 91
8400251 8400255 40
8456552 8456556 88
8485832 8485844 82
8496708 8496714 58
8507648 8507653 86
8510957 8510961 55
8511087 8511091 70
8532671 8532681 91
8558194 8558203 51
8558657 8558664 85
8567900 8567905 50
8598681 8598691 54
8605176 8605183 93
8712042 8712047 84
8715490 8715497 89
8767905 8767910 7
8784475 8784484 28
8793375 8793379 25
4297544 4380338 81
8857312 8857328 1
8859950 8859954 62
8876771 8876775 20
8890903 8890908 9
8898738 8898749 60
8909799 8909804 31
8922288 8922292 98
8924808 8924812 74
6474467 6474477 75
8949281 8949285 74
8975917 8975921 85
8976146 8976153 74
9014362 9014373 19
9021169 9021177 95
9046179 9046194 62
9068294 9068299 52
2393983 3086521 48
9090490 9090496 29
9101768 9101773 2
9118209 9118215 95
9119403 9119407 11
9122067 9122071 21
9127299 9127303 85
9127509 9127518 97
9129175 9129180 71
9131750 9131761 39
9137950 9137963 71
9138074 9138079 84
9138096 9138102 74
9146159 9146178 32
9149757 9149766 16
9156270 9156279 82
9156810 9156816 18
9184305 9184312 92
9191272 9191281 90
9191292 9191296 67
9196418 9196422 76
9205770 9205778 10
9255929 9255938 87
9270012 9270021 33
9276685 9276690 57
9286340 9286350 78
9287341 9287347 60
9291266 9291271 30
9292043 9292048 27
9293008 9293013 50
9293751 9293755 100
9295322 9295326 14
9305239 9305243 80
9310256 9310261 96
9317303 9317307 12
9325609 9325616 93
9334146 9334151 34
9370767 9370772 100
9370948 9370953 38
9370954 9370961 84
9375505 9375510 4
9379988 9379992 85
9389148 9389157 86
9404473 9404480 46
9405455 9405462 64
9410212 9410223 35
9410449 9410453 58
9410468 9410473 61
9425079 9425088 40
9428844 9428849 1
9432666 9432673 86
9450020 9450024 45
9453390 9453395 40
9482187 9482193 88
9504793 9504799 15
9547491 9547495 37
9553486 9553497 22
9559157 9559162 86
9559169 9559178 34
9582933 9582938 60
9585269 9585274 31
9587253 9587261 44
7399455 7399497 96
9620429 9620434 65
9629518 9629525 60
9633631 9633638 48
9640248 9640257 61
3909769 4123134 17
9649019 9649024 21
9658535 9658545 32
9659976 9659986 32
9660102 9660109 93
9769480 9769484 58
9922297 9922302 39
10020050 10020056 39
10282722 10282725 58
10303731 10303736 60
10324321 10324326 11
10325785 10325789 19
10327202 10327206 29
10902132 10902142 55
10948758 10948765 71
11478255 11478264 31
9482096 9482104 52
4265313 4357816 12
4017378 4192850 78
11970367 11970375 39
12012739 12012745 52
12328952 12328957 28
12334904 12334912 67
12606464 12606469 66
12648195 12648199 90
12726507 12726512 79
13008220 13008224 51
13114240 13114244 34
13116004 13116011 99
14403613 14403618 95
14450699 14450706 95
14468766 14468772 96
14475084 14475088 98
14587525 14587529 94
14674462 14674467 85
14695387 14695393 69
14701274 14701279 46
15322517 15322524 25
15342944 15342948 27
15369224 15369231 7
15470258 15470262 5
25426761 25426765 15
25459136 25459139 17
28779788 28779791 93
28779859 28779862 48
28779887 28779890 1
28779891 28779894 68
28780114 28780117 49
29028665 29028667 23
30265099 30265101 86
30265117 30265119 38
30265671 30265672 61
30265752 30265755 76
30266093 30266095 58
30266351 30266353 2
30266504 30266507 62
30266596 30266599 14
30266621 30266624 71
30266653 30266656 38
30266674 30266677 8
30266688 30266691 46
30266731 30266734 81
30266953 30266956 21
30267021 30267024 45
30267031 30267034 25
30267089 30267092 17
30267423 30267426 53
30267464 30267467 11
30267858 30267861 53
30267957 30267960 53
30267984 30267987 11
30268080 30268083 32
30268176 30268179 36
30268352 30268355 88
30268649 30268652 17
30268809 30268812 29
30268911 30268913 37
30269078 30269081 86
30269234 30269236 90
30269315 30269318 4
30269354 30269356 36
30269707 30269709 68
30269845 30269847 26
30269956 30269959 32
30270037 30270039 20
30270275 30270277 99
30270434 30270437 78
30270481 30270484 35
30270489 30270492 29
30270553 30270556 73
30270828 30270831 65
30270922 30270925 42
30270963 30270966 50
7399538 7399575 64
30271142 30271145 53
30271152 30271154 44
30271180 30271182 5
30271272 30271275 1
30271396 30271399 61
4265317 4357826 17
30271590 30271592 8
30271736 30271738 6
30271748 30271750 20
30272007 30272009 9
30272022 30272025 78
30272026 30272027 33
30272062 30272064 50
30272180 30272183 34
30272199 30272202 16
30272205 30272208 97
30272305 30272307 82
30272340 30272342 16
30272536 30272539 48
30272620 30272623 91
7399539 7399578 51
30272698 30272701 5
30272712 30272714 53
30272788 30272790 91
30272934 30272936 71
30270688 30270693 68
30272699 30272703 29
30273201 30273204 46
30273561 30273565 12
30273742 30273744 26
30273809 30273812 99
30272792 30272797 76
30273876 30273879 65
30273880 30273883 72
11970370 11970379 48
30273955 30273958 29
30274009 30274012 74
30274053 30274056 48
30274126 30274129 2
8281813 8281848 47
30274227 30274230 52
30274237 30274241 15
28620466 28620467 8
30274343 30274346 8
30274431 30274434 75
30274512 30274514 98
30274642 30274645 55
30274709 30274711 35
30274720 30274723 46
30274762 30274764 98
30274833 30274835 69
30274933 30274937 41
30274938 30274941 98
30274951 30274953 32
30274954 30274957 33
30275012 30275014 62
30275022 30275024 48
30275057 30275060 30
30275173 30275176 21
30275262 30275264 8
30275268 30275270 27
30275271 30275273 90
30275290 30275294 79
30275333 30275336 86
30275408 30275410 100
30275436 30275438 92
30275492 30275497 88
30275595 30275598 45
30275729 30275731 4
30275752 30275755 40
30275800 30275803 66
30275832 30275835 12
30275943 30275947 16
30275951 30275954 49
30275998 30276001 13
30276004 30276007 30
30276017 30276020 75
30276024 30276027 83
30276086 30276088 62
30276123 30276125 50
30276196 30276199 62
30276236 30276239 43
30276267 30276269 55
30276368 30276370 39
30276373 30276375 89
30276379 30276382 41
30276390 30276393 28
8281766 8281809 94
30276462 30276465 30
30276530 30276532 67
30276629 30276632 6
30276641 30276643 27
30276647 30276650 74
30276694 30276697 18
30276759 30276762 50
30276967 30276970 52
30276971 30276974 49
30276977 30276980 22
8281761 8281786 97
30277174 30277177 79
30277191 30277194 87
30277254 30277256 72
30277257 30277260 28
30276916 30276920 14
8281762 8281793 84
30277486 30277489 9
30277557 30277560 90
30277561 30277564 93
30277569 30277572 91
30277643 30277646 79
30277684 30277687 21
30277750 30277753 4
30277763 30277766 79
30272660 30272665 82
30277805 30277808 45
7399541 7399583 56
30277920 30277923 93
30277924 30277926 59
30277932 30277935 54
30277980 30277983 13
30267141 30267145 6
30278189 30278191 40
30278195 30278198 67
30278236 30278239 3
30278314 30278316 15
30278360 30278363 55
30278430 30278435 76
30278440 30278442 90
30278455 30278458 6
30278715 30278717 99
30278745 30278749 21
30278761 30278764 56
30278796 30278799 52
30278841 30278844 20
30278845 30278848 6
4265318 4357830 95
30266986 30266998 49
4123119 4265287 66
30279011 30279014 57
30279015 30279017 92
30279112 30279115 61
30279118 30279121 79
30279276 30279279 56
30279280 30279282 76
30279328 30279331 96
30279333 30279335 31
30279347 30279350 93
30279351 30279353 21
30279354 30279358 76
30279406 30279408 93
30279468 30279471 2
30266707 30266711 56
30279600 30279603 3
30279610 30279613 94
30279614 30279617 61
30279618 30279620 94
30279718 30279720 77
4265319 4357833 36
30279756 30279759 67
30279862 30279865 29
7399532 7399563 44
30279983 30279988 100
30280106 30280109 33
30280113 30280116 47
30280123 30280125 81
30271414 30271419 10
30280179 30280182 37
30280183 30280186 18
30280202 30280204 74
30280208 30280210 20
30280265 30280268 59
30280316 30280319 89
30280372 30280374 40
30280380 30280383 16
30280498 30280501 91
30280512 30280514 85
30280518 30280521 38
30280602 30280605 21
30280606 30280609 48
30280657 30280659 80
30280663 30280666 84
30280667 30280670 73
30280673 30280675 78
30280855 30280858 89
30280865 30280868 40
30280875 30280879 73
7399533 7399566 4
4123120 4265290 49
30281022 30281024 29
30281031 30281034 63
30281035 30281037 21
30281038 30281041 12
30281048 30281050 26
30281056 30281058 90
30281065 30281068 48
30281077 30281079 64
30281080 30281083 3
30281084 30281086 31
30281094 30281097 56
30281371 30281374 67
30281377 30281380 69
30281383 30281385 39
30281395 30281398 71
30281399 30281403 86
30281413 30281416 15
30281420 30281423 78
30281436 30281439 89
15262437 15262442 62
30281453 30281455 35
3574140 3909767 70
30275813 30275816 55
30281499 30281502 42
30281538 30281541 14
7399542 7399586 30
30281608 30281611 22
30281619 30281622 5
15668440 15668443 47
30281657 30281659 49
30281660 30281662 54
30281663 30281665 87
30281668 30281670 60
30281674 30281677 26
30281888 30281891 77
30281892 30281894 59
30281913 30281915 87
30278626 30278631 31
30281919 30281922 50
30281953 30281956 99
30282040 30282043 78
30282044 30282047 36
30282087 30282089 8
30282093 30282096 51
30282097 30282100 60
30282299 30282301 14
30282302 30282304 26
30282316 30282318 79
30282353 30282355 45
30282410 30282412 16
30282417 30282419 37
30282420 30282423 68
30282438 30282440 32
30282661 30282664 20
30282668 30282671 73
30282674 30282676 16
30282698 30282700 17
30282748 30282751 88
30282766 30282769 17
30282829 30282831 93
30282832 30282835 100
30282840 30282842 66
30282849 30282851 55
30275484 30275491 64
30283127 30283129 47
30283200 30283202 83
30283267 30283270 18
30279124 30279129 26
30283273 30283276 61
30283288 30283291 92
30283292 30283295 38
30283299 30283301 45
30283302 30283305 85
30283306 30283308 84
30283309 30283312 86
30283316 30283319 71
30283321 30283323 99
30283325 30283328 86
30283331 30283333 50
30283337 30283339 23
30283540 30283543 100
30283552 30283554 55
30283555 30283558 55
30283569 30283572 17
30283573 30283576 70
30283631 30283633 73
30283656 30283659 90
30283665 30283667 93
30283695 30283698 83
30283723 30283725 50
30283731 30283734 32
30283743 30283746 61
30283757 30283760 98
30283974 30283976 82
30283992 30283995 36
30283996 30283999 4
30284020 30284022 93
30284026 30284028 33
30284090 30284092 13
30284116 30284119 41
30284140 30284142 70
30284166 30284169 19
30284171 30284173 41
30284174 30284177 22
30284181 30284183 25
30284184 30284186 90
30284380 30284383 55
30284387 30284389 20
30284390 30284392 16
30284393 30284396 86
30284403 30284405 18
30284410 30284412 15
30284413 30284415 34
4265320 4357836 76
30284423 30284426 33
8281764 8281803 8
30284513 30284516 26
30284546 30284550 81
30284561 30284563 23
30284578 30284581 19
30284595 30284597 67
30266987 30267000 56
3981874 4169793 63
7399456 7399500 55
30284835 30284838 37
30284845 30284848 59
30284849 30284852 50
30284861 30284864 73
30284868 30284870 34
30284905 30284908 46
30284911 30284913 26
30284971 30284975 6
30284976 30284979 62
30284999 30285001 44
30285002 30285004 72
30285010 30285012 71
4265321 4357840 60
30285049 30285051 72
30285053 30285055 95
30285056 30285058 73
8339986 8339992 92
30285288 30285290 26
30285297 30285299 53
30285300 30285303 64
30285307 30285310 3
30285316 30285318 20
30285319 30285322 76
30285325 30285328 34
30285329 30285331 44
30285335 30285337 5
30285424 30285426 90
30285465 30285467 2
30285468 30285471 45
30285479 30285482 82
30285492 30285495 36
30285496 30285498 43
30285499 30285501 71
7399457 7399503 53
30285504 30285506 23
30285709 30285711 61
30285713 30285716 30
30285719 30285722 70
30285723 30285726 48
30285727 30285729 36
30285743 30285745 37
30285746 30285749 65
30285753 30285756 87
30279355 30279361 50
30285788 30285791 18
30285838 30285841 58
30285875 30285877 14
30285889 30285891 2
30285892 30285895 30
30285898 30285901 52
30285902 30285904 28
7399458 7399506 13
30285917 30285919 32
30285928 30285930 42
30285939 30285942 63
30286003 30286005 96
30286098 30286101 93
30286111 30286113 64
30286119 30286121 54
30286134 30286136 59
30286148 30286151 52
30286155 30286158 12
30286159 30286163 28
30286164 30286167 69
30286177 30286180 69
30286229 30286232 76
30286299 30286302 85
30286303 30286305 77
30286315 30286318 61
30286442 30286445 85
30286498 30286501 44
30286556 30286559 73
30286560 30286562 47
30286563 30286565 3
30286569 30286572 99
30286580 30286583 24
30286584 30286587 87
30286594 30286596 14
30286597 30286600 9
30286653 30286656 51
30286687 30286689 39
30286728 30286730 3
30286738 30286740 76
30286741 30286744 57
30286779 30286782 98
30286785 30286787 17
30286788 30286791 14
30286792 30286795 97
30286796 30286798 22
30286805 30286809 74
30286811 30286813 80
30286961 30286964 98
30286973 30286975 24
30286980 30286983 62
30286989 30286993 51
30286995 30286998 10
30286999 30287002 87
30287010 30287012 44
30287026 30287029 8
30287068 30287070 59
30287073 30287075 100
30287116 30287119 92
30287120 30287122 93
30287128 30287131 13
30287138 30287141 87
30287148 30287151 51
30287152 30287154 27
30285456 30285459 53
7399460 7399511 68
30287155 30287157 20
30287158 30287161 92
30287219 30287221 26
30287351 30287354 45
30287358 30287361 75
30287362 30287365 51
30287366 30287368 15
30287369 30287372 16
30287373 30287376 59
30287377 30287380 91
7399553 7399606 84
30287385 30287387 82
30287399 30287402 64
30287404 30287406 16
30287407 30287410 85
30287411 30287414 65
30287415 30287417 86
30287420 30287423 9
30287424 30287426 10
30287457 30287459 35
30287552 30287554 44
30287563 30287565 86
30287568 30287570 58
30287571 30287573 91
30287583 30287585 34
30287819 30287822 79
30287823 30287825 3
30287826 30287828 17
30287829 30287832 21
30287837 30287839 75
30287845 30287847 30
30287854 30287856 71
30287861 30287864 76
30287865 30287868 73
30287886 30287888 2
30287912 30287915 88
30287942 30287944 7
30287969 30287972 22
30287983 30287985 68
30287992 30287994 69
30287995 30287998 49
30288005 30288007 23
30288016 30288018 81
30288202 30288204 14
30288205 30288207 52
30288215 30288218 72
30288219 30288221 57
30288222 30288225 28
30288234 30288237 13
30288257 30288260 8
30288272 30288275 23
30288329 30288331 78
30288334 30288336 26
30288338 30288340 23
30288347 30288349 67
30288368 30288370 94
30288371 30288374 17
30288378 30288381 60
30288382 30288384 17
30288516 30288518 56
30288519 30288521 77
30288522 30288525 8
30288526 30288530 82
30288542 30288544 88
30288565 30288568 82
30288569 30288572 15
30288576 30288579 2
30288580 30288582 6
30288583 30288586 92
30288609 30288612 37
30288613 30288616 23
30288647 30288650 93
30288720 30288723 69
30288853 30288855 75
30288856 30288858 26
30288862 30288865 25
30288866 30288869 69
30288881 30288884 92
30289017 30289019 11
30289020 30289023 18
30269010 30269014 44
30289027 30289029 72
30289032 30289035 7
30289036 30289039 68
30289044 30289046 83
30289049 30289052 34
30289102 30289104 72
30289193 30289195 88
9089534 9089539 15
30289234 30289237 89
30289238 30289241 60
30289242 30289244 25
9780100 9780107 91
30289272 30289274 70
30289401 30289404 1
30289409 30289413 7
30289420 30289422 22
30289427 30289429 27
30289430 30289433 20
30289609 30289612 40
30289630 30289633 100
30289636 30289638 14
5365603 5365626 98
30289639 30289641 84
30289642 30289644 2
30289645 30289648 95
30289691 30289693 66
7399462 7399516 49
30289730 30289732 18
30275493 30275500 3
30289829 30289832 21
4123122 4265305 51
30289842 30289844 49
30289845 30289847 29
30267075 30267082 30
30266989 30267004 35
30289977 30289980 23
30290017 30290019 95
30290022 30290024 66
30290025 30290027 79
30290028 30290031 28
30290032 30290035 2
30290036 30290039 89
30290051 30290053 74
30290055 30290057 77
30290058 30290061 34
30290065 30290067 69
30290073 30290075 21
30290080 30290082 6
30290191 30290193 36
30290203 30290206 24
30290207 30290210 48
30290216 30290218 10
30290337 30290339 84
30290340 30290343 76
30290344 30290346 34
30290363 30290365 92
30290375 30290378 45
30290382 30290385 93
30290424 30290426 12
30290528 30290530 45
30290531 30290533 50
30290534 30290537 49
30290538 30290540 46
25449563 25449569 77
30290672 30290674 8
30290691 30290693 89
30290697 30290699 20
30290700 30290702 78
30290703 30290705 33
30290709 30290711 34
30290715 30290718 55
30290755 30290758 49
30290808 30290810 20
30290811 30290814 24
30290821 30290824 17
30290828 30290831 70
30290832 30290834 72
30290840 30290843 86
30266872 30266876 71
30290976 30290978 7
30290982 30290984 3
30290995 30290997 25
14446527 14446574 17
30291006 30291008 65
30291012 30291015 62
30291038 30291041 64
30291070 30291072 47
30291073 30291076 98
30291099 30291102 23
30291103 30291106 6
30291107 30291109 42
30291128 30291130 61
30291131 30291133 12
30291134 30291136 83
30291137 30291140 13
30291241 30291244 8
30291261 30291263 83
30291272 30291275 69
30291278 30291281 52
30291291 30291293 6
30291355 30291357 70
30291358 30291360 99
30291364 30291367 29
30291370 30291373 18
30291374 30291377 91
30291383 30291385 83
30291386 30291389 25
4123123 4265312 60
30291508 30291510 33
30291528 30291531 2
30291548 30291549 95
30291550 30291552 51
30291559 30291561 12
30291574 30291577 12
30291578 30291581 46
30291582 30291585 67
30291684 30291686 53
4265322 4357844 4
30291698 30291700 65
30291707 30291709 45
30291715 30291718 37
30291749 30291751 52
30291752 30291755 68
30291767 30291771 60
30291774 30291776 46
30291777 30291780 45
30291781 30291784 58
30291786 30291788 48
30291792 30291794 85
30291795 30291797 88
30291800 30291803 92
30291804 30291806 70
30291807 30291810 77
30291878 30291882 99
30291885 30291887 74
30291888 30291891 85
30291892 30291894 72
30291895 30291898 81
30291902 30291904 68
11970359 11970366 63
30291942 30291945 83
30291972 30291975 98
30291976 30291978 64
30291984 30291987 76
30291988 30291991 73
30292094 30292097 87
30292108 30292110 83
30292122 30292125 27
30292164 30292167 66
30292173 30292176 60
30292177 30292180 95
30292249 30292251 26
30292254 30292256 60
7399543 7399589 48
30292297 30292300 44
30292301 30292303 31
30292344 30292346 26
30292357 30292360 11
30292377 30292379 79
28776484 28776490 28
30292396 30292399 26
30292438 30292440 28
30292443 30292446 11
30292447 30292449 24
30292450 30292453 15
30292456 30292459 40
30271258 30271261 60
30292460 30292462 20
30292467 30292470 55
30292471 30292473 82
30292474 30292476 56
30292534 30292536 33
30292551 30292553 47
30292578 30292581 43
30292598 30292600 39
30292603 30292606 5
30292607 30292610 52
30292611 30292614 5
30292627 30292630 39
30292662 30292665 24
30292685 30292688 65
30292703 30292705 50
30292744 30292747 60
30292761 30292764 80
30292776 30292778 50
30292779 30292782 100
30292786 30292788 80
30292789 30292791 3
30292792 30292795 22
30292796 30292798 71
7399464 7399521 1
30292813 30292816 37
30292828 30292830 100
30277433 30277438 93
30292833 30292836 91
30292861 30292864 99
30292871 30292873 53
30292883 30292885 12
30292910 30292912 89
30292947 30292950 36
30292953 30292955 46
30292961 30292964 82
30292965 30292968 55
30292969 30292971 12
30292975 30292978 77
30292979 30292982 72
30292984 30292987 38
30292988 30292991 37
30293023 30293026 14
30293031 30293033 76
30266097 30266101 81
30293043 30293045 54
30293047 30293050 4
30293065 30293067 86
30293071 30293073 21
30293074 30293077 6
30293078 30293081 13
30293092 30293094 66
30293104 30293107 19
30293114 30293117 53
30293118 30293121 53
30293137 30293141 49
30293171 30293173 59
30293174 30293176 50
30293179 30293181 72
30293209 30293212 37
30293231 30293234 19
30293235 30293237 28
30293270 30293272 7
7399544 7399592 95
30293273 30293276 19
30293283 30293286 18
30293296 30293298 5
30293315 30293318 41
30293319 30293322 89
30293323 30293326 23
30293327 30293330 5
30293337 30293339 89
30293340 30293343 66
30293353 30293357 35
30293369 30293372 90
30293390 30293392 77
30293395 30293398 56
30293401 30293405 28
30293411 30293414 72
30293415 30293418 93
30293430 30293433 87
30293434 30293437 19
30293449 30293451 79
7399465 7399524 46
30293457 30293460 22
30293463 30293466 44
30293469 30293472 29
7399547 7399599 100
30293479 30293482 36
30293486 30293489 90
30293497 30293500 45
30293504 30293507 16
30347074 30347076 78
15348371 15348375 99
31086141 31086143 60
31088979 31088981 14
31090016 31090018 23
31103465 31103467 65
5191632 5191649 38
32974844 32974847 95
33283635 33283637 43
33283638 33283640 19
30793000 30793008 100
33357154 33357156 64
33454095 33454097 89
33502951 33502953 57
34832027 34832029 96
34832557 34832559 30
34851058 34851060 70
34966330 34966332 58
35637275 35637277 58
35637779 35637781 49
35639208 35639210 75
35639598 35639601 59
35640824 35640826 10
35654411 35654413 44
35660016 35660018 25
35660640 35660642 58
30793001 30793010 93
35662187 35662189 8
35662226 35662228 14
35662230 35662232 55
7030791 7030811 97
35669899 35669901 59
35670082 35670084 17
35673911 35673913 18
35699367 35699369 24
35707953 35707955 91
35710269 35710271 37
35710311 35710313 87
35730622 35730624 52
35735705 35735707 40
35737594 35737596 9
35738486 35738488 84
35738492 35738494 9
35738669 35738671 30
35738686 35738688 53
35738690 35738692 80
35738839 35738841 62
35739152 35739154 96
35739577 35739579 95
35739699 35739701 10
35741514 35741516 61
36662469 36662471 8
36662517 36662519 83
36662536 36662538 56
36662539 36662541 42
36662546 36662548 48
36662554 36662556 94
30793002 30793012 84
36662579 36662581 36
36662632 36662635 77
36662648 36662650 53
33503448 33503451 16
30793003 30793014 80
36662666 36662668 31
36662669 36662671 77
36662676 36662678 5
36662685 36662687 76
36662710 36662712 92
36662717 36662719 61
36662722 36662724 62
36662727 36662729 98
36662733 36662735 96
36662736 36662738 50
36662749 36662751 22
36662762 36662764 37
36662781 36662783 75
36662785 36662787 14
36662848 36662850 88
36662884 36662886 3
36662894 36662896 48
36662905 36662907 30
36662908 36662910 65
36662915 36662917 92
36662947 36662949 62
36662950 36662952 15
36662980 36662982 57
30793005 30793016 32
36662983 36662985 91
36662992 36662994 14
36662996 36662998 2
36662999 36663001 5
36663006 36663008 92
36663019 36663021 23
36663022 36663024 99
36663025 36663027 44
36663028 36663030 4
36663045 36663047 45
36663065 36663067 33
36663070 36663072 19
36663085 36663087 45
36663133 36663135 65
36663136 36663138 2
36663139 36663141 92
36663142 36663144 81
36663146 36663148 30
36663158 36663160 13
36663166 36663168 28
30793006 30793018 5
36663199 36663201 32
36663208 36663210 8
36663213 36663215 31
36663258 36663260 31
36663261 36663263 26
36663269 36663271 62
36663280 36663282 14
36663283 36663285 73
36663306 36663308 35
36663374 36663376 34
36663382 36663384 8
36663385 36663387 15
36663388 36663390 96
36663402 36663404 18
36663426 36663428 21
36663433 36663435 24
36663441 36663443 46
36663444 36663446 98
36663452 36663454 4
36663502 36663504 89
43356690 43356692 53
45099472 45099474 100
46020239 46020240 11
