5023304 5023314 5
5024860 5024867 78
5029145 5029157 44
927833 1734895 2
6220721 6220743 13
120095 385686 7
3813838 4056687 28
1340453 2212272 6
87999 301406 61
18794 104422 7
680470 1433093 60
2270938 2992068 63
219358 674122 3
322247 871154 91
22685 123585 31
18709 102000 23
331309 900902 68
7634099 7634108 41
7749170 7749186 1
1424382 2299577 30
999860 1848740 47
337389 925628 62
3469235 3842446 56
807459 1608473 87
326614 885598 26
8760048 8760072 16
1249888 2127788 65
18802 104976 65
8843727 8843747 49
326615 885674 60
968867 1808241 3
8909774 8909783 93
8972198 8972226 23
301901 826616 92
9061175 9061193 56
326177 883615 1
4571021 4585404 91
9167425 9167444 26
9186234 9186260 9
9207742 9207754 96
9213842 9213872 31
1345737 2220785 83
1632268 2478089 71
4438029 4480202 58
9303693 9303698 34
618783 1357772 75
9341123 9341130 89
912509 1722973 23
9366514 9366534 21
9376047 9376067 14
88006 301894 58
807461 1608596 13
4474167 4507664 76
9418760 9418771 64
9432436 9432448 42
1577091 2436187 57
9438302 9438319 45
9448931 9448944 75
968667 1807846 85
4653237 4660022 5
337244 924695 4
9485997 9486008 63
928943 1744639 94
846222 1658397 77
337410 926303 94
9543424 9543438 54
949275 1779443 96
9547351 9547364 45
9550482 9550508 45
1687020 2523159 7
4428426 4472697 40
9581078 9581086 36
102086 333935 53
9581564 9581585 1
9585843 9585864 96
1641588 2484351 11
4597983 4608786 36
287744 802238 69
9613201 9613216 32
9622998 9623021 17
3063170 3557605 23
9631393 9631402 18
9639674 9639694 35
141136 443923 57
603402 1340562 93
9648497 9648504 91
9650932 9650942 58
4937933 4938014 66
326655 886770 64
9656179 9656185 3
9656773 9656786 1
9659784 9659818 55
3500465 3858365 37
9661831 9661844 19
9664791 9664798 30
4996040 4996055 45
9759387 9759398 7
8721487 8721530 9
807434 1607754 41
4584588 4596431 33
1733667 2567650 78
9803932 9803939 100
9808337 9808361 27
9809832 9809850 13
119113 380793 91
88012 302102 23
9866713 9866721 43
9887100 9887112 19
3469474 3842608 71
826231 1636605 43
9892928 9892952 79
9896180 9896197 41
9898464 9898486 57
8571078 8571097 93
331521 902926 19
9906085 9906094 32
9906858 9906872 22
9906899 9906906 70
9909287 9909307 6
2460974 3140038 62
9920099 9920110 84
9908524 9908540 3
2332340 3034270 55
10042815 10042829 38
10281053 10281056 56
10296113 10296137 13
10297114 10297143 90
10321188 10321192 90
4428372 4472564 27
10328450 10328457 82
1185044 2058360 80
10330091 10330101 86
10331132 10331140 91
10333630 10333642 69
6960451 6960454 16
10336060 10336083 62
10337396 10337402 4
10337487 10337490 38
1701600 2532675 46
10342080 10342091 62
871122 1686999 6
34514 136703 59
10473891 10473896 21
10573198 10573205 76
10754753 10754770 56
4278530 4368330 39
10870989 10871017 96
10943732 10943739 17
9680984 9680998 40
325439 879337 73
11125107 11125123 73
11465852 11465862 48
11488492 11488499 1
11593982 11593994 73
11669537 11669541 20
11687604 11687609 80
11736765 11736774 68
11747893 11747898 80
11749152 11749157 57
4635783 4643872 47
826213 1636114 73
11777482 11777487 95
11781863 11781882 93
11784830 11784843 12
4680457 4684970 14
11790091 11790101 66
11793740 11793752 82
11794910 11794914 100
11805417 11805424 55
11813786 11813801 78
4619888 4629258 5
11828256 11828263 69
285550 796832 36
826239 1636769 47
11833337 11833341 60
3244754 3690429 96
11835298 11835305 49
11839609 11839624 79
302655 827368 88
11850855 11850863 37
11851734 11851743 87
1496185 2361189 85
99227 328700 30
11874346 11874362 3
826215 1636166 76
11877553 11877562 62
11882696 11882706 8
11884224 11884231 59
11887047 11887059 55
11887589 11887596 91
11889227 11889234 40
11889733 11889740 76
1640415 2483307 11
11892119 11892128 27
11892140 11892149 54
11901358 11901369 20
11909455 11909465 77
3135502 3610747 78
11917471 11917481 23
826821 1638506 19
11933000 11933010 68
21271 118712 65
4682261 4686811 67
1392021 2265712 15
11976250 11976267 84
11987384 11987390 35
1713622 2543688 11
3971669 4163475 84
12026133 12026138 2
12064637 12064654 54
12073871 12073880 26
1807140 2618887 27
1854648 2655723 58
12084361 12084371 66
12087391 12087399 47
12093859 12093868 52
326661 886924 71
12142959 12142970 70
2439173 3121212 57
12154777 12154788 72
826822 1638527 1
12161103 12161111 76
4929698 4929715 36
12162752 12162765 44
12166862 12166871 74
12167314 12167327 59
12167376 12167386 57
12167443 12167462 5
4983481 4983496 41
326637 886326 90
12175310 12175319 59
12179546 12179551 20
3120850 3599378 95
2458955 3137366 98
12185669 12185676 23
12185789 12185795 29
12192118 12192125 94
12192131 12192137 88
12195665 12195676 33
12198956 12198965 11
12205299 12205316 99
12207728 12207736 39
4810716 4810976 41
12222807 12222813 44
694102 1449129 80
5785774 5785829 38
1393701 2267236 31
6766053 6766065 14
933546 1759261 94
12245296 12245314 65
12245486 12245490 32
12245496 12245518 37
1641820 2485013 23
12258310 12258318 46
12259493 12259496 83
12263576 12263581 14
12267424 12267429 14
10325066 10325072 42
12279653 12279656 82
12282120 12282126 73
12283778 12283787 35
12285384 12285395 47
12285746 12285750 8
12292638 12292645 91
12301749 12301755 98
12302336 12302344 89
12309085 12309092 52
12311337 12311348 48
6985654 6985671 69
12318620 12318628 80
22199 121500 51
4105056 4254488 71
1607458 2457783 54
12613170 12613184 33
7738610 7738643 67
12842346 12842350 4
5589062 5589077 51
12858386 12858398 45
12859496 12859512 84
4210683 4323259 5
4609687 4619809 95
12868160 12868164 67
12869085 12869091 90
4589116 4600523 59
9828787 9828796 100
12871034 12871043 90
12881054 12881059 94
12884743 12884750 6
12884904 12884916 37
2451279 3130830 49
4778376 4778956 12
12887590 12887602 17
12888020 12888032 98
12888128 12888135 24
1701879 2532974 31
12889357 12889366 35
12892205 12892232 87
12893460 12893470 71
10270606 10270654 83
12899646 12899654 79
12903258 12903262 58
4556114 4572819 9
801640 1593044 60
12907817 12907825 13
12908137 12908143 34
12910270 12910276 57
3952701 4151276 29
12910576 12910580 18
4028185 4200112 45
12937156 12937166 38
12972441 12972449 46
12995169 12995183 36
1580284 2439039 85
12736261 12736274 65
13057068 13057079 29
13062793 13062810 46
4573634 4587418 98
1733641 2567525 66
1733641 2567526 52
13089404 13089409 85
301908 826791 38
3049300 3548990 9
4553289 4570287 58
13117228 13117238 45
378789 983990 81
2567639 3207412 56
34521 136996 28
7201701 7201722 28
13157178 13157192 38
13159254 13159258 68
1444941 2314242 76
746376 1525713 1
1757502 2578175 34
63607 246383 15
675760 1417705 94
4011317 4189669 8
117849 378435 68
3421011 3805096 54
2273939 2994560 51
1640430 2483548 60
3019115 3528688 17
968999 1808372 28
13652657 13652664 85
337695 927148 33
8875591 8875607 33
13789576 13789579 11
13805463 13805466 9
14102911 14102915 99
14197997 14198015 8
5755596 5755621 45
5026051 5026100 87
1413603 2286458 7
9921742 9921758 64
14218982 14218984 20
14219489 14219493 92
1417144 2290938 39
14256989 14256993 89
14260364 14260373 48
14263224 14263230 32
14265609 14265618 57
1189597 2064098 89
14270112 14270120 99
14276324 14276328 66
14284507 14284511 89
3469580 3842717 81
14286650 14286656 76
14291948 14291953 11
14292300 14292304 93
14292448 14292457 45
14292737 14292741 5
14293359 14293362 5
14295361 14295363 66
14423686 3835499 93
14441007 14441014 7
14450627 14450630 78
9116166 9116175 19
14452694 14452697 14
14455256 14455261 43
14463838 8843747 95
8297016 8297122 11
14480747 14480751 7
14484875 14484882 53
14503444 14503450 95
14508294 14508308 56
14511864 14511869 78
3271475 3710388 10
3311999 3735103 71
14520967 14520969 25
14522977 14522985 53
14526780 14526790 31
5022795 5022805 72
14542491 14542496 34
10815145 10815165 97
290450 808661 85
14553484 14553492 35
14553484 14553501 12
14561383 14561387 53
14571619 14571624 30
14572655 14572661 23
14576520 14576535 79
14583664 14583669 99
14588120 14588126 74
2437881 3120055 7
14591380 14591387 63
14594925 14594934 74
14605166 14605181 3
14605887 14605895 77
2500066 3169317 55
14612246 14612256 79
14202970 14203011 6
14619442 14619451 9
14622626 14622636 37
14623423 14623429 57
14625581 14625584 81
4472288 4506143 22
14630318 14630327 40
14633159 14633174 72
14633366 14633370 7
4721336 4723270 86
14640012 14640030 27
14642912 14642922 69
14643416 14643419 9
969129 1808482 20
4637797 4645868 14
14655413 14655419 30
396446 1005934 91
6338495 6338513 59
14661146 14661157 29
2437615 3119741 2
14202931 14202945 5
14665006 14665008 88
14667525 14667531 12
14260383 14260396 27
14673650 14673655 54
14676181 14676183 65
14676239 14676248 17
14678713 14678722 4
14678839 14678841 3
1946281 2720026 4
14680207 14680210 63
14699698 14699704 91
86888 296345 76
14721264 14721271 10
14725044 14725049 53
14755608 14755611 81
14761833 14761838 42
14835677 14835681 44
1538848 2398540 1
117081 376653 8
1695028 2528812 19
592473 1326944 72
15152544 15152553 84
15190025 15190032 86
15191907 15191916 12
15194890 15194903 98
15196304 15196314 58
15197273 15197279 22
15198453 15198466 70
15200064 15200076 34
15211005 15211007 52
15212625 15212629 68
15214916 921892 36
15216179 15216185 91
15216263 15216270 86
15216969 15216978 64
15190989 15191016 17
15221382 15221389 17
15221893 15221898 90
15226773 15226781 35
10573879 10573935 4
15220663 15220683 16
14102913 14102926 14
15227294 15227299 44
15227363 15227370 26
15231276 15231278 39
15232022 15232033 18
14202932 14202957 46
14293537 14293567 98
15240027 15240031 93
15240274 15240279 41
15241134 15241139 11
15241828 15241849 92
10944214 10944227 31
15242462 15242473 91
15243834 15243837 26
15220674 15220724 54
15244719 15244740 47
15246295 15246298 49
15247148 15247155 60
15248157 15248160 93
15248180 15248184 11
15248326 15248331 38
15260477 15260480 40
15260719 15260734 92
15262113 15262117 75
15264669 15264673 87
39735 162764 41
39483 162112 20
15407484 15407495 24
15408582 15408590 78
7605439 7605473 100
10477884 10478028 93
15433804 15433816 2
14259978 14259997 50
15441221 15441226 57
15443588 15443591 72
15456112 15456120 41
342302 932164 71
15486144 15486147 57
15489019 15489030 32
15495428 15495434 67
15496489 15496493 93
15212395 15212420 93
15506282 15506292 30
15511124 15511132 60
15161979 15162001 73
15517107 15517115 37
15519421 15519424 1
4653924 4660644 56
15522976 15522983 15
15524341 15524346 3
15033034 15033049 44
15532871 15532877 67
15538078 15538084 94
14970894 14970919 69
15204912 15204931 42
15555717 15555724 35
15558822 15558830 51
15560364 15560373 6
8622928 8622943 6
15563490 15563496 7
4645881 4653190 82
15568195 15568202 63
15570966 15570971 90
15573665 15573671 22
15580308 15580321 59
15583349 15583356 32
15583482 15583488 78
15589518 15589521 24
15590064 15590066 84
15591035 15591039 58
15591850 15591852 8
15591921 15591926 47
15629358 15629360 76
15643417 15643422 14
15648675 15648679 38
15654961 15654968 82
15684623 15684626 91
15756129 15756131 80
15757359 15757362 89
15757400 15757403 4
15758453 15758458 85
15761011 15761017 62
15763050 15763054 68
15764702 15764706 45
15764870 15764873 70
15766651 15766655 99
15768230 15768232 86
10629381 10629385 69
15773756 15773760 63
15773791 15773796 41
15789670 15789675 93
15858292 15858297 21
15861502 15861507 31
14277911 14277928 42
4762624 4763516 23
15888316 15888320 19
15891181 15891184 7
15895370 15895375 55
15896488 15896492 40
15896826 15896831 96
15899084 15899088 9
15901407 15901411 3
21612380 21612383 61
21614128 21614134 5
21614363 21614369 1
21615233 21615237 43
21615601 21615604 35
21616710 21616715 79
21617358 21617362 69
21617406 21617411 43
21618129 21618135 77
21618626 21618629 14
21621057 21621060 37
4509306 4535772 81
21623047 21623050 39
1609352 2459029 66
21623385 21623396 55
21624189 21624192 92
21624552 21624555 29
21625316 21625320 73
21626819 21626822 9
21626952 21626960 5
21628469 21628472 74
21630257 21630260 87
15200116 15200143 30
11733514 11733526 57
21631493 21631498 22
21632343 21632346 72
21632343 21632347 93
21632829 21632833 63
21632835 21632837 39
21634528 21634534 16
21635028 21635031 20
21635265 21635271 8
21635301 21635304 85
21637562 21637566 92
21639192 21639199 93
21639847 21639850 48
21641400 21641404 91
21641498 21641501 56
21642882 21642892 1
21643809 21643811 80
21643888 21643893 54
21644936 21644938 76
21644988 21644993 98
21646276 21646287 20
21649007 21649019 24
21651806 21651813 90
21652628 21652636 58
21652852 21652861 64
21654029 21654040 21
283670 794497 82
21655283 21655290 22
21655304 21655312 79
21656799 21656802 33
21658163 21658165 68
21660285 21660289 14
21660813 21660816 24
9592444 9592456 49
21663686 21663689 4
21664230 21664234 32
21664492 21664495 81
21664677 21664680 82
2619447 3248321 37
21666836 21666841 10
21667058 21667066 37
21667201 21667206 19
21667266 21667270 36
4680434 4684952 70
21668423 21668426 15
21668691 21668695 63
21668979 21668983 7
4617473 4626902 48
21669456 21669460 5
21670996 21671003 59
21671364 21671368 36
21671493 21671501 87
826285 1637536 6
21672566 21672571 96
21672840 21672842 60
21673733 21673737 16
21675345 21675350 42
21675398 21675404 35
21676458 21676467 82
21676697 21676700 3
21677794 21677798 13
21678170 21678173 78
21678552 21678556 8
21678746 21678749 78
21679019 21679022 80
21679044 21679048 83
21681981 21681984 86
21682118 21682121 96
21683220 21683226 53
21684441 21684446 44
21684466 21684472 20
415238 1054069 24
21685096 21685100 30
21685271 21685276 58
21685802 21685805 27
21685817 21685824 63
21686156 21686160 2
21688703 21688712 74
21689324 21689326 88
21689677 21689682 36
21689740 21689743 14
21689815 21689818 47
21690984 21690989 26
21691010 21691014 53
21691835 21691840 36
21692148 21692152 31
21694088 21694091 98
21695273 21695281 68
21696139 21696146 73
21697196 21697202 29
3137260 3612213 76
21701496 21701502 27
21704390 21704395 18
21705736 21705740 99
21706008 21706011 48
21706750 21706759 5
9271652 9271664 26
21707307 21707310 34
21707545 21707555 70
21708744 21708747 41
21709123 21709127 35
21709783 21709787 74
21709857 21709863 87
21710780 21710783 59
14193863 14193885 12
15486954 15486969 85
21712575 21712579 58
21716490 21716493 99
21717795 21717797 35
21718171 21718177 28
9205038 9205059 8
21719976 21719980 6
21720071 21720081 27
12932468 12932483 61
21722926 21722929 97
21723024 21723029 28
21724101 21724104 84
4196328 4313882 79
21725209 21725213 28
21725609 21725617 78
21726306 21726309 80
21726962 21726970 23
21727366 21727370 45
21728216 21728221 87
21657524 21657540 10
21729251 21729254 80
21729870 21729873 28
21730050 21730054 87
21732137 21732147 92
21732419 21732421 67
21732706 21732716 84
21732894 21732899 86
21734452 21734454 87
21736902 21736904 84
21738495 21738507 23
21739049 21739052 43
21739449 21739451 44
21741310 21741315 2
21741870 21741879 17
21743011 21743016 78
21743384 21743386 43
21743752 21743755 29
21744111 21744116 29
21744567 21744570 18
4429735 4473911 83
21746005 21746008 25
21746612 21746614 76
21747800 21747806 94
21749019 21749032 81
21749817 21749819 6
21751278 21751283 44
21751543 21751546 29
21751674 21751679 34
21752291 21752294 45
21752775 21752777 54
21753214 21753219 69
21754014 21754017 87
21754307 21754309 97
21755245 21755249 77
21757382 21757384 48
21758211 21758214 6
21758655 21758658 39
21760159 21760166 89
21761643 21761652 39
21762420 21762424 94
2512374 3179772 33
21762890 21762892 86
21763845 21763847 67
21765355 21765358 75
21765599 12714511 59
21766681 21766686 86
21766716 21766718 51
21767883 21767888 67
21769646 21769650 38
21701014 21701024 31
21772810 21772812 59
21772945 21772952 79
21775808 21775811 33
21776103 21776108 52
21776715 21776718 38
21776786 21776792 98
21777038 21777046 54
21777826 21777832 10
21779138 21779149 13
4558965 4574921 8
21780380 21780384 15
21780440 21780442 96
15262701 15262723 33
21783822 21783825 78
21784001 21784004 43
21784675 21784678 63
21785172 21785183 82
21787138 21787143 40
21787312 21787317 65
21788854 21788858 72
21789673 21789675 16
21790513 21790522 14
21791939 21791941 32
21792204 21792211 68
21792247 21792254 78
15151395 15151431 13
21794398 21794401 26
21794916 21794920 83
21796148 21796152 21
21796148 21796156 25
21798538 21798542 45
4428267 4472486 11
21799207 21799211 42
21799230 21799233 93
21800455 21800461 69
15062233 15062269 50
21800602 21800604 54
21803976 21803979 6
21804709 21804713 39
21805496 21805500 79
21805927 21805932 78
21806026 21806030 99
21806145 21806153 16
21807154 21807161 49
4166968 4295456 31
21808971 21808978 21
21811399 21811402 27
21811969 21811973 44
21812926 21812930 37
21813777 21813781 23
21813892 21813898 60
21814676 21814680 93
21814944 21814946 77
21815187 21815192 95
4137257 4275920 69
21815946 21815950 42
21816753 21816755 86
21819272 21819275 67
21820298 21820303 71
21821141 21821147 86
21821189 21821193 84
21821841 21821845 63
21825095 21825100 21
21825102 21825106 15
14922839 14922849 5
21827256 21827259 55
21827544 21827547 48
21828525 21828531 13
21828894 21828897 27
21828911 21828920 34
3136143 3611457 5
21829878 21829881 34
21830667 10443632 2
21833810 21833812 15
21834153 21834158 51
21834844 21834849 83
21835548 21835552 13
21836213 21836216 58
3124784 3601519 44
21837590 21837596 36
21838120 21838126 88
11836054 11836063 64
21839450 21839461 70
21840628 21840634 32
21841549 21841557 58
21842340 21842346 57
21842470 21842476 25
21844182 21844187 17
21844836 21844841 77
21845516 21845519 17
21845918 21845923 68
21846284 21846290 89
21846878 21846881 62
21847853 21847855 49
21850070 21850079 20
21851931 21851944 9
21852827 21852830 59
21852864 21852874 82
21853105 21853109 99
21853723 21853729 76
21853885 21853888 51
21854514 21854517 9
21854913 21854916 7
3243975 3690034 8
21856922 21856925 35
1118608 1990168 71
21858405 21858408 20
21858570 21858574 70
21670100 21670119 1
2657487 3275029 6
21862396 21862401 75
21862432 21862437 20
21866862 21866874 67
21867408 21867413 32
21867564 21867567 84
21868266 21868272 47
21868725 21868731 39
21871677 21871683 39
21872308 21872311 96
21872667 21872673 43
21873656 21873662 75
21726308 21726313 29
21874184 21874188 64
21874844 21874848 80
7363039 7363049 88
21877030 21877033 56
21878917 21878920 64
21879057 21879062 68
21879092 21879097 25
21879703 21879707 67
21880219 21880223 97
21880649 21880652 76
12346962 12346971 58
21881680 21881685 63
21883245 21883251 21
21886624 21886627 47
21887492 21887495 13
21888080 21888084 63
21888327 21888334 82
21889071 21889075 37
21890369 21890376 76
21891833 21891837 44
21892809 21892818 78
21894534 21894539 92
21896070 21896076 7
21899217 21899221 71
21899986 21900003 99
21900069 21900074 67
21901055 21901059 33
21903829 21903835 84
21904660 21904662 75
21905963 21905970 23
21907972 21907974 43
21908691 21908700 30
21908812 21908817 10
21910794 21910799 61
21912250 21912253 26
21912912 21912914 82
21913523 21913534 37
21913932 21913935 2
21914856 21914859 8
21915702 21915707 65
21915981 21915986 36
14921959 14921981 74
21918115 21918119 52
21918708 21918718 10
2444995 3126764 74
380914 989460 46
21919758 21919762 51
10657334 10657366 49
21920717 21920722 67
21921715 21921728 40
21922371 21922374 27
21922863 21922867 18
14922314 14922338 99
21923441 21923444 54
21924683 21924689 20
21924955 21924963 31
21925238 21925241 49
21927197 21927201 30
21927309 21927311 49
21930848 21930850 13
21930990 21930996 60
21931471 21931481 14
21931524 21931527 33
21932065 21932081 3
21933083 21933090 24
21933608 21933611 66
21934843 21934847 18
21934934 21934938 12
21935501 21935505 37
21938137 21938143 65
21938400 21938405 53
21940203 21940207 45
21942418 21942422 1
21943310 21943314 87
21944165 21944168 59
21944233 21944235 6
21946140 21946143 54
21948265 21948271 27
21949316 21949324 55
2989626 3504947 77
21950273 21950281 52
21951648 21951654 13
4962505 4962514 26
21953493 21953499 87
21955851 21955854 21
21956218 21956221 72
21959762 21959770 23
21960708 21960710 79
21960809 21960814 24
21961879 21961881 34
21961954 21961963 89
21962119 21962124 94
22007498 22007502 30
22632435 22632438 39
22767290 22767314 15
23062717 23062722 34
24410356 24410359 28
15242466 15242501 86
2512376 3179786 62
15766109 15766120 55
4501399 4527986 82
402404 1016492 13
11813790 11813817 74
14506268 14506279 81
402410 1016527 52
8717 65837 92
28276684 28276686 16
28305201 28305204 58
28356069 28356070 39
28356962 28356963 55
28361045 28361051 49
28361686 28361692 19
28303763 28303776 38
28385212 28385221 100
28388061 28388062 91
28388812 28388816 50
1149814 2020711 59
28459851 28459852 97
28532162 28532166 1
28535619 28535624 53
28557349 28557351 57
28563530 28563534 29
28565705 28565709 45
28573700 28573701 79
1680959 2516238 87
870442 1686040 100
28740046 28740051 63
28753946 28753947 56
28760258 28760266 56
28761372 28761373 23
28764117 28764124 43
4295089 4378368 54
21668630 10172842 33
28775755 28775756 90
28792183 28792191 29
15234328 15234367 35
28907856 28907876 30
28916049 28916058 60
13521318 13521341 74
29026659 29026661 77
29026666 29026667 62
29029089 29029091 98
4408632 4458003 54
29047528 29047531 47
29050262 29050263 13
5162633 5162777 84
10605465 10605560 9
548979 1271898 99
969018 1808405 58
999897 1848960 2
30298553 30298559 100
82682 285467 52
30315165 30315166 80
30321031 30321037 7
30341301 30341312 67
999912 1848996 23
879953 1695957 62
11223874 11223897 62
30356701 30356703 33
14232377 14232383 14
14260020 14260028 20
28860890 28860897 7
30381751 30381753 45
30384269 30384284 66
4751673 4752668 41
30396162 30396167 32
30396506 30396507 90
15411950 15411972 32
877343 1694428 50
9466539 9466547 16
30611350 30611357 34
30647289 30647300 94
1807852 2619490 47
30665721 30665726 43
30610071 30610078 63
30648884 30648890 100
30653666 30653670 64
30691221 30691224 50
30714461 30714468 85
2989410 3504293 93
30759745 30759747 80
986484 1833364 31
30765957 30765959 68
22023592 22023598 8
30766616 30766619 100
30766866 30766871 34
1577153 2436462 36
30767774 30767779 3
30767825 30767828 74
30771176 30771177 39
15206851 15206859 93
30778887 30778894 91
30785240 30785243 20
30785550 30785553 17
30785584 30785588 73
30811203 30811206 27
30811305 30811307 51
31071779 31071783 69
8493551 8493601 12
31763725 31763727 76
2291602 3010596 20
31766934 31766937 80
31778336 31778349 45
31778492 31778498 72
31781441 31781453 31
31781693 31781702 32
31782794 31782795 95
31784753 31784766 10
31791620 31791639 34
31798195 31798204 78
31803702 31803709 88
31804864 31804877 79
31806140 31806156 34
31814063 31814071 72
31814203 31814221 70
31816732 31816738 37
31837317 31837319 22
31851156 31851171 81
3030549 3536460 14
366249 964133 6
4942139 4942305 57
31876747 31876749 44
793527 1583341 78
15220678 15220713 31
31892604 31892610 83
31892796 31892799 43
31893455 31893464 20
15242921 15242931 89
15245506 15245518 14
31894279 31894287 5
31895282 31895284 39
30682109 30682119 8
31987544 31987557 82
32023533 32023540 18
32065138 32065145 58
32106594 32106601 56
32115597 32115605 43
32131713 32131717 11
32168063 32168068 99
32173987 32173992 49
15206843 15206854 80
32191922 32191929 8
32198565 32198573 99
32557890 32557898 31
30670265 30670276 53
32559212 32559214 89
32592646 32592651 60
32626494 32626495 45
32631982 32631986 79
32632002 32632006 98
32632623 32632627 37
15040695 15040705 90
2270368 2990553 74
32636267 32636268 96
32636311 32636318 79
32641162 32641164 16
32790730 32790738 77
32793419 32793423 22
13219577 13219592 84
32815196 32815200 9
32819040 32819042 30
2620350 3248984 97
32824255 32824258 21
10634619 10634721 51
3191863 3649793 3
4902029 4902060 59
287627 801864 1
32846102 32846105 45
32847915 32847917 89
2531625 3189223 53
32854269 32854272 20
32227405 32227408 86
9424523 9424552 13
32967869 32967871 67
32967978 32967981 79
32969838 32969840 22
32971066 32971070 38
32974089 32974093 42
14958189 14958200 4
33023846 33023851 9
33023938 33023944 63
33043215 33043221 85
33057967 33057970 36
33058473 33058480 34
33090165 33090175 24
33094756 33094759 14
33095057 33095061 19
33095098 33095099 40
33095218 33095221 45
33096091 33096099 89
33096142 33096147 11
33096446 33096452 32
33096592 33096594 21
33097888 33097890 38
33098023 33098025 61
33098172 33098173 81
28904800 28904842 5
33098504 33098509 16
33098923 33098930 45
33099053 33099055 66
33099080 33099085 26
2529702 3188592 54
33099444 33099446 4
33100319 33100323 9
33100790 33100793 96
33262318 33262321 72
4265331 4357856 57
30308743 30308747 66
4933319 4933333 12
33564606 33564608 71
33647730 33647732 71
33653811 33653812 4
33660944 33660946 37
33664609 33664610 57
33665800 33665801 57
33672870 33672873 35
33726874 33726875 2
33728113 33728114 79
33728540 33728545 94
33782530 33782532 36
33816702 33816703 79
33828991 33828993 46
33829023 33829025 73
33865696 33865702 32
33866102 21709127 87
33876421 33876425 89
33876730 33876731 94
33876956 33876957 83
33937831 33937834 92
33949256 33949260 46
33950369 33950372 8
33806756 33806757 8
33958002 33958005 99
33958969 33958971 60
33959569 33959570 16
33959365 33959367 78
12011232 12011240 29
34013415 34013419 75
34016365 34016367 65
34016556 34016557 48
34046732 34046733 77
34063960 34063961 9
34065661 34065662 89
34079921 34079922 9
34091370 34091371 68
34100432 34100433 53
34383137 10137579 93
269 2023 6
9659806 9659818 61
34481771 34481778 51
34494097 34494098 37
34745841 34745844 79
34746605 34746609 55
34750986 34750991 83
34763633 34763635 47
14293538 14293575 78
15167686 15167712 72
34807414 34807416 1
34809005 34809007 85
1712081 2542056 18
34846432 34846434 60
34864830 34864832 33
15038726 15038734 84
34893161 34893163 99
34895095 10172842 84
34895322 34895325 81
34895847 34895855 67
34901870 34901873 65
34945592 34945593 42
34964891 34964892 89
34965539 34965546 37
2500076 3169351 4
15220711 15220754 13
35375837 35375841 97
35413354 35413361 66
35413986 35413992 15
35424461 35424463 93
808369 1610551 98
35541376 35541377 53
35681289 35681290 1
35786810 35786817 37
35789280 35789284 71
35798605 35798611 53
35798605 35798612 20
35808368 35808371 92
35864773 35864774 37
35864851 35864856 43
35865184 35865185 1
22090511 22090514 59
36115305 36115310 4
36115508 36115510 33
36115586 36115588 33
36115701 36115704 52
36115902 36115904 59
36116026 36116031 27
36116173 36116175 20
36116260 36116263 89
36116387 36116392 51
36116437 36116440 38
36116544 36116551 6
36275443 36275445 66
36347112 36347114 80
36362761 36362762 91
36406820 36406821 75
36411883 36411887 23
36536782 36536783 88
2500078 3169352 12
21968886 21968891 64
32595613 32595622 27
33730847 33730850 71
32165454 32165463 70
2303661 3015300 72
36658130 36658133 66
36688731 36688735 29
36733589 36733592 65
30368074 30368075 29
36758540 36758545 86
36760497 36760498 92
34807029 34807033 25
36872116 36872122 95
33780399 33780402 49
34983762 34983764 17
37548174 37548176 77
968701 1807924 15
37667519 37667521 28
37681703 37681708 83
32009632 32009638 89
37699448 37699450 15
37709188 37709190 72
37709367 37709369 87
37709650 37709651 89
33688971 33688973 5
13515355 13515429 33
37879057 37879058 81
37879761 37879766 88
33784516 33784522 34
33044141 33044147 21
38080759 38080762 23
38099727 38099731 38
38100334 38100337 22
38111249 38111252 85
38124035 38124036 25
38133095 38133097 25
38145118 38145119 66
38171648 38171649 60
38192058 38192059 32
38201592 38201594 14
38206446 38206448 69
38207886 38207889 99
969095 1808450 49
3188254 3647813 100
38633951 38633957 29
38634612 38634614 42
38634705 38634708 15
38634882 38634886 91
38635373 38635378 59
3313774 3736321 21
2437630 3119787 1
39117313 39117316 29
39117440 39117447 92
39117504 39117511 8
39117746 39117748 97
39136038 39136040 90
39228427 39228430 10
39457815 39457817 73
39458510 39458514 86
39458993 39458996 39
39460137 39460138 8
39460170 39460171 36
39460956 39460958 68
39462631 39462633 3
39463369 39463371 99
39463519 39463521 45
39467496 39467501 49
39470262 39470264 52
39470274 39470280 68
39471506 39471512 19
39473427 39473429 27
39473767 39473768 36
39474437 39474439 78
39475498 39475500 17
39475595 39475597 97
39475744 39475747 21
33545398 33545399 68
39476700 39476701 66
39476801 39476803 59
39477516 39477517 92
39478445 39478448 93
14272665 14272667 76
39483065 39483067 40
39483334 39483336 44
39483476 39483477 78
39484401 39484403 22
39484412 39484417 58
39485680 39485682 99
39485967 39485968 76
39487893 39487894 22
30699416 30699421 91
1417017 2290643 44
39491782 39491783 68
39493449 39493455 79
39493673 39493676 50
39493787 39493790 88
39496038 39496039 1
39496249 39496253 60
39497216 39497219 56
39497325 39497327 55
39497805 39497806 73
39498133 39498137 10
39499484 39499487 29
39500866 39500870 98
39501110 39501111 86
33838413 33838428 25
39501563 39501565 92
39503787 39503791 42
39503985 39503986 56
39504372 39504374 3
39504705 39504709 25
39505846 39505848 57
39505923 39505925 99
39507928 33670059 87
2500083 3169360 20
39510304 39510309 44
39511585 39511587 30
39513764 39513766 20
39513776 39513777 72
39515256 39515258 42
39515701 39515703 31
39517136 39517139 100
34013416 34013421 47
39518672 39518673 96
39518972 39518973 31
39519197 316805 42
39520208 39520209 20
3904494 4119572 53
39522964 39522965 96
39523303 39523306 29
39523538 39523541 38
39524366 39524371 78
39525168 39525172 3
39525995 39525999 81
39526221 39526224 61
39526676 39526678 88
2500084 3169364 15
39527227 39527228 53
39529067 39529069 71
39530110 39530111 29
39532068 39532070 16
39532092 39532105 37
39533242 39533244 1
39535027 39535029 1
39536565 39536569 52
39536830 39536831 68
39538406 39538407 89
39538538 39538539 85
39540107 39540112 73
39582892 39582894 40
39587346 39587349 84
39588428 39588430 77
40035898 40035899 67
40282868 40282870 85
40284035 40284037 24
40284266 40284268 54
40285023 40285025 24
5585505 5585520 41
41667015 41667017 88
33660162 33660165 27
41722745 41722746 18
1416881 2290241 46
1001297 1850687 59
44846687 44846689 9
44959232 44959234 77
45104215 45104218 2
45192403 45192405 73
45253190 45253192 8
45289548 45289550 71
45294601 45294603 6
30630414 30630420 53
45309036 45309038 41
45337013 45337015 40
46020241 46020242 100
46020243 46020244 10
46020245 46020246 1
46020247 46020248 45
46020250 46020251 90
46020252 46020253 24
46020254 46020255 40
46020256 46020257 34
46020258 46020259 86
46020260 46020261 2
46020262 46020263 50
46020264 46020265 59
46020267 46020268 83
46020269 46020270 99
46020271 46020272 78
46020273 46020274 37
46020275 46020276 76
46020278 46020279 1
46020280 46020281 14
46020282 46020283 78
46020284 46020285 40
46020287 46020288 7
46020289 46020290 11
46020291 46020292 49
46020293 46020294 2
46020295 46020296 6
46020297 46020298 99
46020299 46020300 8
46020301 46020302 86
46020303 46020304 64
46020306 46020307 48
46020308 46020309 93
46020311 46020312 58
46020315 46020316 100
46020317 46020318 46
46020320 46020321 46
46020322 46020323 88
46020324 46020325 89
46020326 46020327 92
46020328 46020329 85
46020330 46020331 70
46020332 46020333 92
15763655 15763665 99
46020334 46020335 80
46020337 46020338 43
46020340 46020341 66
46020342 46020343 77
46020344 46020345 90
46020346 46020347 42
46020348 46020349 33
46020350 46020351 53
46020352 46020353 86
46020354 46020355 76
46020356 46020357 64
46020358 46020359 68
46020360 46020361 49
46020362 46020363 81
46020364 46020365 61
46020366 46020367 31
46020368 46020369 84
46020370 46020371 97
46020372 46020373 24
