219431 676125 28
1930663 2706904 13
5165535 5165596 11
961125 1798234 28
5209744 5209764 38
5236241 5236262 6
5289729 5289753 94
384598 996341 23
158802 499168 42
298530 822712 89
1634882 2480443 57
1083066 1944920 72
426410 1069420 88
3231892 3681055 33
1948239 2721887 3
151434 477638 46
5381937 5381967 39
3530440 3882329 85
1215332 2090882 79
120064 383824 64
219309 673208 1
5393911 5393941 29
213120 649253 25
2150545 2893270 23
5411749 5411786 89
335711 918476 51
141344 445217 45
332152 904060 65
332153 904170 97
327794 888523 92
5445893 5445929 12
5447831 5447851 58
583708 1303104 10
163358 513771 80
5450440 5450485 35
1633395 2478957 92
893050 1705733 61
5455952 5455992 56
692798 1447922 54
5470264 5470293 28
54364 222415 53
3688748 3983771 38
141006 443023 1
998812 1847727 53
5503325 5503356 7
1416100 2288986 69
790285 1578258 38
289022 806481 57
676147 1418830 31
54641 224181 14
110273 354714 69
838000 1649092 94
1092558 1957273 38
826165 1634961 1
5555101 5555117 25
262333 760210 22
4986944 4987021 73
3683863 3979513 76
120066 383976 13
995950 1843830 48
5565371 5565390 39
5567231 5567268 62
84075 288618 29
520338 1222546 49
84076 288810 28
2389556 3081936 86
1663457 2503719 89
791721 1582148 19
3132556 3608361 67
1285708 2163864 41
3197793 3654473 4
1285709 2163914 82
16377 84010 20
288644 805230 87
5613156 5613201 56
8848 65939 89
3952971 4151526 90
609460 1346770 9
353975 947172 92
1776751 2593541 4
5650032 5650053 37
5658978 5658999 34
1720175 2555747 70
4789826 4790348 38
288462 803820 66
2870658 3420639 10
3523598 3878332 41
1397361 2271812 25
5672214 5672225 47
3026663 3534415 8
224598 696461 46
958665 1793529 63
825262 1633965 13
4826030 4826140 4
4831781 4831846 16
426411 1069490 34
803619 1603129 40
4230250 4338236 69
140223 435881 77
1123054 1994805 100
5732735 5732764 93
16259 83491 16
426412 1069586 94
5740087 5740103 93
958372 1792995 18
1104208 1976088 76
120072 384325 2
5776967 5776971 62
2653210 3271688 18
214146 651126 46
5805743 5805787 88
435797 1083326 90
5825135 5825150 64
1002007 1851501 67
2539462 3194695 34
246346 735202 10
5846931 5846973 12
2064776 2823439 68
791209 1580578 45
1446142 2315088 83
3273079 3711409 65
5894759 5894770 62
288464 803988 35
5918995 5919014 83
1605 19491 53
803693 1603277 28
435799 1083471 49
5936841 5936850 97
2436638 3118562 65
5952732 5952773 97
5960270 5960284 16
687511 1442404 54
2591757 3226999 48
5994395 5994410 13
120082 384906 27
2358176 3054538 28
141061 443537 51
6013732 6013773 17
6014979 6015011 1
1603748 2453838 4
2601051 3234701 33
4139335 4277449 25
609461 1346842 97
4883746 4883811 98
1417944 2292514 50
3608269 3931935 41
6051771 6051804 14
1295039 2172597 98
3754641 4022634 58
6067995 6068012 100
958332 1792805 9
2122372 2869929 55
676053 1417996 76
45177 193082 2
3611055 3934228 46
960182 1797129 35
1150775 2021810 27
6111998 6112034 32
6115613 6115651 40
140233 436299 35
2311757 3021793 58
6145592 6145606 65
439001 1086139 17
871401 1687350 99
6155854 6155879 18
6171821 6171838 84
3093086 3579677 73
6180727 6180741 7
4794830 4795083 38
3860913 4091663 14
4848572 4848645 88
6191129 6191142 32
1707055 2537594 4
2454069 3133207 28
6198420 6198429 51
437847 1085025 67
3314029 3736484 18
3132040 3608128 82
1777043 2593824 23
2099700 2851496 60
6223601 6223610 64
4785077 4785442 89
6234125 6234152 67
6236333 6236363 29
4120017 4263413 84
5134845 5134883 67
824509 1633235 11
1417947 2292580 19
1358328 2232760 78
119799 382295 64
18776 103660 93
18777 103731 27
3314737 3737377 74
4772989 4773677 32
4996060 4996121 42
1002827 1852747 22
4813709 4813865 89
6307279 6307293 51
2158629 2899682 96
4139337 4277512 30
2547750 3198154 93
6331365 6331388 72
336131 919250 88
84080 289127 95
2440709 3122562 53
3114576 3595111 35
6339926 6339938 66
3156803 3628144 1
1481748 2349359 48
6346874 6346917 56
3688965 3983906 19
219384 674849 17
6381647 6381676 3
2719913 3311594 43
426418 1069878 9
3081497 3570521 85
6409233 6409250 86
6410387 6410431 22
6442336 6442373 3
6444564 6444572 13
4715063 4717497 17
577254 1293893 7
6464261 6464281 69
6466188 6466220 19
35323 140157 72
6476981 6476996 85
87959 299797 6
3609351 3933044 86
2440697 3122450 36
536576 1254625 71
6493674 6493706 82
6502384 6502412 26
999357 1848144 30
325367 879205 22
6513230 6513261 84
6520743 6520774 70
1150778 2021878 51
5395352 5395440 22
6576772 6576787 16
6577137 6577148 94
4801285 4801506 1
6586648 6586658 30
2572860 3212905 63
6599637 6599660 41
6601422 6601449 99
6607331 6607346 22
6624781 6624795 9
120558 394491 72
6636078 6636096 48
6650850 6650869 91
6655290 6655314 52
6659396 6659421 62
6660034 6660053 37
6672133 6672176 45
1932382 2707908 14
1462159 2332241 54
6693745 6693763 44
388253 999236 57
6721526 6721549 83
6725881 6725904 33
6734909 6734915 1
3570483 3907286 66
6758466 6758499 9
6758735 6758771 94
6768640 6768648 65
6770037 6770048 54
6770050 6770066 88
6783577 6783612 51
4783545 4784004 11
435902 1083816 50
219389 675031 5
6864796 6864815 12
6885315 6885348 97
6887441 6887445 57
2456540 3135474 82
6898466 6898494 68
6909039 6909052 42
995977 1843908 28
3971755 4163634 36
6943324 6943345 37
6952502 6952516 14
956335 1787876 15
6963268 6963282 50
120154 388827 26
932502 1756874 13
6986153 6986162 29
6986934 6986976 27
6991231 6991250 55
6991253 6991290 11
18779 103820 15
7036402 7036421 80
7040066 7040100 15
7040116 7040143 47
335872 918673 15
219441 676514 27
7052564 7052589 38
18780 103910 29
120162 389197 32
7065804 7065828 63
7066775 7066783 40
7085676 7085702 28
1391833 2265281 32
2453421 3132867 78
120165 389319 62
7093177 7093205 95
7098463 7098475 76
3154148 3625894 65
7110886 7110894 89
7111303 7111333 26
435802 1083617 81
1578969 2437515 18
7122602 7122620 85
7125463 7125503 91
7136607 7136622 42
7147382 7147419 72
87963 300028 68
6271008 6271089 90
7212633 7212652 62
7218133 7218163 5
7224725 7224753 95
7225854 7225864 67
7230888 7230913 20
7232423 7232431 52
7236221 7236240 47
4690261 4694325 38
7248101 7248116 1
7248684 7248704 2
7248751 7248766 61
1298373 2177868 43
7256175 7256193 30
7256760 7256778 14
7269327 7269342 49
7286120 7286136 51
7337746 7337762 43
7356345 7356370 86
1222449 2099736 90
7358902 7358931 57
7359082 7359119 24
140277 437777 30
3917648 4128663 100
7372322 7372351 52
7411243 7411265 6
4353982 4419038 67
7428011 7428027 45
7432328 7432339 34
7432341 7432365 51
7440693 7440707 40
7447420 7447428 15
7450418 7450445 18
7465049 7465070 86
7479363 7479375 26
7481035 7481054 98
4715208 4717702 57
2186583 2924241 63
2649528 3269485 37
7544371 7544392 43
7554607 7554622 41
7573046 7573077 28
7580167 7580190 67
4154344 4287389 98
7589432 7589455 98
877480 1694607 98
7591273 7591288 4
2474990 3150286 7
7592904 7592926 17
7593260 7593298 85
2866615 3416784 84
7597059 7597095 90
6716416 6716464 18
3587779 3918869 60
2653211 3271736 17
7009168 7009221 60
7606061 7606090 73
997095 1845977 39
7613245 7613266 58
7613522 7613534 34
7617310 7617325 16
6074721 6074806 5
7627770 7627781 25
287219 801293 65
7632225 7632247 86
7632860 7632877 48
7637295 7637317 5
364480 963026 15
7637748 7637775 98
7638688 7638704 35
7646673 7646683 6
2566864 3206957 32
2948247 3478286 48
7650608 7650630 52
7653736 7653759 57
3905097 4120009 9
3273081 3711447 55
7675647 7675669 18
18782 104012 3
4960065 4960096 75
7690929 7690949 90
7693342 7693365 5
7695441 7695455 80
7700938 7700961 15
3311512 3734586 67
7709438 7709462 75
4279145 4368844 90
7721737 7721747 29
7725319 7725330 59
7725657 7725677 51
7730684 7730699 37
7733148 7733159 12
7737347 7737364 97
7737383 7737399 73
7459354 7459378 24
7740429 7740452 24
3212918 3667793 83
536592 1255196 26
7755969 7755985 79
7770671 7770686 21
7771905 7771930 54
7772613 7772636 92
7774416 7774432 94
7776134 7776156 83
2436667 3118865 11
7801993 7802012 30
7802243 7802264 94
7804246 7804261 58
7818429 7818451 85
7827605 7827617 78
7859363 7859382 2
7869199 7869227 35
7869268 7869290 26
2919271 3458872 46
7897420 7897435 63
3530112 3882173 73
7927789 7927800 42
2435989 3118152 59
7952716 7952731 31
1315388 2186566 28
7991328 7991344 51
7997313 7997327 99
8006457 8006470 79
8029052 8029071 75
8030220 8030228 32
8042796 8042803 12
887920 1702735 26
8087388 8087400 96
329729 894684 85
8118573 8118587 10
8125426 8125432 54
8133714 8133722 87
8134186 8134204 77
8135873 8135889 27
8139697 8139707 50
8147186 8147203 52
4796130 4796326 40
1347015 2222055 79
8172446 8172460 28
8177271 8177279 32
1851408 2653587 98
4116386 4261033 28
7042976 7043028 15
1932432 2708089 78
8191978 8191987 98
6262749 6262774 68
8209545 8209558 9
8212451 8212463 98
1604344 2454388 61
8247554 8247566 80
8261101 8261118 44
4259314 4353679 78
1297477 2176534 13
8288866 8288885 94
8293891 8293900 27
8294853 8294860 46
8307898 8307913 62
497600 1182958 59
8323199 8323228 87
4956434 4956466 48
8350272 8350292 68
8356697 8356715 8
8366204 8366210 75
8366212 8366217 90
8370481 8370495 78
8375816 8375831 57
8378655 8378661 52
8386135 8386147 50
8433995 8434002 82
8449581 8449596 73
4292507 4376882 57
8471975 8471999 77
8473896 8473911 83
8475330 8475353 67
3790845 4042451 45
8501410 8501421 15
8502998 8503008 54
8503258 8503275 90
8505961 8505966 17
8507648 8507654 90
8515716 8515738 52
757759 1540074 28
3659628 3964438 39
8521040 8521055 73
7246559 7246570 41
8536485 8536500 72
8541185 8541199 75
3882366 4106978 5
8593380 8593393 20
8597691 8597706 21
8609303 8609318 68
8635308 8635328 10
8635386 8635403 35
8636316 8636339 11
8648115 8648131 17
8648297 8648313 84
8648362 8648388 16
8648444 8648468 32
8655024 8655044 31
8658136 8658148 67
8658696 8658709 48
8658801 8658812 44
8661659 8661670 40
1958311 2729214 49
8662688 8662702 2
8680311 8680331 23
8689751 8689763 44
8691381 8691384 82
8701490 8701508 96
8717640 8717652 29
3608287 3932308 78
8735821 8735835 99
8740488 8740494 96
8648132 8648151 69
8745706 8745728 4
4996183 4996246 79
8751753 8751768 82
8751813 8751829 42
8784110 8784130 39
8795230 8795241 3
3974444 4165334 23
8812537 8812553 84
8812704 8812723 32
8816033 8816050 54
8827132 8827149 56
4690262 4694354 76
8849901 8849915 19
8855513 8855532 37
4954555 4954583 96
8952225 8952243 1
8984624 8984641 12
8990047 8990058 36
824334 1632716 28
9015885 9015896 2
3182441 3644986 42
9064266 9064279 26
9072039 9072051 69
9080811 9080819 57
9081665 9081679 79
9094737 9094747 83
9100270 9100281 3
9104179 9104184 90
9111090 9111093 48
9111179 9111184 25
9111485 9111497 17
9114794 9114808 21
9124501 9124510 94
9128901 9128914 39
4275366 4365785 45
9149577 9149583 31
9174416 9174428 48
334338 912188 27
9197503 9197530 95
9199802 9199814 80
9200539 9200547 35
9204985 9204999 53
789876 1576971 80
9210587 9210602 83
9210791 9210805 1
9211079 9211095 45
9211856 9211874 94
9215649 9215662 16
9218575 9218586 45
9220694 9220715 30
9223729 9223744 51
9224111 9224128 36
9225075 9225095 61
9226638 9226655 17
9227781 9227798 68
9228417 9228427 50
4798921 4799131 95
9229638 9229650 87
9231072 9231096 73
9231388 9231401 88
1605869 2455893 67
9237772 9237798 51
9238839 9238855 92
9239574 9239584 34
9239596 9239610 15
9239940 9239959 64
9240357 9240372 42
9242366 9242379 92
9242780 9242795 37
9243173 9243176 13
9243916 9243921 99
9245341 9245357 76
9245592 9245604 22
9248724 9248740 21
9249561 9249574 39
9250014 9250022 84
9253837 9253842 21
9257628 9257644 18
9257841 9257854 49
9266618 9266632 32
9274767 9274788 94
9286807 9286819 19
9290782 9290793 54
9301025 9301038 10
9304829 9304840 60
9314288 9314303 35
9316842 9316852 91
9316888 9316896 97
9335297 9335309 51
9335971 9335983 34
703801 1462132 75
9340029 9340034 46
9343196 9343205 55
9346746 9346764 79
9396391 9396399 99
4643791 4651444 60
3268252 3708218 17
47197 203019 72
9450763 9450788 96
9457411 9457419 48
3969528 4162320 8
9458043 9458053 64
9467848 9467859 92
9470333 9470357 16
9489702 9489714 18
9529211 9529228 1
9534735 9534749 80
9565787 9565796 53
9609464 9609476 74
9617695 9617723 56
4764851 4765455 51
9724362 9724376 32
3833665 4075667 43
9776184 9776204 87
2436670 3118908 31
16379 84148 82
9834012 9834029 65
9819744 9819784 90
9850930 9850948 2
9852022 9852037 81
9857008 9857029 70
9861798 9861824 63
9864735 9864754 46
9865623 9865631 74
9890790 9890814 49
4432927 4476173 57
217794 665392 18
2456439 3134928 71
9905949 9905969 57
9907602 9907619 68
125619 409580 44
2556443 3202410 96
159381 500477 87
500596 1188757 73
728505 1499989 62
594239 1329143 74
2360 25445 47
10284520 10284522 71
10290272 10290307 29
3155531 3626693 43
9077513 9077531 48
588062 1319957 24
3273085 3711514 29
10346765 10346778 9
10348676 10348706 82
10352848 10352854 12
7353164 7353186 59
10684776 10684790 44
10686744 10686756 35
7454075 7454097 28
10697754 10697761 87
10701455 10701459 18
10705171 10705183 57
3882306 4106969 46
10726259 10726271 56
10727113 10727126 17
10727541 10727553 8
10730109 10730118 62
10732486 10732498 84
10734822 10734834 96
10756226 10756235 17
10759742 10759754 57
10764792 10764797 20
10774334 10774340 82
10789522 10789533 50
10789890 10789904 16
10789920 10789931 41
3311555 3734662 68
7027158 7027256 38
10794245 10794256 30
10795908 10795916 20
10798970 10798981 69
10802367 10802372 81
10806097 10806110 73
10806616 10806637 59
10807287 10807300 6
10812058 10812072 92
10820502 10820511 23
10830438 10830449 67
10832037 10832045 69
2481738 3156441 66
10847329 10847341 2
10869998 10870004 34
10876347 10876355 94
4199111 4315917 24
320764 868444 45
10897876 10897885 48
10939648 10939655 25
4959517 4959554 87
10961286 10961291 76
10962942 10962950 99
10966975 10966986 5
10971282 10971291 48
10847331 10847347 53
10979197 10979212 86
10983040 10983045 14
10989195 10989205 8
10992856 10992862 41
5281545 5281567 93
4835281 4835317 41
11012106 11012121 80
2898479 3440804 84
8812502 8812526 74
11039864 11039872 10
11072278 11072283 49
11089279 11089287 75
11093308 11093318 21
11112323 11112336 53
11117617 11117633 71
1448278 2317246 94
11143796 11143805 16
11176478 11176493 54
11184722 11184731 73
11184862 11184872 56
11189074 11189085 80
11194079 11194083 38
11195139 11195150 64
11200246 11200250 51
11201211 11201230 60
11204227 11204236 39
4947340 4947370 91
11226624 11226639 75
11230530 11230544 54
11235551 11235563 99
11238339 11238343 50
11239507 11239519 33
2566915 3207045 27
11249421 11249427 84
11253027 11253045 76
11254588 11254594 80
11257937 11257944 23
11258572 11258577 27
11260819 11260827 84
11263486 11263500 45
11264386 11264393 72
11270990 11270996 9
2183529 2921436 93
11274937 11274948 71
11281608 11281614 6
11294939 11294943 42
11301299 11301305 46
11302631 11302640 28
1715663 2550617 99
11311959 11311966 54
11313487 11313506 68
11315421 11315426 33
11321660 11321668 21
10971284 10971304 31
2566942 3207215 2
11328753 11328766 38
11330797 11330802 82
5178276 5178311 74
11352165 11352173 93
11353193 11353199 51
1052698 1915274 67
11361651 11361655 84
11363622 11363633 2
11364580 11364590 77
11364846 11364851 22
11367105 11367112 1
11367432 11367441 9
11368179 11368186 26
11394977 11394982 78
11396919 11396926 97
11398151 11398158 70
11413159 11413175 84
11414885 11414890 38
11423446 11423458 64
11425791 11425797 61
11449698 11449708 55
10847332 10847355 62
3931917 4138812 17
11459993 11460004 42
11461950 11461954 48
11493279 11493287 28
11510097 11510102 44
11510334 11510339 51
8117927 8117942 77
11562258 11562272 60
11562615 11562621 75
11568281 11568289 24
3969484 4162252 93
11601342 11601346 31
11602534 11602543 21
11622327 11622333 41
11633938 11633961 23
11637636 11637642 55
11638341 11638352 12
11644335 11644342 88
11658232 11658247 2
11740165 11740169 42
11770993 11771003 98
2157371 2898803 46
11778889 11778896 60
11854892 11854912 93
11935396 11935406 30
11969320 11969328 92
12009069 12009075 14
12015557 12015570 23
10769764 10769790 71
12070475 12070482 36
12072007 12072012 47
12082583 12082594 83
12086785 12086793 75
12089056 12089073 81
12097209 12097221 8
12097349 12097354 5
2481347 3155646 46
12101738 12101752 27
12122529 12122540 7
7433395 7433455 21
12139585 12139597 23
12143446 12143453 91
12161761 12161768 35
12184365 12184373 51
12205493 12205503 36
12241041 12241050 91
12282279 12282288 52
12282293 12282296 86
12300568 12300575 69
12323037 12323040 77
12332845 12332850 21
12352397 12352400 70
12358189 12358198 75
12446639 12446648 77
12602466 12602473 16
12608030 12608039 32
1844106 2648991 36
12726791 12726800 64
12767829 12767836 51
12768487 12768494 38
12769125 12769139 29
12778737 12778752 4
12787208 12787217 4
12801152 12801162 32
12817283 12817291 31
2481521 3156130 9
12825476 12825492 85
1416564 2289179 70
12835915 12835929 83
12840065 12840074 100
12840077 12840086 84
12856699 12856711 93
7027148 7027222 90
12866249 12866252 29
12869125 12869137 61
2482640 3157162 58
962400 1800427 34
12887577 12887587 87
12894162 12894169 36
12896923 12896934 90
12943430 12943439 18
12959397 12959406 18
12972487 12972491 68
13027003 13027012 79
13029532 13029542 44
13068917 13068927 47
13073741 13073749 91
13094929 13094932 45
12321292 12321305 4
1720689 2556465 59
13128374 13128381 9
2157376 2898854 93
57833 236726 92
132255 419370 56
5786270 5786298 52
13455264 13455275 3
4077094 4231302 36
12283443 12283461 3
9905973 9905989 98
6176293 6176322 10
10180371 10180379 5
13509044 13509052 18
14205463 14205470 36
14206947 14206964 62
14227920 14227923 52
14267403 14267419 67
820831 1627906 19
14281038 14281042 60
14299566 14299569 20
14300225 14300229 2
14332678 14332682 2
14338179 14338182 16
14342696 14342702 52
14352390 14352393 41
14353428 14353433 25
14353449 14353454 56
435912 1083946 31
14363454 14363460 73
14377033 14377037 66
4958765 4958778 10
14378858 14378868 22
14387970 14387974 74
14388702 14388705 71
5588317 5588347 12
13334849 13334864 98
14406120 14406130 2
14406287 14406291 8
14406838 14406843 33
14411783 14411786 97
14414997 14415003 89
14416415 14416420 49
14427653 14427666 72
14429991 14429994 73
14435965 14435975 92
14470861 14470871 83
14470967 14470976 43
14472153 14472156 76
14473919 14473928 59
14484348 14484351 12
14492168 14492184 83
14494713 14494716 36
14495282 14495291 19
3229821 3679775 95
14495303 14495311 95
14496679 14496686 53
14499812 14499816 33
14503774 14503780 4
3248277 3692957 54
14504794 14504800 35
14504803 14504808 55
14504810 14504813 43
14504816 14504843 47
14504878 14504883 52
14505546 14505551 100
14509602 14509609 84
14246115 14246130 28
14517375 14517381 14
4980167 4980230 38
14535581 14535584 32
14539586 14539591 51
14541625 14541628 18
14543380 14543387 52
14543781 14543784 63
14543826 14543831 30
14546396 14546402 31
14559141 14559147 57
14571564 14571571 53
14573716 14573719 5
14581724 14581737 42
14588069 14588073 21
14595503 14595514 66
14600141 14600145 43
14604235 14604241 59
14614916 14614922 32
14628101 14628105 26
14634872 14634880 96
14635375 14635379 82
14644187 14644192 98
14645047 14645051 64
14645520 14645529 43
13489176 13489204 26
14697524 14697533 67
14712616 14712619 34
6612902 6612912 20
14721721 14721727 93
14725025 14725029 48
14727019 14727024 55
14730379 14730387 48
14733867 14733870 86
14734919 14734926 23
14735833 14735839 10
14743221 14743224 5
14743828 14743832 40
14746303 14746306 18
14747589 14747592 47
13493766 13493782 91
14755313 14755319 19
4956292 4956308 13
15327585 15327596 46
15360010 15360013 82
15361279 15361289 48
15258211 15258231 93
15383305 15383310 1
15391463 15391471 82
15392776 15392784 91
15395423 15395429 31
15395993 15395996 30
15399293 15399298 81
15399553 15399558 57
15403654 15403658 51
15409509 15409515 97
15413146 15413150 80
15419111 15419121 2
15425046 15425054 5
15428298 15428303 30
15452447 15452452 62
15465464 15465475 42
15469063 15469068 62
15482114 15482120 92
10655474 10655503 96
15501951 15501955 88
15503858 15503867 59
15508119 15508122 34
15512621 15512629 82
15530542 15530547 66
15531945 15531949 37
15533009 15533012 17
826355 1637797 88
15542706 15542711 37
15542712 15542723 49
15543142 15543146 97
15543281 15543284 1
15543307 15543310 2
15543321 15543336 38
15543383 15543389 51
15543499 15543502 55
15544167 15544171 38
15544307 15544311 76
15550984 15550987 78
15554813 15554816 20
15558922 15558928 41
436027 1084025 72
5350144 5350158 26
21609747 21609750 72
21610954 21610956 49
21615693 21615699 18
21625918 21625921 82
21630222 21630228 87
21639974 21639977 21
21642531 21642534 82
21648001 21648005 37
21648919 21648921 25
21657432 21657434 75
21658917 21658924 7
21661561 21661567 47
21661570 21661576 2
21666442 21666445 37
1637789 2481493 26
21670068 21670071 95
21675947 21675949 75
21677502 21677505 25
21678461 21678464 87
21685358 21685361 88
21689223 21689226 72
21690551 21690553 80
21692587 21692590 24
21694544 21694546 14
21697217 21697221 48
21697513 21697519 49
21697566 21697570 77
2157349 2898690 9
21713003 21713011 4
21715233 21715235 67
21715693 21715698 58
21722385 21722388 95
21722900 21722902 58
21730225 21730228 10
21732300 21732302 80
21732933 21732935 24
21733871 21733873 41
21736537 21736539 4
21741498 21741502 93
21742346 21742350 92
21743808 21743811 59
21745813 21745815 31
21746565 21746570 28
21748705 21748708 31
21757856 21757858 42
21757961 21757963 91
1733523 2566894 52
21764794 21764798 14
21769146 21769148 45
4536195 4556378 38
21782782 21782784 86
21783547 21783550 63
21785077 21785079 9
21785518 21785520 78
21785596 21785598 16
4536196 4556383 37
21790841 21790844 45
21794870 21794874 12
21795226 21795231 4
21796693 21796695 21
21801774 21801776 65
21805335 21805338 69
4956447 4956497 35
21811229 21811232 73
21814010 21814015 72
10734827 10734847 15
21816199 21816201 90
21819122 21819124 50
21825122 21825128 4
21829091 21829094 5
21830790 21830793 4
21832788 21832792 36
21832960 21832962 76
21834895 21834897 76
21836493 21836495 57
21837939 21837941 52
21839464 21839466 56
21844918 21844920 62
21844971 21844974 6
21848168 21848174 50
21856803 21856806 60
21859105 21859107 7
21860884 21860890 26
2658186 3275638 9
21866085 21866090 71
21866795 21866803 81
21868122 21868124 71
21868639 21868642 72
21869254 21869257 57
21870554 21870556 47
21877614 21877618 8
3156353 3627608 71
21882408 21882411 21
21889779 21889782 65
21893592 21893594 30
21893721 21893726 43
2648188 3268250 90
21896604 21896608 95
21898449 21898451 16
21898692 21898694 11
21899946 21899948 50
21901897 21901900 2
21903181 21903183 62
21903431 21903433 40
21907213 21907216 68
21910789 21910791 72
21912292 21912296 70
21918147 21918149 14
21918338 21918346 30
21919720 21919722 34
21922312 21922315 91
21925530 21925534 47
21926131 21926133 21
21930651 21930654 57
21932832 21932835 54
21939912 21939916 16
21941878 21941881 30
21942097 21942102 34
21945086 21945088 38
21949272 21949275 81
21954708 21954712 28
21959408 21959411 98
21961234 21961236 51
22065225 22065227 34
22250196 22250199 34
9710100 9710107 29
24345529 24345531 45
24345567 24345569 88
25426700 25426704 16
28386674 28386675 38
4474426 4507906 28
28434167 28434168 17
28447236 28447237 70
28447249 28447250 100
28449592 28449593 69
28480887 28480888 21
28481162 28481163 88
28494159 28494160 5
28494279 28494280 24
28494301 28494302 72
22226408 22226412 1
28517690 28517691 64
28592543 28592544 86
28613870 28613873 61
28628476 28628477 58
6468387 6468414 39
28687405 28687406 45
28687414 28687418 53
28727520 28727521 21
28732050 28732054 39
3156429 3627712 36
28777293 28777295 94
28798344 28798349 6
28846254 28846260 14
29043418 29043421 54
4499464 4526604 60
29822290 29822291 84
30020224 30020225 89
30206163 30206165 60
30290541 30290544 69
912179 1722722 86
4879242 4879249 8
30315096 30315097 34
30326751 30326752 100
30378589 30378591 13
30383392 30383393 86
3836793 4077098 68
3695388 3988016 83
30394644 30394645 65
30674570 30674573 11
11791366 11791381 11
30756867 30756869 47
28846286 28846296 55
30764054 30764056 50
30750951 30750954 42
30784689 30784692 17
31070884 31070887 53
31072372 31072374 77
31073019 31073020 22
31074141 31074142 47
31085587 31085589 46
31100143 31100146 96
31112278 31112279 45
31112729 31112730 72
31112752 31112753 27
31112804 31112805 65
31112806 31112807 41
31112808 31112809 63
31119394 31119395 16
31125566 31125567 5
31134878 31134879 56
31139051 31139052 81
12282283 12282291 76
31139091 31139092 89
2186612 2924445 31
31139097 31139098 71
31139102 31139103 44
31139136 31139137 12
31144341 31144342 83
31152195 31152196 33
31152239 31152240 83
31152246 31152247 83
31152262 31152263 75
31152275 31152276 78
31152302 31152303 59
31152319 31152320 69
31152343 31152344 24
31152359 31152360 38
31152437 31152438 30
31152463 31152464 64
31152486 31152487 84
31152522 31152523 8
31152553 31152554 9
31152555 31152556 98
31165789 31165790 69
31167743 31167744 73
31167799 31167800 79
31167807 31167808 97
31168680 31168681 35
31168683 31168684 78
31168709 31168710 75
31168716 31168717 57
31168774 31168776 14
31168777 31168778 62
31168797 31168798 47
31168802 31168804 45
31168820 31168822 39
31168824 31168825 89
31169552 31169553 89
31169560 31169561 16
31171222 31171223 92
31760961 31760963 1
31764516 31764521 87
32618883 32618887 90
32624035 32624039 51
32626702 32626709 13
32628282 32628287 49
32629127 32629132 77
32961383 32961384 57
32961827 32961828 51
32961945 32961946 56
32962522 32962523 32
32965718 32965719 71
32966543 32966544 42
32969008 32969009 61
32970857 32970858 41
32970862 32970863 9
32970867 32970868 78
32970873 32970874 15
32970876 32970879 80
32971259 32971260 30
32971352 32971353 90
32971354 32971355 74
32971357 32971359 30
32972491 32972492 11
32973307 32973308 90
32976335 32976336 1
32976479 32976480 39
32976500 32976502 13
32976511 32976512 92
32976549 32976553 58
32980746 32980748 68
32981649 32981653 22
32982202 32982203 67
32982337 32982339 4
32983674 32983675 43
32984774 32984775 41
32985221 32985222 4
32986154 32986155 75
32986665 32986666 56
32986817 32986818 89
32988001 32988002 13
8310609 8310623 6
33136166 33136169 57
2488480 3161162 3
2594632 3229751 48
33653930 33653931 3
33657082 33657083 71
21678583 21678589 56
33664111 33664113 85
33664123 33664124 77
33664131 33664132 52
28845966 28845970 44
33664521 33664522 82
3156430 3627715 2
33668441 33668442 51
33668564 33668566 100
33668955 33668958 18
33669863 33669865 76
33669875 33669876 91
33669952 33669953 5
33669963 33669964 74
33669989 33669991 73
33670036 33670037 21
33670039 33670041 75
33667129 33667131 53
33667124 33667127 28
33683883 33683884 91
33720254 33720255 55
33776393 33776396 44
33776438 33776439 19
33782526 33782527 55
33812637 33812638 9
33831884 33831885 26
33950118 33950119 74
33950122 33950124 73
33950125 33950126 70
33950143 33950144 41
28968356 28968365 76
33950242 33950244 33
33950258 33950259 73
33950174 33950175 68
33956850 33956851 96
33669510 33669513 15
33958012 33958013 5
33998289 33998291 29
33998306 33998308 45
33998901 33998902 14
34005233 34005235 86
34006701 34006702 95
34006821 34006822 62
34006886 34006887 21
34007939 34007940 89
34009831 34009832 63
34009833 34009834 14
34009835 34009836 49
34009838 34009839 99
34009902 34009903 3
34009906 34009907 45
34014620 34014624 69
34032836 34032837 27
34080082 34080083 24
34130273 34130274 46
34652063 34652066 77
34773529 34773530 42
34773778 34773779 54
34774603 34774604 71
9265601 9265603 54
34775459 34775460 100
34775630 34775631 15
34776139 34776140 57
8708931 8708964 73
34776176 34776177 54
34776240 34776241 21
34776560 34776561 56
34856472 34856474 46
34975284 34975285 92
34976081 34976082 64
34976187 34976188 47
34976194 34976195 57
31959725 31959732 44
34976262 34976263 31
34976274 34976278 32
34976280 34976281 28
34976288 34976291 42
34976307 34976308 39
34976314 34976316 38
34977949 34977950 88
34989325 34989326 85
34989334 34989335 14
32069372 32069377 18
34989374 34989375 60
34989448 34989450 18
34009877 34009879 51
34989491 34989493 64
34989494 34989495 12
34989500 34989501 54
34989526 34989527 64
33950135 33950137 50
34989531 34989533 67
34989545 34989546 7
34989565 34989566 76
34989577 34989578 94
34989579 34989580 58
34989581 34989582 56
34989604 34989605 59
34989617 34989618 8
34989655 34989656 5
34989661 34989662 50
34989678 34989680 67
34989692 34989693 42
34989707 34989711 68
34989714 34989716 32
34989722 34989723 79
34989731 34989732 24
34989795 34989796 69
34989804 34989805 51
34989811 34989814 90
34989838 34989841 63
34989844 34989847 79
34989956 34989957 88
34989958 34989959 61
34989976 34989977 69
34989989 34989990 81
34990005 34990006 88
34990026 34990028 3
34990039 34990040 3
34990047 34990048 43
34990049 34990050 44
34990103 34990105 34
34990157 34990158 80
34990179 34990182 68
34990252 34990253 77
34990289 34990292 100
34990423 34990424 48
34990433 34990435 53
34990461 34990462 81
34990476 34990478 16
34990479 34990482 21
3627804 3946884 17
34990508 34990509 58
34990578 34990581 91
34990607 34990611 54
34990679 34990680 85
34990681 34990682 73
34990712 34990713 12
34990802 34990807 60
34990841 34990842 98
34990925 34990927 86
34991038 34991039 68
34991048 34991049 24
34991303 34991307 29
34991391 34991393 3
34991482 34991484 34
34991570 34991571 34
34991621 34991622 83
34991643 34991644 5
34991676 34991677 60
34991688 34991689 7
34991693 34991695 5
34991719 34991720 63
34991755 34991757 77
34991758 34991759 48
34991781 34991783 27
34991836 34991837 42
34991838 34991839 30
21877616 21877620 2
34991899 34991901 7
34991906 34991907 58
34991934 34991935 86
34991938 34991939 66
11230537 11230549 45
34991940 34991941 96
34991972 34991973 88
30609646 30609649 7
34991988 34991989 4
34991990 34991992 48
34992019 34992020 50
34992046 34992047 4
34992058 34992061 63
34992063 34992064 49
34992066 34992067 32
34992081 34992082 2
34992103 34992104 43
34992118 34992119 99
34992122 34992127 53
34992143 34992144 49
34992147 34992148 51
34992153 34992154 78
34992157 34992158 52
34992164 34992166 26
34992179 34992181 50
34992227 34992228 63
34992250 34992251 99
34992283 34992284 42
34992285 34992286 82
34992287 34992288 92
34992292 34992293 71
34992321 34992322 87
15425049 15425060 92
34992348 34992349 29
34992350 34992352 65
34992355 34992356 39
30621161 30621165 45
34992425 34992426 1
34992428 34992429 20
34992438 34992439 33
34992459 34992462 1
34992471 34992472 22
34992494 34992496 85
34992503 34992509 55
34992512 34992513 2
34992514 34992516 43
33667813 33667814 14
3627706 3946629 67
34992532 34992533 86
34992541 34992544 20
34992551 34992552 80
34992560 34992561 49
30621162 30621167 24
34992623 34992624 10
34992632 34992634 39
30715232 30715234 54
34992654 34992655 73
34992681 34992682 24
21723897 21723907 60
34992694 34992695 90
34992707 34992708 61
34992710 34992711 16
34992719 34992720 99
34992744 34992745 50
34992746 34992748 50
4954615 4954630 67
34992757 34992758 36
34992768 34992772 61
34992773 34992774 84
34992787 34992788 2
34992796 34992799 94
34992801 34992802 26
34992804 34992807 58
34992817 34992820 67
34992823 34992825 95
7027189 7027264 81
34992828 34992829 97
34992840 34992842 84
34992864 34992865 12
34992867 34992868 30
34992869 34992871 53
34992886 34992887 1
34992895 34992896 67
34992914 34992915 100
34992931 34992933 64
28735991 28736013 99
33669975 33669976 17
34992949 34992951 88
34005889 34005890 55
34992977 34992979 8
34992981 34992982 95
34992996 34992998 34
11337747 11337750 53
34993005 34993006 79
34993007 34993009 75
34993010 34993011 36
34993020 34993021 96
34993062 34993065 24
34993067 34993068 78
34993077 34993078 5
34993106 34993109 28
34993127 34993128 22
34993134 34993136 82
34028779 34028780 30
34993167 34993170 22
34993188 34993189 54
34993191 34993192 50
34993196 34993198 8
34993245 34993247 95
34993265 34993266 14
34993277 34993278 42
34993279 34993280 46
34993297 34993298 61
34993346 34993348 30
34993367 34993369 84
30699402 30699407 100
2190833 2929098 15
29584621 29584626 62
35389030 35389032 87
34009861 34009863 74
4954561 4954601 85
28846357 28846373 84
22129993 22129995 7
22266017 22266019 39
33712969 33712976 2
34049735 34049736 51
34002476 34002477 66
22231991 22231994 72
11235277 11235289 73
36685658 36685659 46
36685660 36685661 100
36685673 36685674 46
36096482 36096487 75
36685680 36685681 83
36685682 36685683 39
36685684 36685687 55
34009889 34009890 61
36685690 36685691 29
36685713 36685714 32
28972574 28972580 35
36739818 36739819 81
36739853 36739855 45
36763163 36763165 89
36763168 36763169 70
37702352 37702353 12
37864689 37864690 100
34009333 34009334 40
37911607 37911609 56
38052059 38052061 24
38052956 38052958 82
38052959 38052961 34
38052962 38052964 44
3180119 3643780 64
35764088 35764090 86
38719891 38719892 67
35746606 35746612 25
34258398 34258399 58
38810600 38810602 12
38817623 38817624 88
39588819 39588822 71
39964791 39964792 37
40116274 40116275 13
40121729 40121730 69
40134080 40134081 69
40165908 40165909 23
40165915 40165916 45
40167856 40167857 33
40196892 40196893 8
40197737 40197738 44
40197745 40197746 12
11041385 11041392 48
40215213 40215214 35
40215275 40215276 20
40219816 40219818 18
32987645 32987648 96
21893723 21893728 82
15543329 15543343 62
7248762 7248772 49
21811231 21811234 9
33868191 33868195 48
11334986 11334994 94
15543330 15543345 21
41689695 41689696 57
42089146 42089147 61
28845655 28845662 25
44227965 44227968 23
44227969 44227972 88
35888734 35888738 36
36538997 36539003 47
44958964 44958967 20
45216630 45216632 32
45242885 45242887 25
45244794 45244796 32
45248019 45248021 44
45250959 45250961 55
45255542 45255544 17
31872386 31872398 64
45260716 45260718 99
33712499 33712502 12
45276585 45276587 7
45294138 45294140 57
45885340 45885341 91
45885343 45885344 97
45885345 45885346 17
45885349 45885350 25
45885351 45885352 24
45885356 45885357 68
45885358 45885359 12
45885360 45885361 88
45885362 45885363 43
45885366 45885367 93
45885373 45885374 28
45885376 45885377 92
45885382 45885383 21
45885392 45885393 66
45885396 45885397 72
45885399 45885400 48
45885401 45885402 71
45885403 45885404 22
45885412 45885413 65
45885422 45885423 2
45885425 45885426 50
45885427 45885428 60
45885429 45885430 98
45885431 45885432 95
45885436 45885437 86
45885439 45885440 6
45885443 45885445 14
45885448 45885449 29
45885450 45885451 97
45885452 45885453 24
45885457 45885458 6
45885459 45885460 93
45885462 45885463 81
45885470 45885471 76
45885475 45885476 28
45885477 45885478 1
45885481 45885482 7
45885484 45885485 63
45885486 45885487 98
45885488 45885489 75
45885490 45885491 52
34009878 34009881 29
33789069 33789072 12
45885498 45885499 30
45885502 45885503 21
45885504 45885505 5
45885507 45885508 22
45885511 45885512 28
45885516 45885517 85
45885518 45885519 60
32106405 32106416 50
45885524 45885525 35
46006348 46006349 79
46006526 46006528 54
46006529 46006530 31
46006547 46006548 21
46006559 46006560 28
46006569 46006571 78
46085179 46085180 79
46085181 46085182 66
46085183 46085184 99
46085187 46085188 48
46085189 46085190 60
46085192 46085193 27
46085194 46085195 67
46085196 46085197 15
46085198 46085199 74
46085200 46085201 74
46085202 46085203 34
46085204 46085205 97
46085207 46085208 20
46085209 46085210 71
46085211 46085212 77
46085213 46085214 80
46085215 46085216 45
46085217 46085218 2
46085220 46085221 47
46085222 46085223 72
46085224 46085225 42
46085226 46085227 16
46085228 46085229 92
46085230 46085231 10
46085232 46085233 21
46085234 46085235 16
3462493 3835115 96
46085236 46085237 75
46085238 46085239 25
46085240 46085241 83
46085242 46085243 36
46085244 46085245 72
46085246 46085247 18
46085248 46085249 76
46085250 46085251 48
46085252 46085253 67
46085254 46085255 34
46085256 46085257 60
46085258 46085259 77
46085260 46085261 40
22234117 22234120 31
46085262 46085263 14
46085264 46085265 55
46085266 46085267 43
46085268 46085269 58
46085270 46085271 19
46085272 46085273 91
46085274 46085275 48
46085276 46085277 23
46085278 46085279 61
46085280 46085281 6
46085282 46085283 99
46085284 46085285 23
46085286 46085287 89
46085288 46085289 12
46085290 46085291 40
46085292 46085293 35
46085294 46085295 27
46085296 46085297 30
46085298 46085299 81
46085300 46085301 53
46085302 46085303 72
46085304 46085305 18
46085306 46085307 86
46085308 46085309 80
46085310 46085311 47
46085312 46085313 59
46085314 46085315 33
46085316 46085317 19
46085318 46085319 86
46085320 46085321 8
46085322 46085323 10
46085325 46085326 62
46085327 46085328 12
46085329 46085330 40
46085331 46085332 95
46085333 46085334 34
46085335 46085336 39
46085337 46085338 63
46085339 46085340 24
46085341 46085342 37
46085343 46085344 56
46085345 46085346 85
46085347 46085348 12
46085349 46085350 77
46085351 46085352 66
46085353 46085354 89
46085355 46085356 37
46085357 46085358 10
46085359 46085360 22
46085362 46085363 35
46085364 46085365 91
46085366 46085367 55
46085368 46085369 92
46085370 46085371 36
46085372 46085373 82
46085375 46085376 82
46085377 46085378 100
46085379 46085380 12
46085381 46085382 43
46085383 46085384 88
46085385 46085386 20
46085388 46085389 16
46085390 46085391 31
46085392 46085393 18
46085395 46085396 37
46085397 46085398 27
46085399 46085400 98
46085401 46085402 72
46085403 46085404 88
46085405 46085406 51
46085407 46085408 49
46085409 46085410 82
46085412 46085413 31
46085414 46085415 81
46085416 46085417 73
46085418 46085419 16
46085420 46085421 2
46085422 46085423 8
46085425 46085426 12
46085428 46085429 22
46085430 46085431 42
46085432 46085433 7
46085434 46085435 92
46085436 46085437 2
46085438 46085439 37
46085440 46085441 94
46085442 46085443 99
46085445 46085446 47
46085447 46085448 57
46085449 46085450 73
34009855 34009856 88
46085451 46085452 37
46085453 46085454 72
46085455 46085456 22
46085457 46085458 2
46085459 46085460 57
46085461 46085462 23
46085463 46085464 4
34107927 34107928 98
46085465 46085466 18
46085467 46085468 55
46085469 46085470 46
46085471 46085472 57
46085473 46085474 60
46085475 46085476 65
46085477 46085478 87
46085479 46085480 17
34009900 34009901 1
46085481 46085482 57
46085483 46085484 50
46085485 46085486 9
46085487 46085488 19
46085489 46085490 53
46085491 46085492 19
46085493 46085494 73
46085495 46085496 84
46085497 46085498 47
46085499 46085500 83
46085501 46085502 58
28798241 28798245 36
46085504 46085505 31
46085506 46085507 31
46085508 46085509 9
46085510 46085511 25
46085512 46085513 2
46085514 46085515 51
46085516 46085517 27
46085518 46085519 89
46085522 46085523 69
46085524 46085525 53
46085526 46085527 27
46085528 46085529 17
46085531 46085532 69
46085533 46085534 39
46085537 46085538 55
46085540 46085541 69
46085542 46085543 84
46085544 46085545 80
46085546 46085547 37
46085548 46085549 8
46085550 46085551 34
46085552 46085553 68
46085554 46085555 37
46085556 46085557 39
46085558 46085559 81
46085560 46085561 24
46085562 46085563 86
46085564 46085565 63
46085566 46085567 53
46085569 46085570 33
46085571 46085572 77
46085573 46085574 60
46085576 46085577 74
46085578 46085579 37
46085580 46085581 13
46085582 46085583 28
46085584 46085585 90
46085586 46085587 74
46085588 46085589 87
46085590 46085591 2
46085592 46085593 100
46085594 46085595 8
46085596 46085597 45
46085598 46085599 47
46085600 46085601 100
46085602 46085603 56
46085604 46085605 92
46085606 46085607 43
46085608 46085609 16
46085610 46085611 74
46085612 46085613 39
46085614 46085615 23
46085616 46085617 74
46085618 46085619 39
46085621 46085622 86
46085623 46085624 32
46085625 46085626 89
46085627 46085628 36
46085629 46085630 93
46085631 46085632 100
46085633 46085634 73
46085635 46085636 80
46085637 46085638 38
46085639 46085640 60
46085641 46085642 43
46085643 46085644 77
46085645 46085646 70
46085647 46085648 91
46085649 46085650 44
46085651 46085652 5
46085653 46085654 68
46085655 46085656 19
46085657 46085658 74
46085659 46085660 64
46085661 46085662 77
46085663 46085664 57
46085665 46085666 91
46085667 46085668 17
