2412927 3100248 32
5018069 5018074 15
5827365 5827380 83
6154966 6154997 46
18704 101755 40
4982372 4982397 84
7561004 7561015 13
7591964 7591976 51
7811521 7811528 27
6359813 6359836 50
8115447 8115468 56
4175527 4302133 64
129937 416207 42
8450499 8450511 74
8572544 8572567 65
3034075 3539076 97
583327 1301453 10
9603 68310 99
1641586 2484265 45
3555883 3898961 35
9033255 9033279 73
9167425 9167453 16
2560907 3204389 48
9190175 9190193 92
4307634 71135 46
2581189 3219786 100
9417217 9417234 81
9484318 9484338 73
9492115 9492129 64
9492115 9492131 51
9632108 9632127 68
2926288 3463327 38
9787822 9787844 34
9789357 9789374 99
9797129 9797143 57
2523576 3185676 5
372651 974186 34
354637 949645 1
7258992 7259007 79
10044087 10044090 19
10116218 10116222 72
10116233 10116238 12
10231000 10231006 80
2033584 2796602 2
10299821 10299831 38
757453 1539694 87
10329467 10329472 98
8185 63801 98
10333747 10333750 14
10341514 10341516 36
10365249 10365256 95
10405478 10405481 27
10592984 10592990 77
10606638 10606643 56
10634824 10634828 77
2481541 3156223 34
10685312 10685320 29
10701549 10701560 22
10701947 10701957 17
10736073 10736089 22
10803494 10803502 40
10847308 10847314 48
9664058 9664115 74
10718698 10718719 1
11132268 11132272 26
11407241 11407248 41
11681126 11681132 70
2649217 3269094 11
11687146 11687160 8
11776010 11776015 2
11787138 11787143 31
11796806 11796811 97
11992402 11992410 93
12026185 12026193 42
12031026 12031032 63
12151096 12151105 48
2384713 3076894 63
3643730 3956366 57
3179403 3643248 12
1065848 1929241 8
2384714 3076910 63
12832768 12832784 15
12884904 12884917 51
12903289 12903294 33
13082344 13082353 100
13086080 13086088 53
13127299 13127303 90
1533884 2392333 62
13147065 13147074 92
9786757 9786770 30
13156977 13156985 60
13202832 13202843 70
7402 61795 99
33650 135006 94
55171 227953 21
13457363 13457367 80
13462923 13462931 24
13464344 13464352 22
13470671 13470678 92
3019115 3528689 59
13566230 13566237 79
13568760 13568765 15
13590053 13590062 2
13639414 13639418 18
13640467 13640471 26
13654234 13654239 80
5629280 5629314 84
409646 1046299 86
13674845 13674849 22
13675009 13675012 39
13675014 13675020 46
13675050 13675053 99
1748282 2572915 3
13675091 13675097 55
13677407 13677412 95
13682955 13682960 73
13683148 13683153 19
13685258 13685263 22
13685792 13685798 48
13686270 13686274 53
13689472 13689476 42
13717080 13717084 48
13722648 13722652 68
13724210 13724214 16
13725174 13725179 64
13725693 13725699 61
13731437 13731440 89
3904862 4119854 62
3904869 4119858 77
13743764 13743769 90
13743918 13743925 83
13772952 13772957 41
13777110 13777116 17
13805448 13805453 78
13805762 13805769 16
13823993 13824000 94
4040364 4206605 48
13839351 13839357 79
13839373 13839379 76
13839562 13839568 92
13854055 13854061 83
13854329 13854337 32
13854360 13854366 22
13854417 13854423 42
13870893 13870899 82
13870963 13870968 100
9401164 9401178 75
4982374 4982422 3
13873223 13873228 35
13873270 13873276 63
13876803 13876807 80
13878366 13878370 16
13879787 13879791 83
13887214 13887218 33
13898092 13898095 72
13900168 13900172 10
13902028 13902032 45
13904371 13904375 88
13904498 13904504 100
13910786 13910791 61
13912889 13912893 16
13913721 13913726 79
13936223 13936228 77
13959542 13959546 55
13960028 13960032 8
13966883 13966887 23
13970302 13970306 91
13977236 13977240 2
13983860 13983865 96
13988288 13988291 64
13989077 13989081 81
13991545 13991549 12
14001436 14001440 29
14008338 14008342 97
14012789 14012792 61
14020728 14020732 57
14035147 14035151 31
14046320 14046327 83
14049231 14049235 74
14064009 14064013 2
14071633 14071638 74
14123235 14123239 14
14148081 14148085 92
14258555 14258563 29
14259507 14259517 39
4375941 4435483 9
4958797 4958869 27
1658439 2499570 46
14348454 14348461 92
14381719 14381724 3
2443994 3125851 35
14454161 14454168 88
14512481 14512489 59
14515579 14515585 85
9664154 9664186 11
5002144 5002187 45
14626883 14626891 83
14631807 14631813 53
14642087 14642090 15
14648173 14648190 41
14678519 14678525 3
13960113 13960118 49
14733909 14733912 59
15079835 15079839 43
10196654 10196661 84
926928 1733972 16
15187887 15187895 49
15195791 15195793 56
3158443 3629874 41
15201572 15201577 37
15217332 15217352 57
15220240 15220246 34
15223244 15223251 8
15226052 15226073 38
15229588 15229596 35
15239741 15239745 48
15240536 15240545 8
15241747 15241756 23
4533577 4554136 81
15243085 15243093 44
15217334 15217366 20
15243646 15243654 84
15243816 15243821 16
15245043 15245048 41
15245999 15246013 71
15247299 15247308 73
15217335 15217379 91
15255876 15255886 15
15261815 15261821 68
2412275 3099843 49
1324652 2195734 74
702034 1460114 80
15289591 15289600 5
15289707 15289713 43
4180076 4303637 69
6027177 6027195 80
15289883 15289888 16
7547596 7547611 53
15290012 15290017 19
15290203 15290208 69
5432321 5432337 21
15290238 15290245 8
15290276 15290281 41
15290334 15290341 17
15290725 15290730 98
15290775 15290780 4
5462007 5462115 26
4129779 4270263 76
15300837 15300844 75
15301001 15301004 80
1089438 1953593 43
5628083 5628098 11
15304534 15304539 65
15306941 15306948 41
14351209 14351222 30
15311774 15311779 65
15311937 15311942 71
15320439 15320442 22
15323429 15323434 69
190714 584811 68
15324786 15324790 35
5257192 5257230 70
15329478 15329483 99
15331096 15331103 21
15333699 15333704 93
5049526 5049538 46
15335949 15335955 21
15337882 15337886 56
15337895 15337900 71
15350167 15350175 95
15351067 15351072 69
15354389 15354393 59
15356432 15356439 79
3904760 4119788 87
15357731 15357734 40
15359065 15359071 84
15363110 15363116 18
15363292 15363297 83
15367394 15367399 16
15368279 15368284 74
1933438 2708953 42
15369668 15369673 96
5377308 5377318 30
5627616 5627627 61
6842737 6842763 19
15376618 15376623 30
15378943 15378947 71
15392026 15392033 25
15402674 15402678 92
12317121 12317148 98
15407594 15407596 100
15177023 15177035 65
5574943 5574955 86
15443269 15443274 84
15447857 15447865 3
15448609 15448616 72
3439593 3816016 98
15450386 15450391 75
15455491 15455498 74
893086 1705870 85
15456141 15456144 24
15477098 15477104 70
15482913 15482919 45
15483141 15483147 98
15487554 15487560 81
15488746 15488753 81
15489783 15489791 31
15493504 15493507 75
6579557 6579577 78
15496404 15496410 41
15498314 15498317 74
15498975 15498982 9
15499687 15499693 34
15503936 15503941 4
15504159 15504164 89
15508663 15508672 79
15509133 15509139 30
15510073 15510078 63
15510356 15510363 21
15510813 15510819 68
15511398 15511401 88
15518171 15518177 48
1245547 2124805 27
15523048 15523054 53
15527746 15527750 93
15528509 15528512 38
15529422 15529427 15
15532206 15532210 2
11799190 11799211 80
15533532 15533539 2
15538706 15538712 20
1908899 2687190 44
15539584 15539589 80
2918643 3458168 53
15544106 15544111 92
7547589 7547602 59
4977652 4977670 59
15547775 15547778 18
15548446 15548453 75
15551508 15551514 75
15556382 15556385 96
15556854 15556862 11
7575572 7575584 38
15559506 15559514 80
15563884 15563889 11
15567821 15567828 69
15569550 15569554 31
15569723 15569731 96
15573596 15573608 50
15578739 15578745 20
15579423 15579429 55
9797134 9797150 47
15583066 15583070 40
15583122 15583124 57
15584346 15584354 21
15586438 15586443 47
15590218 15590221 17
15590853 15590861 75
15591295 15591299 30
5749578 5749603 2
15592324 15592335 30
5051454 5051462 52
1392022 2265720 9
15617069 15617073 81
15620596 15620601 39
15633590 15633594 40
15640914 15640918 4
15651501 15651509 79
15655800 15655804 84
15724260 15724267 88
15724403 15724412 65
15726816 15726826 45
21613673 21613679 30
21619104 21619111 82
21623118 21623122 68
21623465 21623474 43
21624194 21624197 52
15065364 15065377 36
21631364 21631367 84
21633127 21633134 37
21635675 21635677 33
21636630 21636637 95
21641565 21641575 47
21647288 21647291 5
21656245 21656254 50
21660200 21660205 69
21661720 21661723 75
21672188 21672196 55
21673337 21673339 14
21659727 21659734 13
21676341 21676346 97
21678210 21678215 50
21682306 21682310 23
21686882 21686888 90
21687059 21687065 79
21688743 21688749 15
14587785 14587811 29
21697234 21697237 23
21699844 21699849 34
21701512 21701518 19
21703568 21703572 21
21705728 21705731 97
21709034 21709038 52
4706904 4710026 45
21713778 21713783 2
3155658 3626982 82
21716008 21716015 4
21719514 21719518 20
21724867 21724870 33
21728956 21728962 31
21729707 21729714 85
2247976 2974236 72
21741978 21741984 75
21743226 21743229 91
21746125 21746129 92
21747770 21747775 2
21750925 21750928 50
21752688 21752691 11
21758480 21758484 29
21763990 21763994 89
21767167 21767177 53
9484323 9484359 14
21775747 21775754 62
21790373 21790380 77
21794916 21794921 3
21796084 21796089 62
21796602 21796605 15
21797140 21797149 31
21797324 21797327 45
21799749 21799752 28
21805540 21805547 83
21806726 21806729 66
21807460 21807465 95
21807877 21807886 8
21808940 21808943 38
21816275 21816277 31
21819463 21819466 30
21819740 21819744 44
21820179 21820182 39
21827019 21827023 84
21829348 21829350 63
21832189 21832195 16
21833198 21833204 82
21835046 21835059 13
21835548 21835553 20
21840266 21840270 64
21842871 21842876 99
21846614 21846616 51
21848359 21848362 61
21851100 21851103 15
21851657 21851660 19
21854057 21854064 10
21857020 21857023 66
1118608 1990168 64
21864265 21864269 36
21865794 21865798 49
14918902 14918911 36
21878055 21878059 88
21878072 21878075 1
21883467 21883470 58
21886206 21886210 35
21886290 21886293 91
21886469 21886473 74
21888233 21888238 45
21889828 21889833 53
21895160 21895164 55
21901613 21901617 81
21916781 21916785 2
21919332 21919336 11
10657334 10657376 2
21922201 21922205 31
4644427 4652080 75
21925077 21925081 100
21926421 21926425 69
21927484 21927486 8
21932181 21932187 66
21932264 21932269 66
21932901 21932904 49
21935216 21935222 64
21937055 21937059 15
21939224 21939229 21
21961252 21961256 70
22002994 22003001 11
15262872 15262891 27
23015960 23015980 100
24425004 24425008 40
25439330 25439333 35
25456700 25456703 91
3229898 3679880 60
22561 122656 80
28159386 28159390 45
13876019 13876038 29
28160482 28160485 73
2392407 3085048 76
412734 1050711 17
1301710 2181152 52
30016 131567 77
28268661 28268663 8
28272203 28272207 78
2392375 3085029 46
2392376 3085034 7
3063816 3557973 71
731668 1502921 57
15705840 15705846 70
2927825 3464078 45
21835050 21835081 2
28306997 28306999 3
282683 793301 34
7036076 7036090 98
28356226 28356227 95
28357491 28357492 37
28367227 28367230 6
10657320 10657331 100
28373049 28373051 45
28373152 28373155 57
28400678 28400681 6
8003284 8003288 59
4026860 4199512 84
28408703 28408704 36
28419226 28419227 74
28424267 28424268 23
28428628 28428634 7
28432824 28432827 76
11108056 11108062 72
28435115 28435118 9
28435122 28435125 29
28435130 28435132 72
28440590 28440593 47
28445204 28445206 53
4286436 4372842 32
28447977 28447979 48
28447985 28447987 49
28449783 28449785 100
28455411 28455412 57
28459943 28459944 93
28463458 28463460 80
28464281 28464284 43
28464338 28464340 18
28464593 28464595 46
28464688 28464689 11
28464690 28464691 71
28464694 28464696 37
28464700 28464703 29
28480719 28480721 80
28488406 28488409 39
28491477 28491478 47
28491530 28491537 89
28491570 28491572 4
28491574 28491577 1
28491588 28491591 95
28491607 28491609 18
28491615 28491618 18
28466100 28466111 29
28491627 28491628 37
12191995 12192001 35
55815 229899 80
28492765 28492768 62
28578582 28578586 34
4296902 4379693 91
15370330 15370333 8
708569 1467178 14
28614342 28614344 8
28614374 28614376 81
28614378 28614380 73
212154 647091 99
28622017 28622019 48
28635863 28635866 26
28649615 28649617 58
28685382 28685383 82
28694951 28694954 11
21835051 21835085 51
28733956 28733960 35
4171589 4299264 2
28736352 28736358 76
28739746 28739748 69
28759424 28759425 57
28763544 28763546 70
28772225 28772227 58
28773919 28773926 49
28775762 28775767 74
9451733 9451746 70
28777913 28777921 20
28780039 28780041 38
10657408 10657478 10
28780575 28780578 65
28433663 28433665 95
28919249 28919252 24
29042898 29042900 29
29044684 29044688 32
29044985 29044987 23
29045655 29045659 45
29045881 29045882 89
29047925 29047932 6
29048819 29048825 14
3130708 3607059 97
14199762 14199766 37
29049379 29049386 44
29340291 29340297 56
29368760 29368762 14
29369383 29369386 90
30082974 30082980 19
2393855 3086307 63
30311263 30311266 56
15592216 15592223 78
1535702 2393853 21
30325312 30325315 58
30325851 30325855 62
10657353 10657421 3
9054666 9054700 1
29046105 29046114 25
30357287 30357288 32
28304026 28304029 26
11467717 11467721 94
30364395 30364399 53
9646273 9646290 65
8893896 8893911 99
28776876 28776884 30
28776878 28776885 62
1329065 2200939 38
15238187 15238210 83
30357326 30357331 71
30372107 30372114 14
10657355 10657439 59
30373237 30373242 53
30293608 30293619 3
30382416 30382426 31
10657492 10657573 88
21835077 21835101 17
30382708 30382710 84
10657493 10657580 51
4034560 4202981 90
8571083 8571114 40
30396100 30396102 92
9643553 9643579 66
30493953 30493958 24
30503533 30503539 98
30503544 30503549 12
30504685 30504690 40
30505103 30505110 61
30611081 30611093 47
15217336 15217393 66
30684341 30684343 76
15201169 15201181 60
30696493 30696494 7
30698107 30698108 6
30745310 30745315 61
30749116 30749117 55
30751241 30751245 11
30753087 30753091 18
30753601 30753608 71
28555957 28556015 94
30761308 30761314 66
30761414 30761417 50
371443 971541 96
30764710 30764713 17
30314500 30314529 42
6981678 6981690 59
30765957 30765959 50
2220027 2952522 5
30767317 30767324 11
30768633 30768638 75
30769473 30769476 39
3589484 3919638 29
30771511 30771514 40
30771592 30771601 52
10657409 10657481 27
30775013 30775015 29
30775090 30775094 4
30775922 30775928 44
30776027 30776030 36
30777921 30777925 59
30777922 30777937 72
30777985 30777986 69
4994504 4994513 23
30778388 30778395 1
30780229 30780232 17
30646331 30646340 36
30785612 30785616 65
30810202 30810203 86
30810205 30810206 6
30810751 30810754 36
30812113 30812115 36
30865960 30865961 70
30868555 30868558 67
30869282 30869285 93
30233118 30233126 18
30872199 30872201 34
30872328 30872329 69
30872377 30872379 70
1631944 2477898 82
30880047 30880049 59
30962725 30962727 50
30978259 30978263 20
30978610 30978616 43
31061809 31061810 35
192727 587776 77
31851607 31851612 43
31862878 31862884 25
31868162 31868164 29
10568238 10568241 60
31875791 31875797 9
31883830 31883834 55
10587723 10587725 70
10556833 10556843 47
31899117 31899119 32
4998915 4998943 65
31907895 31907897 72
31907901 31907903 83
32057407 32057414 68
32081984 32081993 82
32126721 32126728 80
32156258 32156266 6
32187573 32187579 10
32195162 32195166 3
32589576 32589580 5
877132 1694351 9
32641902 32641904 63
32662896 32662899 27
28232622 28232671 82
32739033 32739037 1
32789207 32789211 54
32789213 32789215 5
32789226 32789229 36
32794830 32794833 87
32796381 32796383 94
15195164 15195173 18
3264369 3705545 12
32806724 32806725 21
3747160 4018113 80
32832800 32832808 60
32835689 32835690 83
32835691 32835693 70
32835728 32835730 3
32835739 32835740 37
32835742 32835745 12
32835746 32835748 3
32835772 32835774 49
32835776 32835778 89
32835820 32835822 14
32835839 32835841 56
32835867 32835869 89
32835905 32835907 26
32839483 32839486 26
32839582 32839584 7
32840141 32840143 76
32840173 32840175 61
32840186 32840187 35
32840216 32840218 38
32840253 32840254 82
32840278 32840281 28
32840292 32840294 20
32840304 32840306 47
32840316 32840318 12
32840320 32840322 99
32840581 32840584 40
32841242 32841244 32
32842724 32842726 2
32843898 32843900 26
32844722 32844726 100
32846243 32846247 63
32846249 32846250 25
32848632 32848635 18
32849088 32849090 25
32849156 32849160 83
32849166 32849169 90
32849179 32849181 69
32849280 32849283 95
32849371 32849372 51
32851590 32851592 80
32851594 32851596 44
32854735 32854739 94
32857993 32858003 78
32872706 32872709 42
32961909 32961915 82
32962029 32962034 92
32962376 32962379 33
32055250 32055263 25
32974697 32974698 65
32059273 32059278 9
32983022 32983024 94
32984585 32984589 70
4199782 4316276 24
12259918 12259925 17
33050159 33050161 15
33057694 33057696 41
33057699 33057703 20
33058365 33058368 39
33058749 33058759 27
33059615 33059619 93
33061403 33061405 19
33062429 33062435 39
33075747 33075749 10
33086077 33086079 37
33086615 33086620 72
33088548 33088551 11
33088745 33088750 94
33089398 33089403 65
33090019 33090025 5
33090764 33090770 26
33091727 33091730 52
33091759 33091765 13
33093407 33093413 31
33093421 33093424 95
33093553 33093557 62
33093647 33093650 83
33093665 33093668 40
33093735 33093738 93
33093749 33093752 87
33094026 33094028 2
2484259 3158059 76
33095785 33095792 93
33096523 33096526 77
32792728 32792729 12
33307192 33307199 69
33336099 33336100 74
33344081 48486 87
33351063 33351067 84
33464608 33464612 45
33529783 33529788 2
33581850 33581852 12
33642203 33642205 28
33654302 33654305 70
33654932 33654934 12
12151098 12151109 12
33660572 33660573 88
33660690 33660691 46
33664852 33664853 6
33667254 33667258 26
33669920 33669921 25
33672062 33672063 19
4608247 4618446 45
33673277 33673283 20
33719679 33719682 21
33719778 33719780 15
33812337 33812339 32
33828265 33828266 43
33828997 33828999 6
33870126 33870127 40
33873152 33873159 74
33942554 33942556 88
33949996 33949998 81
33950147 33950149 8
33959543 33959545 98
33959725 33959726 53
33965609 33965610 50
12164799 12164804 85
34002206 34002212 77
34005848 34005853 13
34006758 34006760 64
34009956 34009961 1
34013469 34013471 15
34016035 34016036 79
34016838 34016839 94
34017120 34017121 77
34025714 34025715 54
34032184 34032186 76
34032879 34032880 7
34043269 34043273 17
34046705 34046708 33
34047304 34047305 68
34047386 34047388 31
34048890 34048895 38
34049629 34049631 34
34055281 34055282 22
34061151 34061153 96
34074569 34074570 43
34091503 34091505 50
34096138 34096140 6
34129464 34129466 80
34129697 34129708 79
34133749 34133752 8
28419113 28419118 18
34250906 34250909 63
34303029 34303032 68
34377537 34377539 88
34442810 34442814 25
34451021 34451022 66
34462656 34462657 43
34468884 34468885 12
34479857 34479858 37
34482050 34482053 98
34483638 34483640 47
34705750 34705751 64
34714508 34714510 17
34718340 34718342 44
34723939 34723941 97
34751193 34751200 61
34751936 34751940 64
34754100 34754103 29
34767972 34767974 49
7912931 7912933 26
33677423 33677431 52
34775353 34775356 43
34805457 34805458 94
34825010 34825012 9
34830621 34830623 6
34830881 34830883 20
34834784 34834785 65
34856506 34856508 64
34856928 34856930 52
32640677 32640683 14
33358166 33358172 36
34866971 34866972 12
34893610 34893614 50
34903923 34903927 16
5002174 5002230 17
34932644 34932645 22
34932972 34932979 84
33679706 33679707 7
34950535 34950539 67
34953671 34953677 84
34975208 34975212 40
3060543 3555668 21
35010833 35010839 86
35017830 35017833 32
35071200 35071203 26
679398 1421887 93
35397898 35397901 99
35399278 35399281 67
35403825 35403831 31
3275840 3713113 59
35405154 35405159 73
35405557 35405562 58
35413677 35413680 24
35424461 35424467 53
35424480 35424483 31
35436518 35436520 94
35438845 35438848 87
35446215 35446218 88
35446376 35446379 25
35459388 35459389 56
15255878 15255889 84
35474345 35474348 13
35475398 35475400 71
35538727 35538732 60
35541376 35541380 55
35574265 35574267 100
35580315 35580318 41
35637414 35637418 41
35709619 35709622 8
35793363 35793370 16
35801980 35801987 20
1913210 2690506 65
35805834 35805839 57
847260 1661379 38
35809885 35809887 4
35811108 35811112 99
35817918 35817924 93
35822257 35822259 33
35823144 35823146 15
14255568 14255582 39
35826608 35826614 29
35826976 35826980 76
35827424 35827426 13
35834192 35834195 83
35834234 35834238 22
35539783 35539792 25
36115358 36115361 90
36115786 36115788 5
36116054 36116058 63
36116086 36116091 90
36116155 36116158 40
36116215 36116220 54
36116304 36116309 3
36268085 36268088 6
36269908 36269909 78
36277010 36277012 63
15070000 15070004 14
36285858 36285859 72
36292669 36292670 18
36295357 36295361 9
36311445 36311447 77
36312635 36312636 3
36317368 36317369 93
2641719 3264387 4
36342129 36342130 13
36346577 36346580 22
36346803 36346804 41
36348790 36348794 68
36357595 36357596 1
36361181 36361184 64
36364246 36364247 5
36364382 36364383 28
36374889 36374892 30
36380251 36380252 84
36384189 36384192 68
36395196 36395200 89
3592868 3922077 72
36404979 36404982 21
30752694 30752717 41
36418913 36418916 92
36420935 36420936 68
36436185 36436189 46
36437862 36437865 77
2927827 3464083 48
36525162 36525164 44
36527036 36527038 14
36527664 36527666 1
36531748 36531749 89
4986566 4986651 57
33826486 33826488 66
36653823 36653826 73
3125844 3602803 42
36733732 36733733 13
36758557 36758559 71
36758624 36758626 14
36768279 36768280 5
36860563 36860567 88
36860569 36860572 38
37681475 37681477 79
14760820 14760827 5
37702368 37702372 14
3465451 3837382 54
37873614 37873616 82
36654144 36654148 45
37911023 37911025 4
38070366 38070368 3
4930924 4931046 43
3313774 3736325 33
38821405 38821409 37
39117366 39117371 68
39117389 39117394 99
39228789 39228791 38
39457190 39457195 14
39457270 39457272 95
39457626 39457629 29
39457858 39457860 50
39458085 39458087 50
39458094 39458096 4
39458421 39458423 55
39458426 39458429 81
39458441 39458443 71
39458444 39458443 39
39458517 39458519 59
39458542 39458546 94
39458688 39458690 28
39458845 39458847 94
39459190 39459192 92
39459638 39459640 54
39459763 39459765 68
39459850 39459852 44
39459926 39459928 78
39460003 39460009 83
39460035 39460037 63
6272694 6272704 17
39460759 39460761 63
39460968 39460969 47
39461075 39461077 94
39461951 39461953 52
39462017 39462019 44
39462267 39462269 34
39462281 39462283 12
39462652 39462654 12
39462775 39462777 35
39463049 39463051 25
39463331 39463333 92
39463389 39463392 33
39463886 39463888 57
39463890 39463892 64
39463952 39463954 32
39464106 39464109 73
39464240 39464242 84
39464266 39464268 94
39464329 39464331 59
39464367 39464369 97
39464454 39464456 35
39464457 39464456 1
39464491 39464493 91
39464546 39464548 58
39464564 39464566 47
39464570 39464572 13
39464650 39464652 79
39464783 39464785 55
39464994 39464996 11
39465070 39465072 19
39465176 39465179 27
39465225 39465227 4
39465232 39465234 50
39465260 39465262 54
39465318 39465320 54
39465839 39465841 22
39465931 39465934 6
39466203 39466205 69
39466298 39466300 1
39466391 39466393 32
39466484 39466486 42
39466535 39466537 91
39466716 39466720 37
39466754 39466757 25
39467267 39467269 12
39467337 39467340 89
39467373 39467375 42
33674053 33674060 52
39467508 39467510 28
39467570 39467572 24
39467590 39467592 50
39467631 39467633 98
39467801 39467803 3
39467827 39467829 60
39468113 39468115 28
39468139 39468141 9
39468142 39468144 100
39468145 39468144 24
39468192 39468194 34
39468225 39468227 21
39468228 39468227 9
39468332 39468334 4
39468506 39468508 63
39468590 39468592 54
39468597 39468600 62
39468625 39468627 28
39468628 39468630 41
39468689 39468691 20
39468692 39468691 56
39468838 39468840 24
39468841 39468843 50
39468955 39468957 66
39468958 39468960 83
39469016 39469018 51
39469092 39469094 52
39469124 39469127 83
39469129 39469131 19
39469154 39469156 38
39469160 39469162 23
39469163 39469162 33
39469200 39469203 76
39469292 39469295 22
39469553 39469555 13
39469601 39469603 43
39469604 39469606 80
39470006 39470008 47
39470085 39470087 38
39470225 39470228 41
39470517 39470519 86
39470538 39470541 27
39470601 39470603 46
39470693 39470695 28
39470703 39470705 75
39470885 39470887 50
39470888 39467829 19
39470974 39470976 58
39470980 39470982 4
39470983 39470985 53
39470994 39470997 85
39470999 39471001 78
28466107 28466119 67
39471104 39471106 47
39471193 39471194 55
39471206 39471208 29
39471381 39471383 30
39471405 39471407 30
39471559 39471563 54
39471633 39471635 15
39471695 39471697 31
15659911 15659920 40
39471811 39471813 85
39471989 39471991 72
39471994 39471996 7
39472064 39472067 9
39472226 39472228 42
39472243 39472245 60
39472357 39472359 13
39472407 39472410 17
39472551 39472553 91
39472554 39472557 20
39472564 39472566 100
39472567 39472569 78
39472589 39472591 68
39472592 39472594 82
39472607 39472609 59
39472616 39472618 18
39472619 39472621 2
39472625 39472627 46
39472654 39472656 17
39473408 39473410 18
39473544 39473546 81
39473632 39473633 7
39473746 39473748 55
39473783 39473786 39
39473795 39473797 79
39473913 39473916 91
39474011 39474013 50
39474179 39474181 75
39474184 39474186 54
39474457 39474459 80
15553052 15553064 65
39474737 39474739 29
39474900 39474903 33
39475485 39475487 14
39475552 39475554 29
39475561 39475563 74
39476014 39476017 85
39476137 39476139 41
39476177 39476180 81
39476184 39476186 16
39476187 39476189 26
39476201 39476203 26
39476204 39476206 17
39476207 39476206 98
39476295 39476297 53
39476417 39476419 3
39476524 39476526 52
39476560 39476562 66
39476713 39476715 95
39476724 39476726 71
39476773 39476775 47
39476888 39476890 60
39476894 39476897 60
39477073 39477076 82
39477084 39477086 57
39477406 39477408 67
39477439 39477441 54
39477763 39477765 24
39477964 39477966 84
39478226 39478228 27
39478589 39478591 85
39478595 39478597 23
39478633 39478635 19
39479066 39479069 22
39479181 39479183 84
39479208 39479210 12
39479285 39479288 20
39479519 39479521 4
39479705 39479707 17
39479845 39479848 74
39479865 39479867 48
39479929 39479932 64
39479933 39479935 1
39479946 39471106 59
39480007 39480008 45
39480048 39480050 92
39480051 39480053 6
39480074 39480076 86
39480180 39480182 7
39480193 39480195 1
39480350 39480352 3
39480353 39480355 24
39480690 39480692 21
39480902 39480904 66
5038045 5038064 76
39481215 39481217 51
39481245 39481247 69
39481257 39481259 69
39481422 39481424 17
39481602 39481605 75
39481976 39481978 85
39482259 39482263 80
39482270 39482272 76
39482557 39482559 57
39482664 39482666 39
39482857 39482860 1
39482893 39482895 67
39483077 39483079 58
39483195 39483197 29
39483544 39483546 79
39483552 39483554 90
39483686 39483688 18
39483693 39483695 65
39483775 39483777 83
39483794 39483796 4
39483849 39483851 24
39483962 39483964 39
39484021 39484024 69
39484025 39484027 15
39484118 39484120 45
39484169 39484171 95
39484191 39484193 16
39484209 39484212 82
39484532 39484535 55
39484536 39484538 55
39484540 39484541 94
39484671 39484673 6
39484771 39484773 5
39484842 39484844 89
39485114 39485116 15
39485251 39485253 44
39485317 39485319 21
39485390 39485392 86
39485416 39485418 92
39485551 39485553 92
39485753 39485756 82
39485939 39485941 85
39485978 39485980 62
39485982 39485986 77
39486076 39486079 79
30239286 30239291 81
39486204 39486208 21
39486605 39486607 17
39486957 39486959 34
39486963 39486967 80
39487336 39487338 16
39487417 39487419 1
39487509 39487511 90
39487668 39487670 67
5667880 5667899 59
39487852 39487855 28
39487926 39487928 93
39487987 39487989 80
39488869 39488871 76
39489030 39489032 2
39489841 39489843 15
39490689 39490691 7
39490712 39490715 22
39491069 39491071 14
4968217 4968244 50
39492563 39492566 12
39492618 39492619 95
39492821 39492823 98
39492886 39492889 15
39493104 39493107 91
39493253 39493256 91
39493416 39493418 55
39493427 39493430 9
39494290 39494292 8
39494329 39494332 60
39494449 39494451 8
39494541 39494543 61
39494951 39494952 40
39495002 39495004 17
39495106 39495108 33
39495109 39495111 11
39495132 39495134 51
39495135 39495138 69
39495145 39495147 86
39495176 39495178 90
39495208 39495210 5
39495320 39495322 24
39495447 39495449 73
39495613 39495615 55
39495706 39495708 92
39495752 39495754 64
39495799 39495803 52
39495834 39495836 99
39496044 39496046 40
39496059 39496061 39
39496147 39496149 51
39496215 39496219 19
39496564 39496567 67
39496594 39496596 45
39496701 39496703 62
39496823 39496825 88
39497000 39497002 93
39497080 39497083 100
39497268 39497270 57
39497280 39497282 54
10300017 10300024 92
39497510 39497513 83
39497597 39497602 34
39497636 39497638 14
39497643 39497645 13
39498151 39498153 74
39498162 39498164 87
39498227 39498229 45
39498313 39498316 19
39498646 39498648 75
39498692 39498695 98
39498731 39498733 57
39498869 39498871 48
39499288 39499292 70
39499550 39499552 100
39499727 39499729 100
39499840 39499842 13
33352116 33352127 59
39500161 39500163 88
39500535 39500537 9
39500629 39500631 95
39500962 39500964 18
39500979 39500981 82
39501131 39501133 97
39501153 39501155 93
39501218 39501221 100
39501256 39501258 75
39501427 39501430 30
39501594 39498733 3
39501619 39501621 63
39501936 39501939 48
39502561 39502565 82
39502819 39502821 24
39502964 39502966 9
39503001 39503004 76
39503186 39503188 65
39503266 39503268 93
39503269 39503271 60
39503327 39503329 64
39503330 39503332 62
39503354 39503356 56
39503401 39503403 17
39503492 39503495 85
39503515 39503517 38
39503520 39503522 88
39503634 39503637 51
39503654 39503656 80
39503706 39503709 4
39504044 39504047 68
39504127 39504129 91
39504500 39504502 54
39504550 39504551 11
39504552 39504554 1
39504591 39504593 10
39504594 39504593 87
39504595 39504593 33
39505592 39505594 79
39505764 39505766 40
39505792 39505794 52
39505857 39505859 18
39505985 39505989 52
39506000 39506003 77
39506038 39506040 100
39506041 39506043 49
39506129 39506131 77
39506151 39506154 68
39506161 39506164 93
39506167 39506169 87
39506174 39506176 28
39506181 39506183 28
39506232 39506234 100
39506235 39506234 48
39506245 39506247 71
39506258 39506260 75
39506522 39506525 32
39507176 39507178 64
39507347 39507349 38
39507432 39507435 32
39507485 39507487 31
39507544 39507546 45
39507606 39507608 63
39507828 39507829 99
39507831 39507832 6
39507851 39507853 77
39507854 39507855 15
39507869 39507871 79
39507984 39507987 73
39508086 39508088 2
39508118 39508120 85
39508124 39508127 10
39508984 39508987 89
39509054 39509056 28
39509088 39509090 12
39509168 39509170 91
39509384 39509387 37
39509394 39509396 100
39509470 39509474 80
39509534 39509536 78
39509628 39509630 56
39509773 39509775 65
39509842 39509844 50
39509892 39509895 67
39509912 39509913 3
39509930 39509932 72
39509938 39509940 78
39510097 39510099 46
39510344 39510346 50
39510365 39510367 93
39510376 39510378 3
39510388 39510390 29
39510495 39510498 33
39510996 39510998 5
34931037 34931040 52
39511055 39511057 1
39511070 39511072 21
39511222 39511224 84
39511231 39511234 55
39511469 39511471 32
39511676 39511678 33
39511733 39511736 99
39511846 39511848 21
39511874 39511876 91
39511907 39511909 30
39511983 39511985 2
39512040 39512042 44
39512082 39512084 100
39512094 39512096 77
39512123 39512125 94
39512257 39512259 83
39512272 39512274 23
15590724 15590733 9
39513306 39513308 92
39513342 39513344 27
39513374 39513376 96
39513378 39513380 6
39513425 39513427 64
39514087 39514089 15
39514087 39514090 60
39514137 39514139 85
39514158 39514160 4
39514357 39514359 15
39514948 39514950 7
39514975 39514977 67
39515078 39515080 96
39515108 39515110 40
39515524 39515526 20
39515539 39515541 14
39515698 39515700 24
39516322 39516328 3
39516515 39516517 97
39516538 39516540 34
39516566 39516569 61
39516729 39516731 2
39517009 39517011 94
39517718 39517720 79
39517727 39517729 91
39517886 39517888 87
39517900 39517902 21
39518090 39518092 11
39518184 39518186 25
39518197 39518200 30
39518278 39518280 54
39518301 39518303 80
39518538 39518540 98
39518564 39518566 65
39518686 39518688 36
39518915 39518917 15
39519669 39519671 11
39520183 39520186 20
39520193 39520195 71
39520218 39520220 62
39520225 39520228 11
39520249 39520251 97
39520342 39520347 75
39520462 39520465 13
39520794 39520796 45
39520825 39520827 32
39520832 39520834 20
39520941 39520944 98
39521023 39521025 18
39521058 39521060 68
39521106 39521109 36
39521206 39521208 91
39521212 39521214 75
39521238 39521240 14
39521319 39521321 64
39521322 39521324 71
39521421 39521423 63
39521477 39521479 25
39521546 39521548 97
39521743 39521746 80
39521792 39521795 16
39521822 39521824 30
39522048 39522050 9
39522145 39522148 80
39523219 39523221 45
39523253 39523256 89
39523257 39523256 86
39523612 39523615 86
39523646 39523649 89
39523685 39523687 82
39523688 39523687 98
39523689 39523687 45
39523690 39523687 44
39523691 39523687 55
39523692 39523687 24
39523792 39523795 12
39523807 39523810 25
39524171 39524174 50
39524233 39524235 70
39524356 39524358 86
39524382 39524385 85
39524404 39524406 88
39524466 39524469 59
39524489 39524492 58
39524498 39524500 3
39524559 39524561 50
39524568 39524571 51
39524598 39524600 52
39524615 39524617 62
39524618 39524620 32
39524639 39524642 4
39524651 39524653 83
39524765 39524767 86
39524794 39524796 32
39524861 39524863 23
39524887 39524890 97
39524902 39524904 43
39524919 39524921 33
39524925 39524927 38
39525026 39525029 61
39525092 39525094 64
39525097 39525100 96
39525161 39525163 11
39525184 39525186 60
39525189 39525192 26
39525201 39525203 53
39525217 39525219 9
39525220 39525226 88
39525237 39525239 86
39525246 39525248 10
39525252 32789211 92
39525253 32789211 66
39525264 39525266 95
39525349 39525351 90
39525356 39525358 55
39525392 39525395 30
39525506 39525508 100
39525517 39525519 57
39525556 39525558 11
39525568 39525570 75
39525572 39525574 31
39525653 39525655 89
39525706 39525708 25
39525727 39525729 45
39525738 39525741 15
39525785 39525787 7
39525844 39525846 56
21910045 21910054 95
39526003 39526005 77
39526154 39526156 59
39526174 39526177 9
39526183 39526187 92
39526455 39526457 56
39526739 39526741 13
39527203 39527205 23
39527384 39527386 26
39527417 39527419 12
39527479 39527481 70
39527522 39527524 4
39527691 39527692 70
39527739 39527741 3
39527747 39527750 69
39527785 39527787 71
39527823 39527825 70
39528418 39528420 57
39528449 39528450 44
39529144 39529146 11
39529224 39529227 83
39529249 39529251 12
39529262 39529264 35
39529268 39529270 49
39529303 39529306 26
39529473 39529475 2
39529479 39529482 10
39530363 39530365 78
39530409 39530412 73
39530490 39530492 65
39530536 39530538 77
39530543 39530545 14
39530659 39530661 42
39530723 39530725 71
39530726 39530728 92
39530815 39530817 30
39530822 39530824 97
39530825 39530824 68
39530837 39530839 22
39530840 39530845 4
39530847 39530849 61
39530894 39530896 14
39531087 39531089 63
39531090 39531089 15
39531108 39531110 55
39531121 39531123 80
39531124 39531126 80
39531144 39531147 41
39531206 39531208 77
39531255 39531256 47
39531259 39471106 90
39531260 39531261 52
39531262 39471106 98
39531263 39531264 98
39531265 39531266 44
39531267 39471106 38
39531268 39531269 22
39531270 39471106 91
39531271 39531273 19
39531274 39471106 54
39531277 39531278 36
39531279 39471106 36
39531282 39471106 28
39531283 39471106 68
39531286 39467633 14
39531287 39531288 58
39531289 39471106 96
39531292 39471106 48
39531293 39467633 63
39531294 39471106 87
39531295 39531296 83
39531297 39471106 24
39531298 39531299 65
39531300 39471106 39
39531301 39531302 22
39531303 39531256 78
39531308 39531309 17
39531310 39531311 35
39531312 39471106 32
39531313 39467633 97
39531314 39531315 87
39531317 39531318 30
39531319 39531320 27
39531394 39531396 60
39531437 39531439 30
39531443 39531445 77
39531498 39531500 49
39531566 39531568 42
39531576 39531578 79
39531654 39531656 94
39531678 39531680 38
39532015 39532017 6
39532058 39532060 35
39532869 39532871 7
39533590 39533592 67
39534022 39534025 52
39534242 39534244 41
39534570 39534572 77
39534740 39534742 60
39534921 39534923 80
39535027 39535030 7
39498465 39498471 17
21773928 21773932 36
39536071 39536074 79
39536405 39536408 9
39537193 39537195 2
39537350 39537352 31
32026662 32026667 63
39538955 39538958 3
39539046 39539048 97
39539759 39528363 7
39539867 39539870 30
39579210 39579212 96
39579254 39579256 43
39579783 39579785 39
39580112 39580115 53
39580666 39580668 71
39581055 39581057 59
39581809 39581811 69
39582070 39582072 53
39582601 39582603 80
39582654 39582656 51
39583723 39583726 17
39586454 32796383 25
39586512 39586515 4
39587301 39587303 15
39591799 39591801 58
36059366 36059369 7
39593570 39593572 1
39638531 39638534 32
40090902 40090903 13
41177483 41177485 20
41177556 41177558 31
41177571 41177573 78
41177632 41177634 85
41177683 41177685 43
41177689 41177691 37
41177718 41177720 31
41177731 41177733 23
41177739 41177741 98
41177749 41177751 56
41177770 41177772 84
41177781 41177783 44
41177812 41177814 92
41177821 41177823 48
41177839 41177841 72
41177882 41177884 62
41177901 41177903 26
41177997 41177998 43
41178022 41178024 23
41178076 41178078 77
41178084 41178086 15
41178087 41178088 59
41178092 41178094 26
41178095 41178097 46
41178143 41178145 17
41178160 41178162 87
41178163 41178165 28
41178195 41178197 50
41178198 41178200 1
41178248 41178250 79
41178357 41178359 91
41178377 41178379 98
41178402 41178404 68
41350642 41350643 5
41675646 41675649 33
10634532 10634684 68
41726914 41726917 39
41888152 41888153 35
42114361 42114362 56
42131257 42131258 95
42169319 42169320 13
43225053 43225054 89
43225055 43225056 51
43225062 43225063 40
43225064 43225065 85
43225066 43225067 66
43225068 43225069 75
43225071 43225072 99
43225073 43225074 12
43225078 43225079 91
43225081 43225082 29
43225086 43225087 26
43225091 43225092 47
43225094 43225095 64
43225096 43225097 82
43225099 43225100 18
43225101 43225102 66
43225103 43225104 77
43225107 43225108 22
43225114 43225115 64
43225132 43225133 90
43225135 43225136 82
43225138 43225139 87
43225162 43225163 46
43225182 43225183 10
43225200 43225201 98
43225209 43225210 23
43225211 43225212 7
43225265 43225266 97
43225324 43225325 19
43225330 30357288 28
43225342 43225343 92
43225348 43225349 80
43225350 43225351 90
43225352 43225353 18
43225357 43225358 42
43225533 43225534 35
43225570 43225571 9
43225693 43225694 65
43225695 43225696 51
43225704 43225705 37
43225706 43225707 21
43225735 43225736 83
43225739 43225740 84
43225892 43225893 80
43225914 43225915 71
43226890 43226891 72
43226892 43226893 43
43226894 43226895 44
43226897 43226898 83
43226900 43226901 49
43226904 43226905 24
43226906 43226907 6
43226958 43226959 42
43226962 43226963 28
43226966 43226967 30
43226969 43226970 92
43226971 43226972 84
43227040 43227041 75
43227044 43227045 73
43227060 43227061 100
43227072 43227073 62
43227090 43227091 39
43227094 43227095 49
43227102 43227103 95
43227110 43227111 37
43227196 43227197 3
43227218 43227219 60
43227220 43227221 65
43227255 43227256 39
43227257 43227258 95
43227267 43227268 28
43227269 43227270 73
43227295 43227296 10
43227307 43227308 12
43227316 43227317 64
43227322 43227323 45
43227338 43227339 61
43227341 43227342 6
43227347 43227348 25
43227350 43227351 26
43227354 43227355 52
43227359 43227360 81
43227364 43227365 89
43227373 43227374 74
43227377 43227378 43
43227386 43227387 53
43227388 43227389 86
43227393 43227394 55
43227395 43227396 12
43227398 43227399 3
43227400 43227401 27
43227405 43227406 92
43227409 43227410 51
43227414 43227415 97
43227419 43227420 89
43227425 43227426 62
43227433 43227434 98
43227436 43227437 92
43227438 43227439 62
43227442 43227443 77
43227444 43227445 34
43227448 43227449 97
43227452 43227453 99
43227454 43227455 99
43227458 43227459 91
43227460 43227461 47
43227465 43227466 47
43227468 43227469 37
43227470 43227471 24
43227484 43227485 74
43227489 43227490 58
43227491 43227492 87
43227497 43227498 73
43227499 43227500 4
43227505 43227506 17
43227514 43227515 61
43227517 43227518 36
43227520 43227521 47
43227522 43227523 46
43227527 43227528 44
43227529 43227530 8
43227539 43227540 83
43227549 43227550 2
43227556 43227557 26
43227560 43227561 95
43227563 43227564 67
43227590 39531278 40
43227591 43227592 14
43227596 43227597 3
43227650 30357288 14
43227651 43227652 47
43227656 43227657 47
43227668 43227669 61
43227670 43227671 41
43227673 43227674 70
43227679 43227680 94
43227683 43227684 16
43227686 43227687 88
43227689 43227690 44
43227701 43227702 28
43227703 43227704 55
43227705 43227706 23
43227714 43227715 13
43227717 43227718 9
43227721 43227722 22
43227731 43227732 16
43227733 43227734 33
43227739 43227740 44
43227769 43227770 11
43227772 43227773 87
43227774 43227775 44
43227781 43227782 38
43227786 43227787 45
43227789 43227790 58
43227791 43227792 34
43227799 43227800 44
43227809 43227810 59
43227811 43227812 67
43227814 43227815 16
43227825 43227826 52
43227827 43227828 28
43227829 43227830 89
43227831 43227832 62
43227836 43227837 58
43227839 43227734 52
43227842 43227843 70
43227844 43227845 63
43227846 43227847 6
43227857 43227858 11
43227859 43227860 50
43227870 43227871 14
43227872 43227873 33
43227874 43227875 100
43227876 43227877 28
43227885 43227886 55
43227909 43227910 21
43227913 43227914 82
43227915 43227916 39
43227917 43227918 78
43227919 43227920 94
43227938 43227939 48
43227940 43227941 51
43227945 43227946 34
43227952 43227953 93
43227958 43227959 89
43227961 43227962 93
43227963 43227964 80
43227966 43227967 86
43227978 43227979 2
43227984 43227985 61
43227989 43227990 24
43227993 43227994 39
43227996 43227997 75
43228009 43228010 67
43228012 43228013 23
43228014 43228015 94
43228017 43228018 39
43228025 39468227 76
43228035 43228036 83
43228056 43228057 90
43228059 43228060 95
43228064 43228065 34
43228070 43228071 30
43228073 43228074 28
43228084 43228085 61
43228090 43228091 39
43228104 43228105 35
43228107 43228108 3
43228110 43228111 78
43228112 43228113 64
43228114 43228113 27
43228117 43228118 56
43228119 43228120 81
43228121 43228122 63
43228123 43228124 98
43228136 43228137 80
43228138 43228139 32
43228142 43228143 66
43228144 43228145 21
43228153 43228154 84
43228156 43228157 99
43228271 43228272 77
43228277 43228278 37
43228282 43228283 11
43228292 43228293 64
43228303 43228304 43
43228305 43228306 80
43228310 43228311 79
43228314 43228315 36
43228322 43228323 37
43228343 43228344 23
43228345 43228346 85
43228350 43228351 4
43228354 43228355 56
43228430 43228431 61
43228440 43228441 49
43228496 43228497 70
43228508 43228509 42
43228511 43228512 77
43228513 43228514 81
43228516 43228517 71
43228532 30357288 60
43228558 43228559 98
43228569 43228570 14
43228581 43228582 100
43228588 43228589 87
43228639 43228640 28
43228645 43228646 3
43228676 43228677 30
43228682 43228683 33
43228707 43228708 34
43228720 43228721 33
43228722 43228723 89
43228724 43228725 87
43228727 43228728 67
43228747 43228748 34
43228773 43228774 68
43228893 43228894 99
43228902 43228903 18
43228992 43228993 36
43229003 43229004 39
43229174 43229175 49
43229192 43229193 53
43229209 43229210 29
43229211 43229212 69
43229278 43229279 87
43229285 43229286 79
43229315 43229316 82
43229323 43229324 72
43229329 43229330 48
43229331 43229332 22
43229356 43227830 93
43229358 43229359 21
43229366 43229367 96
43229371 43229372 95
43229374 43229375 75
43229377 43229378 25
43229379 43229380 69
43229392 43229393 51
43229394 43229395 20
43229397 43229398 84
43229402 43229403 10
43229406 43229407 73
43229408 43229409 39
43229410 43229411 71
43229414 43229415 83
43229423 43229424 32
43229425 43229426 72
43229429 43229430 63
43229433 43229434 27
43229435 43229436 22
43229438 43229439 66
43229440 43229441 39
43229447 43229448 2
43229451 43229452 2
43229453 43229454 88
43229455 43229456 5
43229459 43229460 13
43229462 43229463 58
43229469 43229470 61
43229474 43229475 50
43229476 43229477 61
43229482 43229483 11
43229497 43229498 67
43229668 43229669 90
43229867 43229868 20
43229873 43228640 31
43229874 43229875 59
43229878 43229879 67
43229882 43229883 94
43229900 43229901 20
43229906 43229907 64
43229925 43229926 61
43229928 43229929 91
43229930 43229931 3
43229953 43229954 56
43230100 43230101 72
43230171 43230172 19
43230173 43230174 97
43230175 43230176 23
43230182 43230183 77
43230379 43230380 49
43230418 43230419 36
43230420 43230421 13
43230427 43230428 32
43230473 43230474 95
43230514 43230515 1
43230516 43230517 54
43230518 43230519 66
43230524 43230525 4
43230543 43230544 13
43230566 43230567 71
43230569 43230570 26
43230571 43230572 13
43230573 43230574 80
43230577 43230578 87
43230587 43230588 77
43230590 43230591 61
43230593 43230594 45
43230596 43230597 7
43230598 43230599 79
43230617 43230618 100
43230621 43230622 83
43230623 43230624 20
43230627 43230628 64
43230631 43230632 22
43230634 43230635 99
43230636 43230637 48
43230639 43230640 74
43230641 43230642 35
43230643 43230644 31
43230645 43230646 70
43230647 43230648 78
43230649 43230650 42
43230651 43230652 93
43230657 43230658 51
43230659 43230660 85
43230665 43230666 62
43230667 43230668 81
43230673 43230674 44
43230675 43230676 1
43230677 43230678 39
43230679 43230680 20
43230681 43230682 41
43230688 43230689 60
43230691 43230692 26
43230693 43230694 81
43230697 43230698 73
43230699 43230700 40
43230703 43230704 36
43230706 43230707 90
43230708 43230709 91
43230718 43230719 17
43230720 43230721 29
43230722 43230723 93
43230724 43230725 57
43230729 43230730 12
43230731 43230732 75
43230734 43230735 30
43230736 43230737 34
43230738 43230739 33
43230740 43230741 77
43230742 43230743 84
43230746 43230747 5
43230754 43230755 91
43230757 43230758 71
43230759 43230760 52
43230761 43230762 42
43230790 43230646 55
43230820 43230821 69
43231108 43231109 45
43231111 43231112 4
43231118 43231119 77
43231123 43231124 39
43231128 43231130 61
43231411 43231412 20
43231416 43231417 88
43231692 43231693 4
43231699 43231700 13
43231714 43231715 40
43231718 43231719 85
43231721 43231722 94
43231730 43231731 12
43231732 43231733 5
43231734 43227734 57
43231738 43231739 47
43231742 43231743 70
43231749 43231750 4
43231753 43231754 54
43231762 43231763 56
43231767 43231768 79
43231769 43231770 59
43231771 43231772 37
43231777 43231778 15
43231780 43231781 39
43231785 43231786 34
43231787 43231788 23
43231789 43231790 59
43231794 43231795 44
43231796 43231797 12
43231805 43231806 34
43231807 43231808 13
43231809 43231810 12
43231811 43231812 49
43231814 43231815 56
43231818 43231819 33
43231822 43231823 69
43231824 43231825 8
43231827 43231828 44
43231829 43231830 5
43231831 43231833 42
43231844 43231845 72
43231846 43231847 29
43231848 43231849 91
43231851 43231852 43
43231853 43231854 63
43231858 43231859 19
43231860 43231861 12
43231862 43231863 12
43231865 43231866 25
43231868 43231869 24
43231870 43231871 92
43231872 43231873 28
43231874 43231875 92
43231879 43231880 75
43231882 43231883 53
43231884 43231885 83
43231886 43231887 22
43231888 43231889 39
43231890 43231891 36
43231892 43231893 96
43231899 43231900 88
43231902 43231903 88
43231904 43231905 73
43231906 43231907 41
43231908 43231909 86
43231910 43231911 26
43231913 43231914 31
43231917 43231918 2
43231919 43231920 5
43231922 43231923 88
43231924 43231925 22
43231926 43231927 56
43231929 43231930 12
43231931 43231932 89
43231934 43231935 24
43231936 43231937 3
43231938 43231939 47
43231940 43231941 87
43231947 43231948 50
43231949 43231950 7
43231952 43231953 58
43231954 43231955 99
43231958 43231959 85
43231960 43231961 94
43231962 43231963 59
43231966 43231967 36
43231969 43231970 43
43231971 43231972 79
43231973 43231974 82
43231977 43231978 4
43231987 43231988 99
43231989 43231990 3
43231991 43231992 9
43231993 43231995 6
43231996 43231997 43
43231998 43231999 5
43232005 43232006 42
43232007 43232008 87
43232009 43232010 28
43232014 43232015 8
43232016 43232017 90
43232020 43232021 46
43232032 43232033 32
43232113 43232114 67
43232115 43232116 83
43232117 43232118 38
43232119 43232120 79
43232122 43232123 86
43232124 43232125 23
43232132 43232133 51
43232134 43232135 6
43389681 43389683 84
43567875 43567876 62
43752181 43752183 59
44958587 44958589 80
44958889 44958891 86
45147075 45147077 26
45147175 45147177 20
45147533 45147535 54
45204916 45204919 75
45310028 45310030 68
36768271 36768278 70
45699032 45699033 7
45844085 45844086 47
34867613 34867616 36
46123765 46123766 29
46141395 46141396 99
46141397 46141398 85
46141400 46141401 49
46141402 46141403 16
46141404 46141405 66
46141406 46141407 45
46141408 46141409 83
46141410 46141411 66
46141413 46141414 15
46141415 46141416 47
46141417 46141418 67
46141420 46141421 8
46141422 46141423 72
46141424 46141425 92
46141424 46141426 1
46141427 46141428 42
46141430 46141431 88
46141432 46141433 25
46141434 46141435 47
46141436 46141437 69
46141438 46141439 7
46141440 46141441 40
1798318 2612749 96
46141443 46141444 32
46141446 46141447 59
46141449 46141450 27
45308525 45308526 100
46141452 46141453 31
46141454 46141455 88
46141456 46141457 91
46141459 46141460 3
46141461 46141462 33
46141463 46141464 10
46141465 46141466 70
46141467 46141468 5
46141467 46141469 55
46141470 46141471 100
46141472 46141473 44
46141474 46141475 81
46141478 46141479 13
46141480 46141481 19
46141482 46141483 49
46141486 46141487 26
46141489 46141490 24
46141492 46141493 31
46141495 46141496 10
46141497 46141498 83
46141499 46141500 97
46141501 46141502 50
46141503 46141504 25
46141506 46141507 49
46141508 46141509 94
46141510 46141511 49
46141512 46141513 51
46141514 46141515 33
46141516 46141517 70
46141518 46141519 54
46141520 46141521 6
46141522 46141523 97
30341839 30341840 91
46141524 46141525 73
46141526 46141527 25
46141528 46141529 80
46141530 46141531 1
46141532 46141533 92
46141534 46141535 20
46141537 46141538 82
46141540 46141541 32
46141543 46141544 43
