5190995 4160210 14
5777700 5777704 46
7522854 1258947 71
8222584 7129025 32
8461287 1912947 65
8510504 7394386 70
8954653 1113550 9
9122403 4705400 46
9815857 219822 73
10270020 3690284 69
3615866 328783 54
754707 89888 49
10301242 222737 30
1536343 58042 23
10301797 735860 97
10308671 3649190 10
10311178 3884194 34
10312780 3906039 36
10313995 6082661 60
10316534 526098 23
10316558 10316561 81
10321070 1413 13
754840 609149 55
10323283 322358 82
10324477 72679 24
10324618 10324623 22
10325229 122929 48
4946989 4946996 18
4232775 102720 61
10339592 3672010 57
10354090 1260712 61
10354210 1000064 47
10973157 333294 68
11425061 150701 36
11686406 11686412 69
11707470 1704825 65
11707774 3766417 60
4906342 1739422 59
11745649 800247 98
10325309 485799 91
11804946 425645 52
11849934 6272335 56
2899534 1414634 88
11802627 11178439 89
184701 570314 33
12000707 830248 81
12015015 6423214 30
12045425 791663 58
12097440 22825 55
12101590 11164838 50
12125650 1315718 26
12129051 4136791 62
12136378 2550735 1
12138802 1133164 25
12257626 892659 92
12266975 2317100 17
12279789 6389777 47
12280819 3721382 36
12282695 2719715 74
12302272 3612920 95
12314998 11229550 41
12487685 287466 79
12544519 3251468 58
415432 647531 98
12592610 943335 41
12597111 3566534 59
12601695 2144947 37
12671576 930612 45
12677612 877146 36
12707985 1246820 30
12756759 54730 12
12768559 6418282 30
12867917 387544 3
12914754 960293 38
12936011 327669 40
12938040 1356360 58
12987616 1342764 81
12996142 530162 1
12996450 1175460 48
13046332 1799919 42
13060582 7109044 10
13074842 3964423 61
13096673 1190685 22
4062837 120745 39
13117846 84296 34
13122031 1193386 19
13194316 65970 49
14381604 10113792 36
14608081 9830632 9
15204700 3953823 53
28366736 15221346 60
28369593 3963401 7
28603975 2436401 93
28604056 4375098 82
10301803 10301822 4
12699051 12699060 18
28761675 1414462 29
28761789 8901 12
28761904 6049984 49
30940623 219628 97
30940724 571728 24
30940804 1656171 33
30940898 3172861 48
30941094 3958529 13
30941114 240413 30
30941254 2310937 90
30941443 901512 27
30941456 1559787 92
30941630 1288337 9
30941698 608050 34
30941729 148935 43
30942038 792003 7
10356242 1105109 85
30942306 3405947 96
30942519 790446 10
30942576 540106 63
30942607 80329 8
30942639 4093148 99
30942907 1976270 18
30940522 316576 28
30943104 7231375 77
30943126 11176962 27
30943175 2992723 20
30943209 759275 94
30943266 2939976 22
30943351 829618 2
30943410 474038 37
30600709 332551 30
30943434 2079781 88
30943820 2136961 54
30943909 12541126 76
30943918 487304 73
2393501 617657 23
30943960 2621656 59
30944214 2066119 45
30944284 538842 21
30944558 109463 26
30944595 2716136 59
30944700 30944702 11
30944723 2592129 61
30944750 908196 83
30944975 6886598 61
30945067 11625789 95
30945097 1576258 57
30945355 2106873 44
30945359 1249680 56
30945415 1574781 31
30945484 787130 64
30945584 868477 71
30945720 3895014 4
30945760 2636872 25
30945785 1595133 29
30945825 6115765 80
30945967 6270459 68
30945977 8022474 99
30946028 897724 69
30946045 3860782 66
30946118 1578637 34
30946273 386933 74
30946354 7746196 88
30946372 13055006 20
30946378 959200 42
30946382 8032684 93
30946444 467980 13
30946445 721224 41
30946446 2587562 38
30946593 5867063 69
30946755 5236323 76
30947071 2527191 63
30947145 22318200 69
30947151 524473 83
30947211 4791384 44
30947231 1266313 5
30947291 2716033 84
30947325 610752 49
30947341 30947342 65
30947379 7502047 83
30947551 1891416 4
30947615 376406 5
30947676 10821739 17
30947686 5969538 30
30948041 11176489 46
30948353 15080351 84
30948412 828844 11
30948424 673948 10
30948739 1708847 12
30948799 3882238 80
30948891 11229068 14
30948984 21761620 77
30949043 898093 33
30949067 2440575 50
30949071 3762410 58
30949079 21673155 22
30949119 333303 72
30949233 3368855 9
30949234 288533 71
30949268 425124 70
30949274 1657773 11
30949396 1574557 38
30949411 2424646 92
30949595 1318785 69
30949735 5687192 72
13219907 1304538 63
30949828 3014265 17
30949908 50764 47
30949977 14664613 8
30950027 3728486 80
30950077 946947 93
30950327 1643915 48
30950388 798443 40
30950391 575421 46
30950456 2338302 86
30950462 713992 96
30950502 528051 9
30950535 5445303 49
30950575 1125250 82
30950590 649291 51
30950839 2650371 6
30950862 1577332 72
30950890 224749 82
30950896 1078837 94
30951175 13254138 96
30951477 8543520 24
30951486 11093584 5
30951517 417784 35
30951610 9597824 77
30951701 1578531 38
30951757 1008745 42
30951804 5727757 10
30951863 4697386 83
13450162 678276 10
30952049 2491451 64
30952106 5150422 51
30952195 615744 51
30952252 4892250 39
30952259 1582345 70
30952353 1794726 24
30952436 3427908 76
30952500 914544 36
30952525 648949 2
30952530 728840 76
30952623 2607051 92
30952628 215490 12
30952681 3055402 36
30952773 1785752 65
30952796 1269468 29
30952884 1488158 59
30952927 685268 100
30952963 5519512 86
30952969 791347 26
30953168 550714 92
30953195 333611 76
30953217 41920 34
30953338 1836248 48
30953344 90931 65
30953362 5412035 73
30953404 10626615 86
30953443 878431 88
30953497 1777072 73
30953528 2585747 92
30953543 860725 13
3615777 995366 72
30953723 1121423 19
30953772 262006 73
30953789 4391371 3
30953857 221885 69
30954095 1138441 75
30954192 52189 28
30954512 70134 77
30954582 701620 55
30954672 295167 13
30954732 3905007 23
30954742 531616 21
30954859 438344 99
30954884 2737978 12
30954888 674273 69
30955117 6047192 88
30955126 8081648 27
30955383 3071812 85
30955397 922188 89
30955451 670277 36
30955470 1391404 87
11136861 379419 98
30955494 711980 95
30955545 2011456 40
30955585 348447 31
30955646 1785929 60
30955746 872388 39
30956127 542437 99
30956286 1130296 38
30956455 377839 24
30956606 1671223 73
30957271 2134716 63
30957304 5720008 29
30957316 3637555 96
30957346 1725458 2
30957532 2540485 78
30957955 193707 83
30957984 7047973 20
30957996 929206 48
30958029 11176582 36
30958033 3311489 67
30958321 13177334 62
30958409 754516 44
30958425 4629514 67
30958518 14520817 51
30958526 19473981 62
30958567 4922462 89
30958783 5051956 99
30958812 7326142 89
30958973 1086217 89
30959025 30959027 41
30959048 2783139 89
30959175 743091 97
30959188 30959190 89
30959222 4339982 20
30959327 3011616 15
30959401 26931777 24
30959425 6443660 76
30959529 2627241 24
2396303 31171 76
30959727 622554 10
30959786 3100213 39
30959808 2844120 48
30960193 5016038 16
30960282 717788 70
30959261 5517513 92
30960338 4649983 25
30960630 26965533 46
30960633 3010030 99
30960634 3905728 36
30960635 862277 42
30960637 14857141 74
30960644 3386886 53
30960645 8157547 91
30960646 1244489 23
30960649 1591598 56
30960651 7114767 76
30960653 7334646 23
30960654 2510623 18
30960657 2447567 76
30960659 17112808 62
30960660 17972356 33
30960661 4812983 88
30960666 3257867 12
30960669 10687116 26
30960671 419611 62
30960672 1597113 56
30960675 3135231 12
30960678 26939328 12
30960680 6393426 24
30960684 10067892 64
14224627 1587645 95
30960687 4746447 30
30960690 3128978 40
30960694 8883401 14
30960696 3153746 25
30960700 6892505 57
30960701 3124083 87
30960702 11238868 34
30960703 1383602 76
30960717 8883030 60
30960724 3885669 11
30960725 5691384 8
30960726 2538827 41
11670105 10361648 65
30960734 5691065 82
30960735 3673745 60
30960740 2577540 60
30960752 220743 76
30960753 6038745 86
30960755 26931370 95
30960760 8252164 68
30960770 3482579 72
30960772 2332987 2
30960773 7591297 76
30960775 24621924 2
30960782 3084334 67
30960784 10303855 4
30960792 1383962 16
30960794 11271650 36
30960798 5850790 2
30960802 26297556 40
30960803 1243648 6
30960804 2305166 17
30960808 8341002 33
30960816 6150907 6
30960817 7674504 17
30960818 6291495 65
30960824 25572549 72
30960834 4215409 81
30960839 2461638 92
30960840 2568246 15
30960843 17867911 47
30960845 1978269 38
30960861 6355033 86
30960863 4420885 72
30960867 8927575 14
30960869 10297749 12
30960870 6084048 12
30960872 3900576 49
30960873 8756320 13
30960876 11969444 51
30960877 1410714 95
30960878 1253889 2
30960884 11215175 78
30960890 939850 83
30960893 20931804 67
30960896 15232687 43
11670107 521658 4
30960900 5775468 88
30960901 3466234 67
30960903 5152610 78
30960905 16220913 55
30960913 2947130 63
30960914 6626950 88
30960915 2166 83
30960916 9786659 94
30960917 3206134 64
30960919 21756318 79
30960920 2309514 86
30960922 15939775 26
30960928 22419638 21
30960933 6220505 36
30960934 819588 27
30960938 7951767 73
30960942 3536896 30
30960947 11536713 75
30960948 3036903 82
30960950 1326272 38
30960952 672586 22
30960955 7015287 14
30960961 30960962 28
30960963 652716 79
30960966 3330661 28
30960972 9896392 23
30960973 6442150 7
30960979 6344692 93
30960980 8816162 24
30960982 19597293 22
30960983 6846306 93
30960990 14830547 74
30960991 7494736 36
11670109 5276291 46
14548884 326532 76
30960995 19007730 49
30960998 4189882 92
30961000 824260 86
30961001 3042113 48
30961002 503684 29
30961006 3396566 84
30961007 7090206 70
30961009 2319520 92
30961011 1908661 64
30961015 2235737 34
30961016 15951728 57
30961021 5502875 64
30961022 2348699 30
30961023 25960082 27
30961025 18660539 64
30961028 2108435 59
30961029 6118144 3
30961032 2248984 27
30961038 981464 48
30961039 966296 27
30961040 2935258 70
30961042 5876856 79
30961046 21558035 45
30961049 6924711 19
30961050 6686848 82
30961053 8025347 82
30961055 8637438 43
30961056 2975872 96
30961060 15234550 30
30961061 862748 2
30961067 678206 20
30961068 3736076 66
30961069 4125394 16
30961071 665039 89
30961074 2541184 79
30961076 12530546 90
30961080 4054647 65
30961085 234127 11
30961090 9270065 29
30961091 7670945 56
30961092 2820881 5
30961096 365221 72
30961100 11651962 31
30961101 4718733 90
30961103 3685224 79
30961106 1968114 93
30961107 927353 26
30961115 6963519 58
30961121 9553437 52
30961126 3129194 26
30961133 1721797 29
30961135 2991747 6
30961138 5098450 30
30961140 6284194 17
30961142 8044223 89
30961149 22247251 41
30961153 3619764 98
30961154 6112744 81
30961157 8270481 48
30961158 944430 71
30961161 6384988 1
30961162 11273854 71
30961163 5366234 66
30961167 7536154 94
30961168 770531 73
30961177 6190887 80
30961180 7383049 77
30961182 5464437 89
30961183 9052520 59
30961186 890614 25
30961187 17669606 38
30961192 11885511 19
30961193 4933640 97
30961195 4014073 86
30961196 6011215 67
30961198 30961199 76
30961200 586937 24
30961204 7420193 80
30961205 8806329 87
30961206 3223400 21
30961211 7456816 37
30961214 220232 82
11670113 4043590 37
28304144 5285451 40
30961216 10012098 9
30961218 395317 3
30961220 7193009 98
30961221 502396 47
30961222 1737492 15
30961225 10993721 2
30961226 5000233 9
30961229 2972309 75
30961230 7598648 67
30961240 5379997 89
30961241 4670047 2
30961244 296297 7
30961251 2275227 94
30961252 10345812 8
30961253 6379770 97
11670114 11245991 90
30961258 11243161 17
30961259 54203 76
30961261 5438926 42
30961263 6388950 75
30961268 2655255 67
30961271 15592040 1
30961274 1743641 4
30961283 11826225 40
30961285 2825140 66
30961287 224526 18
30961288 2083726 82
30961291 444978 58
30961295 837093 5
30961297 11235030 84
30961299 7604842 98
30961301 10057478 70
30961305 3537532 12
30961308 9439220 39
30961311 19640956 90
30961313 9231398 35
30961315 204807 79
30961318 25809156 26
30961319 3345240 54
30961324 11804525 80
30961326 3142838 70
30961328 6336234 32
30961330 6222444 15
30961334 10007718 53
30961338 1518578 62
30961341 8052010 63
30961344 1658345 80
30961353 1635134 1
30961363 2904701 29
30961364 740380 48
30961370 8964510 69
30961372 2182972 93
30961376 22239321 73
30961388 2466567 94
30961409 2759116 41
30961411 28973670 28
30961415 9217739 22
30961418 12135034 1
30961422 266083 4
30961424 3311068 66
30961426 1386183 98
30961431 8443313 23
30961440 25753066 42
30961448 5990193 63
30961465 3022468 47
30961481 3457816 86
30961486 28748885 86
30961489 10069690 97
30961491 6288837 31
30961495 8381287 57
30961496 686992 64
30961497 12115992 78
30961500 556226 38
30961507 20773806 35
30961509 15632928 74
30961512 3605234 79
30961519 7126907 75
12330192 7719389 89
30961533 892402 97
30961535 12840196 16
30961540 12863903 51
30961544 5722574 80
30961570 26930965 60
30961572 3689303 95
30961580 4260922 37
30961584 6098439 50
30961585 7468443 9
30961589 7573603 69
30961591 30961592 74
30961593 4670633 34
30961594 6634598 85
30961597 463084 67
30961602 8082067 33
30961604 118824 24
30961610 2877425 37
30961611 3060269 49
30961612 26236383 35
30961615 9002258 13
30961616 12861929 26
30961619 556939 81
30961621 21395101 86
30961622 3267790 45
30961625 1477697 32
30961626 3343895 72
30961627 347697 57
30961632 2383333 82
30961639 3505843 64
30961642 6251827 85
30961643 11215028 89
30961650 909529 38
30961651 1081084 35
30961652 5224170 58
30961653 2444021 20
30961654 1638976 69
30961655 10005357 93
30961656 6854012 60
30961659 12524727 60
30961660 11242531 87
30961661 11279827 43
30961662 10203087 66
30961663 9194576 11
30961664 6839029 61
30961665 17424760 54
30961666 9349898 98
30961667 30961668 59
30961669 5922579 11
30961672 11302059 64
30961673 4535753 35
30961674 970104 33
30961675 11279835 40
30961676 5124551 21
30961678 6867915 60
30961679 26917744 30
30961681 10371956 98
30961682 16877556 79
30961683 9437125 81
30961684 3863731 94
30961685 8914357 21
30961686 6677550 15
30961687 11684792 14
30961688 5645088 30
30961689 29731523 31
30961690 25500401 77
30961691 394263 90
30961692 4113786 63
30961693 5279804 93
30961694 137798 29
30961695 26925852 93
30961696 18483796 53
30961697 6280930 88
30961698 15344819 40
30961699 1978576 16
30961700 11608019 58
30961702 4187451 75
30961703 2994968 44
30961704 13121950 81
30961705 7941991 49
30961706 10230499 48
30961707 7828115 76
30961708 21686311 87
30961709 9399629 99
30961710 23903213 83
30961713 1775616 66
30961721 6208966 28
30961722 11427789 7
30961723 9390937 99
30961726 3721708 35
30961728 2612723 78
30961729 14812647 98
30961730 8106301 2
30961731 11246598 74
30961732 11303429 18
30961733 10505323 39
30961735 1600968 24
30961736 1954589 47
30961737 21483826 89
30961738 2009591 7
30961741 3317195 58
30961742 1413198 61
30961745 7525833 55
30961746 11763197 31
30961749 6736786 28
30961750 6130897 16
30961751 5030256 88
30961752 6812372 36
30961753 11215366 1
30961754 26437485 47
30961755 3263239 63
30961756 12282401 51
30961757 9857582 78
30961758 11270225 15
30961759 11276471 79
30961760 7569429 38
30961761 8555140 19
30961762 17885348 93
30961763 2314936 90
30961764 8888314 33
30961765 18006258 57
30961766 3158943 23
30961767 2177706 54
30961768 1433865 56
30961769 17701812 21
30961770 17618931 10
30961771 8175888 7
30961772 901250 32
30961773 2545008 96
30961774 4450074 55
30961775 11788681 83
30961776 23314411 15
30961777 1067545 18
30961780 5994710 69
30961781 6639345 91
30961786 30961787 65
30961788 30961789 58
30961790 2937084 2
30961801 3158697 96
30961802 5107396 54
30961804 913754 36
30961807 11247009 31
30961810 11214778 63
30961811 4444273 42
30961812 2537428 97
30961813 23766845 4
30961816 1321169 18
30961821 920078 74
30961827 18837114 46
30961831 4518674 52
30961832 4959277 67
30961833 4663415 72
30961834 2366360 12
30961837 21127646 83
30961838 4206565 93
30961843 9599603 13
30961845 5337787 68
30961852 26931047 82
30961855 11280485 42
30961857 27029710 31
30961861 4038638 47
30961862 15415076 71
30961864 26133476 5
30961868 2077332 66
30961870 5160450 12
30961872 1316288 25
30961879 1977336 51
30961880 6946991 69
30961881 4715481 39
30961882 9021262 78
30961883 12182794 89
30961884 7042484 57
30961886 5447379 65
30961887 3460523 10
30961888 1407478 23
30961890 1004684 85
30961891 7553925 25
30961892 3204955 19
30961893 7842584 71
30961894 3551550 68
30961895 343037 10
30961902 1883223 100
30961903 9930018 53
30961904 621052 10
30961905 385126 8
30961906 9308637 21
30961907 9161598 33
30961913 11186051 17
30961915 12081503 99
30961916 5020012 35
30961919 21922416 5
30961935 8732311 99
30961937 5400265 74
30961938 21319384 42
30961941 6306555 69
30961942 5324029 1
30961943 4392069 7
30961944 9484986 6
30961947 4015075 73
30961950 9319933 68
30961963 11261840 86
30961965 17640739 23
30961977 17816709 65
30961997 6563960 58
30961998 30961999 54
30962002 9034356 50
30962005 15207682 24
30962008 4299471 52
30962010 3911350 46
30962013 30715486 17
30962018 3602167 73
30962019 3710444 88
30962022 8454698 9
30962023 7277087 1
30962024 26930230 43
30962025 9036093 8
30962045 3784698 39
30962057 7008999 35
30962061 25515133 63
30962062 7670896 10
30962063 7383924 12
30962064 28153727 38
30962065 2827897 85
30962066 14256851 64
30962067 3432101 25
30962068 7357039 55
30962069 10201404 81
30962070 4055466 72
30962071 11280022 84
30962072 888119 75
30962073 6249377 11
30962074 17579632 26
30962075 1880267 20
30962076 7698526 75
30962077 6561623 51
30962078 4124522 38
30962079 26949982 6
30962080 11280444 6
30962081 7624714 35
30962082 8175860 44
30962083 5899775 33
30962084 9804730 89
30962085 22175778 15
30962086 11271867 80
30962087 11279673 80
30962109 9186076 17
30962110 8328666 83
30962131 7411936 62
30962132 11282972 46
30962133 2165616 7
30962134 7629139 52
30962135 10086679 73
30962136 8012385 30
30962137 2064028 33
30962138 8426389 78
30962140 4395788 36
30962141 1287632 60
30962142 11917657 90
30962143 3751638 67
30962144 26935627 49
30962145 5598796 83
30962146 4602931 18
30962147 4040253 41
30962148 21591231 93
30962149 4514233 84
30962150 7534927 8
30962153 6181944 4
30962154 19816817 2
30962155 15183958 54
30962156 1747346 59
30962157 15939800 56
30962158 4368357 24
30962159 23751873 66
30962160 4310064 38
30962161 2715860 84
30962163 4620223 5
30962165 21963081 78
30962166 9859189 20
30962167 21028136 36
30962168 15951403 98
30962169 10292482 68
30962170 11725958 83
30962171 9253442 19
30962172 26917435 20
30962173 4073350 26
30962174 10994238 52
30962175 2156447 23
30962177 365222 86
30962178 15953509 31
30962179 7542429 5
30962180 4620194 36
30962181 1784157 61
30962183 9518225 70
30962184 11269908 92
30962185 8870707 24
30962186 5821865 73
30962189 3203097 7
30962190 17348182 80
30962191 603449 96
30962193 10673583 53
30962195 27844706 85
30962196 4344165 18
30962197 30962198 41
30962199 384041 1
30962200 4351628 33
30962208 1834037 17
30962212 1849229 81
13229273 162465 70
30962213 19029406 26
30962214 895630 23
30962223 7434923 56
30962225 7761521 58
30962228 9392555 51
30962229 2296687 85
30962237 15547325 2
30962240 10431388 6
30962252 12627434 72
30962253 6294970 5
30962254 8046190 56
30962255 30962256 13
30962257 694223 53
30962258 11246639 47
30962259 3304592 30
30962260 2312135 1
30962261 306362 40
30962264 905243 93
30962266 10958559 10
30962267 9248641 77
30962268 2819204 30
30962275 7644375 79
30962277 1779819 50
30962282 8781527 86
30962289 6807545 94
30962291 7414841 21
30962292 8841075 96
30962293 9494824 21
30962309 1023385 52
21649325 330643 9
30962340 7074320 91
30962343 824323 33
30962346 2699692 93
30962348 2957486 62
30962351 2346379 41
30962354 2588162 39
30796511 1166136 54
30962360 1948225 39
30962364 9474408 33
30962368 1979595 95
30962373 1614956 29
30962375 4122230 45
30962377 1766239 36
30962385 2576544 19
30962390 3811105 28
30962401 2295712 37
30962402 1224648 51
30962411 7285387 19
30962414 12613211 50
30962417 1962135 17
30962425 2538419 2
11670117 1201574 95
30962428 1654251 14
30962433 4254648 77
30962435 376026 83
30962437 7064330 20
30962441 394728 56
30962443 9005210 75
30962445 1578441 15
30962448 2759571 47
30962451 11152156 48
30962458 830681 65
30962461 1007408 25
30962467 3469090 54
30962468 94391 91
30962472 8036609 89
30962476 1418587 18
30962477 1086111 68
30962489 6634172 32
30962496 1721299 33
30962497 5970756 83
30962500 2312574 22
30962503 1245737 49
30962507 824884 85
30962511 1325924 42
30962515 636086 100
30962518 5729603 84
30962520 3508412 5
30962523 1752680 81
30962530 2047721 42
30962532 480497 88
30962535 7996720 7
30962538 7103808 69
30962540 674024 60
30962541 3847924 47
30962543 5124138 81
30962545 613622 53
30962547 1559750 95
30962549 619089 3
30962550 315764 97
30962555 1660549 26
30962557 796991 90
30962561 2773082 44
30962562 6008691 17
30962565 11140951 16
30962568 4657079 32
30962570 8626663 100
30962572 9213934 1
30962575 6682678 1
30962583 3524306 87
30962587 1513250 6
11911196 7248921 71
30962590 4014032 27
30962595 10364844 29
30962601 486339 57
30962605 7562483 12
30962610 37295 7
30962613 1484988 59
30962615 2603749 69
30962622 3653227 92
30962635 2556810 68
30962642 573810 67
30962646 824640 78
30962648 9865075 37
3444541 3819639 6
30945423 915503 54
30962652 1734989 4
30962657 347049 84
5100227 988504 89
30972927 889249 46
30973013 2565542 9
30973472 8873997 49
30973576 847675 66
30973583 1355129 64
30973590 312436 78
30973634 344222 58
1537000 2395912 44
30980203 1472881 83
30980440 6152866 60
30980511 323741 68
9874191 1675900 40
30981069 1642472 92
30981242 30981246 59
30981606 7276452 63
30981838 9627819 45
30981975 3189250 26
30982171 328112 94
30982413 10843873 74
30982561 7006146 43
30982617 350272 25
30982663 2140415 94
30982699 30982700 31
30982764 334402 22
30983083 27945373 80
30983171 1558110 81
30983180 47294 24
30983263 8170124 25
30983294 1415681 55
30983492 301784 43
30983542 5454394 26
30983623 543453 5
30983629 25728265 65
30980654 11178555 74
3086205 3469453 89
30984019 2991952 90
30984035 3325045 72
30984051 7493351 95
30984110 1102887 29
30793752 5081251 48
30984505 453112 54
30985038 245403 40
30985303 264673 1
30985318 1402097 5
30602385 9522674 32
28738372 1965644 62
28738372 28738378 72
30597827 30597849 91
33267745 1799806 99
33267824 692251 28
33268188 1422795 66
33268394 300260 30
33268530 1642443 32
33268541 430066 88
33268549 33268550 25
1536344 2241351 80
33268556 33268560 91
33268682 1853764 33
1537609 2396425 89
33379160 2983896 40
33389628 8367412 57
33389815 2370483 65
33461255 582501 8
33469996 6835119 72
33478454 3482369 28
33481600 78187 89
34915445 13215132 27
34915550 7229667 9
34915554 1777838 34
34915642 608353 45
34915644 9174920 88
34915725 4422083 56
34915734 1421138 35
34915805 5905175 27
34916346 21252673 44
34916493 2124480 48
34916544 2339513 88
34916751 4571276 21
34916752 790525 13
34917116 3421255 70
34917155 1145127 60
34917306 34917308 75
34917307 34917310 74
34917312 9796775 99
34917461 18111265 65
34917702 2823979 75
34917714 2263843 81
34917799 5305662 44
34917801 2290882 20
34918025 825951 62
34918047 15225229 18
34918133 3355343 22
34918204 4566152 22
34918438 8747972 6
34918620 6347929 51
34919585 960610 95
34919670 1518769 76
34919797 563745 9
34919877 5838241 66
34919888 16125201 14
34919915 1974184 10
34919965 1585919 33
34920038 1490120 64
34920064 1278092 62
34920258 2929854 12
34920311 225473 46
34920368 5903502 17
34920544 2585051 75
34920990 3258485 35
34921239 562759 21
34921254 9389139 86
34921350 1083495 96
34921357 34921358 41
34921397 7721075 29
34921471 9242522 58
34921474 2996546 19
34921518 14894197 15
34921552 34921554 97
34921613 6212726 49
34921617 6421182 44
34921784 5580590 45
34921855 7126135 99
34922031 8854210 35
34922076 11372083 81
34922150 3202803 61
34922177 20865816 30
34922207 11367548 94
34922227 9291993 50
34922282 5136234 95
34922351 11642734 26
34922362 32086834 19
34922478 27724008 33
30943210 13106631 40
34922911 17365655 91
34922913 1853454 83
34922924 1828894 27
34922926 2989630 27
34922955 8665692 99
34922982 18648295 84
34922984 7433138 51
34922992 2282042 2
34923083 2470317 14
34923118 2466713 55
34923121 8666532 83
34923124 6078357 12
34923179 12752491 33
34923514 12826037 93
34923617 9202706 36
34923625 14292107 51
34923657 6952570 35
34923675 34923676 5
34923742 25302743 9
34923809 9464962 75
34923878 2605816 11
34924178 19845423 50
34924192 559321 92
30799510 1686638 17
34924457 1856543 29
34924459 2340228 92
34924466 559991 38
34924741 3756400 10
34924797 5610212 73
34924891 1708597 43
34925131 97901 4
34925482 11280460 77
34925660 2610577 41
34925662 7347506 78
34925933 1628385 75
34926807 3120124 91
34927177 6763220 82
34927249 1576605 5
34927386 16300986 65
34927498 25967498 83
34927725 334256 52
34927758 17552914 18
34928393 385179 18
34928754 3271750 37
34929013 660940 88
34929027 16360574 11
34929091 5233907 82
34929100 34582797 52
34929220 6790597 4
34929383 15395393 35
34929403 9146001 11
34929415 34646664 35
34929421 356727 82
34929432 2483822 35
35518941 35518944 58
35519412 35519414 25
35522343 35522344 28
30799761 30799767 15
35525959 35525962 66
35527396 11379661 39
35660307 34557761 50
35660587 35660591 18
35660678 35660679 59
35660745 19500312 45
35661081 35661082 24
35682338 4420909 84
35741673 35741674 87
36490405 36490406 25
30597279 2139833 45
30598377 1356943 57
39537291 39537296 53
39610702 2536985 14
39612846 39612847 37
39613097 26102712 84
39613936 206987 25
39615529 1248574 67
39615788 39615789 8
39619639 7183526 58
39620689 39620690 79
39621421 34647092 43
34921553 4091883 5
30980655 4942516 56
39622555 6814611 41
30597839 30597890 31
39623103 39623107 45
39623597 1894362 48
39623707 4039324 50
39623719 9835561 67
39624019 830324 60
39625380 357683 3
39626023 21379171 17
39628323 5545 90
30605394 8962627 6
39628904 9321289 77
39629616 11215285 15
39630842 39630843 89
30598892 30598911 67
39941018 1940207 63
39941598 792369 20
39959932 5469 23
39960912 1069261 75
39961924 651 57
40619870 10221221 82
40621135 928016 91
41345530 2539473 51
41346089 9835242 100
41347914 4391837 3
41350311 20806828 100
46150634 12896633 89
46150664 9379141 97
46150665 4697356 68
46150666 1511361 11
46150667 2373545 10
46150668 11243865 47
46150669 8133352 18
46150670 26177937 7
46150671 897207 58
46150672 8551516 87
46150673 7106781 8
46150674 7795408 61
46150675 11270202 52
46150676 12093993 25
46150682 20867521 14
46150683 26367139 3
46150684 4737511 72
46150685 9827481 46
46150686 8983142 44
46150695 9998812 84
46150728 414224 55
46150737 3770725 2
46150738 11762880 58
46150776 191344 3
