1851405 213505 31
6806573 102533 64
7614569 47455 75
1694401 142277 53
4648954 342104 67
10274702 7951 13
10278066 441527 13
2797622 103059 94
10289693 189492 31
10291938 1627 99
10298995 176541 50
1283421 41409 81
4838229 230461 12
10303908 68622 25
4589913 12103 12
4510570 699507 47
1609413 479292 28
10323182 337484 32
2162483 204038 12
10327053 249889 30
10327697 226498 80
1099486 267807 87
10329703 275436 45
10332798 293444 23
10334315 30022 83
10353057 11469 45
755696 53044 44
10360966 146557 23
4622389 312861 81
9435000 364995 1
10715375 226965 82
10360969 358953 85
4123838 406526 78
11032122 93717 6
7621281 58553 5
11223909 18455 13
11260063 268828 58
11272156 527714 87
5011105 480440 22
4218119 816702 69
11473204 93434 55
11473228 27489 75
11612957 14556 84
11616905 70879 37
11691942 11712 27
11817565 643362 84
5421634 736709 94
12081634 227038 100
12135100 500045 46
12170527 95373 95
12175875 151559 16
2528486 325408 42
12334300 50517 5
12345355 219984 76
12503444 238002 51
4359331 755999 15
12507020 139100 66
12507029 235856 22
12507035 173390 1
4726679 29254 18
4061137 158181 27
12800374 149569 8
12810703 691498 33
14379396 580708 82
14613726 278825 94
11473207 392813 27
14691916 111082 36
4267776 91965 4
14698851 121957 100
14870539 223003 58
15303755 307997 22
4620879 334005 46
4620881 177132 77
15587674 506635 94
15589270 372106 2
15615147 141781 43
5577761 370109 51
11240592 219826 64
28314138 201583 67
28314152 251545 26
28314159 100561 11
28314167 1200558 47
28314190 224127 95
28314197 341364 97
28314200 323562 5
28314213 97775 41
28314270 729910 50
28314277 49841 16
28314298 105378 35
28314301 369500 38
28314349 346667 65
12092510 483048 55
28363256 161170 48
28369047 25885 82
2542012 109597 80
28430460 660211 1
28439939 1193911 100
28473066 648351 82
28473071 193974 9
28476712 1696406 74
28492844 2052 22
28587845 57093 5
28588710 190194 36
3445346 432714 55
28642245 102967 6
28680656 312584 1
10966382 19418 34
28680744 216026 15
28680784 100475 26
2902323 243994 16
12120285 159311 82
28734752 308663 39
28734753 99469 99
2161808 350445 82
15170994 37974 57
28775969 53114 37
28776012 99117 4
28776067 347382 49
3703311 19420 70
28776101 287247 27
2542014 54948 11
3577784 174758 90
30358213 146323 31
28401530 126761 82
30486254 108201 8
30486448 339199 26
30486798 100359 94
30488620 71289 87
30777674 198583 81
30826181 219934 71
30826433 109096 26
4327445 602274 24
30827117 90718 10
30827471 325203 22
30827782 8207 39
30827809 295254 10
30827830 142801 32
30827832 425607 40
30827836 895165 34
30827841 455162 34
30488622 52839 83
30827846 345149 100
30827875 225330 17
30827879 119697 9
30828358 228737 13
30828578 261555 78
30828359 8077 83
30828960 278811 40
30828964 102297 18
30829113 5342 55
30829171 73937 17
30829867 109197 10
30830267 58407 25
30830291 216939 43
30830426 118656 25
30830435 112083 87
30830457 216884 96
30830506 681902 100
30830524 144724 19
30830699 152889 46
30830701 449296 81
30830703 159905 95
30831042 308655 83
30831044 500334 17
11585547 267604 16
4401087 224513 54
30833205 104822 23
30833207 316966 65
30833949 783503 36
756068 65040 60
30833973 1038324 65
30833976 352650 27
30834544 334000 35
30834686 94965 97
30834853 412207 81
1538756 249886 10
30835220 86095 5
30835296 453068 7
30835298 98275 92
30835711 162694 30
30836419 99038 26
30836581 99774 75
30836583 279574 9
30837572 101826 72
30837659 671782 46
30837787 31715 7
30837811 396697 22
30837932 24603 10
30838376 24514 11
30838439 204156 70
30838448 362061 14
10331738 790120 39
30839080 189478 56
30839123 22871 14
30839157 65894 41
30840073 621384 37
30840212 160827 72
30840366 709455 41
30840383 399384 59
30841245 385817 34
30841555 124797 42
30841726 312671 59
30841802 86012 69
30841910 249892 85
30842985 505679 67
30843479 467800 28
30843571 225965 5
30843976 65479 92
30844728 151052 80
30845438 31172 53
30845709 25366 54
30845875 243060 66
4312698 135609 91
30848905 316247 48
1282692 174712 66
30851212 135881 59
8347462 395841 78
30851911 141974 17
30852550 97536 67
30852824 325244 63
30854524 35776 11
30854623 102229 48
4491054 131049 17
30855585 485085 4
30855589 106407 98
30855647 276691 50
30855682 98443 95
30855691 32818 27
30855858 390358 67
30856093 169196 44
30856285 2508 9
30856468 507859 79
30856523 614017 23
30856873 53045 76
30856984 485086 13
30857812 199577 19
30857867 124798 67
30858013 858785 15
10331735 3205 52
30858540 226592 83
30858606 827518 83
30859512 56166 17
30859532 224732 79
21833962 284728 36
30859849 86902 26
30859898 222998 62
30860084 308695 13
30860088 196550 5
30860090 224514 88
30860320 41133 32
30860475 328979 70
30861130 216937 70
30861402 363171 57
30861648 363943 75
30861684 204598 48
30861776 442421 20
30861992 795334 52
30862212 186884 34
30862216 124032 49
30862251 300336 60
30946435 33227 81
30950230 29919 13
4143885 32118 59
30953138 363241 30
30954641 11586 44
30956309 27186 85
30982012 273132 98
30988952 32026 63
31070794 339737 94
31072775 508128 92
4445402 105187 55
31073238 424319 68
31074159 1005203 50
28459277 523692 77
31076078 35361 88
31077813 97744 37
31079293 961614 86
31080312 109421 19
31080368 277557 82
3819576 45959 7
31081677 142606 47
31081924 350409 20
31082038 111557 48
31083579 51716 15
31085346 9625 33
31086099 1027367 34
31092855 213506 35
31103371 95717 21
31108334 628601 81
31110658 24515 28
4061165 692751 38
31111174 106431 54
31130570 231964 3
31133605 377298 59
31135367 256261 92
31135392 42616 84
31140425 632212 10
31140426 52285 43
31167870 361578 23
31176436 257150 32
31181535 132754 46
31182378 249923 95
31183681 221648 93
31184065 901983 86
15072231 189500 42
32891402 219478 60
32917244 180223 8
32917423 235886 66
4218049 346628 74
4400628 322431 19
4452475 681815 71
33013967 151366 5
33056120 118192 68
2422398 841098 47
3108142 276008 89
3443350 649394 82
3818572 385473 76
4060911 249692 21
4217931 95156 2
3590460 831730 56
3920910 1053388 15
4374695 339141 29
4434420 339008 57
3961898 108226 66
3652527 323327 37
4328238 219988 58
4218338 363242 64
4126157 339736 17
3913228 87261 43
3443388 101651 12
3818748 299824 93
4477423 136677 25
4434443 283554 74
4434504 13332 62
4374743 13194 61
3921066 93662 56
3920890 399695 13
4130393 25250 21
3195915 332421 34
33056980 501440 41
4477359 529455 4
4434458 402579 99
4374707 1257212 1
33057218 271664 97
33057219 271597 83
4434447 450943 12
3590538 23136 20
3920999 193650 32
4270636 12866 53
3108190 340763 12
2422414 83928 83
33057453 684482 25
33057454 709454 6
33253234 170198 44
33253972 201295 57
33253983 296843 72
33254236 131887 38
33254277 159720 93
33254346 242452 82
33254349 348489 70
30340005 370216 15
33256777 25483 37
33257465 349070 71
33257467 323737 28
33257469 381839 22
33257471 133512 82
33257485 14013 52
33257539 116951 86
33257727 119640 50
33257738 32926 13
33257811 322674 49
33257813 144080 24
33257831 295621 9
33257845 33128 16
33257871 220313 84
4265435 24916 51
33257916 218292 11
33257931 344998 79
33257939 346219 34
33258884 41132 49
4725026 100354 7
33258890 307798 78
4701330 701563 86
33259537 88039 26
33259538 105526 19
3262758 97894 10
33259922 1406 11
33259924 252943 96
21822377 35778 27
33263686 759697 31
33263715 626173 64
33263767 221879 50
33263893 97604 7
33264032 342009 20
33264040 191088 67
33264211 638481 38
3839132 388373 48
33264361 98935 10
33265617 279463 93
33265656 100868 15
33269243 159589 78
33269428 98601 12
2057974 829997 16
33270319 255737 47
33270325 627688 65
33270752 340835 92
33271470 658705 45
2736929 43593 47
33271697 665645 86
2739728 504872 10
33271713 55816 89
4194025 37454 33
1609461 364583 31
3328125 51238 14
3332392 394570 23
33271849 341363 18
33272050 155956 75
33272620 1407007 42
33255082 319682 12
3545484 353551 53
33275009 43099 58
33275549 199936 62
33275554 320962 30
33275641 83737 22
33276700 36069 81
33276712 122869 58
33276862 479262 55
33277022 53548 76
33279453 394806 7
1535649 346531 36
33280820 776658 18
33281505 21888 43
3384285 646689 20
33282325 333747 78
33282367 101166 64
33283246 200831 41
33283517 91380 12
33283682 339734 20
33283709 19586 40
33283747 119945 24
33283786 397001 1
33283837 333037 88
33284038 322787 20
33284039 22144 5
33284143 226406 75
33284729 251924 85
33284731 94588 98
3992285 513057 100
33285292 96046 31
4357916 249624 59
33285300 224122 23
33285325 417049 96
33285469 676188 52
2161809 94297 8
33286196 333689 15
33286228 345202 96
33282326 78211 99
33286665 99251 63
3993139 295450 6
33286940 322954 75
33287365 549880 3
33287382 364152 16
33287384 102350 89
33287386 396332 15
33287388 53000 92
33287391 345401 59
33287520 77739 89
33287937 239805 20
33288036 556219 54
33288550 343905 100
11035077 2202661 90
3448156 390686 24
1694389 342946 49
33291331 319014 57
33291608 22247 5
33291622 5464 69
33292500 50959 23
33292570 12343 8
33292632 25365 38
33292681 338947 80
33293553 691863 21
33293592 333948 63
33293698 93136 47
33295373 642955 73
33295524 395465 80
33295609 126770 52
33295834 577576 99
33295838 415691 84
33297057 115157 82
33297063 142624 18
33297066 697261 43
33297076 48889 24
33297098 95155 85
33297165 52724 43
32606458 313488 79
33298824 562297 54
33298867 235254 17
33300306 394898 47
33300828 553440 85
33301119 195507 32
33301122 344924 77
33301301 322356 28
33301304 104821 64
33301308 225048 11
33301315 246686 70
33301320 462925 63
33305637 94688 60
33305644 1088397 7
33305664 149278 32
33305667 622060 94
33305705 163681 34
33306095 538729 51
33306112 611880 45
33306116 173213 7
33306119 215088 98
33306224 35775 58
33306242 343327 25
33306258 1043624 50
33306343 317464 16
33306791 194015 54
33307091 51834 10
33307217 479285 69
4037214 110989 31
4302765 230234 30
4178908 687344 87
33307221 793623 69
33307223 308367 88
33307303 6371 83
33307313 228579 29
4369529 94164 44
33307995 219480 27
33307998 44312 13
33308001 157929 45
33308022 351860 71
33308354 639957 27
33309367 320383 86
33309870 47639 100
33309872 19583 16
33309895 323991 21
33309930 104065 74
33309948 99118 18
33309950 578102 89
33311214 340669 39
33311651 349478 75
33311654 152776 22
33311678 112011 79
33311693 624440 71
33311729 578061 44
33311802 49228 80
33311817 53189 12
33311856 1312143 99
33312454 190416 44
33312457 343397 82
33312460 5394 1
33312463 828847 38
33288037 175111 21
33312970 51999 79
33312976 168953 48
33312982 220815 60
33312986 170047 51
33313152 35869 100
33285301 141995 72
33313233 37581 82
33313238 43403 15
33313273 268636 69
33313274 118064 58
33313424 95893 77
3891599 190301 8
33313454 676001 66
33301309 190196 52
33313534 130089 17
33313568 142724 89
33313570 338528 62
33313573 138693 51
33313578 53776 65
33313618 624964 64
33313726 221880 81
33314933 243765 43
33314941 324239 100
33314943 100906 84
33314946 340764 23
33314982 218532 30
33265657 633254 16
33315233 330445 68
33315263 35289 28
33315290 322139 14
33315689 315877 97
33316213 36472 72
33316240 36476 54
33316243 344217 94
33316246 99993 24
33316249 36475 79
33316255 15959 98
33316261 58968 37
33316269 49225 16
33316410 30716 63
33316413 31361 10
33316416 30905 78
33316419 31450 6
33316660 30625 83
33316663 303201 60
33316214 905409 81
33316818 31171 71
33316834 256851 30
33316837 102720 84
33316840 234241 62
33316911 181521 28
33316250 58042 18
11129452 275621 1
33292682 200342 55
33317920 913811 38
33317923 362661 24
33318061 51830 1
33318064 35308 99
33318089 642477 74
33318192 662349 68
33318417 324083 88
33318423 110236 56
33318431 355881 58
33318467 6517 96
33318595 96768 72
33318598 566279 68
260578 756479 25
33319035 47074 95
33319069 198240 85
33319382 354137 14
33319903 190662 59
33319904 262005 27
33319912 101709 25
33313535 99705 27
33320177 686492 53
33320787 208721 68
33320915 96930 15
15170995 37409 73
33320974 32598 2
33321398 10440 32
33324891 328585 27
33325150 241085 47
33325258 101598 5
33325374 175235 86
33325485 340923 10
33325568 376075 65
33325571 186206 10
33326441 713788 41
33326551 104321 65
33326580 770671 97
33326582 213788 46
33326584 696794 14
33326586 417362 25
33326588 301077 24
33326873 137740 88
33326885 219932 74
33326895 39124 89
33327260 385818 1
33327266 168952 13
33328549 100512 42
33328564 161796 29
33330026 96826 98
33330235 46897 17
33330238 85493 22
33330240 922189 62
33330243 21879 3
33330288 554680 69
33330313 532928 81
33330446 96104 88
33330447 117507 46
33330964 53403 62
33331387 341571 84
3749635 8613 29
33334340 261454 89
33334363 123298 58
33334409 358425 29
33334641 222331 44
33334919 399541 46
33334925 275803 75
33334937 578891 99
33334939 606519 2
33334942 341740 59
10331750 397071 53
33334959 648520 30
33334973 338529 15
33334985 485199 22
10331727 31259 75
33334993 53549 51
33335233 25027 95
33335291 24915 66
33335348 390357 3
33335374 50958 28
33335399 8902 12
33335448 349982 98
28588712 27688 23
33338296 1073671 81
33338312 476784 90
33338854 101887 16
33338874 213584 55
33338877 92190 4
33338880 249895 94
33338883 336073 44
33339004 305250 21
33339590 458448 28
33339603 56780 94
33339610 70133 45
33339626 623849 10
33339636 212530 97
33340226 526204 27
33340491 337888 81
33341781 80126 37
33341845 238188 75
33342598 606766 65
33342629 392221 45
33342631 77874 72
33342633 872212 42
33342635 575449 36
33343562 369353 24
33343566 319356 62
33344061 859466 71
33345340 36838 9
33345499 80044 47
33345585 1089237 3
33346923 247642 57
33346926 177173 26
33346934 276324 90
33346973 226189 40
33346987 189254 25
33346995 51076 68
33347590 325281 6
33347594 272199 95
33347631 336221 84
33347636 140104 51
33347768 430299 13
33347771 383367 84
33348162 867486 80
33348396 56740 27
33348404 79987 61
33348421 338946 79
4176982 11831 78
33348726 90056 17
33349547 507794 10
33349814 51650 33
33349823 332064 74
33349856 126373 79
33350148 56927 29
33350165 317786 69
33350169 225049 41
33350166 51775 61
33350775 132323 57
33350902 340600 80
33350997 344395 14
33351345 109598 2
33351374 41918 36
33351404 204497 86
33351406 118269 27
33351412 582470 88
33351491 525618 86
33351525 289224 53
33351940 923722 42
33351942 493378 50
33352062 211832 15
33352064 870863 20
33352071 216932 25
33352692 339826 78
33352703 225966 63
33352705 553948 97
6303050 96888 68
33353788 110315 39
33354311 97378 31
33354449 325721 41
33354451 109956 26
33355360 764554 3
33355441 45819 41
33355473 90010 21
10327709 503778 88
11691944 48622 7
33356281 116945 13
33356313 102968 99
33356315 47118 27
33357057 35963 19
33357157 678357 52
33358723 111681 44
33358774 152826 13
33358800 363836 57
33359176 883243 60
33359181 97506 16
33359183 346399 16
33360680 493381 44
33360790 633762 67
33360793 249824 60
33360953 195505 21
33361012 53857 98
33361015 250003 9
33361230 499902 5
33361466 362202 5
33363052 410386 44
33363693 278712 42
33363713 344181 66
33363717 109520 87
33363973 508306 6
33363975 1213020 76
33363998 832665 82
33364534 342605 43
33364589 54016 86
33364626 326270 88
33364637 46122 38
33364654 341221 17
33364689 329221 2
1177051 52400 87
33364882 155012 1
33364883 200828 66
28472355 241627 56
33364884 52331 29
33364886 448276 29
33364887 865698 54
2738712 333205 28
33364888 51777 68
33364923 200829 52
2737161 858162 43
4390868 41709 31
33364961 280089 90
33364962 43573 23
33364963 243348 88
33364964 393647 66
33364965 470949 11
33364966 323526 99
33366311 729545 77
33366478 64541 58
33367137 222179 50
33368330 278790 27
33368342 21817 40
33368360 249909 64
33368560 351208 36
33368604 321836 57
33368699 216388 69
33368943 22485 10
33369565 189568 94
33369830 98798 32
33370276 189562 24
33370860 36765 94
33370879 44788 85
33372256 4144 27
33372704 356974 31
33372955 285621 63
33372965 218066 56
33373000 101774 55
33373002 344794 69
33373809 96767 44
33374144 202586 10
33374612 464379 79
33372997 111874 70
33375127 47796 98
33375651 817711 4
33375762 348206 7
33375766 95193 99
33375768 498355 25
33375770 218241 21
33375772 199065 58
33375778 92931 55
33375780 659232 12
33375791 39567 88
33375793 317342 26
33375803 1023317 58
33377806 1083423 50
33378377 298977 67
12018225 276251 25
12666690 251768 34
11756630 19732 6
33350149 809104 69
33378827 217566 28
33378829 871960 33
33378902 42551 62
33350150 249473 2
33379106 451847 32
33379143 52402 6
33379146 92349 24
33379232 401993 73
33379234 37295 67
33379236 49392 72
33379250 182166 82
33379255 295495 92
33379261 863430 67
33379263 103941 62
33379273 91514 31
33379348 136678 51
33379367 1034791 66
33379377 869911 93
33379406 343621 80
33379415 307464 85
33379417 1128085 98
33379419 3086992 41
33379421 107610 9
33379423 348516 51
33379425 274624 39
3939329 395221 35
33379556 99582 10
33379560 213276 49
33379564 330067 30
33379575 311572 34
33379657 859873 80
9550675 335647 22
33379754 242365 81
33379830 627895 25
33379874 98552 39
33379876 448310 12
33379956 252046 67
6331700 663912 87
33379973 761292 31
33380008 901051 48
33380356 40898 50
33380358 238260 10
33380398 176595 38
33380469 181815 92
33380489 17126 56
33380495 506482 88
33380501 221974 39
33380509 204698 72
33380534 93661 5
33380880 94296 85
33380884 146871 6
33380886 844371 98
33380898 79928 82
33381201 332573 81
33381240 54188 77
33380822 99516 91
33381427 257942 20
33381451 159309 63
33381463 219108 22
33381581 57261 1
33381602 48009 60
33381720 383859 86
33381722 466843 100
33381761 358958 90
33381938 18419 69
33381972 18440 36
33381983 670220 67
33382243 356721 69
33382317 321462 70
33382319 543655 37
33382529 325105 96
33382571 58228 96
33382630 35569 19
33379565 398155 10
33382859 267546 94
33382908 499841 24
33382910 406246 22
33382933 141789 60
33382985 97849 5
33383051 91428 67
33383153 392961 30
33383155 507894 66
33383158 604200 61
33383161 677079 91
33383163 542638 28
33383165 245324 34
33383368 622595 51
33383407 345110 85
33383498 261788 73
33383554 123885 86
33383592 671093 24
33383753 682014 76
33383759 469385 57
12486603 325509 24
33383765 369948 37
33383778 262006 21
33383802 71116 63
33383819 295494 47
33383825 276368 72
30974417 821099 93
33384077 416393 15
33384079 98719 13
33384081 161418 47
33384085 991790 98
33384089 769398 6
33384091 161393 33
33384093 161376 48
33384121 218347 66
33384174 161423 45
33384176 299079 32
33384184 672299 74
33384186 39345 58
33384198 220048 88
33384212 161406 65
33384254 452906 33
33384279 355111 55
33384317 342607 59
33384327 21890 26
33384359 699189 12
33384381 97672 16
33384681 161359 74
33384685 421952 38
33384712 142972 68
33384718 424245 65
33384720 101490 99
33384724 127329 23
13124069 344329 76
33384827 553712 32
33385051 384365 100
33385159 146084 91
33385298 108681 34
33385302 328908 66
33385400 102296 33
33385426 681925 74
33385474 449794 53
33385496 178477 7
33385982 349661 76
33386002 35627 97
3939330 328836 86
33386062 212156 72
168213 329358 5
33386156 628031 28
4143862 765034 97
33386442 1201336 93
33386590 50632 77
33386778 320153 26
33387175 395955 72
33387206 52865 24
33387353 322839 11
33387385 267226 32
33387413 86472 36
33387465 379696 25
33387845 280483 50
33387884 879260 18
33387952 225326 4
33388375 723394 92
33388460 51424 43
33388717 161076 15
33388764 638552 1
33389148 662482 12
33389268 70843 22
33387023 90159 59
33389347 1198618 18
33389368 42274 9
33389393 676040 59
33389463 480922 91
33389472 1219045 13
33389478 435450 36
33389535 41919 74
33389572 51361 59
33389749 192154 11
33391472 386688 41
33391476 295918 92
33391573 398190 78
33391580 346298 53
33391916 397229 34
33391993 735322 73
33392005 867235 86
33392007 550698 16
33392032 353426 44
33392040 363584 36
33392226 1142375 29
33392300 440314 98
33392302 93818 53
33392304 550312 46
33392395 49351 91
33392703 334665 78
33392777 412299 79
33392781 186724 40
33392838 829114 57
33392840 625241 33
33392872 342528 79
33392874 1256735 42
33392878 236712 74
33392912 489772 10
33392967 238360 31
10876942 753936 70
33393217 372719 1
33393219 212969 18
33393221 708470 50
33393335 97571 27
33393354 764555 76
33393356 179292 3
33393359 94804 70
33393471 582710 38
33393479 327133 82
33393492 631042 80
33393951 669493 65
3090519 155436 27
33393959 335394 60
33393962 401242 74
33393970 142031 97
33393974 170879 81
33394011 322613 40
33394052 202407 16
33394132 179794 10
33394202 866523 30
33394223 818653 7
33394235 339922 100
33394277 949434 76
33394292 633997 57
33394329 62321 21
33394408 331073 52
33394418 678133 84
33394650 123271 24
33394665 98378 68
33394680 353308 60
33394704 329134 39
33394734 328835 28
33392875 98320 47
33394774 346564 9
33394792 428960 15
33394934 218240 89
33395118 678489 36
33395200 168419 2
33395202 221258 50
33395204 1311632 51
33395206 519657 95
33395349 464702 81
33395438 142976 11
33395460 681283 41
33395464 785189 58
33395539 893990 96
33395541 219933 63
33395543 939562 23
33395545 196901 56
33395547 147111 93
33395549 349126 23
33395715 98709 94
33395892 341484 62
33396020 629850 90
33396040 681797 65
33396042 161118 92
33396094 681300 79
33396199 1029416 72
33396253 293979 51
33396772 626369 89
33397852 91342 95
33397855 6833 78
33397986 128212 6
33398097 302501 63
33398392 655 50
11188863 487879 35
33398814 386002 85
33399978 94515 95
33400001 98662 80
33400068 514420 51
33400120 652381 2
33400247 54017 77
33400253 1385639 2
33400280 938895 4
33400438 346740 44
28641882 449374 4
33400499 15129 40
33400625 96709 18
33400628 95716 88
33400721 110235 56
33400724 21101 87
33366468 394805 33
33400727 314780 88
33400880 331027 29
33400928 147398 1
33400930 94849 54
33401015 344515 53
33401063 435420 70
33401308 855621 85
33401372 621385 53
33401609 203404 43
33401717 260369 58
33401875 100905 46
33402016 613335 62
33402022 285563 68
33402054 626334 94
33402133 363621 86
33402176 39812 3
33402193 345851 78
33402280 118038 16
33402306 621337 70
33402308 241665 34
33402310 594824 20
33402312 43548 53
33402360 505712 100
33402364 298106 79
33402425 215318 15
33402507 50388 42
33402543 83427 22
33402731 91341 72
33403309 186180 49
33403339 99900 76
33403495 216076 12
33403510 220264 95
33403512 52286 41
33403516 485071 51
33403521 947047 86
33403517 485052 46
33403628 337956 42
4761026 102040 71
33403881 573858 65
33404295 186151 44
33404358 340530 30
33404544 295622 85
33404546 581503 13
33404572 329915 79
33404586 621692 93
33404642 756942 49
33404678 485057 27
33404794 122484 82
33388461 511955 25
33405042 937114 98
33405068 48931 83
33405074 160909 27
33405130 332345 7
33405288 222629 39
33405354 573868 1
33405631 95894 33
33405729 620595 46
33405915 249951 17
33405918 146381 47
33405952 940258 71
33405969 163481 72
33405973 100271 55
28476713 363240 73
33406073 497290 63
33406121 573797 22
33406396 112010 97
33406398 216938 27
33406529 100358 96
33406916 889128 69
33407200 383707 39
33407324 90931 44
33402426 333746 13
33407361 355576 37
33407586 188490 32
33407613 335128 20
33407715 110041 34
33407753 328944 15
33407910 101489 81
33405970 345584 75
33408138 56469 42
33408202 283933 77
33408238 17051 49
33408278 407821 99
33408729 599587 41
33408733 340670 92
33408741 39079 36
14342854 451723 84
33409761 468936 24
33409901 194695 71
33409905 226287 61
33410510 989719 87
33410552 172188 56
33410577 5461 27
33410611 189385 92
33410629 446450 22
4605932 493376 90
33410835 323468 40
33411133 897470 18
33411217 50136 29
33411219 446343 17
33411223 104403 97
33411227 5460 6
33411229 20035 70
33411456 95948 6
33411554 503682 63
33411750 51909 9
33411984 100132 55
33412018 594738 19
33412020 347381 68
33412024 145543 56
33412039 739318 27
33412086 338643 59
33412349 105229 29
33412430 515801 30
33412432 672838 32
33412527 110314 46
33412558 22602 29
33412568 101550 52
33412615 218906 81
31135393 83568 35
33412798 51275 55
33412825 672742 20
33413201 65644 96
33413445 692670 60
33413607 160656 3
33413609 342871 59
33413651 322104 13
33413666 293978 12
33413734 170671 35
33413786 394368 88
33413886 351861 85
33413914 505113 11
33413967 1109958 62
33414021 193261 26
33414172 166626 7
33414209 143600 84
33414585 329459 37
33414587 99171 86
33414611 101600 69
33414846 455832 43
33415001 100733 24
33415037 133703 51
33415078 160825 5
33415080 613418 76
33415156 133702 29
33415381 197487 48
33415436 843041 79
33415438 462448 34
33415527 344676 49
33415531 52563 15
33415668 325022 82
33415672 386066 63
33415688 400828 58
33415690 171248 18
33415767 96047 51
33415900 38611 3
33416082 1097010 64
33416328 463421 15
33416488 228617 16
33416533 222734 94
33416538 227199 34
33416584 343904 32
33416657 249861 52
33416753 268806 51
33416883 500717 74
30862213 473439 26
33417478 98038 93
33417563 832596 81
33417567 387542 27
33417596 340765 79
33417813 142165 75
33417938 50963 21
33417964 652252 77
33417966 227465 2
33418025 327088 5
33418028 223272 8
33418031 294962 47
33418033 121844 70
33418035 97305 25
33418037 400462 88
33418039 318824 97
33418042 88062 5
33418047 407822 63
33418515 493364 33
33418536 29638 35
33418836 221303 90
33419092 92825 44
33419095 736761 97
33419217 41917 8
33419263 21657 87
33419282 1306087 100
33419299 144277 43
32917246 97203 34
33419375 200309 90
33419378 92988 18
33419381 186737 54
33419528 49653 1
33419585 352730 38
33297200 368333 86
33419832 109692 35
33419873 112245 90
33419875 338364 60
33419931 739595 48
1226850 325650 31
33420231 83929 67
33420359 49652 83
33420361 131519 28
33420421 60600 59
33420423 500884 9
33420425 698348 18
33420427 345588 25
33420429 441933 93
3939331 677511 50
33420431 396055 9
33420433 102103 71
33420439 37872 1
33420441 96336 48
33420443 130154 43
33420531 582426 90
33420663 188375 34
33420669 154332 37
33420866 252045 29
33421038 33574 47
33421040 580551 98
3939332 639225 13
33421191 59890 50
33421291 473386 93
33421761 430714 8
33421826 660149 17
33421858 26981 71
33421917 327306 56
33421966 261556 15
33421994 135510 14
12258496 192778 97
33422371 344215 19
33422947 93766 2
33422952 97670 11
33422954 52146 7
33423061 336190 27
33423735 318508 75
33423794 293695 29
33423948 6067 45
33423984 25484 6
33424047 121508 47
33424156 18047 41
33424258 176500 11
33424293 578078 12
7653476 27279 24
33424565 43323 25
33424630 7446 11
33424764 26161 17
33424833 651770 99
33424837 551462 25
33424873 113053 45
33425092 50960 17
33425151 10348 28
33425410 5655 50
33425421 25666 6
33425425 27187 32
33425427 337267 84
33425429 51067 55
33425433 213166 16
33425517 34012 89
33425579 579095 95
33425627 342726 59
33425851 53244 30
33426245 26882 11
33426267 52725 84
33426435 621310 31
33426473 23549 69
33426571 26269 12
33426579 26573 48
33426619 26674 53
33426675 441136 95
33427239 12224 10
33427247 56835 70
33427287 151493 85
33427367 131815 84
33427553 26476 62
33427624 17124 97
33427715 396954 58
33428059 7121 52
33428085 27082 93
33428112 29136 24
33428260 698085 72
33428262 12344 33
4733660 23656 22
33428492 503681 36
33428550 55259 81
33428553 26375 16
33428555 279083 4
33428562 109873 30
33428565 12454 78
33428567 292923 92
33428570 391204 22
33428669 5462 64
33428672 528891 28
33428675 330444 92
33428678 163738 45
33428681 366606 44
33428684 1071981 64
33428687 19585 46
33428690 109296 20
33428764 92262 40
33428766 53976 66
2146358 52401 25
11564259 227136 77
33428782 94288 16
33428959 140022 75
33428961 325611 15
33429026 10100 56
33429194 424827 48
33429208 31451 43
33429275 324498 44
33429307 96283 14
33429482 343225 54
33429537 7261 69
33429659 56113 100
33429985 582016 63
33430107 293450 53
33430115 11331 64
33430349 131449 93
33430623 27374 46
33430626 10791 71
33430628 5457 88
33430699 29036 15
33430701 274126 23
33430798 43893 61
33430890 14677 75
33430951 11713 33
33430953 10924 42
33430994 10546 84
33431028 10678 25
33431030 376072 24
33431210 25768 74
33431279 11587 76
33431423 12656 69
33431500 9723 22
33431502 7806 2
33431797 568165 65
33432026 197711 96
33432073 13706 68
33432077 31081 38
33432081 77422 10
33432615 342868 94
8475323 320267 36
33432674 130349 61
33432714 5455 49
33433597 167536 97
33433688 8078 1
33434237 865878 11
33434275 53047 57
33434277 52722 55
33434348 104320 35
33434352 389829 22
33434355 378506 5
33434358 316681 82
33434360 199164 91
33434362 52044 98
33434364 137995 28
33434437 341301 59
33434441 95192 70
33434443 489053 7
33434449 109290 70
33434451 223258 63
33434467 262045 67
33434499 321018 15
33434557 333748 5
33434611 53604 89
33434620 392220 27
33434622 103864 69
33434626 552813 13
33434632 310851 32
33434634 249930 54
33434728 31362 62
33434764 193147 19
33434915 314050 17
33435074 13086 32
33435614 1329933 11
33435741 24304 70
33435743 7952 82
33435745 1009884 98
33435899 24216 41
33436032 51831 56
33436345 352059 92
33436369 6832 12
33436373 442887 69
33436633 94747 67
33436712 419413 93
33436814 291741 43
33436869 604127 77
33436906 164118 74
33436908 106456 65
33436924 862267 46
33436934 336869 89
33436936 346293 93
33436938 186118 38
33436950 541679 1
33436954 51905 40
33436956 237419 64
33436962 65974 10
33436964 12104 15
33437038 203358 45
33437069 46219 63
33437116 336755 61
33437125 444509 10
33437229 249617 24
33437237 622839 63
33437239 500310 100
33437384 328834 18
33437387 200961 92
33437404 342606 82
33437406 395464 65
33437482 215090 34
33438195 330373 12
33438215 288535 77
33438219 58040 75
33438235 299764 82
33438318 24810 66
33438709 199694 41
33438771 101650 72
33438824 189402 84
33438826 331403 35
33438828 305515 82
33438830 144890 7
33438832 391104 95
33438834 505652 91
33438836 218113 48
33438838 43617 85
33438856 578050 77
33438874 339004 34
12544078 253286 81
33438955 385926 89
33438995 430834 67
33439083 440642 62
33434349 613873 88
33439164 30524 38
33439411 1010191 10
33439595 35265 73
33439730 248487 40
33439849 277547 65
33439915 328833 26
33440008 112148 4
33440016 579153 62
33440042 94890 98
33440060 34446 59
33440077 312630 35
33440089 367687 41
33440097 219825 60
33440118 324931 89
33440120 665442 6
33319036 248730 47
33440122 20727 48
33440202 5463 91
33440217 216360 98
33440281 189037 72
33440334 93143 98
33440394 526738 70
33440455 321766 98
30960353 441056 64
33440490 219889 64
33440672 54018 53
33440845 196363 98
33440990 530058 84
33447030 173901 54
33447038 353158 57
33447275 101072 86
33447315 78186 69
33447319 103863 66
33447321 502911 35
33447323 216411 98
33447325 700276 53
33447332 622838 40
33447339 392146 34
33447343 99398 41
33447358 409740 7
33447360 353529 62
33447364 395220 82
4695430 98663 97
33447366 96284 25
33447378 136004 74
33447380 859512 43
33447384 328731 66
33447392 120406 50
33447484 105527 61
33447630 253352 14
33447740 640304 99
33447983 95295 71
33448060 67229 96
33448088 324801 9
33448149 246537 3
33448166 117011 100
33448175 341664 21
33448177 916073 54
33448179 512855 30
33448181 677538 20
33448183 49227 41
33448187 99325 62
33448194 1628 16
33448489 147358 12
33255084 86786 75
33448833 335325 18
4667336 548737 32
33449440 15542 23
33449464 548760 96
33449542 9725 47
33449613 97345 9
33449633 100091 24
33449637 66613 6
33449639 101549 37
33449647 53603 20
33449789 607224 36
33449868 401793 91
33449870 145641 93
33449891 402706 90
33449935 161412 74
33449949 361513 72
33449999 90390 12
33450205 339967 72
33450416 736958 27
10282061 399701 23
33450921 51647 6
33450923 687060 14
5968764 50389 92
33450929 325610 100
33450931 265418 94
33450933 214950 59
33450935 1041575 61
33450937 79015 33
33450939 344566 56
33450941 364504 68
33450943 342240 32
33450945 35462 59
33450947 344716 2
33450962 24713 79
33451030 94891 15
33451369 327305 41
33451920 345263 6
33452657 181498 61
33452810 344954 84
33452858 930098 38
33453303 243744 41
33453404 5315 41
33453439 241436 58
33453445 314344 52
33453725 1410 91
33453785 23007 95
33453928 328783 49
33454524 790121 14
33454528 73418 28
33454530 178964 97
33454532 842005 88
33454534 142312 48
33454598 120808 40
33454621 919042 5
33454899 58369 88
33455421 365527 23
33455490 120696 2
33455735 759166 60
33455759 207414 95
33455815 207693 3
33455852 325410 47
33456269 1515 11
33456524 621179 7
33456536 35777 5
33456540 61751 44
33456644 960097 27
33456652 161358 52
33456772 218794 89
33456864 174582 24
33456903 698250 28
33457153 392580 60
33457177 312631 75
33457276 507776 91
33457515 206621 99
33457584 104947 79
33457612 1245806 11
33457614 577422 41
33457616 403793 42
33457618 57140 90
33457620 76725 98
33457622 95588 73
33457624 222332 61
33457626 389369 19
33457628 76774 83
33418837 399613 19
33457639 218796 93
33457887 243780 74
33457898 215891 11
33457972 929821 58
33458009 341266 18
33458263 224733 72
33458401 36479 98
33458525 296324 37
4630845 319302 42
33459327 344720 61
33459524 215491 40
33459544 385570 57
33459557 53242 72
33459627 219573 69
33459670 145765 96
33459692 348874 17
33459726 16118 96
33459872 268222 76
33330965 7712 65
33459970 23365 39
33460095 42453 79
704663 334392 12
33460284 308643 10
33460288 80183 76
33460327 224128 16
33460285 308688 54
3749636 251767 69
33460382 330650 20
33460457 97704 99
33460487 54973 23
33460729 187505 17
33454525 221741 10
33460787 613962 32
33461100 316790 68
33461158 172030 4
33461199 115046 89
33305645 7256 39
33461597 7445 52
33461906 10254 69
33461908 299987 100
33462194 86208 88
33462483 670618 42
33462735 82873 1
33463619 12453 18
33463668 45423 49
33463989 10545 63
33464007 243827 8
33464136 189681 86
33464249 243663 53
33464286 651802 34
33464606 109522 14
33464914 82235 33
33464952 249794 41
33465818 507096 60
33466376 342010 66
33466391 308684 74
33466883 51360 68
2610191 25665 76
33467017 12558 88
33467026 181344 6
33467028 223608 85
33467030 32311 70
33467069 31258 37
33467224 62882 79
33467308 705121 3
33467326 277764 47
33467504 84857 15
33467506 62354 52
33467510 52773 24
33467512 214742 45
33467554 162950 5
33467667 132378 35
33467990 217839 100
33468660 525080 97
33468680 538876 31
33469003 27081 84
33469007 13326 61
33469560 8361 39
33469600 10677 58
11292260 205334 49
33470157 23655 10
33470186 25767 71
33470268 12223 51
33470303 14342 1
4193110 9025 86
33470605 13193 63
33471104 1002 84
33471182 23910 79
33471252 12655 61
33471260 19421 62
33471307 284181 33
33471642 16017 93
33471974 14801 15
33472052 10923 42
33472703 13705 10
33473323 23040 46
4560838 462447 68
33474417 7805 52
33474470 13085 33
33474508 6683 93
33474633 12865 38
33474782 25134 87
33474856 9726 94
33474858 11038 12
33474860 270893 39
33475119 9623 43
33475529 13587 41
33475540 278948 9
33475581 11830 42
33475583 28178 27
33475670 9157 97
33475672 31927 48
33475772 13475 75
33476024 112009 1
33476382 18111 47
33476964 1372345 25
33477005 336222 48
4390872 30814 62
33477290 240274 33
33478020 51278 39
33478322 743917 94
33478327 30988 92
33478440 109243 95
4728510 9854 85
4486465 229318 21
33478895 251763 61
33478987 3926 71
33479181 150640 85
33479271 24215 63
33479686 84411 56
33480163 104531 55
33480583 2053 31
33480660 6967 8
33480680 252908 37
33480908 98713 30
33480911 347343 13
33480986 325609 74
33481009 24809 32
33481185 221026 75
33481189 285250 63
33481212 53245 59
33481575 330474 15
33482279 9966 16
33482306 14676 79
11272162 8484 71
4390010 19417 18
33482818 170727 99
33483143 672741 1
33483297 217288 40
33483301 76048 25
33483471 8728 19
33483560 443682 13
33483746 112012 82
33483908 205643 74
33484258 7593 60
33484312 336503 11
33484443 445641 42
33484625 48669 90
33484627 213168 85
33484703 231234 99
33484795 160030 19
33484874 91906 52
33485445 468524 65
33485842 389830 33
3747136 206678 71
33486098 36007 17
10334317 142570 88
33486278 101597 19
33486396 216891 65
33487036 139046 60
33487208 678930 60
33487213 78335 16
33487316 92197 24
33487318 51181 48
33487401 98039 5
4576600 93765 85
33487840 5849 65
33487842 488862 99
33488150 346920 96
33488656 488630 61
33490435 80045 41
3090520 456341 17
33490437 502287 94
756071 278847 89
33491347 365475 41
33491550 236431 31
33492375 50034 89
33492516 77366 49
33493093 224308 8
33493226 426818 9
33493446 367550 47
33493667 160655 88
33493669 222733 80
33493671 393563 85
33493678 354664 13
33493686 224060 51
33493725 299349 93
33493889 499885 18
33494143 249882 76
33495595 961434 8
33496442 293980 19
33496445 249370 56
33496447 132825 46
33496935 441525 26
33497131 740388 36
33497184 577914 17
33498013 724972 63
33498078 249699 5
33498483 740841 9
33498613 249884 80
33501895 701273 43
33502466 358948 31
33502498 98511 60
33502905 189077 42
33502970 785223 15
33502973 171548 13
4400634 220312 48
33503139 99775 40
33503201 213275 23
33503055 313932 86
33503322 333016 84
33503335 122868 22
33503348 829422 32
4620887 339342 83
33503432 336994 93
33503446 705436 14
33503479 160826 78
33503349 108524 100
33503610 127170 43
33503770 132182 57
33503774 363670 6
33503783 51077 78
33503786 21102 64
33504002 578895 40
33504102 730363 41
33504164 72229 42
33504360 355300 52
33504404 95248 50
33504407 220554 87
33504410 323778 83
33504415 142180 98
2909107 312774 65
33504506 389771 84
33504530 99252 50
33504534 200060 5
33504552 198350 52
33504554 101439 88
33504574 874198 13
33504600 1659454 87
33504748 333015 20
4521256 285622 14
7406175 1253790 65
33504825 530842 60
33504835 100092 71
33504837 514838 24
33504839 336758 7
33504841 615141 11
33504847 363881 43
33504872 285537 92
33504929 613374 12
33505036 95669 70
33505038 677828 86
33505057 97743 54
33505083 461364 81
33505117 303209 11
33505142 884143 58
4491350 306065 96
33505219 376169 68
33505258 352695 47
33505277 786755 23
33505303 487947 40
33505305 434486 1
33505382 824028 91
2657032 342186 7
33505435 83296 88
33505437 100867 85
33505439 126764 43
33505084 126765 71
33505481 512556 58
3819607 255429 18
4491352 1164671 22
33505535 610285 61
33505537 428907 48
33505539 97411 79
33505541 139588 66
33505543 344516 80
4359340 42883 73
8027331 252341 11
33505581 140189 27
33505583 487977 75
33505677 702189 78
33505698 658704 82
2657033 99840 96
33505739 333537 99
33505821 100176 75
33505997 305870 67
33506220 332063 84
33506223 814008 74
33506226 344394 92
33506441 612884 84
33506443 213365 88
1855690 1056326 30
33506519 192081 87
1855691 201181 21
33506521 344859 46
33506523 146506 36
33506544 318375 12
33506602 142066 98
33506604 943223 4
33506606 692816 68
33506624 35922 53
33506726 108491 82
33506740 657159 23
33506798 701926 27
33506895 326973 70
33507015 144182 72
33507017 143932 97
33507019 137391 1
33507023 344423 72
33507032 797981 90
33507034 99640 56
33507036 374294 58
33507044 319013 2
33507049 219249 45
33507051 95668 4
33507115 188506 79
33507119 165501 17
33507121 297153 49
33507131 758388 50
33507153 49103 80
4156724 108200 28
33507182 547990 76
33507350 580700 84
33507447 393093 84
3819581 190572 94
33507602 1046030 92
33507624 95479 10
33507647 917416 60
33507669 584033 92
33507727 188261 11
33507819 842555 47
33507963 11937 52
33507972 580419 19
10327703 160777 51
33508137 981998 77
33508159 528922 56
33508163 202358 80
33508180 16412 11
33508226 17197 17
33508248 274623 70
33508250 17125 66
33508289 98437 86
33508314 17880 42
33508409 384486 28
33508598 321767 60
33508636 30717 18
260494 28177 30
33508678 34561 31
33508768 264889 13
33508788 110659 15
33508792 145106 10
33508794 220670 73
33508810 201912 74
33508829 296280 20
3819616 193148 73
33508947 222178 57
33509043 963659 57
33509255 336159 49
33509274 107878 97
31135384 48887 51
33509409 97671 70
33509587 109822 61
33509594 142424 61
33509640 89891 49
30976134 226736 85
33509746 174210 9
33509795 1629 55
70084 27993 72
33509807 93490 94
33509843 215184 54
33509872 218795 78
33509927 367549 29
33510033 101381 37
33510048 297208 86
33509410 637624 21
33510081 51593 81
33510185 357763 89
33510188 337485 65
28439940 218719 25
33510261 5544 26
33510333 30991 87
3444558 31716 59
33510366 29920 58
33510404 5087 85
33510454 85430 22
33510467 45018 95
33510477 131166 48
33510334 126216 80
4061155 11210 39
33510583 324799 11
33510654 102228 70
33510656 340671 53
33510683 5465 45
33510716 365696 46
33510227 201934 93
33510792 342138 76
33510952 162539 71
33511021 201484 36
33511029 324238 75
33511047 31611 10
33511172 242203 99
33511191 48890 43
33511200 365968 51
33511248 121677 13
33511523 229904 70
11473208 53430 82
33511583 405085 78
33511739 658964 39
33511796 316482 47
33511810 54104 49
33511916 174404 57
33511928 111506 99
33511936 329680 65
33511980 139146 85
33512356 323633 33
33512394 452491 63
33512423 207675 45
33512448 373057 9
33512553 388993 46
33512563 187404 29
30238528 38791 92
33512580 52837 6
33512606 321368 40
33512840 423315 13
5011107 353762 40
33512882 263435 47
33512989 21574 82
33512992 6514 60
33513012 51075 5
33513031 842019 59
33513036 111157 40
4289006 99036 45
33513137 507809 7
4061244 1162888 28
33513304 91379 39
33513309 328942 100
30246483 103466 26
33513471 163239 84
33513480 328872 18
33513519 341133 8
33513539 846159 75
33513543 361167 86
2902607 367521 19
33513717 428797 90
30245565 125325 38
33513797 248910 24
33513832 287828 98
33513834 5543 71
33513850 5251 77
33513951 221493 71
33514022 160736 29
33514090 50516 13
33514108 48929 16
33514309 135339 93
33514320 108582 34
33514326 330627 66
33514331 219572 80
33514335 893059 62
33514366 195704 37
3819553 11209 88
33514470 205717 19
33514487 22469 78
33514489 35682 82
33514493 226591 21
33514546 441526 21
33514618 52838 46
33514632 100131 87
30985631 62373 65
33514713 53048 40
33514724 121112 42
33514743 321609 87
33508948 316509 2
33515338 87060 74
33515388 276393 39
31086100 329314 81
33515434 290980 70
33515453 122803 63
33515466 98895 38
33515514 771031 43
33515582 328730 89
33515683 8483 78
33515717 114870 3
33515755 50087 83
33515765 201582 56
33515768 1305231 98
33515797 75956 68
33515837 714483 31
33515927 832043 38
33515958 207391 66
7025984 269785 79
3819557 633384 100
33516092 308708 11
33516093 343396 69
33516095 220615 10
33516097 53049 35
33516099 117095 20
33516101 120908 22
70107 260541 44
33516205 207621 68
33516208 79956 56
33516330 36218 53
33516347 308672 97
33516434 376225 9
33516647 364582 78
33516689 308646 82
30865896 308723 39
33516770 308712 46
30865891 194339 42
33516851 238001 29
33516927 109743 83
30247839 744938 20
33517336 84824 92
260495 109558 98
33517366 179329 34
33517375 831766 14
33517380 63824 41
33517385 332062 3
33517395 141979 9
33517535 94107 50
33517537 1009967 50
33517539 13925 74
33517541 32714 79
33517620 250169 90
33517623 443337 25
33517710 17127 84
33517727 322840 8
33517791 5393 79
33518179 109691 75
33518546 349774 58
33518619 152827 64
33518709 498756 11
33518872 361465 60
33518907 674552 96
33518922 961052 59
33519132 60599 10
33519187 173144 38
33519195 328943 81
33519262 408278 86
33519458 10099 2
33519460 343903 42
33519463 62320 38
4639172 223920 55
33519465 98896 54
33519467 154579 6
33519469 99634 60
33519571 765060 12
33519582 276592 20
10319324 145801 90
260504 340762 26
33519470 365698 5
33520369 881533 51
33520431 298074 42
33520441 616661 52
33520496 893149 89
33520548 265311 92
33520629 418104 85
33520655 231509 7
33511797 387077 54
33520925 841674 97
33521023 341485 2
33521076 271450 88
33521137 51833 61
5011097 96710 2
33521299 102298 77
33521302 392050 61
33521305 611938 11
33521375 226496 77
33521413 154224 76
33521430 116950 2
33521450 61752 60
33521461 619437 34
33521653 267196 94
33521655 135509 5
33521740 65895 30
33521798 217376 77
33521826 222723 19
33521844 356784 26
33521904 336721 18
33521948 99941 41
33521024 225805 94
33522026 111742 37
33522138 94295 14
31071025 208220 63
33522525 189980 26
33521138 282591 4
33511798 110915 12
33523024 98934 51
33523090 910208 61
33523122 343986 51
33523209 1032757 74
33523310 232010 86
33523318 325607 25
33523443 668477 91
33523484 344565 51
33523491 225050 12
756324 225051 4
33523688 450818 31
33523692 60920 4
33523689 450824 94
33523699 99116 73
33523718 362660 59
33523757 53977 62
33523820 364584 75
33524024 391819 49
33524026 91891 44
33524028 124987 10
33524136 96193 27
5175211 52726 72
33524419 274404 94
33524428 290827 3
33524539 95949 60
33524541 86011 19
33524543 613918 39
33524821 318363 85
33524941 339672 60
33275010 174831 37
33525408 314364 3
4156832 551245 2
33525585 366695 27
33525745 859986 62
12520140 119348 67
33525985 626250 22
33526121 157292 32
33526156 82828 62
33526163 309596 19
33524137 99039 33
33526195 189374 34
3443431 346486 55
33526257 53645 84
33526269 111618 79
33526358 365739 85
33526569 339992 1
33526623 873260 54
33098426 891429 24
33526631 566228 22
33526650 362463 87
33526655 355534 92
33526691 562146 4
33526695 432932 11
33526768 1735438 45
3443435 109651 46
33527582 876751 7
33527774 101898 71
33527784 105528 91
33527867 181623 57
33528021 512529 62
33528056 392222 67
33528090 320674 70
33528094 399350 55
33528116 514974 45
33528130 582465 37
33528211 522951 57
33514494 875080 42
33528945 336759 32
3577819 351862 33
33529060 2861 32
33529111 325411 33
33355474 661681 9
33529372 179011 76
33529615 785989 44
33530054 1001333 55
33530257 365385 56
33530275 235332 99
33530296 390788 52
2740450 190417 2
4312697 106762 76
34868371 199963 42
35392179 246536 34
35393788 52147 17
4233235 461308 24
35394177 248617 74
4267793 18194 26
35394815 33674 25
30868647 1343619 10
35668799 329359 54
35669240 1249230 74
21822378 815750 26
3939222 331023 45
38721583 511270 84
3939340 433184 15
39620603 44160 24
3939341 98276 98
3939342 353125 71
39621270 123142 45
39961814 217896 36
40052422 406147 52
40082680 365153 91
40164262 20836 84
5011072 376076 28
40632495 164896 84
41344270 582428 49
41357273 52191 75
41357283 1055056 51
41416552 397389 55
41416599 340758 2
41418033 207245 1
41421220 53496 60
3774284 779234 93
41649392 857575 23
41702287 137888 84
41832991 180530 97
41833509 43510 98
30222340 504439 62
39455671 142166 83
30244918 344138 84
3939365 681869 4
2816949 249912 91
46241696 626251 43
46241697 572787 12
46241698 358957 40
46241699 108585 83
46241700 346918 37
46241701 1741341 43
46241703 224008 97
46241704 461723 62
46241705 85521 59
46241706 197393 22
46241707 349106 31
46241708 342402 38
46241709 873005 24
46241710 363286 49
46241711 371900 65
46241712 581812 75
46241713 998841 46
46241714 316439 28
46241715 627684 100
46241716 224734 73
46241717 668045 21
