4152695 159720 41
9677107 276691 1
9688188 504872 91
9731604 194339 41
9731634 238002 20
3350315 104679 37
9732008 507096 75
9737518 72229 46
9744733 343905 61
9748540 199694 78
13334458 338946 93
14766294 278811 78
13380419 327597 16
14912932 399613 94
15892804 582426 86
23667958 91462 100
23670365 90390 58
25470657 92988 32
25474039 384365 44
25476377 611938 93
25476447 381140 30
25476460 346399 13
25476485 337567 38
25479213 212417 71
25482007 248730 11
25484154 359418 47
25497588 312630 40
25501616 400462 53
25504270 464702 16
25506637 628031 76
25510724 181694 18
25511638 110314 26
25512899 208721 32
25515114 279083 25
25517181 225048 89
25517211 352059 30
25517219 339583 51
25517230 43099 68
25517250 98713 100
25517263 330879 99
25517276 537634 16
25517288 110313 88
25517344 117470 69
25517359 5457 76
25517375 218293 92
25517386 120860 7
25517414 217005 67
25517426 93764 29
25517474 180832 50
25517502 1071981 16
25517509 362393 75
25517527 151190 86
25517544 424751 6
25517557 251768 1
25517585 341571 5
25518406 137995 65
25522320 506914 45
25528473 97406 48
25528575 37051 92
25528587 395464 19
25528640 507189 79
25528698 288721 36
25528745 1625 39
25528759 102808 8
25528829 35289 27
25528861 259952 23
25528894 76676 71
25528922 112307 66
25528941 216411 64
25528955 99325 29
25528964 117407 78
25534922 429253 96
25535011 95717 49
25536498 389829 44
25536715 199164 2
25536923 332712 46
25538364 67201 8
25538511 177174 52
25539749 62429 49
25541505 121508 34
25544463 113053 49
25547973 170726 17
25548780 94380 61
25549003 224127 72
25550747 613962 49
25550929 394570 1
25551137 515801 83
25551270 202586 71
25552247 591105 38
25553620 202406 70
25554109 51830 99
25556109 363402 69
25557684 40042 63
25558252 131887 57
25559862 324931 19
25560499 58407 76
25562775 107099 56
25563362 33227 33
25563510 65974 13
25564406 273132 50
25565652 626251 26
25567290 282591 29
25568429 62332 80
25568903 316558 48
25569117 10098 46
25570957 102967 40
25570979 658705 77
25572417 245324 46
25573945 136877 4
25574098 95248 69
25574170 344217 24
25574213 99993 65
25574220 344423 5
25575610 22252 56
25575634 126396 87
25575747 331028 73
25576241 227537 4
25576285 579095 47
25576292 51065 22
25576325 5466 91
25576341 328731 68
25576400 219894 27
25576428 248487 3
25576439 217719 2
25576455 642640 54
25577778 180835 12
25577806 349911 36
25579895 119697 48
25580669 172188 66
25581535 224732 86
25581650 135509 89
25581673 139149 85
25581694 48345 68
25581958 157454 86
25581996 340925 100
25582217 69002 92
25582224 222476 88
25582620 38019 2
25582671 17290 59
25582701 149960 8
25582712 140187 94
25582798 217868 45
25582831 220815 8
25582873 47367 75
25582881 43952 26
25583212 86015 36
25583374 115588 90
25584576 110235 81
25584892 339736 1
25584932 330745 71
25585598 49653 94
25586468 50517 69
25587511 416836 4
25589894 288413 88
25590047 333207 23
25590194 14676 46
25590926 512855 99
25593248 92649 69
25593816 95100 49
25595180 98662 100
25595306 51188 89
25595642 91514 51
25597878 65895 22
25597963 94890 5
25528577 299987 41
25598561 336869 62
25598898 31715 84
25598942 376226 58
25599048 95949 82
25599532 866523 14
25599645 132026 51
25599658 104465 99
25599878 100177 10
25600186 96243 42
25600335 102298 50
25600345 57570 25
25600347 316681 46
25600378 41918 51
25600392 52726 21
25600418 216360 31
25601131 1164671 45
25601293 131191 77
25601452 126761 100
25601549 337484 89
25602211 90336 35
25602516 38479 43
25604225 47040 46
25605962 98796 37
25606076 9625 75
25607309 71289 2
25609362 154332 97
25610051 56376 83
25611440 1410 23
25611472 651 99
25612026 27688 57
25612968 186204 14
25614150 141789 21
25614250 363403 28
25614471 21008 76
25614527 700276 33
25614652 1385639 70
25615039 682014 84
25615451 53775 1
25615571 73418 87
25615971 333384 39
25617168 297208 92
25618243 100050 82
25619642 662349 81
25620626 34683 52
25620837 5544 43
25622028 101598 35
25622168 392146 71
25622247 242452 29
25622831 66614 7
25623489 53110 24
25624128 109095 4
25625086 62372 8
25625629 221026 65
25626510 109096 12
25626653 509559 79
25627574 393696 89
25629253 242693 7
25629770 99707 76
25630218 240413 39
25630328 5315 39
25631036 98318 40
25631243 622838 25
25631272 99901 6
25631329 213509 49
25631602 46802 42
25631634 677538 88
25631806 67340 93
25631868 341664 86
25632316 39291 22
25633798 52724 80
25633954 226585 92
25634095 325747 73
25634572 361705 40
25634809 319013 55
25635287 5545 89
25635383 219933 86
25635508 607224 59
25636272 213940 12
25636673 5619 26
25636904 1628 52
25636912 128344 25
25636932 17961 99
25636953 51648 75
25637476 5598 57
25637753 181498 10
25639084 109822 31
25639307 223272 16
25639701 17880 43
25640288 910410 87
25640355 199191 19
25640573 95669 50
25641105 249895 47
25641257 213168 85
25641446 103631 30
25641475 94447 15
25642543 181422 7
25642644 120910 21
25643417 343183 90
25644344 99403 72
25517416 24603 98
25605964 2508 46
25645906 12865 57
25517428 32818 38
25645972 8207 25
25517476 86902 28
25646026 295254 8
25517529 45819 83
25517546 45423 29
25517346 7712 33
25517388 23365 73
25647051 652381 24
25647716 193264 84
25647779 222629 26
25648798 36477 55
25648811 144131 92
25648824 120745 1
25648879 162832 39
25648899 78187 12
25648932 155437 84
25648962 328944 26
25648974 222998 46
25649007 50389 6
25649355 412299 95
25651436 858785 3
25651893 119439 59
25651938 35462 93
25652014 54895 21
25652025 232959 95
25652069 24514 94
25652131 316247 65
25652164 1306087 21
25652321 191090 1
25652386 218186 76
25652396 344566 14
25652515 6351 36
25652759 219628 82
25652959 207391 81
25657257 669493 23
25658719 83296 54
25658796 40984 39
25659815 300336 28
25659894 124032 3
25659924 305554 92
25659949 151020 55
25659996 169196 27
25660010 68199 68
25660017 17884 86
25660024 361649 95
25660038 191879 20
25660046 142801 97
25660170 126765 9
25660182 142606 54
25660321 299349 32
25661017 698348 83
25661036 293695 33
25661044 91625 60
25661051 176500 31
25661063 149569 85
25664365 669886 42
25664407 312861 68
25665422 109421 68
25669669 109691 48
25669785 144988 1
25673649 101653 91
25673705 91018 80
25673744 275803 65
25673889 207693 21
25678583 52332 47
25678705 325610 31
25678777 309694 23
25679181 350365 51
25679244 80421 59
25679297 148448 34
25680925 346298 95
25680952 386688 77
25680976 11587 43
25680984 17879 31
25680998 99838 68
25681028 350628 59
25681064 345527 72
25681073 66403 6
25681116 832 24
25683378 202407 80
25683499 96709 69
25683608 43323 49
25683617 52287 27
25683630 551245 24
25684428 618068 93
25684626 75652 62
25684643 74327 96
25684792 13332 5
25684999 102231 44
25687621 343903 95
25687690 276737 15
25689399 124602 95
25690202 199577 29
25692233 315877 25
25694436 62962 39
25694466 117506 100
25694475 228737 97
25694489 715442 20
25694504 252045 21
25694524 70251 67
25694741 342244 89
25694820 109248 2
25694865 147358 43
25695531 213280 59
25695546 94102 72
25695554 72832 30
25695572 216932 37
25695659 42219 43
25695945 143461 91
25700937 74931 68
25700987 453904 30
25700996 130413 53
25702072 841098 95
25702294 190572 83
25702321 20035 81
25702760 582016 83
25703316 489201 65
25703344 346863 25
25703398 58192 31
25704571 660797 7
25704614 316876 67
25704647 228656 5
25704698 215091 22
25704741 44232 36
25708592 338572 18
25708743 692670 7
25708780 981998 20
25708827 464494 80
25708906 1142375 72
25708941 109599 65
25708967 320186 62
25708989 341484 24
25709070 319683 17
25709112 141257 46
25709209 57299 65
25709860 8077 14
25709894 72378 87
25709977 72379 61
25710083 120908 16
25710105 99780 44
25710182 319308 56
25710193 188506 16
25528924 211832 27
25712214 132323 39
25712792 396895 18
25714857 222336 61
25718434 41515 23
25719686 14555 20
25719769 5748 90
25719880 92198 15
25719979 460251 48
25720069 78774 73
25720135 166626 12
25720308 18045 95
25720497 118312 76
25720517 284144 88
25720587 420073 2
25720593 327667 33
25720681 299643 92
25720715 381839 33
25720726 66148 38
25722098 133512 23
25722691 61752 95
25723861 723155 65
25723919 355577 47
25724079 646133 75
25724961 305515 33
25726639 145543 48
25726854 70616 4
25727016 93116 86
25727025 51278 50
25727881 267323 3
25727912 15542 92
25728315 339675 76
25625088 444509 74
25728744 93763 4
25728960 102227 73
25728994 51075 59
25729094 621310 63
25729172 6514 37
25729330 97967 71
25729350 842555 76
25729367 341133 51
25730160 98437 48
25730174 226588 1
25730531 172287 94
25730726 361646 8
25732335 249912 11
25732716 65891 93
25732763 230942 19
25736098 51649 36
25736165 324174 95
25736475 125121 73
25737224 16954 72
25737826 292923 48
25737849 829997 60
25739018 130089 4
25740117 340671 8
25740717 287828 17
25740791 391204 24
25740846 456341 90
25740858 213788 17
25740900 339967 26
25740910 94892 35
25742923 130949 60
25743399 52565 41
25517265 51718 6
25744967 94441 94
25517290 20945 93
25745028 248910 60
25745589 613374 9
25745653 499885 83
25746363 52443 76
25746376 75544 62
25746391 122644 58
25746402 181904 44
25746417 137390 83
25746468 225051 63
25746511 98990 88
25746522 142164 64
25746527 17122 32
25746561 87869 28
25746587 112353 12
25746610 252442 12
25746626 452906 7
25746666 97968 66
25746683 144659 26
25746730 118498 72
25746778 77299 65
25746799 2051 86
25746829 145641 2
25746868 189083 14
25747549 34012 55
25748455 94379 61
25751942 131519 22
25762569 181815 28
25765974 238997 17
25767872 220047 41
25772402 97775 58
25777896 963659 70
25778530 226967 86
25778629 24215 11
25778797 102720 13
25778819 905409 13
25778829 31451 17
25778836 95588 98
25778869 350157 23
25778983 110659 55
25780080 325279 13
25780302 145106 65
25780788 342104 88
25785305 339199 18
25785593 604127 64
25788345 1089237 99
25788406 329358 42
25789545 218112 68
25789884 39812 17
25789941 129066 25
25790004 201934 8
25796551 832596 15
25796611 1741341 89
25796710 21890 61
25796729 138693 46
25796760 416393 49
25796888 161423 95
25796903 161418 73
25797097 161376 62
25797151 9519 30
25797337 421952 100
25797384 9854 11
25797416 161359 86
25797432 394806 50
25797444 344329 47
25797508 699189 89
25797532 867739 15
25797641 542638 64
25797653 92190 10
25798040 219108 94
25798131 226083 55
25798195 35627 86
25798264 8613 10
25798453 226736 60
25798678 259815 84
25799221 89891 91
25801424 12103 75
25801449 329134 48
25801469 428960 66
25801522 539310 16
25801589 852853 73
25801623 266066 28
25801670 98089 56
25801840 782949 37
25801855 468523 24
25801885 213157 64
25801971 136229 74
25801978 554805 69
25801993 882825 51
25802174 60455 15
25803229 207674 12
25804856 51275 3
25805207 78274 15
25806381 350409 22
25807483 105229 9
25807533 41906 15
25807641 303181 47
25807860 989719 31
25808007 97671 12
25808670 462428 57
25808686 101887 6
25809610 56237 83
25814882 9623 6
25817401 54314 24
25817753 246686 52
25818630 123298 47
25819051 333406 13
25819115 70132 74
25819170 445273 21
25819178 1932 91
25819205 298977 45
25819260 235554 39
25819268 361082 94
25819402 129759 8
25819428 50641 7
25819452 215184 59
25819207 350302 57
25819488 867410 51
25819510 143678 12
25822177 79062 98
25822326 95844 92
25822974 218351 97
25825583 466085 81
25826372 146505 72
25827058 14556 46
25827825 23656 37
25828686 23549 15
25830912 864661 54
25833111 109953 39
25834134 82873 10
25835741 333610 45
25835856 487977 76
25836252 29136 11
25836261 342010 42
25837046 361465 3
25837677 99705 82
25837791 189374 54
25838245 362660 38
25839652 363621 62
25843063 249889 61
25846110 338364 93
25846110 215666 83
25847511 281986 23
25849077 77552 86
25849663 29254 13
25850766 109557 66
25853009 26882 13
25854787 824028 61
25859754 19420 63
25859764 2052 3
25860763 26573 28
25863906 26674 73
25864496 99250 85
25864692 5574 1
25864692 299424 35
25865263 215090 13
25867776 249861 41
25868905 365527 61
25872103 505652 77
25881102 46897 65
25886950 99638 17
25902833 92825 74
25905310 56614 52
25905320 929854 35
25905329 38611 32
25905358 214916 81
25905367 83568 24
25905372 65892 21
25905389 65893 89
25905407 100174 78
25906388 5469 56
25906530 342606 98
25906538 207413 26
25907211 357763 9
25908690 330443 8
25909025 391104 50
25585600 503682 15
25910140 58039 49
25910345 346920 14
25910759 34875 54
25911146 338948 46
25911565 218065 29
25911675 49392 63
25912107 323562 36
25912193 44178 15
25912288 328585 55
25912555 43100 52
25912751 43950 56
25912850 52395 4
25912914 51187 74
25912947 333747 30
25912980 1248774 55
25913164 99116 75
25913291 339672 76
25913385 204038 12
25913495 157427 41
25913530 503681 25
25913539 916073 60
25913613 52189 62
25913642 30991 12
25913676 43894 65
25913700 11470 73
25913722 52774 24
25913774 40038 32
25913834 43409 11
25913843 320962 69
25913996 142065 1
25914133 64945 10
25914270 344610 61
25914304 54660 96
25914334 219826 63
25913702 318375 76
25914600 42323 36
25914639 104829 3
25914687 92138 94
25914772 78076 70
25915026 1027367 47
25915137 38439 21
25915306 15333 81
25915380 37582 100
25915425 42805 89
25915600 369500 43
25915894 80303 28
25916123 54826 30
25916215 216388 25
25916279 1372345 4
25916286 180683 53
25916294 35463 37
25916307 99774 26
25914336 109558 29
25916347 54269 26
25916355 44907 91
25916405 176863 97
25916772 26981 5
25916891 27082 80
25916923 182166 65
25916957 7121 17
25917544 109598 79
25917570 503442 36
25917584 101072 59
25917891 115808 61
25918044 157139 97
25918183 5465 61
25919102 112010 74
25919569 345202 84
25919799 177173 30
25919830 63824 72
25919841 93596 84
25919863 407821 15
25920069 552813 25
25929169 321766 48
25932524 20727 76
25933495 392673 37
25933757 651802 86
25933771 215089 60
25937264 27279 38
25939609 99523 98
25940523 1042785 36
25941132 136677 22
25943643 323327 36
25943801 124797 53
25944197 55532 15
25944268 339406 67
25944274 713788 89
25944659 174404 33
25474041 473386 42
25945521 99703 62
25946293 99899 9
25946520 36136 85
25946603 201889 71
25946609 251760 43
25946700 100612 18
25946716 133581 55
25947049 199288 74
25947090 743917 52
25765976 27374 38
25947380 101897 37
25947595 187404 87
25947745 159309 22
25947858 121957 65
25947911 50847 27
25948000 39645 17
25948223 25134 79
25948427 229904 70
25948558 285750 88
25948622 353762 88
25948700 52837 83
25948752 101824 90
25948810 207675 73
25950449 263435 62
25950465 51072 67
25950746 426818 65
25950812 626250 48
25950834 140104 91
25959582 803747 89
25959696 612418 3
25959732 72968 80
25960266 214201 10
25960474 332250 54
25964452 152252 25
25964466 41923 4
25964478 293393 18
25964514 136773 42
25964628 52187 38
25964681 393842 46
25964764 94804 8
25964992 340530 35
25965155 783503 61
25965182 330019 69
25965208 207959 74
25965258 127306 8
25965485 1489902 47
25965493 100865 32
25965518 98894 3
25965570 227444 94
25965596 124601 64
25965652 235886 28
25965665 190414 33
25965710 99583 66
25965885 233355 92
25965938 218350 42
25966022 543655 67
25966277 351435 13
25966312 209342 34
25969707 901983 32
25970082 38064 77
25970121 97604 9
25970303 51716 88
25970562 1488841 55
25971321 339734 99
25971346 99522 36
25976539 1005203 9
25976868 323633 72
25977624 109296 9
25980410 296843 11
25980782 146557 22
25981102 344720 20
25992741 423315 51
25992763 323778 29
25992778 330627 49
25992823 108200 77
25995834 9026 26
25995854 54017 30
26003665 142932 20
26013505 112009 39
26014395 230921 59
26014413 56115 36
26014423 246283 30
26014433 251737 25
26014601 110915 10
26017534 507776 93
26019006 179738 79
26022965 881164 63
26032309 336221 67
26032316 10545 43
26032347 225522 15
26032630 94296 7
26032696 70843 12
26032699 67339 4
26032736 476784 51
26032757 64541 30
26032818 795334 33
26032872 342605 54
26032916 256121 64
26032923 1623 69
26032936 31716 70
26032953 135339 98
26033035 36179 85
26033057 249692 10
26033064 135244 37
26033085 194014 37
26033124 280820 31
26033141 49351 99
26035603 249624 96
26036403 70879 12
26040625 337888 1
26040988 109243 58
26042846 249923 70
4999668 56740 15
26043442 154625 68
26043590 226591 52
26043725 339004 37
26043881 391819 50
26043945 56927 26
26044051 76810 12
26044205 48890 11
26044414 551986 14
26044433 328780 91
26044696 46219 7
26044853 149326 83
26045255 291989 11
26046657 195704 44
26047191 86649 67
26047355 251763 71
26048482 322356 22
26049355 73866 93
26052071 53430 41
26052120 37581 7
26052729 36838 83
26055263 146221 33
26055429 267196 22
26055438 53045 85
26055572 435396 1
26055584 599587 19
26055869 72776 99
26058946 626334 85
26061700 91465 66
26061775 1405 34
26061798 37409 33
26063008 72676 46
26063140 267604 75
26063218 759697 32
26064063 939562 100
25554111 90056 28
26064727 764554 71
26071329 584026 80
26071708 342186 45
26072789 405085 5
26072844 194015 75
26072919 46122 14
26072956 146084 77
26076465 612428 16
26076859 96930 69
26077236 417049 95
26077942 212969 82
26077987 215260 82
25517252 220554 39
26079448 131166 37
26079515 112011 93
26079993 36765 3
26083629 295621 26
26083635 87215 86
26086266 341221 80
26086587 328730 36
26087652 430299 88
26087794 358425 10
26087897 56780 10
26087908 60599 53
26087995 391402 82
26088016 21879 45
26088043 307798 47
26088088 277547 88
26088108 53044 1
26089860 100679 36
26089875 41133 47
26090926 390357 59
26091070 51909 74
26091330 199936 60
26091401 66290 40
26091505 392961 73
26093094 226290 84
26098664 104232 31
26098685 98992 83
26098745 461364 84
26099214 658704 87
25890561 6968 75
26099310 333654 11
26100291 95426 50
26101077 139148 2
26101531 65894 10
26101931 54585 6
26102259 489053 2
26103442 249930 84
26103497 280821 83
26103507 41132 13
26103545 415691 90
26105191 218906 87
26107345 235254 8
25788347 87261 65
26107745 295676 36
26107887 333746 1
26110018 196282 61
26110065 440773 58
26110089 1634 70
26112714 37454 69
26112834 199398 65
26112931 93320 36
25605443 485199 45
9737520 261555 69
26114346 223003 31
26112716 541679 7
26115380 193974 1
26116440 322674 75
26116468 43403 75
26116587 582470 4
26116717 220312 49
26116869 222331 48
26118092 47118 48
25933759 16634 11
26118230 462925 16
26118401 137994 53
26118552 10348 71
26118789 383367 14
26118794 261454 35
26118942 50516 44
26119053 893059 79
26119212 144080 46
26119470 37782 99
26119629 19421 1
26119687 493379 45
26119752 42697 42
26119995 168953 71
26120389 556219 79
26121527 57093 32
26121541 98440 20
26121621 58042 3
26121674 201912 95
25919571 178964 47
26122442 108582 9
26122870 204497 72
25919843 349145 87
25919865 275751 12
26123350 24304 40
26123362 30814 86
26123821 98090 13
25920071 609149 73
26125402 189402 81
26129792 7593 52
26130558 218292 29
26130581 94515 34
26130613 58553 90
26130648 81079 43
26130658 99244 8
26130693 399384 86
26130718 8729 25
26130753 52916 65
26130768 1183336 46
26130789 38601 85
26130803 41178 97
26130836 63457 91
26130868 109460 1
26131871 84824 25
26132120 12655 28
26132265 358953 5
26132547 428797 38
26133956 164479 23
26136685 189254 36
26136916 19419 43
26137009 141995 5
26140048 97849 97
26144578 224122 63
26145260 39567 33
26147585 338947 30
26149431 332062 18
26149692 190194 8
26149959 179329 37
26150360 865878 67
26150492 118269 76
4946814 98091 57
26157609 54559 97
26157956 43834 24
26158515 285621 64
26159239 333748 36
26160769 236712 39
26123823 323504 6
26161751 768270 64
26161822 44159 16
26162942 98162 31
26163073 20887 53
26164409 453068 92
26164463 103864 16
26165347 386002 59
26165612 194270 22
26165626 527714 16
26165637 43717 72
26166215 100561 90
26166322 93663 19
26166531 221258 92
26168110 217566 53
26168811 111874 94
26168835 50508 22
26169083 343397 43
26170010 96767 55
26172576 25483 11
26173601 201264 43
26174040 236759 10
26175416 513057 21
26175572 316575 58
26175828 268636 46
26175851 118064 74
26175958 406246 22
26176008 173144 58
26177256 16182 68
26177282 736687 47
26177443 22249 67
26177644 37672 44
26178538 507809 94
26179262 104821 87
26179314 54415 7
26179479 1034791 25
26179826 334563 60
26179884 251698 38
26179922 470029 49
26180000 226593 67
26181359 83547 21
26181369 201295 63
26181409 276324 6
26181477 121135 91
26182442 552679 65
26182457 37294 63
26182987 331026 66
26183737 231509 85
26184050 100133 58
26184895 219573 59
26184967 350851 32
26185822 95098 1
26186491 602274 92
26186663 54186 74
26188050 659232 84
26188518 346564 58
26188868 102299 50
26190365 881533 17
26191069 104607 12
26192345 507859 48
26192516 97411 58
26193037 52190 46
26193739 827715 84
26193752 149714 19
26194665 261451 57
26194790 32026 70
26194800 23040 38
26194840 27081 33
26194864 828847 92
26195861 497290 94
26196275 821099 81
26196496 78211 29
26196516 485057 74
26196808 271450 98
26197442 94105 97
26199167 187513 27
25659217 171548 86
26200553 25028 57
26200707 27186 35
26200854 102223 98
26200875 1401 46
26201026 507794 37
26201766 224513 56
26202184 582480 12
26202269 11331 28
26202368 186206 3
26202736 35963 92
26202758 296411 38
26202766 17882 84
26202962 109559 6
26203119 329221 80
26203251 131449 89
26203893 190662 52
25541179 80044 21
26205606 159430 42
26208357 100356 16
26208376 226733 47
26208381 148599 58
26208393 413231 98
26208404 193261 12
26208417 295146 90
26208465 536794 66
26208513 295527 79
26209690 659890 89
26209846 70121 38
26210427 325408 88
26210982 22485 12
26212539 322839 31
26212663 10440 70
9731607 53645 21
9731636 164118 77
26213113 498756 75
26213203 131781 48
26213820 340762 59
26214321 323991 27
26215098 754170 85
26215450 91342 61
26215497 152889 94
26215825 673062 78
26215942 54016 25
26215962 104678 58
26216096 95893 56
25482260 99466 44
25539739 338367 52
26219282 290225 95
26220332 363171 58
25539751 27489 17
26222198 395220 87
26223237 99634 61
26225703 31362 43
26226582 99582 45
26229486 406147 20
26013460 142277 56
26233227 152776 67
26235251 131049 13
26237133 13193 27
26237176 487879 92
26238877 463421 24
26241524 338437 4
26243645 895165 21
26243664 121586 72
26246311 134679 75
26246315 79193 78
26246847 236431 82
26247899 149816 44
26248091 52723 100
26250905 316509 35
26250937 355576 47
26253298 1607 34
26254304 308684 49
26254780 206621 32
26254815 621337 13
26255565 53603 45
26256025 41919 76
26256062 395955 45
26257637 53604 32
26257779 204540 47
26260321 276394 76
26261191 343621 40
25595308 293979 22
26262968 95193 65
26262997 126730 9
26119214 163368 73
26264413 86005 82
26264488 295965 78
26264548 51831 95
26264792 11831 47
26264800 291741 84
26264804 83634 73
26264816 112012 58
26266940 97704 41
26267145 785223 77
26267150 217287 92
26267508 344215 40
26268129 52146 79
26268206 216027 99
26268236 36589 96
26269569 339008 24
26269601 430714 87
26272295 102870 55
26276200 332711 50
26276400 1314486 46
26276419 135379 64
26276426 324697 4
26276811 9158 52
26276819 295494 72
26278024 95895 79
26279245 35921 27
26279563 246644 4
26280903 333948 24
25536925 12453 54
26282164 13587 39
26283326 907401 41
26284348 395221 59
26284402 47642 22
26284410 95948 69
26284473 17878 64
26287102 293978 50
26287418 365696 62
26288682 207244 52
26289798 233431 40
26289927 51910 75
26290594 165133 42
26291132 73819 93
26292137 188217 31
26292176 132182 62
26292199 335394 53
26295168 765060 62
26295282 311572 45
26295305 345851 3
26297151 1311632 73
26297868 99519 16
26298731 98378 78
26300752 102667 49
26300802 79987 9
26303070 271664 72
26304306 218185 30
26306481 213164 1
26308135 193101 1
26309751 325607 70
26310114 186884 9
26311940 98798 1
26312372 71288 38
26013507 485052 27
26313694 2142 84
26313859 36588 87
26317056 99900 46
26317068 620595 72
26317474 94643 78
26317922 106431 56
26318079 901052 5
26318313 831766 60
26318329 52570 22
26318610 50632 14
26318836 52722 31
26319130 400123 83
26319144 893149 62
26319629 351861 36
25702296 276008 20
26321816 632212 21
26323165 111157 46
26326284 624964 90
26326634 52563 72
26329373 218436 47
26333143 328942 32
26333318 276154 30
26333756 50963 41
26338686 519657 80
26340698 25365 14
26341289 493380 62
26345968 530842 43
26346663 697261 39
26350186 22247 86
26350540 94164 10
26351175 443337 46
26351183 158181 83
26351527 41409 64
26351551 581503 93
26351566 197794 72
26351578 276393 62
26351674 744938 90
26351692 275621 47
26351777 652252 66
26352313 274622 22
26352321 322840 31
26352329 326270 25
26352336 500045 23
26352412 493376 82
26352420 330373 28
26352605 157929 87
26352684 272199 4
26352691 340477 33
26352706 161358 99
26352758 215318 94
26352775 1073671 16
26353204 25250 46
26353881 104404 64
26356802 177132 68
26357388 148382 51
26358839 223921 29
26359331 180223 93
26361292 874028 76
26361787 290980 80
26362216 577576 86
26362401 584033 21
26362916 507833 41
26363195 94747 84
26364066 255374 57
26364104 88202 99
26364360 216474 54
26364756 219932 58
26365442 144989 20
26366174 334392 87
26366284 164078 61
26366294 109520 37
26366631 120808 89
26366866 76850 35
26366917 198874 45
26367059 51524 100
26367352 23655 12
25601134 200309 53
26367744 88062 87
25571043 97203 34
26369271 43893 69
26369798 55684 62
26369840 95947 92
26369907 356974 27
26370497 187524 70
26370711 218719 67
26370772 98797 18
26371006 672299 13
26371186 248601 42
26371327 220048 79
26371849 409740 13
26373710 201657 82
26374149 11209 2
26374233 153674 8
26374488 103865 78
26377182 345401 100
26379835 324799 75
26381215 620537 87
26381735 336755 10
26382215 50642 35
26383188 114870 61
26384619 318824 38
26385439 141979 34
26387404 56469 18
26387590 122363 16
26389473 637624 49
26389836 94748 23
26389936 93664 9
26391061 1305231 73
26391633 123905 25
26392421 51775 92
26393224 135706 92
26393258 627521 16
26393590 96101 83
26393807 293444 51
26394105 313932 37
26395784 755999 91
26396097 98038 82
26397765 77366 40
26397987 96047 1
26398772 239805 18
26400528 316966 69
26028833 38791 67
26028765 312584 90
26401822 901051 77
26403672 282560 55
26405678 123141 85
26408127 93490 30
26409886 884143 54
26409993 339405 57
26410002 121324 93
26410135 329459 20
26410164 50393 95
26410191 150245 50
26410234 257077 90
26410558 297153 12
25595555 86095 10
26410925 51996 75
26411927 388788 97
26412089 351860 31
26414278 739703 5
26414589 2050 89
26414899 213505 65
26416166 528891 14
26416209 188490 98
26416621 83931 78
26416831 84857 1
26417249 259950 6
26417897 196376 15
26418768 327306 50
26418812 85429 19
26420138 327305 1
26422736 328833 78
26422789 260843 56
26423737 342871 92
26425018 149455 29
26425177 17883 25
26426110 149406 70
26426681 294887 12
25528747 119945 43
26427680 99840 51
26428916 53048 5
26432834 219572 26
26433347 363670 83
26433362 107619 8
26433442 21657 59
26433509 213276 61
26433591 65644 61
26433802 674552 1
25863122 310730 42
25619644 874198 17
26437787 130283 96
25610847 144277 26
26437857 212530 22
26437927 1408 49
26437943 248043 37
26438029 268828 41
26439316 137996 70
26439783 241085 67
26440976 53403 83
26441924 201583 69
26443514 298106 83
26444624 878565 52
26444941 51076 45
26444980 99640 51
26445002 62851 71
26445082 505679 50
25739070 170198 59
26445968 370109 18
26447721 251545 72
26450705 345149 72
26450722 29369 38
26450773 54406 80
26450782 29638 17
26013493 352730 23
26452642 199766 75
25528700 220615 7
26458362 1339 8
26461265 91464 16
26461883 112148 78
26462041 483048 88
26462942 500884 98
26463637 142031 14
26465323 54827 2
26470047 16409 87
26470117 51519 88
26471426 307464 59
26472749 98320 28
26392702 119640 63
26473821 141974 40
26475384 320383 48
26475401 323468 4
26016723 52725 36
26477022 136004 32
26477639 103941 21
25607200 341363 17
26481610 216889 86
25587513 189492 35
26484566 109361 34
26486262 42322 90
26486602 53112 84
26487313 219723 25
26487383 230461 8
26494584 5393 70
25621654 348489 5
26498507 607514 57
26499830 831 32
26500522 207621 85
26500539 228940 66
26500573 96438 25
26500626 52566 47
26500635 112083 14
26500662 11712 2
26500722 62320 79
26500763 105326 76
26500780 1631 30
26501157 2856 91
26501208 252943 64
26504337 216026 69
26505514 121189 85
26507103 48887 77
26508917 612421 10
26526816 104463 53
25790555 1009967 95
26532112 102297 45
26547340 171917 10
26548290 651770 1
26560864 360804 90
26561509 316790 26
26561529 243663 43
26561846 562297 40
26561880 243827 71
26561920 42551 14
26568472 37361 92
26569981 100560 1
26586204 445641 11
26590735 94446 86
26591827 124798 58
26592158 529455 69
26592701 152377 59
26593239 52923 34
26593259 1516 99
26594657 502911 29
26595030 201856 92
26595400 201816 78
26597508 229972 93
26612917 108226 83
26641840 51079 68
26645211 278712 84
26645903 338860 36
26646022 218291 61
26647420 109422 7
26653829 363584 57
26653829 280773 88
26657938 237960 76
26661037 289323 37
26671773 233106 90
26673885 222178 90
26674100 54792 30
26675017 104948 3
25652761 475107 90
26678842 322613 52
26683006 52832 16
26695178 691498 64
26698083 249770 70
26703722 319682 47
26704417 19587 48
26713166 298074 34
26713180 223258 92
26713294 260541 69
26713339 99992 65
26713442 65259 24
26714020 75957 10
26714163 38525 72
26714182 105378 10
26714195 54866 29
26714204 5251 97
26714249 80893 90
26714426 58289 13
26714511 238003 78
26714761 74792 71
26719516 63609 38
26719690 43804 78
26722591 51833 89
26725867 358958 5
26726080 859873 10
26726095 215891 61
26726473 53373 81
26726502 85430 78
26726668 385926 19
26726719 111506 43
26726787 195505 37
26726839 526738 10
26726847 139146 79
26726908 1002 91
26726916 265311 60
26726929 142724 27
26726936 186118 15
26726955 430834 95
26726962 84327 92
26726998 227326 27
26727045 862267 74
26727061 442421 26
26731469 40834 88
26732146 50850 46
26732160 31450 46
26732315 1404 30
26732401 105228 65
26732477 186737 47
26733273 54271 2
26733331 654 41
26737905 255429 23
26737946 92648 92
26738017 303209 96
26738547 376169 99
26738553 95375 38
26738637 5342 29
26738940 99941 92
26739002 344516 12
26739024 879260 50
26739053 308655 60
26739157 36680 50
26739336 643362 58
26739500 331073 34
26739597 187505 3
26739838 73937 79
26741031 146736 55
26741101 35679 84
26742016 48506 15
26742025 60040 78
26742044 128473 8
26744528 961052 12
26744570 337267 82
26744680 831730 53
26746537 53520 34
26747369 265418 3
26747442 21100 71
26747470 246537 49
26747990 48009 65
26748322 176652 85
26748995 51594 51
26749092 367521 12
26750344 19011 4
26750353 36767 60
26753041 1515 72
26757057 110095 51
26762332 98597 93
26764781 343902 32
26764832 478401 63
26764863 451865 57
26764870 85355 53
26764883 213789 28
26772091 37238 47
26772631 192373 65
26777244 672742 26
26779706 42616 13
26780205 134253 38
26782673 330581 57
26784521 349774 18
26784621 101166 52
26784751 330818 74
26784893 226498 31
26786417 220555 92
26786681 149474 34
26789996 124729 5
26790025 247642 56
26790040 525080 36
26792235 30524 11
26794172 152826 55
26795627 67174 90
26796368 401793 56
26799518 314364 31
26804351 144987 70
26804409 407822 1
26804934 53242 98
26804946 740841 22
26806096 248621 99
26810455 423710 99
26811022 364152 14
26812232 76395 22
26814234 937114 2
26816670 227465 34
26817295 220722 60
26843360 358957 75
26860222 141977 22
26863908 361168 24
26864164 493383 41
26864164 94516 17
26864191 387913 25
26864922 389830 48
26865591 50846 74
26865704 572787 39
26865732 186701 35
26865753 209912 9
26867031 308643 66
26867194 196550 98
26868115 22824 43
26868684 46497 42
26877796 101649 1
26878156 202483 100
26881199 150755 42
26881378 29727 77
26882112 209388 43
26882129 312671 40
26882485 102350 18
25528475 336190 10
25534924 96336 94
26886138 104229 12
26886166 22826 92
26886181 553440 62
26886214 549879 11
26886221 247334 36
26886237 96570 88
26886244 95103 76
26886277 135079 38
26886303 178308 29
26886318 19415 43
26886352 1109958 3
26886381 287360 57
26886388 105965 58
26886401 156941 100
26886524 1394 86
26887126 355631 24
26887303 75157 17
26887514 67461 3
26887522 320856 90
26887895 654165 86
26888056 90010 22
26889937 58968 7
26890107 1630 75
26890225 56308 92
26890449 687554 34
26890495 22782 2
26890717 37362 5
26890881 435420 58
26891355 22248 20
26891441 263436 16
26892685 112305 71
26892719 416172 3
26892872 5597 100
26897723 126598 79
26844148 318508 14
26903509 138391 33
26903935 862062 51
26904217 143932 12
26910809 248536 47
26918938 94588 63
26919399 50034 71
25606078 193147 65
26923452 1017561 79
26925563 218114 87
26926631 225050 70
26926720 343396 74
26926751 287247 67
26927144 98720 32
26929578 157928 6
26929849 203404 65
26929962 41925 69
26931026 181901 31
26931348 40953 90
26932725 43324 90
26937493 54618 75
26941594 27187 7
26941664 141377 25
26941692 36679 73
26941701 168670 24
26942467 324240 34
26942528 36140 85
26942657 60116 28
26942704 43033 11
26942714 6832 4
26942989 55816 11
26948828 156940 60
26948885 213367 89
26949058 334562 30
26949313 96482 100
26949458 47366 91
26949546 41910 59
26955378 545420 24
26955842 56033 89
26955948 230856 2
26957368 736958 25
26957581 332573 31
26957727 345588 23
26495890 97670 99
26966574 288091 49
26967466 370216 56
26967647 11586 18
26970619 243994 24
26970649 265798 14
26970790 202358 85
26970820 677079 44
26982543 218235 4
26983022 261788 94
26984285 91379 57
26984311 97808 71
26984832 108524 40
26990298 340670 56
26992269 681815 68
26996128 31172 68
26998496 246536 73
27008214 231641 23
27011383 224515 36
27011489 261141 22
27011569 366695 8
27011609 36067 35
27011729 316453 42
27011838 164775 96
27011907 173901 16
27011943 173966 76
27011981 189310 15
27012050 6067 11
27021939 17124 85
27025317 51647 56
27028780 112245 8
27031099 106456 78
27031257 276592 30
27031623 75158 43
27031801 109743 48
27039134 44313 94
27039933 39293 82
27040108 39294 61
27040482 39298 3
27040722 221881 52
27042449 214371 43
27054934 385817 95
27056210 142862 52
27056257 98441 77
27056610 17120 92
27056688 37053 15
27056699 231113 71
27056762 216884 20
27056838 64126 39
27056860 105473 41
27056905 226888 32
27056935 51429 40
27056982 9726 80
27057433 333822 20
27057539 91103 52
27057548 47639 51
27057637 163884 52
27061358 43407 71
27062123 329680 72
27070453 365698 9
27071133 238362 40
27071171 224261 73
27071312 344676 46
27071415 95477 88
27071438 602409 51
27074584 365151 57
27079576 94288 27
27086238 145107 22
27086268 97127 60
27086610 324840 9
27086617 334665 11
27086632 829114 100
27086639 625241 4
27086675 63684 47
27086776 349982 17
27087625 232110 20
27087632 193217 31
27087675 139588 3
27087713 573868 95
27087752 17965 53
27087765 571365 44
27087813 314744 56
27088568 226497 83
27088577 157292 37
27088584 393563 61
27089079 330474 65
27089181 342726 33
27089860 92465 14
27090509 19418 40
27090514 277557 40
27092713 338369 49
27093706 24916 46
27093896 160657 34
27094146 51717 57
27096680 145765 85
27096686 76774 17
27098921 179794 72
27099219 11937 43
27099231 33574 50
27099256 25885 99
27099265 23911 79
27099294 28284 35
27099306 26161 58
27099312 68622 61
27099326 59890 19
27100398 322954 77
27100787 434486 30
27100820 43405 96
27100899 338529 52
27100922 65703 7
27101530 1443237 95
27101908 923722 35
27101917 446343 68
27101935 722019 16
27101980 226288 20
27102988 353529 11
27102997 417362 14
27103266 325203 95
27103273 6243 27
27103293 312773 38
27103300 1621 27
27103314 53309 44
27103320 332421 76
27103326 5795 98
27103805 98934 19
27104754 579153 28
27104844 98092 35
27104851 215182 7
27104907 160353 44
27105082 330444 37
27105187 369948 92
27105467 442887 85
27107904 1053388 1
27108111 22602 49
27108189 119556 61
27108424 816702 30
27108431 322787 14
27108439 160909 21
27108769 72377 8
27109315 1403 39
27109491 296280 54
27109941 51776 14
27109953 84325 92
27109964 117483 19
27109977 144230 24
27109996 121059 72
27110009 72775 22
27110015 189268 14
27110019 189168 61
27110616 48622 11
27111679 13086 5
27111729 62373 34
27111735 46551 5
27112764 209913 78
27112769 213506 24
27112843 1003 4
27113028 610285 53
27113624 188375 88
27115038 642477 19
27115898 56781 53
27115906 51277 14
27116062 147398 42
27116950 161118 95
27117429 470580 87
27117434 31081 86
27117440 5159 45
27117445 52568 85
27117589 372106 3
27117593 449794 58
27117597 1413 59
27117640 328835 41
27117647 2202661 26
27117702 277189 10
27117708 438817 1
27117713 496687 23
27117718 186724 66
27118839 631042 10
27118844 582710 82
27118849 681925 57
27119410 93768 12
27119653 575449 83
27119664 53518 6
27120282 212156 20
27121887 335602 41
27124020 62321 12
27133550 47365 55
27133571 213165 15
27133602 17123 76
27134616 356721 36
27134899 95155 49
27135153 129322 64
27135273 211750 18
27135309 95154 42
27133417 729545 24
27137634 94291 13
27162105 487947 64
27167113 332550 75
27169288 117555 49
27169575 102963 9
27186640 51069 13
27186873 87060 12
27187341 205643 22
27188110 45764 25
27188140 110315 65
27188567 77324 66
27189347 95422 80
27189535 25135 8
27189686 89888 16
27191153 50514 94
27199651 91906 25
27205234 361167 9
27207890 19586 71
27225249 403793 55
27228311 1193911 80
27236950 344998 70
27237520 40039 97
27237659 85001 80
27237989 163738 22
27238037 109692 40
27238089 132685 55
27239262 78335 54
27239455 121112 4
27249358 91891 1
27254945 200308 87
27255623 30716 33
27272107 106407 37
27274905 218532 78
27274912 5394 84
27275135 233078 5
27275171 77957 40
27277532 100354 45
27280855 23770 40
27281098 401242 91
27281412 119839 8
27281493 170839 80
27301681 5463 41
27301688 137823 21
27301867 226965 18
27301981 51077 22
27302159 151493 100
27306493 170879 29
27308927 346740 88
27309500 424319 31
27309541 319356 27
27309657 328908 68
27309707 369353 70
27309789 330650 52
27309829 554417 11
27309843 224128 41
27309924 353158 58
27309959 99584 12
27310042 95668 79
27310050 9725 89
27310094 152411 18
27310185 139046 58
27310193 307045 36
27310219 103482 22
27087815 578078 10
27310568 5468 67
27310933 364584 55
27308904 17051 28
27087754 105527 1
27312321 95716 4
27313320 392813 20
25693363 322284 94
27317491 221493 38
27317532 52840 8
27317587 237895 12
27320690 51643 8
27323506 45959 43
27333040 97847 56
27333497 506635 19
27350680 219934 66
27354160 36479 68
27357295 342009 70
27357348 11210 20
27357476 451723 27
27357521 389158 16
27357671 348516 79
27357767 35962 81
27357819 322951 70
27357478 105379 78
27358322 85522 68
27358431 30717 49
27358743 54014 14
27358864 5462 23
27359264 279463 52
27359273 231964 14
27359296 62878 96
27359336 54189 89
27359364 324498 48
27359953 110840 45
27359966 32118 30
27360661 54973 61
27361300 54560 79
27361382 136678 30
27361408 1198618 59
27361504 608579 24
27361906 51361 62
27362134 76047 24
27362700 36005 31
27362734 52666 83
27363219 1029416 85
27364293 36989 55
27364949 351808 51
27365049 119438 39
27375488 340600 36
27382078 124625 71
27382124 46359 96
27382179 364504 96
27382186 79015 38
27382222 1136801 79
27383452 581863 92
27385343 349251 36
27386726 702189 30
27386817 740388 46
27386914 43689 12
27387212 221210 73
27388566 227038 59
27396168 51834 79
27399848 441525 73
27400590 278847 84
27400776 117044 40
27400853 76396 76
27401100 31829 15
27401262 28178 28
22483915 961614 86
27405415 27884 6
27423859 24810 28
27424853 218119 74
27429850 54527 43
27436089 577914 33
27437044 40952 28
27437158 224308 77
27446096 621384 29
27450064 332122 31
27461597 40040 37
27462027 75546 92
27462649 68705 19
26193173 5161 30
27473001 671051 41
27476139 164839 35
27477581 102040 74
27477609 613335 80
27477962 346486 23
27519107 386066 61
27521754 383707 37
27530043 1213020 96
27530058 333016 99
27530412 253286 3
27530419 440642 30
27531502 418104 45
27534211 867486 40
27538121 221303 95
27538301 54483 59
27538331 77739 75
27538354 57066 96
27540992 177027 21
27547337 155436 66
27551950 154403 73
27551957 105418 3
27551963 234767 12
27551971 119009 50
27552483 7806 4
27552910 299764 7
27554746 525618 15
27563844 31259 48
27563958 514420 51
27568914 2765 79
27568920 146381 46
27568926 940258 93
27568932 163481 44
27568960 186151 4
27568971 99329 100
27573109 58369 4
27587676 639225 43
27588453 93767 43
27588467 53974 53
27588803 51905 19
27589480 54865 59
27589480 97743 81
27593982 29036 74
27604869 336159 49
27604874 249565 32
27604903 220670 3
27604908 101773 35
27604926 72380 97
27604931 72375 15
27604936 369673 87
27604941 274624 59
27604946 104318 13
27604951 134384 49
27604956 112766 95
27604961 170776 28
27604966 105278 5
27604971 272747 74
27604976 84112 55
27604981 72843 27
27605006 98041 55
27605057 101381 79
27605074 352627 35
27605074 424245 68
27605150 307580 36
27605168 172689 57
27605183 325865 58
27605188 280588 37
27605203 518999 19
27605212 137091 40
27605224 130350 37
27607085 401353 96
27607801 216939 54
27607820 96241 39
27608704 550698 6
27614484 469385 85
27614490 276368 27
27615280 103447 49
27616620 402991 37
27616625 98719 43
27618528 107878 34
27618533 401993 100
27620132 142976 30
27620137 444963 43
27620211 109956 71
27620341 89007 84
27620553 317342 21
27621708 42274 71
27621832 723394 18
27621837 225326 88
27622008 578895 46
27622448 107816 84
27622478 181952 45
27622500 340407 95
27622513 291056 16
27623782 638552 67
27623787 98276 24
27624597 79928 31
27626383 18440 92
27634181 91428 6
27635889 334912 4
27653109 219479 55
27653125 872212 48
27654179 308663 3
27657125 62880 46
27657611 49102 82
27658787 49453 29
27658816 403728 21
27658871 96571 6
27659016 51430 83
27659993 305811 82
27660036 72284 31
27660397 36474 71
27660518 50033 92
27660741 100270 78
27661105 144456 89
27663019 92718 75
27664821 85493 31
27690117 14967 52
27690232 597428 14
27690265 14801 71
27690379 79283 45
27690705 107610 22
27692104 78186 18
27693346 8614 18
27693379 500310 72
27695121 500717 6
27695160 353551 30
26108103 310851 56
27698012 190353 10
26063010 252341 73
25823672 48669 60
27707370 142914 17
27709465 104224 88
27709585 22250 88
27709719 54526 56
27710577 5543 84
27710592 52838 90
27710614 83928 62
27710622 18888 87
27710630 340763 18
27710736 67999 45
27710778 83737 61
27710785 468936 4
27710793 493364 18
27710809 397001 99
27712185 295918 10
27714357 109099 52
27718080 604200 39
27605029 7805 75
27718098 328836 91
27718105 676001 17
27718145 765034 85
27718173 6967 41
27718191 299079 68
27718197 314050 31
27718230 161406 79
27718254 161393 79
27718266 39345 1
27718318 109136 59
27718324 101490 18
27718342 127329 97
27718361 142972 44
27718396 365528 89
27718498 626370 41
27719325 174013 7
27720266 21168 99
27720323 987693 84
27721077 164414 99
27723138 275721 75
25697593 153107 73
27723911 53114 53
27729866 35869 94
27729899 376075 23
27734406 22469 87
25796553 168952 79
27734830 140022 37
27734830 360550 56
27735097 253506 21
27738054 384486 39
27738183 101774 64
27738367 66234 41
27738525 12224 74
27739419 313069 37
27739511 223920 20
27739670 63433 76
27739768 623849 2
27753143 39079 78
27754236 138393 48
27756260 358948 81
27765132 105189 43
27770287 53047 50
27770644 340758 94
27774059 373264 100
27774129 249707 48
27774777 28177 98
27775049 71955 83
27777545 305870 27
27777637 313488 97
27777757 530058 62
27777774 947047 78
27779939 155956 24
27780251 500374 7
27781183 203358 93
27781226 72285 18
27781761 139147 40
27786376 348874 11
27786408 52402 80
27794430 174582 49
27794656 98444 95
27794667 208330 45
27794742 218110 62
27795540 247392 9
27799187 189212 98
27799220 288536 72
27800663 480440 21
26901631 308723 44
27813291 215784 76
27813333 60164 47
27813485 864162 31
27813678 150039 30
27813836 224633 94
27814018 445147 28
27814060 225052 6
27814134 336722 53
27814404 100776 96
27814659 651676 20
27814685 110841 67
27815090 29823 40
27815125 36248 93
27815148 43643 99
27815184 116952 26
27815207 51431 27
27815241 28807 22
27815262 185072 8
27835120 7261 92
27835668 320267 99
27836306 568165 96
27837565 225049 9
27849931 100512 75
27850324 336994 53
27851143 5849 22
27855395 50088 96
27855615 41921 10
27855619 133348 57
27855623 104605 37
27856123 267484 49
27858601 336222 57
27859736 84856 11
27864146 77874 15
27864336 13194 50
27865112 699507 47
27866509 435450 93
27866527 51360 19
27866651 289288 54
27867302 48010 75
27867549 224632 19
27870880 126148 90
27870945 34561 2
27877144 341073 70
27622450 355111 69
27896481 54315 41
27900717 53973 40
27900791 141926 10
27911219 127229 25
27911323 23910 74
27911364 48889 6
27914621 660211 30
27921560 451847 93
27922313 336503 47
27926574 341266 22
27927668 43032 22
27940518 262045 42
27943675 364582 90
27943731 297209 16
27946786 52284 75
27948292 200961 87
27949194 164511 41
27951533 17050 42
26986404 104947 17
27954607 1402 69
27954637 207727 27
27604983 158522 99
27977216 110845 10
27977512 336586 16
27977685 443682 65
27977753 161796 67
27977815 17967 86
27977964 249370 54
27978266 867235 49
27978344 95476 54
27978358 196363 67
27978405 153672 42
27978672 51181 81
27979075 96823 92
27980355 146125 65
27981510 238540 91
27982737 273294 85
27982976 147167 91
27983091 144350 63
27983539 180780 25
27983957 592007 65
27984104 76285 26
27986263 502287 91
27986393 328834 28
27987178 46436 11
27988316 94891 73
25633800 7446 96
27999650 257215 33
28000321 174758 5
28002362 128627 36
28008466 761292 84
28009073 92349 65
28009289 201582 27
28012107 179588 55
28012223 216938 15
28013275 109741 64
28013381 177127 83
28014264 347275 58
28015911 249699 71
28017777 499841 10
28018036 290916 95
28018048 219936 18
28019032 120746 37
28019073 22169 77
27087703 8361 55
28020289 353764 13
28020697 302126 90
28022876 142624 15
28023567 35464 58
28023652 112617 58
28024536 21893 40
28025778 221741 90
28025825 46169 38
28025956 312624 89
28026309 790121 75
28026408 220544 34
25479215 93662 70
28026860 326800 38
28026874 157952 2
28026890 580659 91
28027037 621179 56
28027091 61751 62
28027114 94298 91
28027162 22251 59
28027250 132378 80
28027275 173571 24
28027312 197711 22
28027319 115157 83
28027328 100677 64
28027634 297380 42
28027698 554795 23
28027826 219249 4
28027910 121325 86
28028212 364998 38
28028276 278825 80
28028421 319302 23
28028642 52404 74
28028787 346628 50
28028867 1217156 35
28029446 221226 19
28029712 105187 49
28029754 327056 83
28029846 142570 11
28029868 132493 22
28029882 484370 24
28029899 53190 4
28029946 99469 26
28029975 396746 85
28030250 104065 27
28030436 168419 41
28030732 197434 5
28030843 1407 82
28030984 329915 28
28031225 84855 49
28031721 142276 64
28031975 108491 82
28032213 99039 17
28032257 94107 78
28032409 53548 24
28032767 237605 5
28032891 150640 54
28033662 51522 99
28033964 21713 66
28034340 243050 34
28034485 96827 36
28034502 271960 43
28034576 104530 28
28034653 93544 65
28034756 98442 66
28034813 146323 69
28034860 92099 36
28035111 98759 33
28035162 53245 53
28035330 117096 48
28035497 120406 18
28035570 311447 59
28035924 105860 36
28036346 56377 99
28036936 338371 84
28039295 45765 34
28039834 148093 19
28040255 17968 52
28040386 103861 25
28040559 284693 18
28040748 18476 20
26028847 192376 80
28052767 116944 86
28053115 345263 84
28055185 116945 32
28055552 110789 86
28056527 157312 91
28057142 416660 56
28057517 366605 64
28057634 132286 22
28058208 193339 83
28059172 72602 7
28059253 48130 79
28059309 44231 4
28060044 151366 33
28061237 62883 25
28061601 17126 32
28062937 138264 39
28063647 17121 71
28065251 102968 67
28067021 38891 97
28067212 653 9
28067223 11038 96
28067623 735322 29
28067630 218240 14
28067653 144724 15
28068163 50960 84
28068170 100905 10
28068194 229318 31
28068498 314344 92
28068590 893990 99
28068600 949434 37
28068636 493381 28
28068645 468765 75
28068660 80045 80
28068685 268806 18
28068690 363944 27
28068695 13475 55
28069783 343225 43
28069840 101893 15
28069914 109556 61
28070168 369672 19
28070440 160030 63
28070594 53644 12
28070632 452492 3
28073698 314780 97
28074161 340669 7
28074170 347343 48
28074593 692751 79
28074621 283554 62
28075753 12223 43
28075805 307295 91
28075971 129480 84
26267520 23007 24
28082424 36476 13
28083410 135340 35
28083661 5794 61
28088978 122484 41
28091791 345071 75
28092806 134124 75
28092816 34779 47
28097471 93237 76
28097610 225965 51
28097631 224060 21
28099254 65063 28
25528761 53049 13
28102611 8902 35
28103473 55259 21
28105393 179103 37
28105932 4412 61
28108150 14342 94
28120617 441056 46
28120627 325022 96
28121476 82054 62
28138186 23130 74
28140579 312775 58
28143958 213166 4
28150100 363241 62
28153742 48931 61
29394410 107608 72
29394738 98275 95
29395075 28385 46
29395701 93765 90
29396761 7951 30
29397480 125483 42
29398168 603787 14
29398192 163482 82
29398229 152146 95
29398297 729184 4
29398355 36218 19
29398596 1023317 2
29398671 96479 34
29398762 340672 52
29398920 117648 33
29399944 13085 31
29400958 79784 2
29401653 9289 85
29401767 67229 14
29402027 325609 69
29402071 42504 11
29402190 524081 36
29402513 46681 15
29402524 201485 57
29402615 51078 44
29403836 163239 73
29404020 56307 69
29404138 213275 54
29404694 329314 64
29404749 35961 61
29404789 19583 12
29404801 46167 61
29404809 65040 35
29404830 55923 99
29404843 144278 60
29404863 146805 3
29404868 22245 36
29404873 101602 59
29404887 346816 75
29404891 68554 49
29404900 76284 13
29404905 334000 43
29404928 670220 8
29404939 100733 51
29405067 104822 35
29405188 347382 6
29405191 863430 50
29405388 101444 21
29405535 110041 100
29405979 20836 75
29409201 18112 70
29409216 119440 94
29412145 46217 18
26899595 55626 59
29415504 362064 32
29415814 142424 68
29417171 10923 93
29417176 365968 68
29419574 93661 88
29421029 34446 47
29421153 759166 72
29421844 606519 75
29422126 1162888 20
29422579 224835 24
29423082 108201 60
29423175 57676 48
29424130 252908 6
29424132 14677 34
29424517 232010 60
29424525 42613 26
29424532 573977 81
29424614 889128 82
29426291 49225 22
29426323 568564 20
29427354 160736 31
29429383 177264 97
29429614 13925 53
29430135 103863 64
29432033 57951 33
29432679 295495 12
29433670 542367 65
29435234 73593 69
29437579 170047 52
29441805 62428 94
29441864 53496 4
29441953 205717 84
29442190 90600 65
29442388 225330 3
29442491 87760 38
29442546 101550 4
29445589 96710 85
29446233 523692 78
29448152 201181 45
29448818 363240 45
29449120 242203 69
29449591 179708 53
29449778 76283 11
29450123 82978 50
29450605 158897 54
29450704 66524 89
29451030 687060 61
29451816 64154 31
29452651 50958 52
28002364 26781 22
29452835 109955 36
29452845 50388 82
29453684 279574 92
29457055 606766 27
29459396 100358 38
29461134 144485 45
29461148 160655 92
29461779 344565 92
29464396 277764 37
29464427 611880 29
29472166 173213 33
29472871 285622 91
29474889 1201336 55
29475307 354664 35
29478956 262006 30
29480252 257150 98
29480262 1032757 39
29486901 35775 70
29490427 387077 45
29493497 99252 54
29493506 1659454 63
29495913 501440 34
29498173 678357 33
29500695 708470 66
29501345 86472 81
29504803 684482 48
29506498 84411 20
29506513 285563 47
29506627 267226 90
29461032 102533 13
29507767 99038 7
29507780 362061 66
29509438 143600 88
29511622 336721 96
29514139 91965 95
29521916 88039 38
29522034 293450 52
29523093 1312143 11
29523561 52865 61
29526826 105526 8
29528233 607424 92
29528768 127170 54
29529709 961434 82
29532305 1219045 76
29540434 538729 30
29541787 400828 33
29541973 171248 85
29542134 123885 33
29542208 215088 81
29542722 116950 68
29542733 222733 1
29545038 94295 26
29557360 328943 47
29558209 343327 23
29445591 325721 52
29566670 342011 75
29567427 542064 80
29572323 622554 72
29572385 344954 6
29573802 226496 31
29573823 237825 54
29575101 218294 86
29575661 333015 80
29576258 730363 54
29576536 264889 39
29576653 196389 17
29576830 101601 1
29580359 553948 9
29580666 8726 49
34483538 939247 11
34515939 101439 64
34585004 97571 23
34585020 344643 44
34589680 1253790 68
34597156 336758 75
34599487 332520 89
34606685 99251 85
34607188 363881 54
34614231 922189 67
34635410 115046 96
35111548 489772 100
35227119 790120 7
35243997 102919 90
28024859 339826 50
9731638 37722 80
29402644 224514 39
35245549 218115 70
35291172 353308 70
27383794 598824 91
35292246 340764 68
35292962 62882 91
25736478 100176 87
35293553 142180 58
35293709 324238 74
13380437 877515 21
27383571 363943 40
27900796 506948 67
35294893 36007 99
35294896 46272 65
35294901 366606 67
35294967 10099 96
35295070 342868 13
35295212 189478 74
26016682 225805 33
27716784 448310 48
35295310 152291 20
35295476 392220 52
35295748 53549 66
25517222 378506 69
35295786 677511 39
35295789 144182 47
35295791 51520 52
35295797 72376 70
35295803 391910 62
35295807 926196 12
35295810 170566 20
35295813 121432 52
28035928 353350 8
35295840 160777 94
35295848 218887 72
35295861 503778 34
35295864 390358 32
35295870 55177 63
35296520 140106 31
28067226 18252 18
35296531 345850 52
25620630 95373 76
35296575 93660 4
35296620 39296 70
35296631 25567 24
35296752 16412 45
28068604 594738 60
35296853 39295 32
35296858 7256 88
35296861 499902 4
35296900 1627 89
35297232 442889 57
35297305 181344 61
29405981 424827 95
35297336 226189 90
35297454 922188 2
35297488 1409 98
35297504 408278 91
35297515 261556 9
35297526 458448 38
35297548 322788 4
35297551 235251 100
35297559 130154 96
35297613 86208 47
35297682 54525 99
35297834 100906 70
35297984 14013 23
26064818 585411 93
35298047 32311 35
35298054 5620 81
35298058 660149 99
35298062 13705 60
35298065 83929 23
35298069 441933 57
35298072 93766 45
35298075 776658 73
35298078 396055 95
35298084 7445 29
35298087 580700 34
25600045 249824 15
35298410 70133 20
35298466 324083 45
35298633 93546 86
35298748 698085 96
35298851 124131 12
35298907 221880 9
35299076 385818 55
35299118 493378 69
35299250 390686 22
35299253 192828 56
27400013 142975 70
35299308 55627 3
35299315 152034 90
35299318 120308 47
35299321 41577 10
27383545 160825 66
35299376 35569 40
35299428 39297 31
35299440 321767 42
35299460 204475 89
35299479 82235 33
35299531 50520 35
35299535 701563 73
35299538 1329933 92
35299541 228832 13
35299544 413949 64
35299547 99036 21
35300109 102103 46
35300585 1019628 9
35301109 322139 25
35301271 25027 25
35301709 326289 39
35301931 142165 99
25548783 548737 45
28105935 98663 6
25625632 548760 50
35302321 35770 42
35302793 110236 42
35302799 296099 21
35302805 169267 88
35302810 94517 97
35302817 132379 14
35302833 5160 83
35302847 51719 39
35302868 820593 65
35302871 97744 76
27476142 25484 77
35302922 218184 91
35303210 49226 69
35303234 346293 51
35303260 447082 87
35303376 116951 59
35303403 678930 90
35303419 786755 50
35303429 701273 41
35303433 308519 30
35303438 12343 71
35303547 109873 37
35303602 225053 61
35303605 214574 92
35303826 192467 48
35303872 97378 38
35303902 191088 25
35303943 440314 49
35303972 189385 78
35304154 108873 83
35304160 64173 6
35304165 62354 41
28067216 462448 63
35304178 123271 48
35304181 53000 43
35304184 362166 44
35304190 5596 59
35304200 83427 51
35304209 443467 43
35304249 154866 71
35304272 217838 66
25632320 797981 37
35304420 52567 19
35304433 882781 24
35304509 256261 31
35304512 100131 46
28068594 121844 36
35304520 29920 91
35304522 347381 91
35304542 135883 25
35304559 99171 38
35304569 93168 29
35304579 434445 44
35304594 817711 81
35304607 35308 29
35304612 638481 36
35304616 102748 52
35304628 139708 44
35304792 340923 5
35304855 93434 84
26897727 12344 83
35304921 43408 56
35305009 58040 35
35305031 35922 73
35305052 517901 52
35305098 309048 11
35305150 52283 11
35305171 93376 73
35305176 109290 38
35305181 222723 55
35305186 93143 69
35305196 614017 81
35305200 51067 95
35305210 361706 41
35305215 219889 72
35305252 104531 67
35305273 100867 28
35305290 508128 54
35305292 339738 39
35305391 101549 19
25549006 113362 21
35305581 99775 9
35305598 327133 77
35305658 19732 77
27645127 340921 83
35305869 606239 73
27645151 349477 56
35305876 337485 45
35305945 18455 30
35306000 21101 87
35306003 170727 6
35306006 103242 31
35306010 51424 77
35306057 308712 10
35306061 49228 66
35306083 126764 94
35306244 48996 70
35306259 51272 16
35306261 13706 24
35306326 12037 95
35306384 19585 42
35306489 657159 12
35306657 233492 65
35306662 70658 16
35306717 550312 55
35306720 219935 21
35306722 93818 70
35306866 48888 26
35307046 21817 68
35307247 199065 58
35307369 673148 60
35307375 137740 46
35307480 216074 99
35307491 36475 14
35307760 284181 95
35307767 28898 74
35307773 43404 18
35307778 213723 2
26865708 705436 23
35307887 252046 16
27943679 745065 45
35307914 160827 6
28029886 340478 87
35307985 182040 11
35308029 399541 42
35308127 58260 48
35308203 5464 91
35308208 32598 38
35308231 321018 42
37674929 930098 10
37674932 48578 84
37675054 249909 93
37675058 37622 99
37675076 19408 91
37675089 670618 63
37675143 16017 9
37675175 110130 75
37675179 49394 66
37675183 396954 90
37675212 913811 55
37675347 98661 96
37675446 47953 16
37675516 24713 95
37675536 43218 31
37675550 216891 65
37675568 70134 97
37675572 1083423 38
37675583 392221 48
37675599 394805 41
37675612 1038324 87
37675623 53235 15
37675627 121061 73
37675631 218794 6
37675647 90495 51
37675650 100091 36
37675655 193148 4
37675702 309596 6
37675732 98896 88
37675744 284244 96
37675928 161412 61
37675966 294962 50
37676042 1257212 98
37676125 80423 7
37676132 22144 81
37676166 308389 44
37676309 6334 40
37676343 51994 80
37676397 142312 8
37676414 612552 22
37676486 162976 87
37676542 855621 86
37676553 328837 67
37676557 97506 7
37676594 468524 68
37676599 253352 7
37676604 335325 16
37676609 96193 13
37676613 21888 41
37676617 3205 66
37676646 218290 79
37676649 18042 85
37676656 45502 44
37676660 449796 79
37676698 243744 75
37676715 93136 90
37676723 101384 12
37676739 180837 70
37676743 52147 39
37676747 288535 52
37676751 63648 83
37676777 367687 53
37676789 10677 73
37676793 53473 35
37676804 142067 81
37676808 83126 38
37676812 99118 66
37676816 353426 49
37676820 16994 35
37676839 126216 94
37676843 90931 28
37676850 612425 57
37676854 701926 15
37676859 441527 68
37676867 361228 23
37676877 26375 44
37676880 95894 28
37676884 573797 9
37676900 461308 5
37676904 167536 14
37676908 104746 83
37676912 204598 40
37676918 332345 96
37676938 218796 54
37676942 186180 74
37677006 869911 6
37677021 466843 49
37677079 321609 2
37677083 498355 82
37677212 60295 96
37677216 841674 22
37677220 627895 12
37677224 462447 25
37677239 145939 32
37677298 93717 51
37677359 248263 60
37677390 75956 41
37677396 660888 24
37677418 86011 3
37677465 109522 53
37677469 17881 1
37677482 79168 56
37677562 95295 51
37677612 150268 57
37677624 67747 15
37677640 278948 35
37677651 328979 19
37677659 130349 36
37677664 339922 93
37677676 220313 55
37677680 284728 92
37677734 241643 17
37677783 502180 74
37677786 318363 50
37677813 56113 100
37677820 41917 5
37677856 355110 79
37677880 884273 5
37677884 398052 16
37677930 95479 44
37677934 53912 69
37677938 528922 82
37677944 1046030 85
37677960 698250 62
37677968 344181 61
37678004 534666 32
37678036 249617 77
37678080 639957 97
37678160 192154 32
37678272 325281 50
37678393 43216 85
37678397 63515 5
37678411 234127 1
37678414 104743 54
37678556 299824 39
37678560 35779 56
37678564 101651 92
37678568 221631 19
28034513 34680 29
37678593 188743 86
37678600 392050 29
37678604 108841 25
27774780 5455 42
37678639 250003 90
37678690 148971 2
37678699 325244 57
37678833 221648 84
37678990 90055 14
37678994 142654 25
37679052 162539 41
37679052 1256735 54
37679055 208220 10
37679123 841506 86
37679126 42883 96
37679168 284569 79
37679174 512556 82
37679178 41911 74
37679205 216942 53
37679209 37974 99
37679213 108414 96
37679309 1535066 83
25551274 681300 27
37679367 349661 69
37679370 333037 22
37679373 13588 51
37679375 45299 28
37679377 392706 68
37679383 428907 2
37679389 339342 95
37679392 219984 49
37679398 99516 46
37679440 308708 79
37679443 53977 65
37679449 240646 44
37679458 213366 47
37679461 97306 81
37679464 18047 74
37679467 16635 89
37679476 173390 12
37679478 96284 61
37679500 551462 60
26437861 419413 24
37724264 205334 91
37724296 122868 63
37724322 7952 40
37724678 818653 98
37724739 376072 9
37724791 50087 25
37724861 578050 86
38007544 36921 97
38007575 91341 100
38007581 425607 77
38007586 37923 21
38007622 274404 54
38007637 394898 45
38007693 488862 85
38007779 844371 21
38007796 343904 16
38007816 146871 32
38007837 59525 36
38007841 859986 63
38007848 352695 68
38007859 61341 41
26886322 26476 29
38007886 236667 68
38007888 23039 66
38007898 111742 35
38007906 697571 41
38007923 220264 89
38007928 281607 51
38007937 657922 46
38007942 56375 44
38007953 488630 84
38007966 198583 83
38007976 19417 30
38007979 100475 64
38007981 616661 22
38007995 21167 53
38007997 355881 66
38008003 154224 79
38008005 216937 17
38008062 306065 35
38008141 52286 12
38008226 86013 7
38008240 736761 92
38008292 578891 20
38008294 17127 95
38008298 218797 77
38008336 94965 69
38008340 53857 15
38008369 28899 60
38008384 110131 42
38008392 39344 93
38008394 189085 41
38008396 327088 24
38008409 21710 31
38008419 352650 25
27092717 301077 52
38008545 187665 36
38008547 96283 99
38008551 1411 82
38008553 141402 86
38008559 402706 63
38008564 241436 30
38008580 96437 4
38008596 549880 27
38008598 44865 21
38008614 238001 75
38008638 104402 25
38008640 108436 9
38008692 145801 10
38008721 57261 67
38008742 49841 34
38008763 102229 35
38008772 870863 95
38008774 393093 85
38008834 612884 32
38008881 325611 17
38008934 27993 9
38008938 76048 100
38008952 396332 45
38008960 410386 78
38008968 473439 55
38008991 219109 37
38009041 50954 50
38009048 307149 24
38009053 50035 99
38009057 37872 93
38009061 828912 25
38009063 18305 11
38009081 756479 8
38009084 566279 58
38009092 151559 82
38009095 269786 25
38009097 77422 82
38009120 111681 63
38009122 100775 48
38009124 219478 11
38009196 124987 53
38009233 121809 11
38009236 56835 9
38009240 131815 97
38009244 95247 11
38009246 123299 76
38009248 196319 35
38009252 121381 43
38009257 668477 44
38009260 37190 94
38009277 97972 72
38009289 361305 32
38009291 127421 51
38009327 82828 16
38009330 111557 79
38009332 619437 21
38009335 341364 56
38009339 665442 78
38009345 219825 90
38009356 142877 95
38009358 356784 43
38009363 35265 22
38009366 96826 57
38009374 328586 48
38009384 101650 26
38009386 189037 71
38009447 859512 75
38009474 153227 35
38009482 624440 15
38009510 150832 79
38009534 346918 48
38009543 109197 88
38009562 54188 78
38009608 500334 74
27636582 222322 44
27636593 99642 53
38009667 171614 42
38009670 528987 63
38009672 45018 87
38009706 51523 46
38009723 387542 88
38009794 681902 1
38009862 228617 50
38009865 50137 82
38009874 80182 74
38009876 110252 1
38009885 176541 63
38009887 174481 71
38009889 270893 65
38009912 672741 78
38009916 393094 70
38009971 50136 40
38009981 341740 57
38010036 5458 78
38010070 156164 85
38010088 25767 84
38010120 324801 71
38010153 55339 40
38010156 41541 73
38010160 270892 69
38010162 96888 10
38010166 312772 86
38010169 648351 8
38010178 92931 77
38010197 471927 59
38010199 128023 69
38010220 103466 39
38010244 383859 4
38010247 340765 50
38010256 770671 46
38010336 225966 91
38010386 177083 25
38010388 142296 75
38010392 100092 63
38010409 190196 18
38010412 629850 52
38010422 895691 49
38010461 344794 65
38010469 31927 68
38010471 283933 27
38010476 218795 28
38010478 5461 44
38010480 841992 7
38010482 144890 88
38010495 322431 30
27645112 3926 29
38010605 342138 54
38010607 399701 37
38010669 373057 93
38010671 139100 79
38010675 56882 93
38010713 48180 50
38010770 235856 95
38010823 361578 43
38010846 612424 37
38010935 95249 32
38010955 752434 32
38010978 842005 29
38011017 626369 34
38011053 9966 24
38011055 95423 51
38011071 714483 87
38011077 128212 7
38011108 201484 47
38011115 8483 27
38011121 10100 78
29524751 662482 98
38011246 189500 6
38011251 343986 96
38011306 24915 61
38011310 312626 7
38011382 198350 52
38011478 56166 66
38011586 843041 87
38011610 13326 17
38011731 221879 82
38011759 293980 80
38011775 50959 24
38011777 24216 10
38011791 96046 22
38011795 188261 91
38011804 705121 73
38011823 580419 80
38011859 192778 21
38011863 511952 73
38011886 290456 89
38011888 126763 67
38011890 126762 78
38011893 101380 47
38011898 11469 11
38011915 76693 60
38011983 196901 64
38012026 190416 31
38012033 1417754 26
38012040 901117 91
38012044 92391 7
38012046 648520 72
38012105 891428 62
38012220 49652 79
38012234 130414 2
38012238 18419 86
38012249 9290 33
38012251 330067 36
38012283 226287 58
38331477 374496 48
34633321 677828 10
29427857 8728 4
25640293 10791 70
25615455 12656 78
41746542 231234 15
25574014 80183 10
25504274 43482 81
26257572 210927 100
28068640 213365 49
28068649 94507 96
28092811 51588 26
28075975 200060 100
28013280 78042 3
25522327 223608 2
25642650 943223 86
25634100 66613 28
25919805 97345 74
25919836 100515 74
25622033 534193 28
26193757 633997 37
25629257 172771 72
28075811 117485 20
28030737 52044 30
29409204 231777 68
29409220 217376 67
27588805 756942 67
26865595 52401 76
28068614 250169 83
28068664 152827 32
27927675 313191 23
25476490 6371 9
28018042 169560 96
25607315 449296 1
26304314 328873 20
25642548 11713 100
26299201 613918 90
43732961 339001 93
44238081 35361 82
44239202 455832 96
44239258 399695 9
44241871 293485 22
44241872 47126 90
44241873 327613 4
44241874 397071 48
44241875 98664 32
44241876 109872 93
44241877 342607 28
44241878 371696 30
44241879 57569 37
44241880 339737 64
44241882 75379 65
44260265 118656 37
44260594 344716 30
44260610 53189 94
44260642 117095 87
44260643 102228 23
44262025 302501 23
44262026 218113 48
44262028 543282 44
44262029 102104 50
44325322 10546 2
44327538 12454 62
44381369 52285 27
44386774 23136 69
44386895 724972 33
44390212 3924 79
44394737 248635 93
44401006 467800 57
44438590 317786 49
44460663 832665 13
44460750 262005 78
44460759 101489 20
44460761 226406 55
44847617 450824 35
45212026 108585 52
45212038 24515 19
45212039 297869 38
45212040 52000 30
45212042 132109 14
45212043 185305 17
45212044 621385 69
45212049 2731 90
45212050 197487 87
45212052 104403 15
45212054 94513 23
45212055 99520 89
45212057 126905 2
45212058 8208 58
45212059 314876 64
45212060 97966 73
45212062 260369 24
45212063 103377 73
45212075 368333 97
45212077 50519 44
45212093 1527353 77
45212094 295450 92
45212102 178581 5
45212106 238233 97
45212110 334005 66
45212111 71116 36
45212112 256851 47
45212115 331027 64
45212117 100271 20
45212119 736709 18
45212120 577267 59
45212122 56306 16
45212123 95950 49
45212128 678489 39
45212141 99330 38
45212142 147111 33
45212143 97305 9
45212144 47074 16
45212147 326973 88
45212148 285537 40
45212150 355300 55
45212152 363836 21
45212154 553712 67
45212155 54018 12
45212156 248617 81
45212178 178477 67
45212179 348206 52
45212180 582493 40
45212181 40899 33
45212182 236895 53
45212183 108681 6
45212184 612420 54
45212186 8485 32
45212189 18194 48
45212190 112008 96
45212252 47364 94
45212261 681869 59
45212265 235921 57
45212266 193650 6
45212267 433119 4
45212268 240514 50
45212272 36178 62
45212275 17197 59
45212277 299760 48
45212278 95420 22
45212279 100173 2
45212280 367549 73
45212287 131310 37
45212288 30988 88
45212295 192468 4
45212296 460478 47
45212300 388993 88
45212306 118039 49
45212307 103059 79
45212308 671093 18
45212317 31171 63
45212320 158339 34
45212326 218347 56
46517069 53079 63
46517070 217288 33
46517072 626173 28
46517073 346667 74
46517074 100868 46
46517075 285250 98
46517076 910208 63
46517078 226592 69
46517079 90718 30
46517080 35682 52
46517081 308672 34
46517082 308688 90
46517083 269785 18
46517084 125325 70
46517085 832043 94
46517086 54948 52
46517087 109597 41
46517088 79956 39
46517089 312631 79
46517090 243780 62
46517091 120696 74
46517092 251767 98
46517093 324239 51
46517094 201483 18
46517095 664125 86
46517096 33128 24
46517097 328872 67
46517098 336073 100
46517099 43617 92
46517100 237419 62
46517101 622839 33
46517102 512930 75
46517103 316482 70
46517104 658964 30
46517105 104320 44
46517106 95192 12
46517107 53776 88
46517108 53976 17
46517109 53244 86
46517110 345113 18
46517111 441136 32
46517112 739595 1
46517113 501573 67
46517114 227199 55
46517115 222734 39
46517116 374294 38
46517117 273224 39
46517118 484438 86
46517119 814008 8
46517120 917416 13
46517121 580708 29
46517122 132754 8
46517123 137391 91
46517124 325650 31
46517125 44312 78
46517126 219480 5
46517127 376113 31
46517128 100132 65
46517129 338643 59
46517130 170671 83
46517131 505113 61
46517132 101600 79
46517133 165501 65
46517134 758388 28
46517135 692816 18
46517136 547990 27
46517137 339141 35
46517138 142066 95
46517139 346219 31
46517140 505712 52
46517141 118038 71
46517142 15129 53
46517143 94849 1
46517144 344515 14
46517145 449374 99
46517146 381562 94
46517147 480922 6
46517148 622595 83
46517149 102296 34
46517150 333633 61
46517151 240202 62
46517152 238260 16
46517153 769398 14
46517154 141781 15
46517155 267546 40
46517156 257942 28
46517157 58228 79
46517158 628601 7
46517159 276251 51
46517160 464379 23
46517161 204698 28
46517162 40898 39
46517163 364583 45
46517164 671782 19
46517165 249882 55
46517166 98601 53
46517167 101709 32
46517168 267807 37
46517169 249884 53
46517170 249886 90
46517171 99117 32
46517172 249892 38
46517173 665645 72
46517174 323526 4
46517175 538876 23
46517176 240274 23
46517177 119348 6
46517178 18111 88
46517179 206678 7
46517180 154579 51
46517181 341485 89
46517182 111618 96
46517183 35776 72
46517184 80126 64
46517185 174831 43
46517186 204156 83
46517187 101597 86
46517188 228579 57
46517189 39124 74
46517190 159589 83
46517191 8484 4
46517192 24809 5
46517193 31258 62
46517194 29919 55
46517195 10254 55
46517196 9157 3
46517197 11830 15
46517198 32714 16
46517199 268222 81
46517200 118192 86
46517201 189681 48
46517202 117011 26
46517203 485071 16
46517204 99841 91
46517205 771031 79
46517206 121677 72
46517207 361513 3
46517208 396608 70
46517209 354986 55
46517210 610262 16
46517211 321368 79
46517212 452491 38
46517213 399720 4
46517214 1009884 36
46517215 5087 37
46517216 9967 65
46517217 25366 99
46517218 10678 25
46517219 80515 38
46517220 580551 56
46517220 225446 42
46517221 402579 12
46517222 406526 59
46517223 897470 69
46517225 672838 71
46517226 621692 90
46517227 295622 24
46517228 333537 73
46517229 238360 19
46517230 179292 14
46517231 764555 45
46517232 325509 70
46517233 508306 50
46517234 716151 82
46517235 663912 83
