327264 67999 82
5235487 1764604 9
5282417 248542 17
336004 273132 55
5727715 1027486 7
318971 9966 94
5778700 53830 43
384135 281607 68
5783116 1595247 68
877072 1286331 34
5908814 399805 20
99561 149569 6
5979265 1500311 40
6017105 711444 86
319049 343397 10
326188 186757 71
1692343 998841 73
298 2129 65
319050 293250 41
1731401 329359 85
120485 101444 15
51039 84855 38
923953 1732741 15
6301572 107943 51
320724 96397 66
318614 131191 3
111428 40834 78
218959 512157 36
6375585 257338 68
6375620 861938 68
98578 241027 86
1003373 1075111 86
18558 94516 89
302877 41920 70
6409997 1449977 71
1633283 36989 88
120116 33128 43
319091 297669 29
326191 72376 15
959323 264212 59
101124 331769 94
120526 393461 1
2081 21816 16
326192 883868 81
3481224 875033 72
120555 44865 25
6539463 85001 44
51040 215784 80
18792 104229 94
654834 65141 10
1450897 20887 90
6542513 219986 65
824332 350048 31
4287948 49602 73
1401300 1659454 31
6568366 421507 49
1721811 17121 52
6580715 352400 62
4383792 219887 9
2538174 2860 84
332774 129066 70
3861893 453904 33
286626 50508 33
302879 76395 44
337979 927576 48
384995 123299 94
4372660 4433032 82
52983 109827 37
337980 867035 95
337981 38601 14
337982 927691 87
120137 387913 69
6694573 8728 19
3227172 131950 65
6696448 1787559 4
18562 94747 62
663030 1405704 18
3196153 328517 76
912567 896666 62
902584 340764 31
947559 246913 40
6743878 917332 14
319075 160826 87
318973 660579 48
318616 99640 80
962212 395315 64
884119 651951 77
326194 314053 82
3120511 577477 8
321481 566751 2
2132390 963507 53
110776 51076 16
1659087 224740 50
302732 138184 34
322939 73818 13
1004403 275194 24
3257820 1029447 2
301323 825895 68
6953149 110095 48
18662 99523 43
3665991 698343 33
302880 366090 55
302734 35464 56
120153 308672 63
6973382 968478 31
2230915 396256 12
6975653 193708 73
1700449 477587 25
906705 325206 87
6976076 52839 13
299808 150245 34
99304 117456 8
6977059 63025 9
337984 927760 4
6624577 1530750 72
3522713 95250 26
6511939 543369 97
18567 94965 48
320729 275083 14
6985133 303063 74
99220 328585 1
362259 361578 45
18569 95062 84
18794 41925 96
320695 324175 23
6991349 106549 23
4304638 297688 58
318617 153344 78
2614708 100679 99
1365 17130 12
448138 1103194 95
4628356 270893 60
318618 308389 6
123551 405085 29
318619 43408 20
334955 312861 36
7022224 636209 35
2299816 316204 78
922657 1731510 20
7028680 3204 77
7028695 790119 10
7030563 1438951 34
360861 917038 23
320730 867299 44
1662896 33039 57
7031176 1006304 7
2534729 99584 98
3917672 193512 44
3270796 106699 17
322884 363403 72
7043504 170468 80
18573 95252 71
318621 606653 55
319054 22169 10
7055016 508759 88
18574 95295 25
394411 219829 32
18575 95333 28
326196 333634 63
534644 262197 54
7080766 871706 1
7080890 108929 24
318977 126829 78
2531621 2289607 55
320732 385820 24
7085636 379200 61
7087284 102966 38
218089 325650 8
318622 218235 43
335458 393787 88
120166 312643 62
7109837 339142 61
322885 873915 78
120566 63684 36
7125223 2177772 1
7126104 75544 18
3505073 332521 59
7126692 1280368 68
320733 867410 13
7129885 7129897 67
2325248 93136 90
7133202 103059 61
7138231 218351 38
327468 887970 21
319130 502180 27
94424 318363 44
606755 457866 19
334956 863726 34
321482 332945 96
120170 389510 10
856995 145939 62
398029 100865 31
338556 287561 30
334957 528152 77
7182490 334004 66
2170986 41910 75
1724247 352650 61
321483 241085 94
18795 104463 23
7184173 689955 67
7186039 861647 94
319055 231777 36
320734 12343 80
1685876 673761 63
320736 100131 19
334958 53049 22
7217903 457068 93
323782 507809 54
120176 154403 2
320737 671233 36
18811 28178 54
321484 160825 16
7288288 46551 35
7290585 1832882 3
2879618 3202498 9
7297534 498313 98
394755 52722 6
95087 54314 28
4372677 180837 99
7318513 390190 85
3550726 883759 25
52893 64173 10
120607 144456 11
302883 61342 20
7374823 2867927 98
7387079 282758 4
7399982 1458616 38
111450 98994 61
1002831 895931 5
7432341 466343 85
2511173 218906 44
6990220 759705 2
4345050 1757627 12
120185 37053 40
1000559 648928 96
7508271 265993 15
2814855 7953 23
319056 352061 81
1722902 95802 35
1662761 228737 41
671416 1036255 92
7544908 101039 75
7091418 754241 57
318980 328839 39
6731185 131912 26
7583689 94850 75
7583734 1250806 38
319081 44159 44
900730 1711080 85
18580 81079 65
321280 313730 85
302884 24304 28
7619327 1592558 57
7621705 42218 99
866115 194270 35
91884 40953 47
409348 1046009 84
318981 858433 88
7643956 2637958 95
7650065 30625 9
2218344 694634 59
362638 726267 21
3323101 1852468 37
7661864 746056 99
326145 36008 9
337987 388901 75
18582 95667 26
7684686 1293803 37
18583 95717 79
319106 288536 33
354162 329508 62
7698016 809452 70
326650 309537 70
319141 484101 41
104384 92099 68
912506 50953 15
7740457 52395 28
2992944 24515 93
7758565 1133139 66
394292 101557 64
326146 582935 100
7765949 1336508 32
7780823 46169 30
2270717 905273 74
120612 12037 49
18586 95845 11
7792864 2617171 11
1097253 1093935 8
875989 494738 58
7796665 341833 18
2898055 960383 33
846197 732570 70
101126 331854 65
7801077 442189 55
321488 869883 71
319098 94517 8
319082 859621 1
95461 8614 31
2916069 289905 66
120500 152377 1
7868418 539310 42
318624 94644 91
1000554 681797 30
676343 907230 51
7893389 1685886 55
7895688 53977 36
7897460 433119 83
302751 132379 50
547730 355300 5
7910837 99708 77
18588 95949 22
7930629 909943 81
7934353 1011015 23
7966858 621693 74
8060194 885584 33
8061655 697904 47
1005772 1039492 44
8121851 313384 13
445623 95844 93
8130387 724094 36
2177676 220615 72
3535703 173576 7
8150537 851480 25
4952276 366761 87
18798 104679 80
17098 88043 78
321490 394515 37
18590 96046 17
120201 390875 66
6903232 799161 11
18591 96101 96
4765823 191445 44
326149 625269 2
947832 324637 37
2513571 1255645 96
8198079 328872 84
3678300 345958 76
302887 204497 48
318983 858487 16
3653237 1281777 86
915199 952930 64
3280769 678221 98
302756 332286 28
18520 58289 47
1444684 202651 50
18592 62851 56
331376 54895 51
1433287 42504 31
318556 5597 11
1001324 5251 78
8315714 1507998 4
319057 809696 47
961491 1186077 56
3642296 896539 50
8325213 905409 26
8330149 218800 82
111399 363883 91
391804 111742 24
98143 327549 35
1045780 328983 58
323783 633762 18
97948 327353 20
8407626 338797 95
3469207 224127 21
327275 887708 84
1414560 219573 93
8416536 2560675 66
335464 917155 48
331377 527850 26
322887 365700 35
102947 37872 83
8489302 1333957 9
8170161 73418 74
8495788 51082 49
8496012 405370 29
227231 423315 87
912507 21710 53
4704830 278355 3
8509273 4886097 52
1357208 132028 41
680689 1433602 79
120615 119439 49
8533213 426096 65
8536792 4054728 36
2595031 1171292 93
8550188 3307213 22
3270774 19583 77
319085 97604 66
334967 23007 41
2543140 606239 69
829634 116601 98
1701530 244204 17
8573367 192373 74
2614658 318824 88
860278 96481 83
8587491 996296 98
8587806 50848 20
335491 332062 58
322888 332572 29
8596692 1977479 82
8601427 191428 5
323297 91464 40
8609707 1706122 1
1674599 321609 25
3171649 442889 91
3171650 667850 68
807459 124797 38
18816 105527 52
962883 104470 45
8654764 55924 12
302773 54415 5
2271042 25250 75
8676234 1277807 26
846205 774010 99
8683990 52444 35
319109 41927 87
334971 246503 36
807460 526889 67
202501 278827 97
18598 96438 9
8722971 637878 31
214216 651803 7
5406864 1577210 6
8740220 2521421 4
2991391 229904 62
52530 160656 37
302889 186206 51
8752826 362654 85
319168 173901 31
1854823 164078 2
8776037 1128085 88
323785 505113 98
335465 836269 16
120532 112305 60
218091 669425 11
947926 1025104 18
1733739 736958 72
4740542 52403 19
18600 36474 62
8811344 476967 20
319143 489852 17
320747 668626 61
1406779 2281599 78
8825387 2772854 69
335447 916670 64
917593 1416833 67
8833891 436678 67
8834224 390883 81
321491 145319 40
8836105 107549 75
8842797 363127 59
2460971 141995 16
8847036 97975 87
8848562 394992 55
8850258 101986 44
8853183 28080 80
8859134 527450 23
8860526 5245320 41
319099 284181 73
1852935 106657 96
323299 104318 71
328177 101602 90
329956 405238 96
829322 149474 19
391948 361849 18
18602 96711 27
8886890 356962 26
8887141 609137 27
302781 723155 64
95873 323168 3
101360 212417 70
320694 100512 71
1724293 51589 73
302783 364791 67
8910946 1483261 89
331379 325022 17
846210 328586 75
396318 299140 77
8919352 364030 61
47013 202650 60
398030 28899 63
1000947 312634 81
322881 48010 73
8859169 1308379 24
302891 98162 17
319058 391910 60
1852479 2654520 68
8951391 975928 56
892287 656318 70
2934044 40362 89
7604249 100561 58
4737609 58407 81
1662887 670618 66
908062 222633 46
846211 12344 13
914092 309284 2
8985563 1122936 94
8986632 85923 14
8991550 3671692 84
8994233 2991593 60
302787 288091 14
914473 41917 31
18604 36067 81
9003027 1002589 72
337224 675153 29
2447413 102809 40
2292343 213275 36
9008492 597194 45
361201 96155 54
299524 462548 36
1799000 148836 13
9040350 1630 2
9041997 98173 47
302792 80422 57
9046037 613279 8
964010 128056 27
301901 473614 90
353924 945829 8
2743388 701273 81
319059 398095 19
9068616 1845280 43
961522 311734 97
315910 853136 75
302797 332421 98
9074781 1263900 20
9075687 965748 10
9077075 29036 94
534689 41923 22
908213 52720 1
319087 48996 41
2556247 1948080 21
2594030 249074 66
4607044 21985 88
319100 235554 8
319116 860725 84
2460972 476784 5
7109601 735401 76
4302261 517130 86
5964857 264434 41
9118457 673970 45
3642279 216940 94
319088 859787 97
9127969 95195 66
1771121 251768 73
302892 832122 40
860279 1595307 4
9137499 137388 30
946570 228152 47
9138677 3330011 78
319144 98163 59
9141970 626173 69
331471 86851 53
42197 173629 59
19138 107824 28
328181 670220 84
9150274 175947 92
1833879 926522 66
328182 736687 26
9165368 837799 62
9166714 884865 57
18689 100868 6
18690 100905 37
9169617 804128 39
9170202 171148 71
9173272 225990 80
9174090 524537 63
9174135 152566 99
9175502 1034956 11
9176128 3917202 36
9178395 17962 21
1249973 207771 88
534690 402597 50
9185329 1711007 59
120583 395593 64
9188276 36218 41
995980 1022253 63
1850470 52285 71
337915 244265 76
9196387 602818 52
2556726 505394 3
2536063 257299 20
9202710 573956 68
3398090 339518 18
9216230 123824 27
9217431 2573311 30
9221932 299764 84
391949 125122 25
9230019 424318 40
964011 1803648 85
9235153 345358 33
335448 647065 44
9240825 703508 65
9241460 51072 62
6503733 242974 96
1713772 1006576 71
9256921 2613690 100
9259928 334619 68
3205767 487338 81
88004 300127 89
9263858 348436 86
9271255 189680 84
9274082 915912 67
9274664 1115757 74
7214858 3441077 31
9279959 140562 19
2986160 1757218 99
9286900 305750 24
9287105 506453 16
2304722 260636 23
9291062 662158 46
846217 1658265 86
3660996 531438 87
9300193 269828 85
2566260 494461 48
405031 242692 70
9301899 1617945 93
323155 419381 82
335469 917298 41
5334316 3836770 23
9312144 3152628 34
6569022 215408 97
9316981 4881062 20
846218 913321 84
9320794 1529295 36
329739 894898 94
3638535 3652780 95
9323247 1246500 63
9324188 5854435 84
18606 96933 72
3158346 1522597 7
9328494 14449 96
9330303 848846 69
9331364 332820 9
536596 954925 54
9334940 863333 29
3119892 659647 51
9336865 3688905 10
9337446 1949574 30
320702 112306 24
318992 353621 36
3863130 1097563 26
9346451 9346457 20
9347262 4674794 79
2270940 402990 48
302807 829997 18
302808 812274 73
1577088 2509 23
320754 341185 21
335495 35768 14
9364947 997020 51
9365045 917502 30
173595 495101 63
220412 678642 62
9369546 5909477 55
9371515 4352239 76
9373196 2068325 33
9374376 1596003 67
335496 219511 46
1421655 959043 92
9387006 1424436 69
395406 103869 88
318993 858786 91
9395254 547403 54
9395446 5423532 98
397346 500374 62
9395944 829462 93
319148 152252 16
2439169 362201 61
9398838 657812 77
9404399 51274 63
9404674 144890 3
9406592 1315191 36
9409442 3814046 38
1719394 891375 86
320756 868209 84
328186 889800 8
6210423 388417 78
325162 286679 48
4984029 819147 43
319119 578050 61
9427391 739681 39
9431517 994866 75
9431994 90080 44
9432042 1644046 99
9432730 97380 69
18691 100968 58
2523060 1461288 55
3089764 3120866 75
9441212 1674177 96
2554348 2960099 6
727105 544375 90
18608 96999 98
9452596 2699737 38
336795 841934 7
1719163 1402010 46
9457656 747891 98
4291072 4375918 11
104806 337308 19
923008 676289 6
9460710 3357291 26
302812 467801 77
876107 190196 94
846219 257150 20
9467553 51428 57
328188 443405 42
318994 92867 56
2312800 360747 97
1004046 329036 19
964013 1039110 36
9475168 756004 42
9475803 899283 97
331385 217306 85
9476254 108716 45
3510186 892485 97
830180 369352 46
18524 93929 79
2405717 340192 38
1823225 915016 64
964014 128756 86
9483908 1612768 39
9487301 2260433 57
6934303 490159 31
335497 917986 95
120535 393913 95
9490812 333539 94
9494433 1771892 84
319179 349147 37
3662843 2024957 60
2218211 2154070 15
2934428 383854 69
874232 1690745 67
2271044 336503 55
1681438 293780 85
9498967 191963 22
301837 123841 89
9499875 96160 60
9455265 8155507 84
1662888 275721 6
18694 101072 25
9505649 1801246 77
9508408 998315 7
395019 50507 43
322891 622094 71
321495 870060 91
9530325 215722 29
829374 1641339 33
9530511 424472 53
9531050 17968 36
890789 334003 25
9531095 1601986 66
100428 330666 30
9533369 384624 33
9533445 1573367 80
2393019 1743644 48
9537463 92349 79
9538429 908670 77
9539502 962352 94
6989045 584568 6
1823602 338367 64
944511 893007 63
9542356 6145779 75
9543310 1948624 88
9545913 105231 57
3272312 494397 52
3740709 119697 19
9546783 195705 35
2989323 2746134 91
323788 875828 61
9551426 4894102 96
9554791 1734209 90
1250105 588801 70
2478169 98038 30
4701549 487030 85
2667106 1284530 62
659091 1401017 86
322329 871551 73
322330 24714 95
9560060 216146 15
9560173 301395 12
334992 809780 46
831122 1641963 65
2522450 3184706 51
9564924 363293 7
302819 830372 83
9566454 2959936 98
18610 97082 77
892895 1311256 2
9568664 46804 61
2298279 936619 64
9568951 310654 88
9570509 4340305 96
9574185 671605 64
9575260 889766 16
4133023 2952434 92
9576640 1167645 92
334994 230165 21
4154988 2218469 74
9579018 52869 53
102086 333922 48
9581294 916478 17
923064 312623 79
9582072 960227 38
356857 5469 18
9583155 3311299 76
1001147 1850368 24
9585117 272199 100
9585491 696312 88
9585554 2144471 89
3465431 448014 26
9585688 225915 53
9586187 320891 44
9586571 961062 73
1321489 658919 12
9587062 1660635 51
9588366 691864 14
9588478 1230470 15
9588907 1428882 32
846229 378505 67
912510 1372345 66
1686021 1562215 33
320759 93379 19
9590864 1115683 72
2731545 364031 68
1002837 1853077 6
18611 97128 99
9591833 136678 44
334794 351522 10
9595879 1836643 3
1658285 1002333 99
18612 17965 9
9596669 389827 45
868229 328835 50
1345301 871265 60
9598983 1566289 70
9599180 4049580 87
9599328 886061 60
9599473 338494 3
9600748 790437 61
2990917 732272 9
9605520 4874701 26
9606889 1239225 14
9607438 394721 81
903360 99842 98
9608957 2295353 93
9609900 430248 83
1321490 204540 89
9610021 1032760 37
9610257 1164517 35
1345607 2220574 12
9610872 1864694 94
9611200 1499537 63
8950531 5682796 36
9612783 852067 62
9612826 514626 36
9613255 1313920 8
9613795 3762531 35
9613917 357441 71
4707521 699852 59
2438900 161412 47
2214371 897649 18
352524 941811 93
328200 890210 83
534691 1250352 14
9554793 3780435 83
327524 888116 63
9619929 1964200 27
9620208 626497 15
846234 47592 9
664301 1406563 22
9621903 4890916 11
9621919 667830 53
320703 866793 16
2934933 3368180 65
3242964 3689381 27
3029027 23654 23
9624387 898002 94
534692 1250367 82
9625779 218816 19
335001 898274 66
9628026 324839 44
861373 449479 61
2992662 1668653 85
2989404 3504189 55
9632272 1642113 83
4391200 2570375 61
9632667 3596156 80
9633164 202321 21
9635121 884968 80
9635479 372357 94
2534711 537634 37
2513655 1585027 75
319160 685833 14
1636506 236345 75
862644 1676140 49
18613 97201 57
9640806 9640812 41
9641039 3535613 99
9642656 157103 97
9645109 101305 85
9645127 505907 90
9646236 1124295 31
9646511 686727 57
9648818 976503 84
9649461 4277157 3
9649585 1083302 74
9649754 87585 18
337248 924844 59
9651754 572468 100
9652757 512179 39
9653576 407716 14
9655145 598581 50
9655989 2871566 78
9656602 712443 32
9657541 2785209 13
9233264 2116052 77
9658178 290588 86
3535489 53242 98
9659351 359442 82
9662050 436362 71
914359 23151 9
3927258 220355 23
9759836 49139 59
2478616 1304938 93
401660 863821 75
301059 825492 76
2565659 739059 65
9766139 864619 84
9766161 2652244 97
9767203 101284 44
9767533 218239 11
9390067 420676 11
9770992 27489 59
9772702 2759859 22
391282 1001870 10
9776184 2220075 76
9781130 820839 15
1607025 339008 42
9165370 917502 85
1321492 49393 37
608820 362069 69
2538898 824523 85
2458527 1057139 15
9788341 5946292 37
337249 352202 85
9790267 892089 83
2270496 349889 48
9790318 1455710 19
1692357 1390476 35
9792179 324638 32
995520 1346073 28
3197364 766906 32
9799902 342605 45
9801996 2751581 77
862825 167025 79
4241513 3386187 84
9806202 202938 15
9790058 552785 29
9809319 1468454 3
963123 1801214 91
9810099 1997383 86
9810382 373644 25
4600162 314849 45
202526 608343 33
9813267 1001117 92
9813542 955512 22
9813766 1665213 34
9814178 580700 59
9814391 654410 16
9814410 132493 78
9815154 16118 41
385900 83122 61
9817849 883683 96
1771607 637559 19
320761 397230 73
9821325 224958 3
9821954 485027 97
9821972 3291607 24
9624317 344522 92
9822706 132939 55
3119874 639056 34
858746 226170 96
9825033 3965949 57
9825100 1628848 65
1094680 291970 20
9828483 98165 4
9828922 2037888 85
846242 124901 34
3015010 57932 36
9844888 6321659 41
3932169 158659 14
6791593 2613726 55
9845138 208597 6
9845204 664543 31
8964066 206885 66
2511182 629554 46
9855860 953697 99
9442679 78058 84
322892 581812 24
9862128 363943 50
9862395 218161 54
9862847 1147897 74
660491 64903 70
9869717 1059316 16
9870920 101076 92
9872226 221648 34
9872592 2489743 78
9797750 299644 95
19143 107985 77
3526284 353309 45
9873501 896355 38
320762 333685 59
1673864 141789 6
319125 79283 4
9882152 110313 86
9882606 1233088 24
3930238 53126 34
394412 737758 21
2554423 3201025 70
9894172 333569 58
9895893 2979776 83
105712 338058 70
1853892 900808 39
105130 278847 3
326154 151818 26
299266 824144 16
9898911 43573 69
9899190 874156 47
9900466 53859 14
9905156 1282397 7
846245 600247 14
2961165 1966618 14
9913237 388373 90
9913843 337116 83
18821 105683 39
9919904 2137588 47
9919941 1708738 53
335502 918100 84
4566171 3067748 23
922761 90010 3
9092478 1659720 53
9925869 620876 80
1401198 2275326 52
3029029 2287255 86
3152131 2618150 23
9988788 1488158 43
3334303 634950 33
10023488 237960 47
6809278 296539 91
10032849 2048094 13
10107006 2984722 87
10269916 373219 62
899667 810059 7
3023141 678440 64
6868283 155012 68
10275726 394808 23
10280097 902680 46
360781 528240 29
10287760 1249803 1
120584 226585 11
4567384 534577 84
10301186 374158 54
10303202 92079 49
1096840 109953 21
10305675 332680 98
925466 1733485 15
10306769 2175916 25
10307515 1834503 12
2276147 2996343 93
10309919 2261033 67
3268504 3169600 39
10314169 484006 32
782676 1569106 75
1444686 607224 1
10322620 31718 33
10330892 49072 51
2996290 2773962 77
6134482 660450 67
4637544 30812 80
10339177 21104 99
3458579 1027716 13
3135932 70843 99
10354881 320843 59
10355731 1180049 64
10358091 1737812 3
1701821 270991 8
10361437 1634555 84
10363031 1040815 82
10364479 325332 85
10680946 904526 53
10694078 2857527 99
10700687 46898 5
1416812 79784 10
3140086 660452 92
1003182 336476 41
2275342 735459 67
9862812 1202742 64
3009790 521658 95
3743466 837912 67
10733726 2447724 44
10734955 344329 90
18620 97506 1
10747926 316427 13
10748423 1398318 86
6481852 1254417 52
10748857 912003 29
6778804 158676 65
395990 372297 79
963525 672536 35
18621 97536 92
10757824 2526823 51
10760684 499329 99
10762477 285886 89
10762527 1667618 43
870826 339341 78
335019 126373 54
1719003 18936 83
10762907 587674 81
10769328 6748040 11
8441805 1800412 26
3511240 1031778 44
10771596 739635 21
7119254 1345962 99
10774858 185481 9
4617911 321066 28
3118847 388563 47
319149 471289 7
10794328 3454047 85
1000560 678930 52
322893 431567 75
2991008 492499 81
680678 53110 80
323790 388993 5
2532443 676985 11
3270854 572230 92
1079439 56964 43
3842053 1965545 10
10300070 444845 21
4105183 4254572 30
10809195 98938 63
227233 638684 70
302837 477880 46
10811067 1546380 88
10812558 147398 18
1579630 51075 47
52312 217867 35
916179 364152 41
320706 866853 15
10817942 1865586 8
3158348 407202 88
3885408 41911 26
10823788 2591921 77
2460975 120269 53
10827968 1255001 81
10829112 131309 13
10830504 1072375 5
10831221 1311577 91
1417482 30283 88
10832401 226965 67
326156 110601 30
10834191 608037 64
9104918 1251190 71
10836517 594761 17
10838448 129417 29
123554 405123 87
326157 883238 38
10842828 3309816 16
10844622 364150 48
10844845 2209741 76
10846626 918210 20
3029030 265311 3
98027 327393 28
1417483 344217 90
10849484 1483887 73
2458310 108556 48
10852978 2928458 16
326158 883277 31
10857803 1693273 65
3157983 2271925 46
10861608 137372 35
1001153 77956 4
9891362 200761 43
10716959 1101315 74
10886185 1177438 99
35332 52557 87
10892228 2232401 85
10894002 947411 73
361206 689114 66
10907140 626718 74
10911673 40984 18
828807 98437 77
10923801 151197 68
9427394 722049 71
10937471 691003 98
335029 103323 53
326159 236667 17
120210 391174 24
10955941 1853415 2
10960559 1250894 98
10965821 977558 84
10969271 2163570 62
10976176 1625423 50
3270250 2029959 34
8092666 1240557 17
10985958 15451 31
10300083 728935 49
10988921 4235262 53
8512173 1776707 39
963330 67009 1
10989453 2078228 57
4646487 1699801 63
10997137 2731 53
10998254 691238 88
9333026 4412928 57
1210160 816914 70
10672800 52003 52
11004345 366316 48
393878 436636 31
6712014 2000566 18
11016637 46632 22
11017117 70535 86
11018491 634501 90
1345364 286534 16
11019857 606519 84
11022306 966077 84
11023361 859244 38
319060 100480 10
11023619 363890 64
9776046 625935 29
11027205 52143 71
8923908 765298 6
1000561 1849635 14
887420 1702420 83
3109505 106701 61
11033948 891340 93
1735125 2569052 73
2989961 529289 2
1680473 213504 1
11038141 142972 16
11084551 675510 60
395538 1005294 23
18624 97643 82
2270683 508684 12
11119167 3255981 85
4344954 783966 28
1701381 2532134 16
11127024 807836 39
534632 55259 100
10452978 2162918 30
18625 97671 46
11140073 1282042 51
5226728 898984 95
18626 97708 16
319150 108842 37
11145911 43403 50
18627 97741 42
4201087 374049 86
329754 314980 93
5378515 30988 42
11150656 348516 6
11151058 477243 34
11151108 5263272 55
326210 884512 82
1416814 558284 3
1692572 13326 81
4024717 441288 49
11163121 1809359 61
1321496 55923 97
4607720 1020860 57
6674523 4020903 7
395945 1005583 5
11190534 875611 50
11191124 5366297 7
11191160 1358691 98
2528758 263193 56
11193058 336226 98
11200438 360574 38
361407 296993 27
362159 213513 88
10766382 2656857 57
3958479 3590777 36
1434372 314876 44
11220350 1800770 11
326161 827851 12
11223433 815131 14
320765 295602 8
8340706 225048 20
11230820 353652 35
9212355 480240 57
11236290 364369 52
4507389 913633 16
11248181 11586 2
2556727 699928 40
326652 886705 56
1097337 1356685 48
2214369 555460 49
2991128 23136 31
11281359 2275419 17
326164 227143 65
331118 634278 88
1255487 161172 43
11292920 5852581 91
11299817 1338239 42
11302731 1487846 55
11316385 1660256 6
11322806 4161622 88
11338741 612317 51
11339281 884655 54
1700417 2123116 43
11348639 2185862 78
2569516 332979 95
11353093 177468 34
9376933 620538 35
11359421 848740 2
313826 5394 58
11216364 1642156 20
120539 394044 92
5582187 392674 82
337990 924515 89
6674525 1602035 10
11395367 2657942 53
1394320 1091907 24
326167 507859 53
11401993 255284 39
11405326 125483 13
8075406 3559685 47
8075407 1463623 71
11417004 38820 50
2983581 91380 50
11419567 1316810 36
11423646 2751490 99
11424711 393031 24
396602 321615 47
675844 372168 93
680477 134124 61
846258 331778 7
679622 51996 19
922662 1731554 84
394968 1004798 71
2652669 248544 99
1000562 53547 12
11457173 448276 35
11459486 287045 79
11466793 246449 27
11469264 1315889 59
846260 479815 16
335033 330351 71
4624390 769398 39
335034 54189 87
11498961 790780 33
364564 963113 97
11506493 1947498 37
11506934 867922 9
1799419 2613546 96
11512501 625350 2
2534713 18112 24
11515988 130154 38
324410 441525 58
11529785 2327535 97
11531193 213511 64
319137 861285 20
11533090 160827 23
218098 98039 83
3131158 1341791 72
318626 857346 41
11552022 659887 52
1772972 1032756 7
394296 330474 35
11574980 373483 29
7276956 639225 2
4720354 2203626 46
11593332 355110 66
319293 118658 88
2438464 614017 19
18628 41757 9
3952676 1315915 55
18629 97813 49
1006943 374070 25
11632611 1188227 78
11632635 1206102 100
1686022 301148 84
4779853 2536516 46
11687146 3308736 32
4278876 4368487 13
11691629 2515998 54
11691705 705651 5
328218 890670 36
319162 861991 86
11694222 2859972 45
11694248 503682 88
11694442 330627 81
2993143 701765 27
11696099 1394928 5
11699876 1595616 51
11703159 606623 27
11703246 1021727 59
3152797 1125980 84
11712653 793546 47
11712720 897527 65
11713356 332855 68
2447649 39567 45
11716192 1065121 94
11716729 383870 20
11718249 1709034 51
11718881 418761 78
11720876 133176 56
2270305 340410 92
846262 51776 67
11723785 875106 89
11725792 1116346 46
11726861 2808788 17
608826 765248 67
11728750 1724763 94
11731012 924175 43
389758 1000350 84
995521 51360 41
7732261 1743596 88
534647 880354 84
11739840 3104845 75
5005550 2478429 15
11744795 1406690 16
2511138 328846 38
4442377 1433158 69
11751255 647516 34
11758952 121063 27
2289471 2332946 16
11760583 130089 67
3010745 52922 94
11762011 460625 45
11763558 4676931 13
21690 119949 72
3170985 296411 22
11764844 3258016 63
11765846 96240 3
11773450 634973 30
302844 218350 96
1005320 245597 21
11774192 3017489 37
11777699 261853 27
11777770 389415 44
11777888 1307812 8
322331 871591 44
11779864 57260 80
11782699 328138 69
3505562 2067700 95
831596 776634 52
608784 336509 50
608737 1345568 94
11785167 283933 16
11785212 1987198 34
3680567 264673 26
1344081 189636 40
11787415 5546707 38
846266 416106 64
11787874 870492 35
11787885 1673926 18
11792868 1692794 77
4981514 2590388 65
2312809 129187 34
11798276 1982680 100
3504824 1022505 5
11801612 97850 11
3325414 217287 100
11802594 662981 45
11803341 2681706 15
11804669 527952 80
846267 1126044 56
320767 868505 69
11809841 548583 88
11810765 1477551 68
11810791 790036 24
11811363 1493153 28
2330678 1052628 20
11811898 3142854 1
846268 322673 20
11813168 1317461 97
2425341 318443 23
11814622 965774 62
11815550 3202373 14
11815554 1405598 22
11816054 483785 50
870515 379767 65
11819991 325454 40
3029034 894645 68
11824306 76111 1
366216 964061 65
11827244 2612146 29
11827775 363354 26
11832066 1829720 16
11835405 80807 30
1417419 204326 99
11842966 931283 93
11846820 107621 12
11846946 8511 84
11851053 1166333 58
11854852 1345654 40
11863831 604221 68
2742066 217185 10
11888709 2006011 12
11892131 1295188 95
326170 424319 94
11908436 582521 83
104588 336994 95
328221 264889 73
9801941 931598 69
11930982 897937 23
11931052 202649 18
4106854 1579704 87
11939305 96961 92
866465 791227 67
11951206 30359 93
335045 289935 24
335047 915495 69
11959915 45502 44
11963508 659233 40
11965022 364071 95
828325 884022 71
9891363 2192064 2
861200 1312537 3
11970023 1233542 66
11973939 2491655 31
302848 67053 99
11978894 226414 73
11985122 336128 3
11988365 908743 25
3526293 122089 64
11992996 2076176 52
11994672 180832 71
7032327 1734052 28
12011989 1953689 79
12012629 384487 12
12020625 3132161 3
12027176 1597049 51
12029822 339735 84
12065125 1511327 26
320710 333823 15
12069986 4548031 25
12070711 4181052 80
9428421 408557 83
12073930 1758964 68
12075944 594492 12
866125 896758 97
12076919 1798079 74
1675918 319356 59
328222 193975 66
1581526 589732 48
12079582 3167167 3
2989405 66526 64
12079877 11981726 68
2742095 1851719 86
1854834 1642562 45
12080680 861051 87
12080870 356968 93
8441343 2893921 7
2438712 412620 74
323792 875921 33
12082628 3962331 22
12082682 3477707 27
12082792 2693297 59
12083290 418567 60
12083391 231078 91
907577 1028009 54
11038583 499518 54
12084446 1855992 28
12084617 845246 69
12084857 5882210 100
12084933 1185496 93
12085038 1648867 94
12085055 2913416 84
12085297 320823 83
12085540 761292 87
12085729 2579709 27
862054 361085 17
12085808 666063 93
12085987 207608 40
12086234 390903 93
1641819 177728 5
12086515 1250803 17
3026372 1734511 64
12086617 923940 39
9380480 703527 34
395105 415446 12
12087281 247472 42
12087477 580659 73
3504440 580974 96
12087783 739611 80
12087865 929820 23
12088195 597189 83
12088621 253707 84
12088777 945206 14
12089056 1372352 56
4699510 3866156 6
12089227 4153462 55
846270 385294 75
12089720 417344 51
12089761 927529 49
12090134 335146 61
12090170 859213 57
3109508 1362071 72
12090733 389266 3
320768 868521 58
12090891 364503 17
12091237 4125010 72
12091270 1600604 64
12091462 903117 96
12091964 918712 87
12092062 810020 35
12092151 671549 77
3626171 1423920 59
12092631 1197696 54
12092747 580969 100
12092863 471762 60
12093245 1205394 30
1657767 236620 53
12093644 96439 76
12093684 3194306 66
12094099 2289508 70
2055548 332677 34
12094348 580525 54
12094453 1856623 98
12094493 107633 4
12094885 364995 31
3709732 1870304 23
12095158 883814 80
12095248 2197648 56
12095345 12095349 38
12095732 497141 100
12096248 3328455 13
827669 636115 41
12096844 1136681 96
12096860 1826250 15
12097737 1536178 82
12097776 284411 78
3510159 721886 76
12098874 4381498 96
12099082 1916247 26
12099118 917989 88
328223 890757 65
2594216 360729 58
12099676 870273 88
110947 356919 91
12100293 1487600 11
3029035 692112 68
2457559 2803822 1
12100522 459923 16
12100585 276130 9
12100855 471569 52
12100926 5507476 80
7217076 380677 53
12101251 109044 84
9786127 307325 17
12101372 299915 6
12101485 667935 24
12101516 810206 66
9079170 1767527 64
3125239 354659 95
12101787 145631 69
12101832 1912750 48
12102097 150268 70
12102470 54087 25
2502968 636083 87
12103512 324930 3
12103871 344070 3
12103887 51282 27
2295957 16634 55
12104145 1005129 82
9100067 470682 67
12104266 385818 40
12104349 1717205 89
3862582 462367 38
2612419 3242558 86
12104748 1719420 39
4760806 2048376 22
12105256 836926 9
12105379 517749 28
12105731 838247 13
12105898 1971735 33
12106149 41931 13
12106691 4316487 69
2995970 436039 20
12107432 118750 59
12107552 1326553 95
12107588 231965 89
884308 448746 56
12107652 2359085 94
11985056 13190 88
395453 98514 62
12108049 715332 30
3522719 93433 85
12109091 396851 23
12109201 1590368 59
354168 949021 65
12109582 239668 28
12109904 915903 31
12109971 2306966 81
3878400 527570 9
2656891 321367 21
12110453 2602825 74
12110552 105186 70
12110901 5751712 37
12110965 1127028 27
2453642 3132965 12
12111813 2300078 27
3998105 10923 81
93647 318652 17
12112200 824668 48
12112210 391960 35
12112321 4868890 55
12112470 688816 41
12112572 2742068 74
12112749 1375416 36
12113713 624703 36
776227 242468 63
12113838 477541 56
11477038 2749815 5
1823228 361525 64
2295958 206177 47
12114178 1746617 67
12114313 852137 4
1852801 309635 39
393774 1003929 5
12115106 1644128 42
857063 400221 47
6590777 5773043 17
12116124 1526471 73
12116400 237997 77
6953154 405235 95
3154953 101654 42
12116910 388900 11
12116978 328486 100
12117269 3857585 61
8132934 534897 57
12117637 148599 16
12117888 112086 57
12117940 1945052 77
1662889 2503015 64
12118686 1357720 43
7967210 163368 29
12119334 143417 11
4401128 1145496 39
360784 122873 18
12119932 361850 31
9912779 569123 37
12120313 1527206 40
12120471 220092 15
12120597 881750 29
12120801 1715736 36
12120853 1269045 7
364869 963383 88
874998 74176 89
12121808 1808330 80
12121820 882043 73
12121909 2186091 35
12122353 141641 99
12122441 1308534 95
953192 357367 10
320769 55305 45
4743826 2043439 56
9651517 106764 23
3502938 349870 22
2447511 995346 25
12123563 1195859 71
12123924 3686843 74
1852562 953268 73
12124151 354570 11
331391 902402 6
923106 1436222 40
12124328 338436 62
12124342 339993 41
12124812 94892 63
12125320 545669 37
12125423 487947 89
2653865 393744 47
12125757 891330 1
12126105 95107 11
12126214 121135 51
12126457 1470143 65
12126541 1004315 95
4085453 4237108 86
299407 529124 34
1756286 1190381 56
12104711 947941 68
12128526 3010324 15
2438896 31171 33
12128672 329151 85
12128819 361178 84
12129011 441526 30
12129093 1095057 44
12129490 36923 46
12129573 49352 1
12130596 875477 84
12130890 787695 56
12130998 1866826 34
12131398 1845000 48
12131411 866767 55
12131793 733973 69
1254958 2132838 59
12096079 343950 83
675804 274299 13
1692358 149714 33
5817360 307017 26
12133091 736385 11
4670852 1025492 38
12133554 4037061 8
2270610 127924 36
12133841 440444 40
12134541 607731 46
12134717 1758883 18
3671987 291741 86
4287951 1858429 56
12135739 3802568 51
1662890 2131422 62
12135867 109957 96
12136035 405242 78
12136285 1060901 35
12136809 35266 43
3325824 225532 12
12137124 912182 59
3860061 944632 73
10479815 859917 11
1608888 1805227 80
3507654 852694 43
12137995 101551 98
12138572 103941 85
12138646 72679 67
1672968 189553 77
12138848 323413 68
9879300 1794621 3
12139677 2412939 16
12139948 2603325 77
12140299 1202267 25
12140493 1097009 1
895381 1477915 94
12140558 836806 22
12140686 2061898 71
3171418 940892 87
12141110 2006017 9
12141433 923999 7
10314056 5795 48
12141628 119009 91
12141730 376226 82
12142009 2383832 87
12142093 3851947 39
3156346 3627533 27
12144084 542745 9
2528826 346293 90
12145129 2062346 57
12145436 2970960 66
3140320 1708311 66
10866351 931218 89
12147007 1528777 37
99311 144080 28
12147476 539256 37
12147529 1310487 6
2439173 2799979 53
664528 106531 53
12149491 8026244 91
2439174 1587135 37
12149748 252863 86
12153456 74111 82
12153481 829862 96
3647580 122068 9
12154765 327413 53
12155355 880100 67
2996446 224735 65
12155552 416529 97
12155601 2713282 25
846273 584020 6
12160378 54586 83
12163718 3728142 39
3029036 2298903 10
12167418 325295 32
12167755 1659719 97
12168871 2174533 9
3029037 671781 92
12171287 4175385 3
12171295 4605908 28
1692359 1315190 73
3229781 1438896 73
12177762 705340 44
12179055 284546 63
12183522 1298383 10
12184796 2438519 1
12187007 698165 7
12187341 2177736 73
3927550 52232 47
12187864 1249979 60
2499348 1144526 38
12188299 1146529 34
12188646 1045958 14
12188706 119440 94
12190274 391311 34
12192994 1885700 21
4590305 1001168 17
12193151 51434 59
12193258 815206 86
12193463 363302 46
9429811 785524 34
12195036 2610767 22
12203711 1920551 88
12204866 527862 51
12205422 238233 37
12205471 260998 2
12205588 109829 13
12206391 2306532 80
12209008 2918764 64
12209466 1255896 81
12211741 1046131 16
12216584 10100 71
3508850 3375087 86
12220809 890850 42
2565308 18116 83
12221825 1473416 40
12224604 160827 29
12229388 190492 18
12230151 940258 3
3424706 333694 2
2270981 320896 94
12246296 354692 30
1641820 1157277 13
12248118 1264315 89
12248219 584516 96
12248314 25025 13
2991193 140187 29
12249554 91341 69
12251707 2485693 65
12251954 87059 26
3861413 366029 76
12252490 4446931 82
12252792 2161458 45
1686647 2088286 38
12266323 436683 63
12269703 3846522 29
2559166 1477492 29
12273359 817165 18
12278698 363125 38
12285336 50963 92
322332 344395 37
12286333 747956 73
335053 915603 57
12309226 461677 52
3645840 3957642 72
1433279 51717 64
335054 384242 48
2879291 109524 71
12316907 2566591 35
12320006 1174468 98
12323427 524642 82
12324889 491291 100
1700360 2531454 1
12328016 1432567 18
12332117 2348129 71
331393 424637 80
1433775 1578637 13
12336851 1066581 78
12338466 2048065 83
3507143 350993 3
12340668 1590879 12
12342224 2144569 7
218100 669614 37
3629153 780723 28
12344571 325379 98
2502535 128564 33
12345844 822970 49
3319578 952720 9
1823604 2633230 38
4093220 467933 2
12348559 444304 88
46972 202317 6
12350032 448604 50
2989438 217566 33
12353754 1055057 77
2742082 97379 100
12355605 376118 61
12358528 221211 68
320307 866070 73
22199 121486 30
12385104 616611 43
12385112 188549 81
12376727 1478392 91
12402007 286492 55
12504398 408408 52
12515577 3609369 35
12516052 1385639 11
12536735 333826 24
1674756 918780 13
12585824 1194866 36
12612477 128270 88
12624514 918187 17
3531799 369871 11
12666551 4170869 1
12694694 43893 67
12695968 1538805 59
98367 327727 82
3440667 690504 60
964018 113478 59
12710672 1009852 97
12713884 38612 75
6782872 419847 19
12716766 5736247 21
12719232 2289816 97
12721970 1306898 67
7002799 7002833 79
12726371 2142854 70
12726539 350012 18
12651486 3127 5
12092480 1405781 49
12739310 666574 96
4530030 1191188 1
4093866 897340 22
11977449 1853504 61
3573356 53235 24
12772016 15681 92
1690732 5468 80
12776283 96486 51
12778582 5303867 5
1662891 797617 48
12818135 9026 15
907217 92426 9
12830183 95632 71
12830684 336636 91
10974977 156267 62
12835628 2868410 40
12842777 529421 70
321603 236503 48
4739597 902030 35
1686470 295620 40
1681117 874080 79
12849199 2843788 47
12850943 267323 90
12860183 1438573 88
10807445 88062 49
12876845 348066 26
4588953 699851 4
12886301 512145 81
886339 50517 19
12887500 1690618 86
12893354 98393 26
826577 23134 51
4507356 55863 1
12897397 1298821 67
12902022 219219 34
12904855 516626 65
12912990 914026 34
12923981 150171 43
12929450 1633467 23
322339 871796 70
915422 1724271 62
12961188 225851 75
8518602 8518628 1
1712110 288205 93
12972811 1941598 52
1659672 421952 98
12984005 1487794 90
104209 336223 57
12984100 52728 24
3243506 1185203 38
12993914 1309249 30
1695509 36479 22
13012909 347488 56
100430 330698 33
3984182 255579 36
13024680 774670 10
2484316 962354 41
13029349 680798 45
13031127 565726 24
2612825 782547 10
331394 122366 77
3158366 896147 22
13042252 313375 92
9905159 2137629 51
13051158 389267 60
3158354 3629461 70
3179326 338062 77
9008495 948996 19
1417141 326974 98
13063011 551462 57
11557322 328885 84
13064760 661303 75
3510160 441674 26
8168099 1592466 84
3243507 1152878 40
2437878 1308630 23
13069094 1756449 28
1416614 396561 25
13070485 8727 73
13072459 394804 81
2270964 353763 74
13076165 1451435 58
13077263 478801 96
1704014 2529291 20
3652960 86410 61
337250 924881 75
13082222 2484034 17
4103447 390356 67
13082490 782762 12
1856527 227510 92
13083290 318676 53
13084595 1499300 66
13085137 142029 74
13085210 742424 2
13085945 3026193 61
2990482 1147715 95
13087342 552240 77
335507 918188 17
13091252 698007 47
3398092 552276 82
3526148 47796 41
13091925 350851 24
3158357 615249 86
13092609 325109 60
396084 861179 23
13093970 719564 2
13094045 430087 51
13094112 160655 31
328232 890932 49
13095313 810172 23
1731609 842555 70
2440935 409740 96
13097760 341664 96
13099421 411739 47
18631 97900 1
13100405 570903 44
328233 367549 85
13101966 1421248 40
2270688 199398 95
11457197 1003 31
13104196 1740828 93
13104846 257658 93
9766377 3314157 98
12090504 1770089 69
13106048 3902086 34
3158367 1423830 32
867546 946005 37
13107675 48442 88
13109765 440637 23
328234 110659 27
13111447 866675 74
13111521 850260 98
13112445 223219 65
319188 862793 40
13115469 850421 9
3984183 2528930 58
13119883 2589097 53
13120851 1620834 70
13124199 1117830 94
13125601 257080 48
13127069 2445234 92
13128961 687450 43
354007 915885 80
13130542 593388 7
8358163 929684 28
13131326 1121573 40
13131347 929738 13
3864694 646974 16
13131773 54212 42
13131802 1293367 22
831995 714483 43
13132004 1586016 67
13133235 1313021 75
13133945 471927 87
11018268 109137 21
13135566 642537 100
13135584 1239141 41
13135950 230465 34
1674100 153262 74
1794815 844548 64
363272 323383 18
2502539 511271 83
335510 33421 69
13183822 394718 14
12908816 98718 13
1692813 845010 56
13191029 415567 3
13191902 163053 1
8389440 606587 73
13196842 9971954 72
13197696 2143804 100
1417207 879762 76
13199457 384577 63
335484 606821 74
389760 1000365 80
13199945 3853489 60
13200045 103863 3
13200259 1081409 94
13200415 2687669 20
13201602 55922 5
13201624 391444 79
365464 963659 81
3009884 56470 25
13202666 6468879 86
14210495 418139 81
328237 384365 81
14219805 399720 92
846296 676185 5
14223700 1089317 43
14224526 318721 98
995523 803748 69
13080439 687973 48
14230580 332255 27
1856274 1141635 36
14231475 179794 54
14231836 17046 92
846297 838121 71
1577894 917959 16
14238684 635881 62
14239286 1776586 14
14241595 706763 48
14241827 871588 76
10347630 734036 6
14245995 308514 22
3662137 396222 55
14248121 2396816 98
14249393 975894 43
13476455 1010934 87
14250510 2612859 86
95321 321943 33
13499976 1085629 33
14251485 2169637 39
5078606 428989 98
14252428 332292 65
1775473 1804362 20
11459488 1007439 36
14256446 450824 9
14257299 3630523 51
319163 862016 81
2871586 890307 19
14262057 1023904 94
1671733 1563209 12
14262570 856699 100
320711 608469 96
14263236 757887 23
14263440 1113910 94
14263673 1825584 59
14265162 549774 9
14265808 1428817 21
1593320 512814 91
891327 1578396 21
883638 1700685 2
14266581 1706008 9
14267057 1737719 76
14268913 410279 82
14270714 302442 1
14270735 3437596 48
14270986 613374 100
14271083 906763 69
14271810 234586 96
14272211 224421 6
14272682 1287973 66
846300 914544 63
14274966 3029011 59
14275127 1191404 15
14275172 393420 44
14276468 915763 75
14276906 596498 40
14276986 2887971 96
14277328 224341 48
14277513 12091866 36
14277543 1490516 42
860537 1674909 78
1701386 2532160 31
7093816 858888 38
14179947 681121 24
14283419 4430371 40
14283785 630368 29
14285854 607068 53
14286759 832125 46
14291780 92261 23
14292104 1688743 7
14292730 283793 95
14298527 365834 95
14299121 386687 67
5270242 5270399 42
14305545 2689326 42
14328716 2662720 77
1321505 1213020 92
14344516 1347439 13
999870 52148 28
11190499 448310 14
1686693 109195 49
2290158 2140029 57
14357069 8216144 67
14357081 1394750 48
14357104 2403279 22
14357120 745870 77
14358243 2215227 96
14361510 344075 76
10562765 852853 11
14362883 233882 11
14363516 287975 7
12402029 1686289 79
14367536 1933755 68
14367621 1577505 48
387813 998932 37
14370159 1742478 44
14370169 1479429 21
3242177 2328023 86
14376278 299760 19
3010503 626370 17
14376876 314370 3
14376944 877806 86
14378008 1648320 90
10432778 3196803 48
7215542 2240641 96
2055551 374496 68
14378622 2042514 1
14379014 616118 68
2299600 273912 97
2993264 332488 73
3270800 636921 3
11332618 1537911 12
14383790 1614646 56
14383850 2592169 80
6112063 167266 50
14384425 1130719 32
1579638 176989 6
14384789 2529533 92
7478946 298977 49
2270689 665898 92
1855854 2370492 11
14412737 706552 29
14412803 1677172 89
3158440 866590 30
14414205 50792 31
901039 1711183 49
14413293 560758 58
14415769 3232686 31
14419656 2224685 78
14420888 293046 22
6624551 1444691 55
14421609 449451 59
3090184 880400 72
14421779 593396 22
679611 119640 50
14429033 3538194 17
1581166 352059 75
14429918 918426 32
3507255 1482862 92
884014 706228 45
3644775 1743277 61
14436127 226304 37
680634 240646 12
14444651 277709 50
3712271 461633 60
14447441 1829755 14
14460836 2477656 43
54002 180836 88
2534714 406147 15
2989439 922677 30
14467796 907401 64
14468019 901138 72
14468357 131099 76
14468387 986782 46
14468978 884387 76
370332 970313 68
14469625 392707 86
94954 321539 50
2534705 320315 71
14471235 201151 2
14471439 781320 9
9412556 321579 65
8260397 373057 29
1723037 124032 34
14475900 2012649 88
14476314 1581870 48
14476344 342728 81
1250220 991476 14
14476462 323097 77
1098901 457076 82
14476817 101384 42
14476857 1126337 76
3607195 782358 8
14477032 515802 4
13408648 3627499 16
14256742 3847711 69
14477323 3340927 3
14477327 221975 40
1417145 2290948 70
14477393 712027 16
14477406 904794 95
2523061 966191 90
14478441 1987066 12
14478465 657188 97
14478529 293085 85
14478873 3198373 72
14479179 1831489 62
14479594 1560066 18
14479598 736758 74
2990184 910283 85
14480417 931931 3
330507 325281 72
14480592 13194 34
1321506 345044 92
14481154 941458 70
14481502 384801 63
14481612 602875 55
14482350 397890 72
14482425 870605 46
14482999 236476 13
2989564 394897 53
14484371 581902 48
14485020 1508031 13
14485349 601246 94
14485418 299986 23
376270 979682 39
14486178 791429 4
14486249 87287 1
14486506 145577 92
9243087 505988 26
14486791 6355442 98
2743390 51430 1
826580 325609 66
14487118 109043 63
14487416 294797 79
14487645 1687229 9
3397952 196901 92
14488321 935609 16
14488792 674816 61
14488934 94748 52
14488964 226600 89
13194959 608798 23
331397 49530 71
4092622 642477 32
1321508 621887 64
14490467 4440495 21
14490590 1961015 23
14490827 831344 43
12089205 500984 32
12065634 2533532 1
9456904 700011 96
14491273 1970693 65
14491472 155081 99
14491723 2477409 29
14491883 333406 70
14492263 1596799 30
1642187 882678 22
14493432 878028 86
14493984 142570 61
14494010 109248 44
11457176 100359 76
608817 953145 48
14496026 312776 41
14496062 388375 33
14496152 590274 59
8132126 96887 81
2523380 338574 87
14496965 2990491 33
14497099 363621 28
14497389 289288 58
14179879 172286 32
6375422 1005139 79
9053521 276475 45
4618041 4058182 63
383525 994749 67
14500499 59410 39
12090505 1170725 51
14501450 62807 5
4737616 25665 81
14502201 685966 64
14502553 1993475 10
14502593 671050 56
14502601 1521018 57
14502609 35764 88
14502659 208817 60
3862802 152411 100
14503513 22783 18
14503792 1038666 83
3465411 51186 34
14503944 2557634 30
14504276 665327 87
3882235 286374 48
3863998 98719 69
1660138 1130997 100
335069 896636 85
14505984 116738 41
14506168 342186 11
14506174 121325 58
14506309 479969 44
14506961 1005411 26
1852641 312584 24
9406853 868501 15
14508102 51775 42
14508529 3468783 27
12850758 2296631 54
14508550 3048497 67
14508569 708803 53
14508963 643978 83
14509070 892314 10
14509084 51077 68
14509469 54974 19
846309 64299 37
1854996 1210101 5
2991542 651734 96
14510286 923438 92
2511082 182040 63
13440827 1046030 85
825325 816185 96
14512603 58040 90
14512758 603927 98
14513078 79219 12
14513363 373265 65
335070 915886 53
14513843 1660225 97
14514572 905241 41
14514758 344822 55
11766395 84113 5
14515600 348632 26
14516508 1426128 89
890862 1025868 1
302859 132494 100
14516890 17139 7
14516973 343787 34
320713 866941 97
14517089 189091 14
14517102 180686 43
4093466 921859 46
14517756 2387131 43
1659993 252045 39
14518173 393254 68
14518225 238234 97
14518308 1662304 50
13522067 56740 79
995524 511225 99
846311 686576 48
14519257 1042539 71
12104712 558582 37
14519882 1104684 61
14520092 1158287 32
14520116 567050 9
14520266 391441 13
14520352 862367 16
14520358 116254 95
14520498 864982 64
14521116 3633245 52
14521433 2435569 64
2332341 12654 91
14521816 224834 41
14521832 488906 3
14521874 30814 43
14522416 1753121 3
14522445 63515 95
14522549 629932 49
14522572 1123707 49
14522635 2336368 56
14522878 1457087 53
14523130 1321839 89
14523284 106698 83
14523311 1911900 9
14523453 12224 71
14523702 835896 61
14524121 850116 91
3502010 3860013 4
964020 386005 32
14526627 3876740 97
14526689 4458244 58
13490165 1112594 66
4984211 325867 35
14528006 892094 15
14529356 1344493 63
14529365 191234 99
3642308 537421 37
14529665 98319 19
2273262 1242126 9
14529682 288561 54
14529740 352651 85
14530756 1389190 41
321503 870224 91
2513660 219168 13
14531168 1540549 29
14531275 333204 51
2276192 859057 97
3109511 1149946 7
3109512 2162117 80
14533103 407823 18
14533236 764513 75
14533423 2568229 100
14533948 175184 96
2484594 1459577 95
1007322 856700 97
14535968 394197 18
14536512 36044 2
14536798 544242 24
2991394 101645 61
14537584 967135 96
14537726 412299 97
14537991 696394 36
14538092 99120 62
846312 1660118 46
335073 651771 46
14539398 14539400 35
14539854 1032718 83
14539921 2829205 58
14540014 596470 22
14540138 1098889 85
14540428 1126244 98
14540579 2535801 85
14540759 1819048 56
14540782 913813 70
14541541 1731413 21
14541660 2791015 10
14542585 3685704 38
14542816 474104 32
14543632 717056 80
846314 152889 89
1484103 660082 4
14545343 3706615 82
14545450 320183 54
9084255 307632 83
1004437 337117 41
10562771 72284 88
1423363 671093 69
14547038 191592 74
4093539 4241414 70
14547585 89890 75
14548290 671238 55
321504 870237 11
14548351 3670663 40
2987009 294632 88
14548498 156326 6
14548868 336345 86
14549087 293485 52
846316 353794 89
6570197 671316 75
2912069 3422827 35
14550748 2813126 71
14550810 107396 47
14552180 2070810 61
14552787 1451227 42
8776710 705164 11
14554167 976946 92
14554731 2055517 12
846317 242694 5
14556269 715039 46
14556445 252943 95
14557032 2034389 2
4092696 63648 89
14558189 390873 3
14558295 953973 93
14558761 50849 29
14559334 338439 18
3653092 319354 31
102774 334546 41
14560730 890668 91
14560854 665289 52
14560864 773380 60
14561138 839160 20
14561585 373427 99
13515413 883557 65
3319565 64300 73
14561866 654167 82
14561884 1307155 4
14562058 3327808 7
14563705 101167 94
14563838 1350269 2
14564031 50980 56
1686083 358702 30
3268404 292400 98
14565164 409262 8
14565282 1865545 67
14565349 534426 86
14566141 820525 74
361564 960676 42
14568494 1440804 6
14569007 195580 81
123464 404992 84
14569559 318510 7
14570208 739694 23
14570299 348188 66
14570494 1622086 18
11957840 658587 34
1735024 2219240 93
14571086 194575 21
14571306 389575 3
14571496 99773 83
14571793 782039 4
14572002 1724809 43
14572260 160353 89
4137739 1739295 54
14573040 1564746 63
14573115 410104 60
867027 1681362 47
14573777 1025079 10
14573802 2825863 99
14573893 5246873 24
14574105 320378 20
13096336 418629 7
14574973 451475 4
14575070 2252702 65
14575246 2886574 20
14575881 340408 18
9373135 362662 34
1852612 162365 94
14576158 100825 40
14576212 333068 32
14576273 5546480 4
14576460 2018779 39
14576766 170727 58
14576907 51069 32
14576923 5093950 61
14576958 364329 22
14577000 475329 13
14577028 249370 14
14577038 3189183 66
4509942 4061488 76
302863 831446 36
1417486 2292069 3
3192625 362321 34
10472002 250736 56
14577834 2708538 44
14577997 975929 25
10734825 320426 37
14578310 640538 2
14578654 1748333 83
14578677 5766946 51
14578686 178190 48
14578882 213368 71
14579866 2497961 28
14579879 575534 87
14580263 350156 83
14580285 728616 46
14580308 3223174 4
14580467 243663 63
14580491 2492005 29
14580596 1118898 26
14284510 3326153 18
335080 350233 2
14581497 133514 62
3642410 261791 66
3602316 1442233 59
14581803 849897 31
14582201 359420 40
857633 1042107 86
14582774 1563883 67
14583206 686815 32
14583584 4411020 55
14583626 1042474 66
14583951 2081168 80
14584108 914770 77
14584168 397538 14
328246 98384 66
14584493 607425 61
14584549 5876659 10
14584578 1531 61
14584947 7608 4
14584986 53003 23
14585112 2201649 12
14585222 192251 81
14585413 924600 22
14585427 35371 37
14585444 2318323 36
14585497 1612135 6
2127884 1278147 80
14585627 1255454 81
14585866 882696 82
14586246 378506 88
14586428 1308826 97
14586546 396499 26
14586828 756228 27
14586920 2812381 74
14586948 2031837 64
13481088 910652 73
14588120 1231881 55
3109513 2773728 1
5949516 155266 60
3261210 725460 61
14588422 328134 23
14588919 94639 72
2437881 3120046 28
14590115 171968 61
14590169 1601259 17
14590220 4875129 82
14590266 231473 50
14591206 73788 13
14591778 476453 29
7030607 2622537 51
14591884 830018 95
14592237 2560174 62
14592534 95843 56
14592688 994719 5
846323 1249231 38
889357 1194291 44
922851 1245069 98
14593205 1114068 11
14593314 14378072 69
2458215 584116 30
14593342 100619 34
14593381 1577211 16
14511707 874962 70
14593535 532859 65
14593571 97540 94
4619051 1106488 49
14593916 857189 44
14593940 1506366 38
846324 250368 92
14594012 207959 34
14594220 252702 87
14594902 307633 72
14594947 749946 2
14595730 173059 50
14595772 472246 15
14595799 915629 22
14595832 78628 56
9442868 180723 82
14596229 113116 44
14596433 2514144 100
14596544 962391 46
14596642 764642 56
14596870 67387 22
3705540 962580 78
14597535 1510032 33
1635120 654993 19
14597920 3343365 55
3863580 671717 19
14598682 878249 10
4182568 2394777 3
9623274 1646287 70
14599732 1186002 66
2991243 3053270 8
14600120 929578 18
14600181 576530 5
14600285 1852694 56
14601049 909094 35
14601635 291682 52
14601863 91033 70
14601896 382265 60
335081 916024 46
14602217 408577 33
14602544 743344 53
14602557 2005822 47
14602911 874405 20
534653 502384 9
14603589 347078 59
14603713 741048 43
14604341 676040 61
322046 495720 12
2513664 95991 69
14605055 743032 79
14605331 91809 85
2276176 370789 64
877124 1305892 87
14606091 96243 54
13239599 97977 42
14606693 110039 63
14606752 224946 84
14607100 242452 62
3948130 932359 69
14607665 6806933 63
14608021 1149779 13
7640951 863740 50
1005323 1164994 100
14608660 341708 4
14608697 324426 70
328251 891268 12
14609083 3696120 59
14609299 1820069 86
14609512 200961 18
14609535 448918 72
14610029 1962463 19
14610073 751229 75
14610342 342325 8
14610428 3805107 46
14610498 1340919 50
4144170 401153 72
14611191 5429949 68
14611732 2025887 96
14611872 2043799 50
14611877 3725559 66
14612323 311694 45
14613037 134802 20
14613092 784026 39
14613446 1081812 5
14613862 1737143 76
14613960 173145 11
14614289 348517 33
14614295 678582 71
14614333 658921 59
14614382 620044 36
14614787 1861117 70
866668 640978 7
3861339 3305940 55
3862019 417494 12
1960189 771140 100
14616185 3921654 90
1254860 667376 83
14616799 704399 40
14617160 930026 46
1700362 1184628 79
14617845 2230792 62
14617986 252420 75
335083 916043 5
4703304 1102392 83
14618310 682761 54
14618525 809235 77
14618698 1704095 42
14618814 136229 77
14619084 633180 84
14619124 1304276 70
7068343 1708064 13
14619271 1256215 41
14619309 384852 32
14619376 365701 93
14619708 3607942 11
14619729 326853 20
302864 341488 27
14620097 912585 43
14620157 2440532 35
8650449 4894191 97
14620407 497422 74
14620583 3129944 17
14620717 175908 5
14620945 18886 60
14620951 324508 94
14621096 123904 32
14621171 1313762 65
2436872 180290 96
14621969 864938 8
14622037 531025 38
14622265 11648597 79
14622570 3176676 22
11839729 1259148 76
14623073 1801360 31
93583 318585 93
2734925 2853010 25
12093862 1776739 91
14624469 339475 88
14624581 3038438 37
14624603 1814351 46
321566 870338 33
14625129 1178852 41
14625200 856946 96
14625265 313177 90
14625347 2483714 98
3085441 58553 38
51815 157757 31
14625451 355109 50
14625463 2642443 32
2500067 3169324 83
14625941 430458 46
14626126 3545347 26
14626132 2133060 41
9797031 1205529 57
14626685 446129 75
2559749 2293672 84
14627003 898963 62
14627029 299431 55
14627145 1309508 6
14627205 3147498 13
14627538 215116 63
14627698 378677 99
14628101 7343327 76
14628147 1639590 21
2489146 585991 50
829937 1537716 36
14628897 2690409 60
14629102 376546 3
14629171 2266889 98
6851323 36142 11
14629466 142165 6
1641828 2312911 69
329394 892966 93
14629964 261549 8
14630087 1146850 27
14630144 280548 67
14630230 2141485 66
14630594 1167173 76
14630702 4167305 91
14630814 607147 87
14631056 354561 33
14631279 2843668 66
14631302 855938 36
3881555 22602 58
14632437 2408584 52
14632454 947413 11
14632602 910054 30
3335930 1127835 75
14633108 685280 91
2393022 683637 6
14633159 2277553 13
891239 1102343 90
14523236 2014668 17
14633757 1039545 79
13515350 1287953 45
14633816 32222 38
3171658 1044706 38
14633899 24417 58
1855873 27375 80
14633988 28285 76
1662892 339141 25
14634031 191970 95
14634164 2463915 37
14634744 278712 31
14634798 358786 36
14634837 1574893 98
14634846 2422923 84
14634855 353394 41
14634951 1278615 20
14635115 907911 15
14635254 606980 75
14635318 3639697 26
8588556 3140644 24
4639424 954458 80
14635557 23425 35
7252612 325610 40
14636149 687359 5
4279081 829839 95
14636276 1364110 37
14636332 333659 15
14636481 1439577 20
14636506 1868083 73
14636685 98229 33
2437882 3120075 98
14637089 313461 31
3322185 1245302 77
14637129 493045 3
14637221 1095638 51
14637251 672352 98
14637314 1397469 17
14637775 3194548 68
14637818 82335 3
14637901 1149697 53
392807 1003054 86
14638151 470949 43
14638159 1492261 71
11282915 1420338 48
14638277 1658184 8
14638281 1541805 97
14639035 2508109 57
14639076 817500 32
14639081 42324 84
2952552 1257561 13
14639514 440009 58
14639549 2961421 28
14640207 221977 57
14640311 3428483 48
14640337 346092 48
2655966 787497 4
14640608 109698 68
14640634 671647 34
14641423 1659705 3
14641500 220202 17
14641984 995997 1
14642375 975487 39
47003 202602 97
14643229 3756361 21
14643402 2067354 14
14643705 2951251 2
14643716 360580 61
14643753 219111 93
1771698 713627 25
14644046 936833 74
14644301 1166144 73
14644414 979551 12
14644436 1420731 36
14644477 2792448 8
14644815 1010146 6
14644944 225464 25
14645444 1709169 73
14645450 706560 44
4241115 1080086 40
14645749 7625087 2
14646364 445544 66
14646452 276032 79
14646714 104534 11
14647075 3907335 15
14647242 190790 65
1580455 230008 40
14647472 898960 65
14647811 141960 3
14647938 392156 47
14648089 193576 15
14648932 191421 39
9572121 2624279 30
14649319 1243690 39
3029045 471605 24
14649676 2959826 46
14649950 1177897 8
2952621 108045 93
14650698 224960 29
14650775 4023936 36
14650792 465386 19
1417488 1692282 75
4950142 2969266 81
3535570 1423505 67
14651015 2782887 1
14651578 545135 84
14651888 126615 50
14652001 922133 55
22077 121160 89
14652270 3104348 19
14652562 2637420 84
14652595 2358428 80
14652728 1756855 9
14652871 437736 99
1845676 1007330 82
14652963 1530 79
4373455 931896 67
14653006 692002 54
14653012 871237 86
14531369 581833 22
1658122 1607445 42
14653692 1994884 54
94500 95761 83
4984214 1593405 64
14653977 1029204 5
14654748 99788 67
14654789 6760127 56
14654799 262004 31
14654861 821117 71
14654868 848704 2
2170952 159720 8
14655556 59560 30
14655636 2031990 18
14656060 3748755 68
14656678 662920 34
2986867 110016 73
14656702 832251 76
14657032 1420804 80
14657041 6020439 11
14657383 236837 76
14657922 445278 9
1045627 1907839 66
9624272 1730602 75
14657951 3857607 56
14658163 2139200 90
14659552 579505 5
14659751 1191460 40
14659772 341145 5
14659886 2308262 44
14659898 5221827 64
14660541 1953468 80
2992663 50518 76
924232 39501 14
14662083 450391 72
14662373 527816 10
14663371 1419353 99
14664332 657006 86
14664664 376016 6
14665111 3474837 72
14665741 94386 65
13053627 4865507 41
14666000 157868 71
14666041 2377071 76
14666352 332944 89
14667939 905938 22
1413640 908307 59
14669409 6527136 2
14669984 454155 36
14670471 897951 23
3015294 867301 60
3325554 121293 100
14671883 2722121 55
14672257 337017 65
14674098 4619744 3
14674379 332425 84
14674819 2892519 17
14674876 367802 19
14676582 2048149 48
14676595 1741923 35
354178 441934 47
14678157 883249 5
14678504 5413076 39
14678855 339003 40
14679211 638583 16
14679416 5716578 51
3139941 2945545 69
846329 9625 53
14679977 3047931 88
14680060 1967508 3
1692784 2527191 13
14681302 70659 75
14681469 2405391 7
14681558 1685915 99
14681995 638433 45
6828747 309660 95
14682608 393257 19
14683500 1957530 54
14683927 4019577 64
14684105 376018 60
1450948 222179 80
14684183 2822017 44
10815631 4554786 64
14684569 1870533 89
14684702 734352 23
3014390 2414698 97
14686763 2709902 91
11815620 686719 27
14686993 863004 38
14687266 911580 49
14687568 1007949 49
13112546 162694 87
14690345 4218559 39
14691384 233060 52
887112 99780 100
4153113 225051 94
14693228 43215 6
10764212 337455 90
14694444 373127 5
14694539 545470 1
11892890 308663 43
1416621 466434 28
14695304 4881981 64
14695788 249824 88
846330 94164 93
14697491 444624 62
4159962 248607 83
105464 337888 46
14698123 107625 80
14698269 3911164 32
14698482 2368062 79
1657623 1580064 82
3179842 830441 20
14699883 336504 29
9147318 109463 40
14701559 892093 62
14702989 41924 63
962999 110306 95
960786 324478 48
3508634 3863513 85
14707379 337125 9
846334 226493 99
14708722 350057 48
14710486 263435 7
14710539 1295564 63
3927552 102042 68
2656057 1130891 4
14713274 105378 97
7356672 1527279 45
14713866 280483 45
1675499 80183 8
3842458 537970 20
2525196 2906194 68
10383188 1040452 63
14714335 137888 37
14714350 1233416 43
14714537 44313 64
4241450 1309924 30
13038819 126761 25
3984185 1454774 30
14715234 2688496 19
14715481 2437790 11
14716588 170914 18
14717701 354579 37
14718251 810190 75
14719757 1366845 58
14719903 1023485 32
384351 995968 42
1434623 99252 34
100166 330514 52
7051021 324891 83
14724898 13193 76
1343732 1331974 92
14725446 276154 13
14725686 858583 82
14726736 848934 38
14722777 1586199 2
14727894 957323 48
14728118 915187 94
14728132 194469 7
14728225 502874 91
14728243 1140027 31
14728717 453418 44
14730706 338721 76
11878690 651999 1
7250429 276593 55
14756019 857870 62
14757466 95799 40
391047 652952 65
14760817 98045 90
14761913 352701 42
14761966 4944726 88
14761976 418255 20
14762015 901052 79
14762052 103167 83
3119898 536091 82
15203848 2574421 25
15245856 6541213 33
15260477 2944089 95
15262122 5873938 21
1692881 80806 41
15393400 2502261 63
15400583 892371 56
9075691 1617016 20
15410876 1431129 83
15411642 342104 39
15414892 363836 9
15416359 1955660 23
15421637 2292309 69
15421769 1578728 61
15422079 145388 94
15422480 1961520 61
15423866 1828831 66
15424314 917386 37
15425099 853271 86
15426043 50515 16
15426081 860787 71
15426152 745034 13
1687033 1575364 99
15426548 10627479 9
15426615 945852 61
15426804 923346 95
562494 440096 15
15427051 820770 74
15427432 18046 67
15428075 874078 89
15428086 393376 90
15428498 96056 72
1779773 780547 45
15429293 2989845 69
15429812 1510457 1
15429996 329411 59
3014938 2205077 4
15430744 638404 61
15430944 322303 16
15431904 618856 14
15431969 1005098 22
3334545 2154185 84
15432447 241627 45
2569013 1108232 51
15445773 1658476 46
15452326 356312 52
15452680 441876 51
15456288 351967 64
15461143 5138077 35
15461432 1148056 9
15462485 913208 33
15465168 23855 60
15476529 95383 42
15478158 947502 100
15478693 678615 66
4739138 214165 62
15480173 1468157 32
15482278 1640554 98
15486075 944775 89
15487462 3123816 33
15495047 2034118 80
15495605 485148 7
15497352 660475 77
15501936 1387058 24
680668 710511 85
15503723 1218593 61
15505732 1944256 93
14711672 571186 29
15508755 810221 37
15508808 740260 77
15511020 2395458 24
15512003 7245560 65
15522008 1237456 32
15528458 906965 56
321231 869295 77
15531841 922891 72
2735992 892563 15
12235806 2896617 89
15541440 1756837 32
3504869 2638027 49
15553437 1405740 32
15558074 348633 50
15558105 2396042 15
15561810 323527 88
15562047 397999 34
15564755 222193 48
15568617 463192 34
15569809 1917007 37
15570408 463556 16
15570485 1866953 51
15570913 1965571 27
15571524 1055627 69
15571599 4500918 76
15575969 1054506 15
15577179 4981602 22
917865 810794 31
15578602 596038 99
15578814 869728 95
15580148 898939 82
15580707 875720 56
15580748 1068497 68
15583414 53048 92
15584584 2140812 65
15586642 2856973 33
15590877 299556 73
10774408 4895911 20
1045683 807419 47
1735027 2030153 94
831849 1635081 23
4652767 1798062 54
15877682 2743705 15
21611150 2147004 10
3642307 41932 58
21668730 1125480 69
846342 1660498 20
1799731 2557081 80
21758449 4348698 49
21763019 1579581 58
21779721 238929 71
21791166 1321688 47
15062233 790909 97
21864521 1972136 12
3172286 683693 83
21885484 573887 9
21888376 901927 55
10622548 254561 47
21901205 2798170 55
21953471 1102412 25
23753159 192154 14
25409152 1735030 73
25409188 4893909 80
25412380 1754072 43
1967075 872937 70
3643951 978545 95
25418099 1683582 98
25425305 163791 42
25427534 58504 93
1941809 2715497 77
25431245 523547 47
25435212 1566934 92
25435466 1167636 7
25438287 660148 14
25440080 2294219 30
25440983 50055 29
25441212 595574 58
25441598 253860 54
25442232 2253599 98
25442511 1049824 52
25442854 670720 85
25444148 867003 44
25444227 4473561 9
25444438 540853 11
25444888 856014 97
25445490 1845482 42
25447298 621385 70
25448998 2250976 74
25450438 1520965 2
25452106 809108 60
25454038 724130 23
14712049 653905 88
25455612 1532936 59
25456087 1305012 77
25456585 1224114 86
25456655 1311634 32
1415669 221772 42
28361697 1801846 32
28361728 128200 39
28617922 874829 96
28693199 809459 65
361801 960779 87
28738041 1323885 81
28747584 120825 80
3228456 1254999 73
28759526 891700 64
335095 672407 43
28777412 883203 62
29026215 2813212 12
30309895 314617 55
4666070 109824 48
2063261 766402 40
8075426 683078 94
30829173 3049804 64
31073595 1176950 73
31077609 248813 52
31077740 3122587 93
31081748 2062442 12
1702174 1721886 49
2304730 402713 65
3709854 317768 96
31086116 384948 57
15560041 2428638 4
31088075 6370171 38
7146569 18380 48
14253019 907123 18
15028601 3432207 92
11307289 11307304 15
31093320 332880 17
31093396 1087472 5
31093676 1306398 100
31094219 2179826 52
31096428 200831 16
31097178 66085 53
3539600 1662668 76
6759765 6759776 78
53005 219555 33
31178469 53193 32
31181068 828569 28
31181301 2511931 98
31181310 510974 68
31760880 1398027 21
31760973 887118 47
31761002 1641111 30
14502682 1520876 68
7252552 460589 96
31762252 222897 78
31762582 3945961 21
31762682 93168 36
31763222 7582479 73
31763405 1354719 38
31763447 4480934 29
2436446 324511 60
29719766 1816428 74
3925014 451749 32
1680734 2516145 71
31763884 413491 91
31764264 1358072 75
9073917 165349 79
31765409 1101543 93
10843353 869333 74
31766018 1257365 32
31766179 214298 93
31766252 310250 67
31766321 1094614 22
31763808 811862 92
31086763 384006 99
31940831 981828 15
15212995 3561419 74
31940896 2296721 8
15212996 6336128 10
31940968 2885133 82
2992349 3129296 86
31941445 1564987 69
31941683 1811074 54
1098810 467980 48
30625642 1410956 97
31941822 2707054 23
31941901 333461 7
31941915 4234577 43
29717479 678242 81
32551356 944952 100
32551513 336752 20
32552593 335394 84
1658895 1317229 54
32553692 677970 59
32554960 6117964 45
846348 435553 24
32556056 866591 40
32556138 3974821 21
32556391 940194 80
32556674 1307059 15
32557700 390786 18
32557904 394859 100
32557923 1828419 21
32557957 42806 97
1658718 1958369 19
32558283 891661 22
3773364 95634 36
32558694 2531702 91
32558777 151282 73
32610638 191744 44
32610996 212615 19
28735904 153454 75
28735905 393974 93
32611016 404727 26
32611049 161527 78
31760848 865878 52
32611071 102043 12
32611078 383253 47
32611084 607424 43
13365176 342011 26
32611099 664538 71
32611238 574013 98
32611293 829552 28
29713298 818653 16
32611332 342402 66
32611430 312013 76
32611482 6269282 14
32611490 252047 59
32611524 792126 98
3925136 331280 68
32611543 1868135 66
32611596 3334328 72
32611906 1267666 32
32611910 2554859 74
5684280 589371 28
32611969 1449719 95
21933562 1198356 23
32612023 2333482 49
32612026 1372391 90
32612042 129133 85
21624925 1427329 44
28872246 1852266 49
30635583 299475 3
32612285 1239168 39
32612300 2001358 57
32612336 260610 79
32612352 924388 97
32612370 5200522 30
13477377 770067 55
14180001 670102 85
32612498 312012 57
32612515 1091351 51
32612521 1319507 72
32612582 654794 21
32612632 3189624 59
32612651 1405821 55
32612659 97377 63
32612670 1024335 45
32612691 316050 11
29720781 1854441 14
32612721 195366 71
1693291 2152 31
32612781 55337 74
32612946 234800 96
32613202 1488194 68
29720410 2633642 17
32613261 676550 70
32613379 628031 37
32613437 260141 63
32613473 1770643 91
23745835 2182185 78
32613690 109363 58
32613693 349701 24
32613784 370229 69
32613916 391828 22
32613997 52777 59
32614031 2463940 91
29713197 347777 22
32614052 2041957 44
32614061 4889295 2
32614192 386508 20
32614211 233031 44
13489831 2143607 99
32614342 1147659 84
32614490 19590 12
29717433 785403 62
32614544 646530 82
32614549 298188 89
32614629 3098478 11
32614639 200369 97
32614643 3036176 94
32614713 574420 100
32614755 665641 74
32614762 403972 91
32614767 1772202 76
32614832 1831669 83
2990835 181344 29
32614937 1004409 71
32614968 2176732 47
32615065 698648 30
32615152 218682 89
4137740 932753 32
32615169 395770 33
32615275 1621528 32
14631388 93545 61
32615379 52341 98
14695710 554795 87
28737328 1657989 31
28737328 3327992 92
32615700 6146324 4
1732268 871197 88
32615879 812906 56
828689 652418 37
32613346 1066580 77
15139374 2918889 97
32616308 3849761 30
32616331 495512 47
32616343 1907715 67
32616376 2772044 82
3274394 250849 88
32616702 1121634 73
32616711 194088 53
2989023 1426094 91
32616904 51071 87
32616909 774293 80
32616953 1147638 13
32617012 5566145 100
32617078 280250 81
32617231 967989 80
32617409 877057 99
2512800 3179935 48
32617519 2717501 61
32617606 389904 14
32617609 193546 92
28925095 736928 13
32617926 929772 48
31794322 2868530 17
32618055 1006492 11
2436902 392145 72
32618197 962899 38
32618251 739700 40
32618352 3070394 51
1635889 2480790 53
32618622 1222206 67
32618801 689759 25
915301 160242 70
32619123 2488204 80
32619146 394614 40
30612977 102424 73
32619312 1397478 18
32176137 2130896 93
32619605 100475 77
32619918 9734642 55
32619948 332578 94
32619968 1434087 33
32620000 1307087 76
32620059 962319 61
32620094 2244 53
32620132 1027058 1
32620141 4623655 49
32620519 55776 37
28733446 863010 99
32620707 3424924 93
32620770 859243 33
862153 947719 2
32621014 3445698 67
32621252 4614458 54
32621349 1589207 78
3939951 2722008 17
32621754 24116 40
1722951 2510371 54
32622109 1304086 13
32622166 2947897 29
32622186 850094 68
32622537 889324 42
32622561 1745688 32
32622567 2975470 15
32622586 651063 7
32622670 18423 31
32622675 4875809 19
32622694 2350792 89
32622732 2064076 80
3507644 936335 76
32622807 2480211 92
32622835 2176850 20
32622944 341758 46
32622995 2472852 29
32623056 4361361 45
3862226 249559 92
32623235 946438 9
2656571 228939 7
32623331 386182 12
32623616 1897839 14
877132 1694344 80
32623739 1245574 18
32623746 2432705 73
32623760 782089 82
846358 752908 85
1250333 193645 78
32624004 2975517 34
32624207 174339 34
32624262 3251697 75
32624575 421905 100
32624606 1149709 69
32624789 2291172 51
32624925 2264721 45
32625056 2448805 33
32625114 207740 31
32625196 53312 9
32625249 2555285 63
32625252 2913303 63
32625259 2288177 45
32625350 2773970 82
32625646 2379604 33
32626061 340291 82
3842170 1346120 52
32016063 98085 43
32626180 212343 86
32626684 3446659 8
32626773 3218366 35
32627138 1758704 85
32627194 1260080 92
32627233 961410 12
32627316 1560310 29
32627436 1993875 69
14938038 1216691 55
32627773 2801891 17
32627896 1041387 69
32627899 810010 53
32627995 200345 34
32628018 2918923 69
32628198 582729 84
32628206 605351 44
32628381 994982 48
32628387 911655 69
32628424 654506 55
32628609 436106 14
32629061 240303 1
32629095 1913068 74
32629171 1753669 17
3226906 3246365 81
32629362 325615 85
28782517 373158 99
32629648 2840689 34
32630251 288918 76
32630255 3187080 52
32630263 225888 43
32630345 2681825 100
14593635 2881486 100
32630735 890890 81
32630888 1419125 22
32630950 2717486 94
32631041 353087 51
32631492 2051942 37
32631625 428748 34
32631685 803558 35
32629650 5415774 76
32632323 1312955 90
32632539 4594434 48
32632866 2462826 94
32632923 616196 93
14995615 2031509 92
32633260 945636 20
32633366 1530267 24
15226401 848847 100
32633397 2491591 82
10866364 1329583 91
32025290 856490 42
32633742 607824 39
32633938 670690 89
32634087 1337131 62
32634206 1801071 1
32634651 2009936 78
32634688 764942 92
32635066 83757 16
32635088 345289 64
2460995 3140305 22
32635259 1954581 100
32635331 517550 41
32635541 728622 62
32635926 2916078 18
3508706 103305 57
32636095 146554 55
32636101 393792 71
32636250 896832 34
32636388 788774 93
32636532 142891 39
32636557 306141 10
32636653 3506476 7
31805458 5135809 35
32636676 3068717 62
32636707 6334520 96
4999068 4033902 4
32637650 388109 19
30627401 17622399 45
3480979 1101257 30
32637784 1945312 47
32637790 1660382 22
32637886 5758668 25
32638409 122363 26
32638548 763908 78
32638877 676005 52
32639283 50087 73
32639549 2991061 86
32639565 7799972 61
32639709 3458795 59
32639838 1514777 20
32639845 2643777 79
32639999 5532005 63
32640078 3602063 54
14179889 4018082 66
32640270 3775925 74
29717472 11647218 58
202510 608285 77
32640379 1916624 7
32640524 2773357 26
32641277 361895 70
32641617 2217574 81
32641727 518988 12
28952644 97810 50
32641977 5685036 4
32642197 1362183 79
32642221 389462 49
32642285 136672 44
32642387 394430 74
32642415 1844152 76
32642830 695148 55
32642884 3626313 2
30667322 456231 51
32880316 961399 47
15167685 2342859 27
32881778 1273306 61
29713792 1730823 70
32888579 31613 21
14272253 357448 18
32967551 2144920 89
32980911 946190 21
33014529 1503171 92
33095595 1140919 1
33096082 1744520 58
30988880 1425982 44
33097343 1942578 52
918540 1260081 69
33099281 1354198 86
33099601 2150722 69
15486240 1898121 53
328266 891410 92
14981918 1328167 85
1687045 2523316 7
1854807 1461007 70
12011232 701716 18
34004847 616764 96
34093311 10522873 48
34495115 908676 21
34748146 8375498 12
29713801 3132968 49
34838209 2268203 88
34863370 3597494 100
662997 1405691 87
1345620 2043460 39
34867794 345521 47
34868510 7358063 57
34868513 1788325 80
34868650 1084614 38
34872646 66897 61
34873493 4874868 95
34880532 1657638 12
34884090 1854150 96
319220 862874 100
34888420 2667584 83
34888542 216474 19
34888688 707961 52
34890718 2082185 83
34894262 443476 66
34895342 3660851 84
34895354 506851 89
34895971 5150339 97
34898119 2229980 86
34899870 2485985 26
34900166 1879605 5
34902724 770788 75
34902769 96662 43
34905257 103633 95
34908566 476150 69
34913308 651061 81
34946589 5762487 100
34950813 549671 5
4542504 3015127 59
34951560 3368552 90
34951800 3170717 46
34953971 2631374 62
31143188 2306676 99
34989316 364277 55
35539609 1598233 79
35540636 607519 98
2619257 2988561 84
35863056 7493697 15
35863074 226500 69
608280 1345308 20
35863633 9747231 74
2991852 224644 99
3861868 3628680 89
3273900 94927 61
35865343 300937 7
35865718 859650 73
664977 490215 24
36664479 11713 66
35356018 639292 32
2271057 54480 88
37697225 379419 16
35363631 2019886 26
37697698 1860590 99
37698120 345151 15
37698194 792228 81
37698643 251413 97
1433208 514294 86
37700899 351806 97
35362711 192833 72
35361936 778857 9
10943930 1770638 70
35362770 1090799 32
28737330 334410 7
29717452 2554796 52
35369204 2407949 65
35374657 101161 17
28895030 1129004 80
35361612 765203 32
3196341 827523 74
29713236 83951 16
3927260 1430382 65
35356034 364702 86
35377390 126022 54
2543649 947466 77
35367757 92284 38
2170996 1725081 84
2276126 1794726 7
36757279 3620062 70
2063266 1707439 29
29716502 1063328 93
39460342 648574 87
39460645 782722 21
3652820 877798 29
39464222 2094512 9
39465157 12656 45
39470040 878790 56
32055995 898307 31
39476928 741660 49
39477219 599777 9
39478884 3918413 59
39482484 1563997 12
39487003 480732 14
30964264 755458 37
39495337 494027 72
39495873 4608138 62
39497413 421304 22
39497894 237996 51
12171297 4026650 49
39505373 551537 68
39507659 1510736 89
2270525 766398 50
39519475 149406 1
39520680 316685 23
39522373 3209363 60
39523279 4508543 34
39525451 97538 67
39532664 383700 15
39535364 14247902 7
39590092 348697 98
39602255 5204046 94
39602477 1731128 30
39602884 2270385 27
39603092 3215222 71
39603271 1595475 13
39603645 1587870 51
39603978 330650 71
39604295 77582 51
39604301 108841 95
39604345 1366012 77
2651935 1708474 33
39604701 842450 43
39604716 98712 6
39604887 1860003 70
39605200 2221176 53
39605324 1161586 35
39605532 73457 51
882788 818664 91
39605827 1854041 98
39605976 877311 67
3612880 361086 7
22060440 2904109 100
39606219 1923656 19
39606240 6545553 32
39606292 333079 47
39606319 2459567 99
39606408 224428 52
39606441 1817114 86
39606549 1055020 25
39606599 288086 22
39607001 573147 29
39607118 213279 71
39607142 2507516 20
9397141 8613 96
39608117 5264342 22
39608203 3445202 34
39608620 701940 75
39636774 4389347 31
39637005 297173 40
39637076 4681902 61
39936267 2736825 100
39955796 83950 15
887770 384172 6
40204434 901775 61
40275824 1423152 3
40276029 1855954 8
40276862 50301 15
40277469 2394468 25
40277933 897268 2
40279688 2090795 35
40280035 630719 17
40280135 4658773 59
25444676 561299 13
652185 1270451 40
40770998 884021 79
41332561 1611692 42
41332929 628733 91
41334300 14652008 33
41334573 109190 73
41335255 339348 34
34868338 1029895 60
41671484 4577880 40
41671540 5534697 35
41672122 3152182 84
41674306 1465326 43
31765148 1124756 83
1433771 2303928 68
887602 1702514 15
13103980 5600791 94
9825107 871727 32
32637874 5432008 55
2513373 241640 56
4628386 1678302 45
9214821 469682 78
1433455 2184832 99
39604703 230835 11
1852620 52400 57
9586180 1162137 14
21891699 1491393 98
45099294 10289637 70
12109916 1210812 3
14601567 873942 35
45241730 4891537 51
45241812 713608 91
45241991 943772 54
45242624 661565 91
45244402 1673916 37
45244703 1660425 98
45244770 511956 44
45245113 3008880 12
45245564 1641962 15
45247197 866824 49
45248003 1790362 77
45248336 1269890 34
45249908 3942524 48
45250569 574481 62
45251259 1471977 16
45251562 1596282 32
45251750 602821 97
45251929 877315 2
45252863 5873378 48
45253857 350049 47
45253996 2114155 15
45256526 943443 82
45256860 3434928 32
45256868 405234 21
45256969 1667536 96
45257273 1236241 55
45257422 1425125 37
45257773 1165889 75
45257843 2214411 59
45257962 123567 97
45258187 223017 28
45258255 1648573 24
45259008 1436787 24
45260183 798219 97
45260340 419250 12
45260576 1527372 63
45260948 939339 37
45261089 876350 47
45262376 2347627 32
45262513 1558675 69
45262939 343995 11
45263382 341977 19
45263890 457804 86
45264028 2716033 85
45264532 879916 37
45264715 458984 38
45264792 1405656 44
45264829 127550 7
45264974 353127 63
45265204 96341 50
45268081 1304590 13
45268461 2036058 98
45269243 3192324 75
45269644 637624 74
41661882 3666890 12
45270016 893101 66
45270166 667983 81
45272450 663301 21
45272456 3293555 80
45274164 167924 5
45274846 1372229 10
45275579 740651 37
45275711 26881 38
45275878 2609933 82
45276494 1257690 77
45276577 629326 93
45276914 95479 75
45276965 1403380 72
45277687 220704 95
45278241 1362949 44
45278394 322645 3
45279254 544994 28
45279510 236015 70
45280036 2481030 30
45281099 959699 67
29713539 50632 26
45282202 1080072 35
45283075 694071 88
45283920 1788484 55
45284095 662460 83
45284141 3060074 76
45284248 504584 8
45284790 294896 12
45284828 1944205 13
45284849 700004 6
45285890 684027 97
45287041 367524 78
45287702 1916074 54
45287745 2466398 66
45288209 1001342 29
45288418 3278405 18
45288559 361721 89
45288675 442556 60
45288744 278905 53
45288775 2955139 27
45289354 2762126 50
45289665 620131 68
45289718 887017 4
45289736 1995459 35
45290373 878838 98
45290699 297217 67
45291266 3147231 15
45291467 1639813 42
45291756 5064869 42
45292438 252164 70
45292891 1989064 32
45293663 3852892 36
45294475 5255507 80
45294983 3394738 48
45295216 1665215 62
45295244 3696303 55
45295325 3445562 55
45295996 2364357 43
45297175 5798181 52
45297659 3356806 70
45298280 1366372 88
45298796 94026 38
45299240 2292605 45
45299411 6188620 5
45299816 4385343 97
45300060 1780625 80
45300543 59466 73
45301438 1753636 81
45301462 3246735 94
45301734 1812358 17
45301806 2727428 90
45301924 2245927 45
15207330 2064018 99
45302356 263967 27
45302508 2511419 57
45302583 2292129 10
45303014 3570772 57
45303223 471047 43
45303458 800044 32
45304144 1001119 79
45304500 2447626 15
45305958 12285548 65
45306817 1044604 86
45307541 1457492 71
45307677 918832 25
45307865 227782 94
47022029 35265 78
