5509828 1691221 23
4517051 447555 23
4445442 1269990 7
4576243 910141 60
4576347 403972 10
4589723 401124 71
4601049 344997 50
4485836 395840 51
4716311 1704662 23
2736989 362173 13
3327280 807951 12
4711442 298995 17
4722973 739616 18
4722974 1711974 9
4718671 3043279 70
4718646 879763 73
3327381 657842 95
4716203 744165 89
2033623 1182917 85
3331801 679362 56
4016969 2276244 53
4576244 759916 9
4732345 332425 100
7382127 2816640 81
4390904 971039 63
4485828 948058 48
7669764 3137099 3
4721230 1187520 8
2740633 915519 44
4647149 429664 85
4601050 960382 4
4016947 3917202 35
4273611 698909 91
4541725 782812 6
4763959 3304099 94
4682594 323876 3
8678403 1402096 50
484692 144987 100
4661022 2578374 83
3748273 96237 55
777152 1562725 61
3370313 353529 33
8978179 64300 21
3370314 356817 29
4718598 48130 73
4716204 135696 25
4576343 189526 15
2459344 546629 22
3125751 601847 46
3138296 1142849 22
2033425 1019002 40
3327203 1911799 70
2739121 917794 15
9130815 387228 11
2736498 340530 64
4714003 1829879 59
9237215 60919 9
2162425 339004 24
4017330 348545 43
3370260 1582566 26
1967799 51905 38
2795425 66290 37
4311929 361082 66
9301475 1277720 60
3125768 325404 7
4738142 221968 29
3329628 919098 54
4741798 388047 93
9371936 288539 70
3327035 1344351 3
3327401 669704 79
4730450 12454 52
44206 165503 62
4485970 678825 35
4142050 1104452 53
4675208 1114503 90
4761051 866422 70
4611720 991790 44
4750803 1323514 91
3747604 344674 51
9483312 915564 57
4716226 829462 31
1585437 112245 70
3370315 494704 33
1099306 674775 71
3333322 575902 50
777158 396559 64
1967825 376408 60
1099263 403860 15
3748867 2435836 85
777160 323562 72
4517034 884476 97
1609398 180266 46
4695495 329133 32
2393989 108246 75
4663850 3330492 66
2736555 56307 50
10269865 998838 91
1968524 899681 63
4606546 127550 82
10270162 1787905 13
4725016 829941 1
4630829 675970 77
4667054 306245 2
2740846 369088 98
3595058 98898 36
3750276 190927 53
4576799 1094408 60
3333264 346979 24
3750858 58190 79
1099570 1331430 2
3748409 1519376 64
4687292 953280 76
795689 528961 89
4517622 919043 64
4643010 98600 94
3748215 878028 97
4732141 27186 55
3333339 95892 79
1967821 110599 41
3333305 691003 62
2795426 53044 18
4749648 369671 6
4621585 1834767 19
10273660 1709661 65
4020694 394365 17
4732215 861478 80
1968426 634725 29
1967927 91211 31
2459659 2174186 22
4311778 121015 38
4576800 127905 75
4560754 836926 11
4445240 1309813 19
4728689 25366 22
2736499 340095 71
4560718 3772270 36
4728610 327985 38
4621902 1492615 22
2740888 102427 98
4621919 1303331 53
3327815 487223 52
4714985 359705 97
4638948 1421172 59
4654522 314202 73
3746645 332060 3
1283657 300051 17
1609399 815992 56
3328699 2791913 23
2443937 18418 17
4134845 1222097 22
4611758 836804 63
4738118 1744875 32
2411299 1026304 5
4691338 1475138 52
3370316 516522 7
3329068 511953 48
4736734 342317 85
4612070 396406 27
1609400 10923 47
4585947 1008398 15
4695405 48844 62
1585438 58226 10
2033426 875647 59
4708694 544071 69
3750784 925883 55
1967928 1257688 46
1969622 340290 14
1968250 1513714 67
1967995 233787 89
1609401 13925 29
1099379 1074787 63
1968546 424327 53
4508040 829840 33
4508033 828365 27
1967804 291962 29
2740827 608159 81
4601051 517717 11
2740969 446343 68
3935941 352979 13
4641860 982744 13
4542059 2189136 50
4020681 138218 25
2740927 314244 51
4691468 1007963 92
4702623 343901 81
1968654 2738665 44
795646 83774 84
4647150 646600 27
4736735 106765 89
4601548 4612083 10
4369172 1448030 47
10287333 861452 38
4485829 660452 96
10287711 342997 41
4590143 2462755 67
1099571 1943357 44
4391266 1701158 60
2795428 908126 68
3327971 336997 48
3138436 96766 84
2741075 275083 83
1968655 2506449 1
4474543 328052 21
2740854 1019046 76
4732199 999289 47
10289732 3563662 55
4699067 223130 59
4561062 870778 7
10290152 1297765 14
4541866 1353517 17
1585441 51180 17
4534710 917900 84
4713769 953026 80
10291553 838888 89
4716213 2030420 51
4192585 1538902 4
4647232 878091 95
3125698 2029212 40
2740921 1113115 2
3748874 2605378 78
4611835 736385 56
4724899 970675 78
4736673 1337147 96
4702514 436242 99
4682595 1795019 25
4631025 698442 95
4621600 1406651 6
1609402 207636 65
2443920 428906 16
4601052 869762 92
1968280 1199933 65
3327855 1801360 59
4644664 1009217 37
1099572 987691 60
4134841 65972 66
3748057 1596888 24
4134842 1577209 34
3138297 1151848 80
10294959 1025983 37
4718676 1101824 20
3327893 232255 89
3749734 977562 13
4616702 122958 75
1968626 1732334 25
2739574 1845280 86
2736674 387016 61
2741076 54212 29
3749735 830250 59
4702624 1268823 91
10295887 548284 61
4697799 697805 72
3330860 923832 70
3138522 2394468 66
3331323 1122647 3
4517165 440865 72
4616703 948229 93
4705558 867297 87
4743830 2134519 7
2736698 714900 42
10298256 2340460 53
4589813 1554157 36
4311042 1966291 99
10298380 682262 69
4724825 161076 41
4661192 921190 20
3370317 1419676 69
2740828 1819539 59
2740941 159545 97
3333295 2382138 9
4590059 1913219 38
1099307 418814 99
4760030 361226 77
1968472 106430 27
1969110 891340 83
4726694 1731187 59
4611781 156613 68
4311831 158613 15
1967778 2276514 98
4611743 818840 74
2737262 994719 65
4663839 293980 92
4508028 1171277 17
2740922 99639 57
4636621 345109 85
3333504 325443 97
4654523 899017 93
4739445 1277381 92
4691428 249993 38
4363901 733379 56
1968334 2306933 91
4722962 2961632 2
4589913 22418 71
4589731 2419062 22
4723112 2770868 78
3330419 898556 12
3330420 606172 74
4744169 605044 55
4721081 1632332 61
4470495 917961 62
2736935 630719 4
1609403 743425 94
3747605 343677 25
2443921 1154158 48
10306456 449791 31
4687458 874078 86
4517035 1997942 16
4630674 3091469 15
4018822 1198564 46
3602693 809998 96
4576371 1477448 36
10307480 2713290 47
10307560 332882 85
4485971 1160819 84
2739237 987526 54
4363902 532927 17
4739395 1224007 9
1099380 1968024 28
4689016 203259 35
4635038 1291323 82
4729519 942043 16
2795429 502168 24
1968710 964633 94
4695412 489392 100
1968357 2249701 32
2033427 2795401 39
4724820 825897 86
4560592 578027 14
4735244 608963 38
10309360 875753 63
4621572 1171861 37
1099264 698343 95
3327976 1972094 82
10309657 2154171 26
1609404 632657 77
1099381 285538 79
1099382 113152 61
1099383 1234265 24
1099384 373159 16
2736500 218241 67
1609405 127145 16
4702445 226125 18
4718656 288086 69
1968525 380815 23
1609406 368047 92
4721183 958348 65
4726736 637800 26
3602703 2338155 31
4682631 669886 72
4635042 919042 49
4672934 136773 93
4601287 2502462 36
4605100 3017126 23
3327204 424687 86
4311881 1169981 62
4673105 220777 44
1968358 898572 61
4470478 997393 95
2737101 1658342 20
3747333 624510 2
10317699 1182481 91
4661320 108491 27
1609407 136261 73
3370318 356143 92
1609408 2767 35
1967971 499902 3
4018898 782547 20
1099265 392845 71
1609409 221881 7
1968820 344422 12
2738021 607424 25
2443929 418707 75
4311728 1474809 46
1099308 358365 51
2741077 19808 89
1099309 544375 81
3125769 124131 90
2737226 11938 15
3748062 462315 78
1609410 1521974 92
1099480 1306479 68
2459751 1278486 14
2740017 1569965 57
4597574 86013 27
1609411 1252946 28
3327063 226726 63
4020703 397488 31
1609412 401669 53
1099266 1725115 87
3748287 343078 29
1099481 44231 95
1099482 703820 66
4194078 2794672 58
2740478 272199 7
3044261 3210727 13
2741078 1738208 87
3749847 1406871 58
1609413 775067 56
1967929 675814 83
4390476 828565 84
2737768 1420788 97
3330421 1134751 83
3328201 138693 92
1099483 2244 39
1609414 145440 65
1968473 2738213 49
2738264 1755868 7
3750894 353764 2
3748172 930026 35
1609415 449375 86
1968335 99841 22
1099536 157910 58
1099573 224128 31
4486032 99042 7
1099537 1772757 99
1099385 419590 64
2736501 2433920 34
2459752 871485 17
1609416 817925 55
2736906 333655 22
1609417 46168 5
2737484 1735438 72
1099267 177216 27
3330929 1476595 96
2740880 160352 21
1099484 128078 85
1099386 1844428 38
2740837 1823 47
2738711 118064 78
1609418 963990 71
3331392 174013 44
2739305 2357311 70
10326219 103482 44
10326437 4747785 1
3330436 12453 74
4134824 255284 46
4695421 259950 96
3331277 39885 39
2736468 1331962 11
1099268 157100 34
1609419 1535928 54
2738339 362800 86
1099485 30988 27
2459753 1105403 5
1099310 1557726 65
1099387 328733 19
1609420 856726 45
1099311 390876 100
1099312 764188 21
1099388 302325 33
1099389 350303 12
1099269 465047 77
2740855 552679 87
1609421 848596 21
1609422 215784 14
2740970 62807 87
2740942 2579709 30
4020563 1261349 21
1609423 821670 36
2738051 418104 15
1609424 229156 58
1099486 1717241 55
592152 67175 26
2739508 952477 76
1609425 426818 77
2738049 171248 12
1609514 2459696 72
1968955 480732 60
1609426 501365 80
4369093 99471 38
1609427 688942 7
2737023 362799 97
1099487 248544 3
1609428 446952 29
1099390 978901 91
1609429 679486 25
1099488 288723 41
1609430 873915 40
2737696 57930 39
2738885 1022003 40
2737555 3328751 62
1609431 673561 24
1099391 1115684 30
1609432 23045 59
1099392 213929 97
1609433 249074 22
1099489 1968876 48
1609434 2459479 20
1099442 101652 56
1099393 574160 49
1609435 765034 60
1609436 1603467 39
1609437 561667 24
3745832 976420 74
1099490 542601 95
2738261 1749083 2
1609438 326570 54
1609439 706617 36
1609440 509559 18
1609441 509391 33
1099491 489426 34
1099443 1289802 95
1609442 775717 72
1099492 1968904 48
1099494 1265636 22
4667150 54314 90
4673092 141377 57
4695498 1118993 29
1968528 40953 40
4583664 64945 14
4601053 2991200 32
4695391 104605 97
4672941 141402 60
1968695 64126 17
4725903 36474 44
10354400 51717 84
1968238 39298 8
3328620 580659 3
4626083 53473 85
1968627 35679 98
4621911 129480 66
4716246 201264 79
3927880 35921 91
4389800 34683 27
4621915 19587 29
4754670 83634 77
1968407 225052 74
4611721 312775 63
4446151 46497 38
4702397 54527 76
4561054 9967 66
10356038 181904 74
1968474 51719 48
4718677 43643 34
3125678 154866 71
4504676 207727 68
4667071 332250 75
4486473 139148 13
1609443 165133 23
10356950 139149 65
3328848 340925 52
3333306 363403 100
1609444 54895 60
3329229 196282 30
1967846 117407 30
4313237 119556 35
3044262 97967 5
4739604 654165 88
4019764 35770 45
4279689 361465 17
4636627 57951 18
2795431 814346 7
4663845 312626 46
1609445 393842 84
4531263 476784 52
4193522 489772 66
4673070 189254 36
1968657 530058 92
4621680 12344 52
4687163 276393 31
10359433 78211 74
3125758 462447 22
4426280 51067 74
10360312 376072 34
4389792 222178 74
3750807 619437 39
4705359 42616 45
4589756 394805 15
4531250 56375 60
3328737 345588 92
3333318 1193911 96
1969623 111157 25
10360938 414989 78
2033428 179329 35
3746707 339199 86
1968359 308646 67
4732137 98164 28
141533 344217 85
10361398 502911 14
4389793 607224 14
4678093 633254 92
4718632 898520 100
4426269 106456 59
1609446 104320 73
4673064 124032 79
1099495 227199 18
2795433 188506 48
2740971 348489 98
4746276 350365 3
4708714 681283 63
10363105 1921912 66
4716247 173144 25
4508035 277189 3
4699189 343905 10
4517036 31829 97
1968628 33674 18
4279680 11713 49
4016970 7446 82
4650694 465280 16
3370319 573858 12
4313084 2233628 95
4725905 19407 84
4391280 103447 69
3747334 363881 70
4682723 276737 58
4726211 334005 94
1968793 449794 74
2741079 441675 69
3747335 358958 60
4744104 1401690 28
4718633 879313 21
4560721 22246 4
10366155 737766 39
10366212 128 32
4595674 95421 47
3331278 624142 45
4711312 628097 38
1968427 1128621 7
2740964 389936 46
4595677 1165171 83
10367067 606728 39
4691339 110845 28
4728434 3818498 12
4711443 175974 44
10874479 113565 2
4716407 349480 75
4743207 537646 57
10890693 105278 94
3327205 95891 41
4753753 3031592 32
10945834 224049 54
4740802 336312 27
4728479 1581489 87
4711444 116960 55
11300075 325025 1
11382202 740813 19
4777412 97571 63
1461750 395512 64
4721044 1205394 78
4762974 965871 10
4740803 3554567 5
11707476 102428 4
4745229 50033 24
4576525 606725 15
4755988 390742 98
11911283 1345942 67
11923011 291878 96
2736469 888453 11
4774087 662252 63
11989037 1672458 12
4718647 881115 45
11996010 2650480 81
4739396 97852 11
12108853 3604778 18
12131439 202106 1
4311882 318363 36
4751961 3161004 36
1967930 909767 35
1967855 1249951 83
4691414 998923 29
4639132 909937 46
266909 20942 43
4745100 649405 76
4713851 340923 60
4618656 129066 27
4723146 378683 40
4746237 944603 11
12812230 2626561 45
2459539 532928 23
4737984 3250032 55
12994278 1881052 1
4728611 505712 1
777193 397461 47
13069964 849664 5
13091737 176120 10
1967767 898149 19
13213010 654506 76
4508012 3150555 95
14285913 2321166 81
1968282 487390 87
4728696 830248 99
3327519 333656 31
4677951 789727 73
4672810 1024394 34
1969625 1625221 79
4713939 1450832 51
2736936 320897 19
1099496 1968939 49
15255088 707324 16
15259224 677741 92
4711437 1058778 7
15292654 1012976 46
3888682 62250 30
4730586 912591 24
4695481 482388 93
4728439 340409 17
4749671 50959 8
4668868 917503 26
4716400 1581744 23
4722963 198846 65
4749672 1221850 81
15379018 1334779 34
4733764 2090162 69
4704428 907332 89
4751918 363836 13
4745851 1207671 20
4754673 4680269 83
4726632 756340 12
4728606 349889 36
4752916 86017 82
15470324 1455749 47
15470734 541305 78
4767736 274626 41
4745200 415525 66
4762975 686704 90
15474522 672178 11
15474529 597684 89
4738157 701777 60
4776312 1757961 12
15474615 1091907 48
4759514 1185709 81
4745201 2041554 49
4775220 923666 53
15474678 1505718 19
15474810 1256651 97
4772736 1657937 38
4730567 2266771 37
4751950 1262890 42
15474845 2352194 74
15474882 193152 29
4778549 884236 19
4739572 1682240 61
4758784 458751 11
15474956 1025754 18
4761922 1288291 32
4779725 3697796 41
4732284 364949 24
4782562 739590 100
4728597 3204482 39
4755557 353531 48
4736693 534278 100
4771283 253134 7
15475058 1197507 69
4730568 1557725 88
15475126 481481 92
4760246 862913 27
15475186 973265 32
4763924 515836 7
4716394 3187357 57
15475318 198350 56
4744209 861351 39
15475345 826549 20
4739573 931862 91
4744210 1510873 7
4755558 917724 71
4730416 224048 12
4745203 325771 27
4667061 1427148 50
4713770 2176 75
4718648 891322 100
15519273 588850 51
4745235 1125950 41
4689012 1737514 88
4733765 332279 84
4739390 1038215 91
15543206 1438763 69
4638955 2312419 96
4733766 1659466 31
4757194 593396 40
4757187 1300097 70
4753818 2236174 5
15551525 364003 66
15551534 2039428 89
15553627 829943 74
15554537 351615 90
4726757 2743508 44
15557657 992446 76
4767203 701615 94
15563291 3341015 44
4761038 45959 87
4757234 1568949 98
15567847 4759 5
4768891 979957 17
4758730 886947 42
4728598 917543 57
4758740 896712 11
4757987 1050856 41
15575851 340003 18
4755491 341363 37
15513338 1913579 27
15585126 537601 73
4766986 2804933 70
4754621 2203165 45
4621656 115590 66
4486035 83737 57
2737966 1813120 3
4722964 344643 47
4560619 285911 65
4017344 780258 39
2740951 130349 83
4486461 296394 91
2740972 656458 73
4654437 2362431 10
4611840 1753043 86
4639294 1920551 31
4724900 340769 78
4718861 922771 68
4758775 902495 65
1099497 1968952 3
4739397 95334 80
4722988 328350 56
28428579 445275 4
4726820 274624 95
4576793 740057 99
3034739 706763 81
2737389 770998 78
2738659 1461029 37
2738660 109360 62
1609447 60367 73
4705559 759703 52
2740659 758386 73
2737539 5342 67
3748060 431479 21
3748061 224118 30
3328734 531917 73
2737442 1822271 90
3332539 161795 82
1968629 1668841 22
1967813 960935 96
4740764 478965 43
3329510 2135597 83
4661031 323414 64
2740660 70278 13
1099545 363355 17
2737604 1329405 7
3327493 688398 28
1609448 2459542 79
4445714 62428 1
2737390 973298 28
2739592 1419486 35
4585976 101825 28
1967809 922798 91
1099396 235856 39
3138306 219821 72
4714982 436350 37
28765496 905189 79
4718728 208484 24
28765667 121813 41
3746530 1387281 54
3331341 1834496 93
2057967 79309 70
1609449 332247 81
4517109 3468783 27
4654507 2566591 77
3528861 1401979 81
29027982 102970 92
4730569 1403120 71
3330588 1973057 11
4741760 2143591 8
4760718 6427 44
30759000 388653 85
4751962 293486 2
30774236 216931 46
31070863 2053 35
31071628 1488158 100
4670860 2491451 23
4616709 966191 17
4720333 299764 75
4589928 45423 55
4713811 641217 2
4744082 1510730 12
4142175 212983 84
3748444 2514246 48
4691473 17127 47
4730400 404931 11
4517239 341484 43
4630773 918042 9
3330177 1402029 69
4703901 880513 50
4702625 1189187 34
4733609 700004 54
31081939 249937 11
4722976 1167184 45
4727503 846364 13
4661081 1104874 13
4763956 819485 25
4721065 955092 90
2795436 75379 60
4740659 746500 36
4667271 231962 28
4531264 883713 61
31087625 3805107 89
31087993 869820 20
31088162 836746 86
4711425 1405596 21
4754653 173964 59
31093532 58067 52
31093546 739648 85
4725044 1724211 100
31100877 1905417 92
4760200 99835 80
4661024 1033588 35
4728607 1734862 56
3331762 687343 83
4718846 341186 42
4726633 387628 15
31113197 106865 29
30793151 729827 88
4726760 891455 8
4716307 333694 69
4754698 2839995 61
31152840 1457633 47
31165813 458070 95
31174028 736687 12
7000475 458057 82
1968603 1044443 56
3746305 863726 41
4639119 902401 63
2736437 860252 52
1609452 429194 34
2737651 649202 4
4019169 1752431 100
32891485 4571275 19
4581620 1185496 40
4661349 215786 66
4681154 1096852 33
32917437 104218 22
32917563 3791206 65
4695393 697354 62
4718775 1658319 90
30788966 4093137 45
4560550 2528284 38
33013566 1332105 44
2737300 3328405 37
30788793 325150 60
33253230 108439 67
33253975 597716 45
4541884 363401 20
30239043 135800 32
2394019 1977252 21
33258859 2426354 69
33258888 681300 96
4701330 1687073 49
33258905 1340998 92
31084249 3373175 73
2736438 389773 25
33259427 19305 20
2738038 364369 77
3331004 218066 1
1099503 580686 79
2736439 156773 30
2740667 642860 93
2738943 1207876 91
2737968 338795 78
2739669 3331707 21
2737083 2429231 20
2740961 332003 1
3745665 299346 20
2740882 888459 26
2737266 386860 25
1969627 422225 61
2737928 46681 72
3331342 94745 4
1099578 92396 19
3745569 104534 41
1099504 198128 8
3138321 349805 100
1099453 1546850 30
2739525 396611 8
3138413 1056015 42
2737641 110130 23
2738401 431575 55
1968258 1249462 37
2737026 1607618 44
3327521 125902 75
2736490 48009 1
2740849 148092 22
2736866 959504 25
4486046 214806 44
2739905 828925 54
2736939 109137 67
2738939 275365 88
2736504 459674 16
2738689 300597 3
2736505 346815 68
2739984 934707 14
4311916 48417 82
1609453 338373 84
2737896 7260 91
2737420 212966 38
2739935 350374 83
2736440 142976 90
2736940 607853 23
2737220 1034646 39
1609454 131781 77
4391244 160910 85
2736506 315341 100
1609455 1292629 34
2736507 507357 59
2738974 93544 39
4925172 1685883 66
4541728 338368 76
33259429 218472 88
1968533 340836 3
2443871 322953 7
2737744 284244 66
2739906 353196 77
4142145 92866 24
2740068 348206 86
33259430 517069 62
2739577 1153507 36
3331282 52668 67
2737750 945580 92
2737876 831 96
4589911 401794 3
1099319 434743 25
4560713 1476523 40
3329462 14339 64
2740059 199936 18
4020461 879282 77
4195425 4235415 30
1609457 481344 55
4621636 390121 21
33259894 207959 80
2057963 743050 13
33261346 273913 35
1968582 315257 79
3748064 329134 65
4757188 515427 21
2736508 320384 65
2736509 846881 65
2738635 372297 96
1609518 810085 92
2737321 92575 6
1099505 144361 75
1609458 2459568 9
2736441 1019008 33
3746306 475323 79
2738658 244257 70
3745570 1232111 13
4194024 335755 25
2736929 3327584 32
1099506 1968998 80
2736424 3326908 25
2740358 2808992 82
2737878 1449670 65
3749895 993140 9
2739694 1662298 94
1609459 1971420 91
1099400 1854418 20
1968958 790485 76
2739540 3293304 19
2739011 1829219 3
4019793 1309100 32
1099401 278827 91
1099274 448222 55
1609460 155956 20
33271742 53523 57
2422176 426298 53
30788811 327486 23
2736941 276659 79
2736991 916976 58
33271759 334358 94
2736867 809483 91
2738991 1681551 78
2736962 2695913 4
2736511 469654 97
2738636 222923 20
2738752 354791 38
33271790 342607 11
33271794 576801 71
1609461 98041 50
4194026 546623 62
4194027 2572213 17
2736472 10924 9
3747417 186118 22
1609462 146428 2
1609519 593390 8
3328125 390688 54
3746307 345958 29
2737421 146738 85
2737684 3328954 68
2738252 1266428 19
2736443 494738 93
2738888 14968 17
33271823 391701 51
33271831 1849507 62
2736975 2872742 75
1609520 1406492 66
4667343 1405733 100
183340 564099 48
3328203 248675 46
2443952 299543 2
3330718 30907 29
2737665 2512657 27
3330002 1571080 96
1609463 1753438 25
2737104 898801 26
3329361 353426 17
2738366 2144844 92
1969646 146125 68
2459755 344034 6
2459756 455061 92
2736942 483229 20
2739514 1310661 5
2738186 942843 12
1609464 50792 86
2738286 1432020 4
2737347 306141 50
2737911 1287600 41
2737125 601246 7
3332982 1069304 64
3331136 594789 45
2740492 380827 31
3746044 202546 27
3746541 1783657 57
2737353 400462 44
2736512 160909 6
2736943 1999290 17
4141994 387478 82
2736909 1033108 19
4311801 3015157 29
2739769 340924 89
1968433 829712 8
4446048 105230 72
2736963 222733 17
1099402 396331 80
2737897 65225 40
2738317 297774 63
2740953 3323195 71
1609465 427954 87
2738733 905817 8
2740839 2716033 6
2740489 975606 30
2737629 2057123 38
4193700 99251 91
2740400 770671 24
4192831 305554 73
2736425 321942 16
2737304 573787 10
1609521 525080 62
2739568 571836 73
1609466 162539 31
4193011 53780 68
2737677 71954 70
33284953 762492 9
2737958 1020463 18
3034720 35462 20
2737041 323467 29
2736513 268404 36
2736944 1237086 64
2736444 651951 65
446424 15959 23
2736445 51651 83
2737105 91562 73
3330194 53744 15
3935853 671051 86
2737267 2757964 72
1609467 78058 43
2738253 1257561 75
2738646 937253 57
2738300 142065 57
2736514 305986 97
2737571 10545 53
3749409 3934447 77
1099403 1968182 71
3935788 96242 46
3748414 1094939 86
1099507 1969002 4
33285987 1550598 73
2738384 2868699 22
1609522 2459736 16
1609468 232339 31
1609469 343825 33
2740668 769768 25
4193557 370961 50
1609470 325021 25
2737912 3020013 46
2736447 3326961 43
2736491 1797519 92
3330460 59012 66
2739644 725345 70
2739881 180723 27
4193848 2475296 30
2736515 97677 84
2740409 1841318 49
2737626 563701 86
2738914 323632 39
1969628 1308677 40
3331362 109297 66
1609472 720683 55
30788505 664124 97
2740396 119439 50
1969211 759957 32
2738295 2751467 94
3329782 283718 22
2737126 332905 25
1099275 618068 68
2736868 1719695 39
2736869 136191 33
4279505 158657 28
3125669 274220 78
3329783 1105260 86
33286711 68532 76
4446126 94587 71
1969648 101648 42
3330364 1457927 24
1609473 1417500 6
2736870 1997723 25
3138361 77830 22
2736474 661992 41
1099405 810109 18
2736945 962603 86
4195520 648927 24
4647463 248730 81
2459757 651360 19
33289761 914681 34
4517389 349055 67
4756359 2140159 87
4750205 397423 100
33292394 965196 43
33292529 53244 20
4741935 261897 15
4743832 95947 87
4702516 1542768 91
4702642 838264 29
33298664 347929 32
4730467 1813012 86
33298666 224513 1
33300437 97813 6
33300440 515538 3
33300442 510187 65
4639279 1580020 38
33300449 130350 65
33300452 428926 53
4561063 1094364 35
1099508 1250927 39
1968123 2667280 79
1099407 37373 77
33310455 824522 9
4279695 249166 3
33310639 234445 80
4445571 524815 42
4560555 132026 96
2737969 511952 23
2738807 90080 77
4391245 196363 9
33310640 852561 43
4486091 681383 20
4390304 240649 12
3331784 2508 22
3138414 339517 62
3927871 822169 58
3748185 789277 56
1609474 911939 28
2739406 288091 43
2740864 705234 97
1609475 193214 52
4195535 97128 12
4611799 497615 30
4311074 1482862 29
33310643 58042 65
1609476 894895 38
33310644 1196227 31
3333222 470735 99
33310647 824633 35
2740973 104529 100
1968239 849387 27
33310648 96103 87
2740669 207391 78
3333381 344793 6
4390459 260998 40
2737305 450943 65
4192918 187200 43
2739999 139712 85
33310651 432738 51
3746380 1482940 13
3330770 895931 81
2443940 3125792 31
2737084 954458 60
2736426 3326916 18
2737658 2246059 91
2737085 946141 55
2737736 3329040 69
2737487 1658735 1
1967757 1981967 15
2737128 1352156 37
2738301 2319076 72
1099509 1969011 2
2738296 3329780 47
1099409 1687430 92
2737630 179330 59
1099410 1668041 6
1609478 325059 64
2736517 924220 41
2737659 769272 10
2737342 2435215 40
2740125 225454 29
4517188 1138196 95
3748123 333750 35
4589851 166705 32
3330850 2418863 79
3331220 1369480 89
1968366 128182 28
3613700 1397468 51
3125676 365909 21
4279506 273078 52
4517216 48622 65
2737106 361303 53
3329859 1347074 43
1968259 49903 99
33311191 92200 90
2737045 39414 71
4486069 393256 24
4018783 2098084 84
33311193 297669 15
3328984 63933 15
4018681 596498 71
2737144 1620370 48
3746637 2031039 14
4517263 374266 39
3748263 2037887 53
1968390 913589 82
2737364 892292 67
4020426 285521 32
3328273 86211 86
33324999 865303 35
1609479 580682 66
2739712 1309421 10
2737009 625428 71
2736872 679005 41
2736976 2635582 96
2736475 995775 30
2736952 537151 43
31084200 2441585 11
2740671 730213 40
2738522 339580 66
33330545 901446 90
4313208 221494 19
4018782 65676 51
2738992 435833 64
4311932 2038711 70
2737107 622804 60
33330546 831608 15
2740470 208131 99
3888666 34593 5
2737542 2963337 99
1968478 328980 71
3331969 1606534 12
33330549 21101 62
33330550 504440 3
3330822 331579 21
4193706 238001 54
3138322 333068 36
2737710 29639 69
33331052 390739 35
33331054 1136628 4
33331057 1828065 4
33331060 101598 20
33331066 225522 75
4193933 343822 62
3327750 991610 60
4534649 4554786 89
4654552 1931317 96
33331145 2149862 38
4431002 1742227 52
30793138 54186 13
4585968 2556979 50
4673093 555838 24
33333967 96826 82
4738116 589291 61
1967830 674898 33
2459745 201181 33
4767751 1801504 80
4560653 513435 21
33333972 1519988 45
4766374 1711106 38
4672935 2067166 21
4445615 1197683 38
33333975 396330 34
4193230 1074815 83
1968303 602274 22
4445284 1652509 50
4738800 651061 25
15558440 1757527 57
4768299 2355337 8
4764622 1105109 67
4724915 92649 43
4667134 1115207 83
2795416 606791 26
4732975 249884 75
30788564 36589 30
4551940 85754 58
1968340 173457 67
4445505 479440 99
4560670 251766 89
3602721 324968 3
4631013 327530 21
2739245 364503 25
4576769 1606972 51
33333978 361513 45
4713816 52564 55
4601265 652418 25
4445544 100173 22
4718863 2565557 1
4517038 195010 60
33333979 327725 83
4682719 376407 67
4517189 534191 100
4589856 449428 44
2737737 3329043 79
4542238 770068 47
4618678 596038 65
2737592 105581 34
33333984 35922 84
4589857 872350 12
33333985 1055975 95
3326994 551499 30
3748367 2289607 96
4541677 334616 66
2737108 2952432 61
2740930 495865 32
33333986 580736 58
2736518 868597 56
33333987 705222 48
4703902 1007110 8
33333988 636617 2
4730440 547975 77
4718756 850442 19
4748457 1096459 12
30791000 1410753 72
33333989 2625841 82
4474545 2043439 6
4721237 1358508 14
4647231 648680 14
33333990 768270 38
4020063 325688 3
4728453 332487 92
4723005 108718 25
4767749 2088286 44
4682860 123885 51
4751322 909768 18
2795417 41913 76
33333997 1310575 20
4761946 862363 7
4718658 757892 22
4725045 2231074 26
4716308 279463 11
4635044 1309371 10
4744240 660423 64
33334002 2861227 28
4699069 1710795 83
4740625 1490412 71
33334004 2992916 11
4601059 1742814 29
4486474 663911 88
4639300 313069 77
1968604 2512897 33
4763928 2595713 26
3747556 396215 81
4726614 671399 63
4517166 2503027 17
4691617 524401 12
4728454 1305760 41
4677997 274623 25
4746230 318823 71
4702446 686582 22
4756355 925140 58
4716227 670412 67
4758742 155361 37
4702422 1814742 37
4730417 899123 40
4728444 189499 42
4722982 1559983 33
4732334 80044 35
33334015 113115 70
33334016 391140 81
4486031 233797 8
4716216 180246 40
3327481 931782 32
4736649 444963 78
2443878 2258872 75
4517053 327390 2
4676294 41577 45
3745756 1427740 96
4744183 3064556 69
4768889 230462 37
4611686 200038 50
33334017 2221925 39
4764591 35787 89
4601060 726246 15
4770826 3753012 43
33334018 63522 29
4668869 92827 60
4691415 140106 91
33334019 877515 23
4713845 330666 4
33334020 2121881 42
1968666 900002 93
4508030 898960 76
4571764 334003 58
33334024 1846216 67
4654440 947413 75
33334025 3532423 91
4560593 1458385 23
4654441 1576752 68
1968434 300538 83
4672796 5394 53
4718726 293250 50
4672869 413919 7
4779031 1454774 15
4716207 870374 78
4695395 152745 93
4744101 261561 3
33334028 2610905 52
4767738 437837 52
4705560 148382 27
4755989 995363 23
4723006 875518 100
4713773 2864796 32
4758045 381076 4
4702608 2472693 92
4722967 626369 64
4718659 1659363 97
4732131 1021967 84
4741748 347346 56
4667162 169196 66
4757190 700879 63
4673087 1187489 31
4718864 791291 2
33334031 356986 88
3327901 345955 66
4654442 869763 14
4576247 2009745 88
4721233 3120046 81
4733682 696394 47
4638960 392482 4
4725099 27884 72
4672821 5455 42
33334034 792675 42
4016952 297153 81
4647234 96767 44
4630774 343398 27
4661186 1786942 43
4728600 312780 56
4508031 212970 32
4716218 370216 38
4687459 897831 69
4743167 341834 43
4723155 740647 50
4705336 50849 48
4711447 2766489 2
4711315 248487 3
4647296 1104313 66
4718651 56377 3
4754666 608416 5
4718920 21986 29
4628010 861018 22
4718865 2501494 38
4311646 344216 56
33334040 618574 8
33334041 740816 7
3138453 1567490 81
4590169 672812 19
4713942 879696 91
33334042 1750143 18
1967997 62809 39
4659091 321664 36
4722968 1049898 35
4716219 56308 77
4601205 338369 18
33334044 211832 64
4730645 2404578 95
4735234 102872 97
4754646 1933037 65
33334047 618246 43
4702399 325919 93
4541678 1438395 64
4768305 965869 94
33334048 1079575 46
33334049 898490 32
4735125 828046 49
4742989 354667 38
4019563 53403 4
4647320 418567 70
4764435 231967 98
4724951 2466634 42
15546029 481265 43
4691604 107184 2
4597599 345400 50
4739420 1217267 67
4517672 344716 64
4767195 901905 98
4728455 961435 78
4722983 314101 8
1968435 1606302 27
4738200 810229 90
4749714 782767 35
4758048 524082 78
33334058 1266975 74
4682720 2312911 41
33334064 612017 29
33334065 1213769 30
33334066 913893 59
4757217 658033 9
4743180 168953 42
33334069 502874 47
4576255 312860 10
33334073 671093 40
4749649 3287708 36
4732132 1218300 2
33334078 671355 13
4716208 17879 79
4740766 1303672 28
4554864 143600 93
33334084 503442 95
4743710 97127 16
4737975 173773 24
4756416 2037928 90
4705388 1433763 75
33334087 545104 8
4747355 793424 70
4687248 2937161 46
4699290 1438124 16
4665284 954071 79
4741930 361646 58
33334088 1105514 5
4702643 832042 60
4724814 328640 40
4741833 1818927 97
4659089 2765 50
33334090 952120 19
4728436 1247551 40
4742991 270991 6
3138427 1722037 75
4736696 2004469 25
4732138 1305010 17
1968391 705085 95
4699169 836287 99
4758021 3346045 90
2740044 603335 7
4730441 1742016 67
4761052 389269 80
4672815 346092 46
4702626 1704778 49
2459704 24311 74
4728456 929683 57
3333317 508792 34
33334094 139146 50
4611748 54585 9
3602699 271664 78
4311895 275721 1
4474506 408567 50
4723156 332354 76
4597596 884021 19
4576789 347815 16
4445722 299424 56
1968554 162832 92
4541950 1005907 26
4691341 677075 18
3138337 332821 2
4759459 2143576 69
4445443 1004857 6
4667146 832003 71
4740343 2849301 12
4705561 190662 24
4718636 489647 87
4736645 327109 27
4677961 898859 73
4723031 94288 85
4601274 1007113 89
4705562 295527 1
4716411 1333812 27
4743002 2205354 61
4431003 542755 60
2739246 54018 18
4643011 8729 67
4718866 340196 5
4725046 885543 92
4716220 2350761 13
2738836 597312 99
4390174 1547159 34
4661078 193026 88
4485992 95476 51
4445718 96930 56
4713914 517878 43
4446134 316281 71
3333345 654635 21
1967838 51648 25
4541723 365607 45
4746231 684705 24
4718867 740928 11
4576473 85493 49
30788579 771648 15
4390340 754172 19
4446105 337485 98
4737978 1596654 98
4718868 598715 48
4672936 1211129 56
4718678 1000742 92
4735221 2032829 48
33334103 475107 78
4652325 1078132 76
4517366 248282 100
4767752 296100 91
4718637 219168 96
33334104 133347 59
4767596 2698958 24
4695545 274405 79
1968342 142914 4
4193911 345684 20
4724815 1358394 56
1968605 584226 1
4576790 109690 70
4195508 96709 84
4755569 2711066 37
4616711 47642 47
4723048 83568 63
4762977 388859 16
4726823 1257277 22
4418169 592303 27
33334110 366164 13
33334112 686812 74
4699198 891599 97
4765908 361708 75
4718638 181498 24
33334114 848791 19
30789206 360876 79
30789542 1232168 59
3333301 212271 40
33334118 1039111 25
33334119 1711984 21
2739247 1537972 81
4576248 1831920 91
4726768 995554 89
4702644 84327 35
4601101 2122687 86
4657531 1566456 52
2738865 3017215 99
4638983 428796 64
33334122 66791 67
3749213 224939 54
4751892 1103194 51
33334123 1885700 4
4390545 52557 65
3746505 313488 55
2740915 513488 85
1968260 51999 74
3333324 349982 95
4597607 464494 88
4517336 400372 46
3328383 1572935 34
4721167 825419 40
33334125 1253704 18
4713948 693863 8
4643006 911561 8
4560702 2348097 86
2739072 2396816 55
4390239 97458 49
1968261 1242158 4
4445515 1577210 1
4713774 1428074 16
1968392 839384 44
4601214 28082 56
4761001 2794126 37
4759524 1257362 47
4663840 2807583 91
2737392 1235446 91
4446141 92393 20
4618651 446342 96
33334129 628891 53
4486463 1721416 90
33334130 2396727 36
4722990 1072205 44
1967851 404191 51
4018911 392961 77
4390539 216467 57
4611687 79193 69
4718639 1633628 97
4730423 829136 88
4718640 946005 14
4743210 2329211 43
1968768 109460 97
4756338 659930 8
3138399 41918 57
3333335 59789 13
4193861 339737 75
4560660 305444 50
3748198 95844 66
4713805 340197 77
33334133 133350 89
4279665 915385 93
4738024 384159 28
4705422 293977 50
4737386 1112907 26
4426270 897339 96
4730414 216885 7
4730522 806793 35
4724875 2865317 71
4726656 1211130 90
4682632 2428637 27
1968436 2177627 24
33334136 341572 1
4759457 927271 19
4713949 97708 6
4616712 190510 11
4760194 829586 55
4608478 1019840 11
2737989 320894 16
3746405 384484 3
33334137 2531696 69
3330984 1343619 5
4390385 2746134 50
30788543 121215 74
3745685 489053 33
30791320 687554 2
4193912 216474 10
3927869 351208 52
4194265 1741536 74
33334154 142868 13
4193913 296495 43
4561067 330744 5
2740923 1242012 14
1968555 1304629 13
4702461 1021836 40
4713775 279687 32
4682641 474369 60
4313165 365095 56
4560674 279441 29
4020696 343181 59
33334160 68554 53
4560551 660147 61
4576369 57093 74
3746309 1025109 99
4560675 345001 53
4541899 232404 20
4369166 396654 52
4621711 363668 96
33334168 530900 55
33334171 357763 41
1968742 172287 73
3332983 2861 23
3327643 3150756 98
4699125 507894 86
33334173 141726 74
4667344 149960 50
1968769 1113227 9
4721123 364657 22
2737913 215490 75
4313238 2042248 63
4486040 551937 62
4695396 2477360 45
1968262 982062 21
4541819 333041 69
4695639 1563816 9
4020689 2330653 32
33334184 299708 39
1968698 529213 54
4312117 214743 95
4661350 118039 13
33334187 746946 54
4737573 850093 89
4730430 228211 27
4721066 38611 94
1968367 105154 50
4019565 105377 62
4730401 1342811 44
4499864 96999 63
4560665 1339175 55
4134817 112961 17
33334195 371378 18
4193628 212156 82
33334197 6037 94
1609482 49393 58
4560709 231473 21
2739578 401920 62
33334198 199766 60
4612090 1250520 99
2740060 1399283 22
3881470 960676 71
33334200 1007229 81
33334201 158028 84
4390540 177547 15
33334202 756942 11
4728467 1341341 89
4695397 890402 73
4739441 2022983 31
4682876 310863 70
4445249 1389159 92
4390460 100271 22
3328600 901138 44
33334205 352882 37
4486450 168670 71
4018410 553948 25
33334218 336757 55
3138446 79527 8
33337024 200618 54
4608454 985144 91
4744213 308497 31
4746238 346672 7
4746240 108045 32
4746241 822640 32
4746242 877188 58
4744214 452492 91
4746243 338436 63
4746244 1831287 17
4746247 872152 11
4744215 1329722 5
4746248 332292 98
4020427 3339799 30
31084204 96480 92
31084208 545605 18
4721241 2570314 17
4775218 1776725 22
4772174 2115483 71
33348353 104737 30
4769391 465952 91
33348367 1776739 92
33348369 2503281 44
33348379 1854152 93
33348385 487239 47
33348400 2261212 51
33348416 1176724 47
33348423 180343 20
33348425 594482 24
33348431 1904785 92
33348444 774487 31
33348447 91465 11
33348450 231427 17
33348453 782949 100
33348467 145391 86
4667352 698688 98
4680186 22485 65
4193125 2145 89
33348475 146323 55
4669585 288721 3
4311647 1114887 41
4542140 901098 93
4630890 1989190 36
33348489 343180 95
3746395 810212 40
3330365 520697 97
4517278 831362 93
33355002 724360 75
3329344 327357 11
33262051 150170 40
4601202 3487673 100
4279682 701713 52
33364845 922187 75
4661321 95893 51
4612052 422716 62
4517669 1152840 75
4654502 1071196 69
4589890 659847 80
4590150 865934 13
4647279 43406 29
33364848 1922124 45
4486004 601179 43
3125764 705340 94
4542227 885177 55
1969199 1486672 16
3935943 395087 53
4647290 697409 72
33370304 971283 42
33370383 293696 66
33370415 1651926 37
33371161 2137484 13
33372579 1189188 29
33372827 35875 14
33373878 190195 91
33379522 2686 47
4768109 649080 57
33379807 325686 47
33380838 311277 43
33380840 327865 64
33380842 931395 52
33383359 1530922 62
33383583 132109 27
33384557 226886 12
4766273 324846 61
4750896 135066 25
4752841 827681 88
33386487 2459462 18
33386489 441181 64
4751893 138322 68
33386850 94021 48
33386857 448423 74
33386859 1746240 7
33386861 1918041 80
33386863 236477 92
33386868 1312419 96
33387108 924148 73
33387112 334392 84
4748468 660932 62
33387482 1057887 76
9766501 344956 26
33389927 1167260 16
33389932 223017 23
4744087 736477 56
33391349 1250693 85
30791017 1024265 48
4765728 608390 43
4756739 899022 97
4765729 345461 73
33391793 615282 8
33392936 343985 12
33392940 1056554 49
33396263 221025 80
33397749 100479 80
4740858 289168 2
33398303 74093 19
33398430 19408 96
33398779 218119 13
4758743 1958340 65
4754703 440861 44
33400515 224519 58
33400532 1268325 52
33400538 2501530 97
4724816 2436533 94
4728480 699852 2
33402287 740590 28
33403742 374044 39
33405571 513241 69
33405575 488841 81
33406990 849132 24
4743711 1745334 50
4750900 316068 90
4716228 351613 10
33408241 1898975 78
33408318 516626 21
4601171 756479 78
4747420 194339 44
33409715 342075 95
33410479 941475 84
4721083 632079 96
4728572 790425 19
33411273 1709587 15
33411807 791494 70
33412028 396293 77
33412035 672743 68
2736712 2014301 61
33413697 2869 84
33414469 1677111 6
4744161 1054800 10
4708715 3647373 30
33414997 1072752 28
33415193 36680 42
33415274 716785 87
33416072 1165812 16
33416738 2278948 69
4732276 876435 62
33416810 1463931 100
33416813 3009064 15
4736547 1266983 68
33417865 150245 38
4738132 836745 66
1967877 865742 73
4730452 352062 13
33420661 674228 98
33420907 95002 15
33420928 1427329 8
4682747 329915 24
33423089 5793591 44
33425006 71289 97
4726662 776426 44
33425567 146557 96
2459540 870863 66
4726725 665617 56
4682633 93543 61
4601063 1215025 42
4726673 365528 63
4720341 419351 20
4732323 1415672 96
4019566 204497 61
4703903 828441 28
4703904 2337713 45
33431840 40039 16
4470485 249895 83
33432314 68705 48
4732171 1960604 61
33434005 226593 31
4713797 9518 7
4708728 308712 49
4726206 15451 57
33434419 792365 91
4647469 933556 86
4713801 1017994 76
3749273 162460 2
4508043 1360599 49
33438797 776629 87
33438819 53079 28
4691609 385294 79
33439130 984043 11
33439882 392050 95
33440165 356720 12
4636656 365474 22
4699139 684904 74
4636646 1423830 83
33441446 803500 44
3327832 911521 8
4687303 24119 37
4695543 326317 52
4678032 218535 57
33444329 308684 95
33444440 1767527 10
33444525 944811 94
33444676 384364 13
33260280 143026 70
4621620 168952 60
4701324 51643 61
33447576 1648941 15
33448132 131310 83
4672925 480820 22
33448893 953591 1
4661069 50642 73
33449512 202842 9
4672835 333744 47
4657532 340181 48
30789645 476507 67
4628006 1626980 60
4601552 798589 15
4654756 28899 9
33454765 98509 42
33455295 1529011 90
33455405 99398 25
4583670 1248967 72
4639090 578895 6
33456785 2287830 5
4019437 551500 70
33457650 875034 69
33457775 308643 21
4695561 2991866 83
4654607 135880 45
4534713 119438 7
33461327 1285178 59
30789617 193101 67
4611790 1660603 60
4279683 419591 12
33461971 67055 3
4531255 1154170 17
4486464 1535511 43
4647408 774628 50
1968699 1199227 37
1968368 1141162 25
4667165 1433355 70
33463830 791824 13
4678033 106800 34
4534650 1738304 13
33464362 193779 57
3750350 933282 65
3328513 1377749 85
33467882 393694 94
4630861 754823 65
33468408 332215 23
30788565 123271 69
33470297 2125556 58
33470515 361760 24
4667255 130415 45
4601208 130242 36
4627995 4272091 29
4576399 2437785 97
3138415 166583 90
3138439 1736166 12
4541907 324888 70
4590050 391624 14
33479756 582470 55
33480658 224126 13
30789186 209342 63
4630903 2006789 35
4390010 1449732 4
33484126 900573 99
4560545 2349171 89
4445636 611845 26
2738487 283202 79
3747136 101170 74
33486098 827715 29
33486278 2019578 67
4654532 2567378 37
4486041 674366 10
4560661 215179 75
33491685 2271521 49
2737594 595149 2
33494939 54063 29
3327007 552880 9
4390763 333045 68
4445789 2763368 60
4747373 1287106 63
4389868 1263768 81
30789091 1274979 38
4763925 2180118 75
4760719 610262 75
4753749 597522 58
30791044 934550 10
4716315 137389 89
4775703 2800949 12
4723216 980020 55
4763944 975928 13
4703905 537041 91
4718809 1106488 64
33532098 346864 60
4749641 831000 12
4746112 3357735 53
4576486 814008 94
4732153 598697 53
4763929 1333815 37
4661330 111529 49
4736523 3234304 84
4732154 1579942 53
4759169 225233 27
4751323 2986070 51
4569124 222734 5
4589760 707887 72
4755518 100177 69
33533556 285621 75
4754626 1492036 78
4758744 355931 4
4771482 933116 50
33530968 1580220 78
4751887 373589 94
30791036 332577 14
4583671 585411 82
4745101 332958 14
3748065 132939 59
33533975 779069 74
4702512 117044 3
2332640 740175 75
4740626 800791 63
2741095 659191 97
4672903 83283 60
3327402 865719 21
4571713 175133 59
4730593 1113910 72
30791026 1536142 63
3329269 82354 100
4759923 607174 16
4732155 392182 7
4765638 740986 5
4702404 652076 21
4486432 289053 37
4721309 123343 20
4258052 915209 21
2737982 1731034 76
4744236 961464 13
30791018 92947 88
3328601 72843 34
4561017 1304538 73
2737393 1201218 40
3746310 654166 76
4647470 374294 51
3328183 148599 44
4626079 21772 79
4193790 424473 46
1968639 95191 16
2737543 1648990 35
2736876 1142777 76
2737523 440314 45
33535215 294606 68
4772577 1960080 25
4757211 292847 35
4504668 201816 14
30791175 1578154 9
30791012 1722131 21
4746183 312628 67
4661351 64541 96
4738025 3272922 57
3927872 295678 48
30791232 952805 51
4667063 289288 87
4702463 618288 62
4745859 1795676 43
4716229 1429208 14
4717372 125809 9
4744108 328872 33
4726616 1289248 94
4753839 670411 85
4708540 549879 88
33530974 443405 62
30790996 1002550 92
30791023 225446 44
33530981 50868 18
33534269 333897 10
4611827 4764 52
4761924 98384 32
4766376 1000491 62
30789343 1957136 54
4560547 879694 89
4721307 436243 3
4738143 1138441 42
4630757 199356 89
30791048 2357198 91
4649694 904673 92
4142183 915886 79
4019198 830440 84
2736451 901419 37
33530800 116923 3
4750805 976929 47
30791029 879304 49
4541803 154332 92
3326998 392118 62
4782990 1095113 67
2740406 872212 81
2738713 2080628 91
4750811 931896 32
4741931 99944 78
2737349 1658390 92
33530956 2295564 83
2737751 2245597 22
2740216 6373 66
2738866 3330378 86
2737086 3327918 1
2737477 3328655 88
4713883 444374 50
2738581 1119268 98
33535218 337731 26
2738777 52399 85
4630758 1259952 19
30791040 191963 88
2738548 3095655 51
30791009 2843466 33
4753762 1026232 36
4777422 217866 54
4716316 1597049 47
4778016 3262270 36
4779109 306425 47
4775584 343397 45
4746844 897018 64
4746224 340198 58
4279668 3499872 58
4770071 53053 18
4703893 46167 63
4752847 341136 97
3748274 862936 70
4753326 639308 61
4776127 4241452 24
3330979 3015130 42
3327073 838208 36
4721168 220268 4
3332364 1627998 49
2737350 3328477 16
4740685 1095204 62
2740466 448276 43
4638987 1855406 87
4716279 655259 86
3746844 1254039 66
2738407 1501862 86
4699113 951933 24
4784647 189421 62
4733610 1248775 65
4763043 2133120 13
4665294 188261 89
4752875 285563 43
4747374 1464589 53
4743022 104028 46
4722984 217838 55
4597577 260141 35
4716221 41178 86
4755116 918227 18
3748275 28719 13
4389921 1266884 62
4697813 931598 7
2738228 136262 87
4485856 345957 92
4749715 831346 71
4732841 2018779 61
4760239 466730 29
3331283 1139604 15
4730588 2982414 53
4667203 413949 10
4702645 343984 100
3329529 631683 12
4647330 56927 52
4672914 1527353 18
4737974 662231 41
33540136 2405550 56
33530906 159840 85
4746141 1154947 44
4759527 105833 13
4142185 256851 99
2738745 1599773 53
4705397 105378 9
4753820 1643161 38
4755563 914259 40
4761960 887970 99
4708541 893007 9
4728028 852155 82
4142158 1159322 79
4733770 19424 84
4576806 173966 33
4745093 1379614 82
4744084 861518 92
4589732 36007 47
4753773 972022 92
4744879 620074 19
4716282 173971 100
4748513 1770409 20
4661170 328731 12
4753750 698591 93
4763029 1450856 73
4730539 41756 13
4726830 1686930 6
4726831 1054633 2
4699171 1363688 49
4726708 289056 41
4738003 54865 55
4739542 313808 79
4740782 369947 78
4735314 14556 13
30791034 271348 74
30791010 1004961 57
4758796 800327 43
4764624 2466398 45
4019040 21812 75
2737936 337734 1
4746125 691235 71
4716222 1015407 62
4554802 953457 66
3746219 2288623 7
30791045 56834 97
4741782 1444350 15
4639019 484438 65
4748459 137644 37
2737424 3045808 30
4739398 1613732 80
33541046 618341 1
4639273 505294 48
33530894 718381 70
4782160 691228 28
4541943 51596 38
30791013 402713 45
4391139 1702639 75
2739148 501441 83
4703909 3116600 64
30791002 895625 73
2740559 526524 7
4765940 108623 4
1609498 2459673 75
4746289 730719 13
4751920 14555 4
4663849 910283 29
4761926 2644715 98
1609499 953973 77
4747290 503643 95
4576407 628240 21
4708711 541470 34
4723205 99117 5
4716238 497141 96
4445251 1366845 93
4714754 659821 99
4744115 2633429 28
4702647 186085 40
4724931 1821416 71
4616706 438816 42
4728691 38891 99
4605102 234169 18
4695625 231414 21
4733614 2543285 27
4691394 609044 90
2740725 325720 18
4583672 293978 93
4705452 7593 2
4560504 1315190 4
4630724 935734 84
4761055 607199 30
4761970 631342 66
4713807 898196 97
4758061 332284 72
4752933 530463 86
4724934 333569 91
4748463 814181 39
4731235 1947498 79
30790987 1311330 47
4661268 916559 77
4748582 207693 73
4691598 331076 60
4748583 100319 15
4741751 1415703 95
4742677 2054843 25
4745240 1981149 45
4745855 677226 5
4735315 2837994 99
33530970 608160 80
33530960 627044 88
33530912 293094 96
33530975 296411 69
4630685 536794 60
4735148 1260712 87
4761058 1152330 71
4726653 223002 46
4019594 4194236 72
4682678 1191404 100
4687456 510353 44
4721115 2242000 8
4754667 348516 86
4755544 126730 62
4711422 1067057 78
4721300 132182 83
4724889 1708182 92
4770617 2592170 14
4743166 117095 52
4713879 1419654 10
4630843 51593 90
4741267 87156 33
2740507 1147288 4
33530772 217646 43
4728578 644244 2
4647174 1626 15
4744085 1677706 87
4695398 1104450 21
4621628 276691 66
2738127 940196 79
4749638 2759440 82
4313241 6000 3
4766621 739571 21
4738148 390357 22
4682869 349252 54
4718913 1058683 39
4745640 54014 43
4630999 876785 68
4718674 220353 8
4391232 451865 69
4708553 1618499 6
4711345 826593 59
4601299 5393 91
4760032 841506 35
4751510 105471 91
4767177 105848 85
4764604 2336852 83
33534798 189402 47
3331057 3441592 43
4677965 1855466 75
4647285 226286 7
4716284 3013497 66
4705581 132323 4
3746448 2295287 64
4647228 689453 36
4732146 238011 3
4687450 272438 4
4748482 870604 51
4759491 50055 88
4745095 1415351 86
4740860 291056 40
2737151 1744462 70
4705585 214950 26
4743023 684679 88
4758420 603066 64
4745096 2229144 77
4751928 1431129 22
4517677 123474 75
4754623 659235 76
4732842 360877 28
4576362 100050 22
4738136 97966 39
31123908 71116 79
4630850 325408 25
4750880 246447 93
33541047 209124 77
4757999 2138797 74
4763965 1571311 71
33540837 1516 59
4713892 530423 11
4486366 1446595 30
4708570 1100809 95
4748556 945918 68
4019567 90055 81
4732248 65259 61
4712904 1995160 40
4647310 658964 20
4695628 142606 55
4678088 861770 100
30791046 360934 7
30791041 389827 64
4446143 584020 28
4711499 344423 68
4754609 2665704 49
4695462 77324 51
4770829 322138 24
4784648 225155 80
4699088 889128 29
4770072 3587070 75
4760259 400523 100
4746845 238997 74
4639290 302282 66
4733625 862116 69
4750853 1897306 27
4702537 4705469 67
4541693 4000557 26
4728482 316317 82
4654446 54483 23
4735149 332285 50
4745856 485748 81
4682624 2137629 24
4705390 143932 46
4732234 962369 92
4711341 36475 96
4708519 440095 46
4661156 551080 91
4724927 110840 93
4773423 2037915 58
4752837 3333709 82
4738016 2211899 78
2736458 2344201 82
30791269 872973 8
4713812 848733 28
2738682 920394 7
4601109 755529 51
4687242 860457 42
4724877 945779 52
4661166 97305 31
4311746 222322 3
4726696 339825 36
3332475 2695617 53
4764632 792552 90
4758064 108201 12
4733736 783171 32
4486433 441527 51
30789188 971249 31
4621891 359539 31
4724817 52565 25
4716366 309694 38
4636664 3034188 45
2739674 103631 85
4654652 722019 4
4486455 115698 71
4486060 1593208 24
4762537 236340 74
4576267 3421509 39
4677982 341132 56
4691381 1088004 39
2738008 3329423 38
33533641 1338408 30
4682647 207675 67
33542866 1451020 36
4768170 344184 17
4773352 339144 71
4742678 413232 80
4750398 17125 65
4747416 284144 58
4757790 387917 86
4765098 641877 7
4730443 1213813 39
4691405 1527572 97
4702630 295146 72
4755259 441877 92
4763975 651802 81
4744155 727256 47
4728483 52936 16
4758421 876752 45
4741924 1525876 96
4695452 2917046 64
4722035 652682 67
4733656 391910 51
33534645 1377500 24
4772732 341744 33
4669586 398053 4
4761973 331733 17
4601236 299912 34
4739409 175368 37
4702649 822486 84
4725028 35461 69
2736523 295495 60
4019455 100316 17
4654542 330474 55
4760812 321367 98
4762983 1560066 44
2738480 627813 16
2738656 1266266 83
4718770 646476 44
4733684 154269 92
4783879 1351655 19
33534634 11711 99
4763979 3986944 94
4724942 141979 35
4767740 52579 54
4766619 917670 23
4770247 848598 33
4723054 364840 11
4768880 916975 18
4750206 341835 44
4590068 1259568 6
33530928 618175 87
4737980 996291 42
4755575 696675 76
4724891 422601 8
4724992 961578 21
4781318 1374454 93
4768291 37191 65
4750902 1575364 24
4761966 3975301 28
4776889 246644 10
4769394 2588576 5
4735126 1602639 32
4743024 361167 57
4777329 994891 52
4761559 1098910 100
4621761 1020045 55
4597591 98335 41
4718771 2268123 59
4735138 194632 100
4775798 859310 35
4766275 2265095 42
4761739 850195 57
4738945 195704 16
4746846 849871 84
4710396 594202 67
4711400 1754844 17
4682695 1406359 22
4730643 1464974 23
4744173 2385820 24
1968647 72775 91
4730446 518126 31
4756342 900229 41
4647283 1387316 35
4724993 1329616 7
4728508 1262908 87
4612002 946875 12
4765099 161412 96
4767189 147632 99
4763930 602525 100
4741781 314372 90
4780254 670794 25
4777408 642752 74
4756415 2843388 32
4755494 441678 64
4752358 51588 65
4716397 332904 34
4763949 373532 44
4733630 1263604 91
4667073 221493 73
33546122 3330183 45
4750207 2049463 33
4667275 1497632 36
33532125 50956 42
4661270 681720 69
4744875 50507 22
4728470 295716 34
3881471 623554 14
4732277 1770578 14
4768881 2769 49
4744247 94741 74
4779093 813169 90
4717901 1381195 28
4773429 1807228 97
4736521 687055 51
4758065 2091249 11
4743169 83923 52
4764605 107740 29
3746103 94644 70
4736730 321462 36
4722977 213506 26
4776306 572079 9
4773353 325023 40
4779722 518683 72
4757607 338494 93
4763467 701867 95
4755991 912440 22
4768728 1781576 38
4743249 340598 14
4767598 673151 57
4723055 430153 61
4691450 287045 39
4758734 191615 8
4753767 325719 2
4711401 581832 5
4756423 2794170 12
33537228 4339 67
4675210 696264 59
4682770 1391058 78
4691484 1123707 31
4576545 685282 39
4775800 659145 65
2459668 458126 96
4754705 1536980 96
4724908 654566 63
4745860 11829 16
4748490 1021877 27
2736524 405799 74
30793118 288537 84
4759465 1699317 89
4735881 362110 59
4654540 75157 46
4718660 218115 48
30791883 874056 1
2738976 333318 82
4760202 1537277 35
33530913 2501769 30
4749651 960218 22
4770245 1003760 14
4758746 1027721 4
2740690 785401 71
4312108 29638 95
4775146 1831669 33
4741747 1984995 4
30791042 859619 1
30791024 2568229 41
4661355 171917 38
4612077 701926 34
4485839 2826954 78
4737981 923778 6
4749703 1686478 73
2740691 618174 36
4311814 229559 90
4446119 141926 58
4723114 6517 27
33535515 41457 72
4751952 994036 24
4713808 2611476 91
4678271 324885 67
4728484 613622 75
4733621 199773 50
2737784 2166803 58
3328010 946438 88
33540138 612552 19
4611739 254767 90
4718737 1648493 73
4728437 35768 39
2739588 119766 85
33530808 3376128 17
4560553 146622 61
4601069 328586 17
2740625 3332918 27
4724911 100677 64
4576284 219109 98
4672939 2896930 40
4639110 315877 33
4757994 386327 81
4761560 13938 12
4618653 1453002 22
4560734 219513 81
4445727 1333957 89
4756340 201432 10
4761740 1948624 81
4445563 322356 36
4754401 227278 18
4390374 896541 56
4702621 101983 3
4726769 1388042 70
4019359 538653 65
4682742 353623 92
4735140 1383326 76
4639268 719843 62
4744242 16182 92
3327281 346534 84
4517651 1596098 20
4925176 874001 33
4691395 121677 47
4661356 875543 18
2738964 332912 97
4711423 632731 81
4751938 1183942 17
4485840 2499377 36
4718922 1854415 35
33549720 829086 19
4724912 856259 50
4687452 514610 27
4747895 2404787 40
4650696 142425 45
4716287 80303 41
4732134 441665 73
4312020 431567 18
4736568 218795 84
4746297 436974 23
4757192 865608 26
4311257 211889 49
4763039 353127 33
4561049 3724746 75
4743174 2655627 7
33550611 712300 24
4759466 328151 77
3328228 719474 19
4534623 95670 68
4019452 56965 4
4517619 336502 58
4682889 420073 64
4486011 90600 97
30788586 364888 32
30791799 1397243 53
4647271 340341 63
30793119 547899 18
2738164 133316 74
30791217 917240 29
4576427 296843 43
4708730 3053270 36
2737679 668282 6
4541730 346786 92
31123865 4379837 42
4718746 1387072 100
4654506 736723 20
4541980 689623 97
4716477 391381 70
4761564 442287 39
4768893 329135 52
4601267 868153 57
4672949 865878 9
3747340 890660 73
4661322 2271852 60
4311919 234241 96
30791874 121190 80
33530985 776816 53
4741766 574958 7
4678254 710410 73
4768295 3580742 38
30791035 3369794 42
4730444 1992712 39
4561059 1826250 85
3748088 2943692 59
4756125 177728 57
4773417 2133789 64
4739399 437130 76
4560610 116950 84
2740149 668341 50
4541805 380465 47
4701326 676001 36
4749699 1254592 87
4743834 342808 41
4673089 830340 89
4754624 805519 22
4680188 319308 82
1609527 2459759 78
4195538 1760311 46
4747319 116343 94
2738268 49226 23
4763931 878307 85
2736977 3327664 55
4699195 52044 63
4733771 1510658 5
4736554 870605 4
4517161 192256 25
4508039 373622 5
4721120 324310 59
4708716 313499 61
4724878 2075672 89
4739533 2219801 56
4776228 895744 1
3749619 824252 58
34707529 202409 93
34707540 100356 2
34707560 1405793 18
34707626 528050 11
34707643 264566 30
34707656 346533 2
34707673 98229 47
34707700 99775 86
34707724 511956 31
34707733 1671229 61
34707760 325282 4
12654835 37872 80
34707828 332677 15
34707829 2947055 80
4763932 321537 90
34707890 638621 18
34707893 149958 38
34707897 56376 96
34707900 3265562 92
34707901 100272 79
34707902 1584728 99
34707903 1438571 16
34707904 52929 10
34707905 2328150 80
34707921 2447450 91
34707922 284695 57
34707924 651477 74
34707926 405234 53
34707927 1042333 14
34707931 830598 41
34707944 99325 63
7255760 2312368 4
1968616 325610 37
33530948 396954 82
34708001 1298134 89
34708007 97536 14
34708018 79015 59
34708020 1824014 20
34708022 940191 64
34708023 837254 84
34708039 384285 75
4724904 22250 54
34708059 878452 28
34708060 1801846 14
34708063 359041 2
34708067 1389190 5
1968450 332521 87
34708101 886402 62
34708117 607514 95
34708148 1421620 58
34708163 428088 99
34708171 604894 65
34708211 843041 1
34708226 2001241 95
34708231 2160061 92
33542870 369847 92
34708245 2897009 72
3749274 21569 77
4735269 332427 51
3748942 606519 86
2459746 144890 89
34708292 1856283 87
4739400 829552 34
34708298 362961 15
34708321 1448920 71
34708336 325534 1
34708337 1490546 90
34708353 566512 22
34708356 1021925 38
34708361 209913 48
33530940 216074 25
34708362 111052 41
34708363 332710 96
34708378 320101 96
34708392 401620 95
34708409 2477409 92
34708411 305872 98
34708412 141974 85
34708425 48930 97
34708426 46166 73
34708428 98165 72
34708431 226590 56
34708442 17962 68
34708445 905072 62
34708446 190933 91
33446347 629991 75
33397750 1102412 56
34708453 1512957 67
34708470 1324628 8
34708486 102177 56
34708515 2418609 78
34708531 198240 41
34708553 1097010 68
34708557 753956 97
34708563 917416 80
34708569 888454 34
34708575 1339 28
34708577 89889 63
30788916 193147 69
34708625 109982 63
34708628 670870 90
34708675 77299 60
34708706 776216 85
33530936 613255 20
34708748 3178276 34
34708749 105564 92
4745206 889191 72
34708755 3435046 27
34708756 118498 68
34708771 305747 60
34708772 671674 2
34708775 606581 81
4019404 44943 68
34708793 77553 56
34708808 345005 27
34708813 1448368 58
34708814 332859 80
34708815 2328661 27
34708821 1354898 40
34708828 503683 54
34708829 144277 83
7509921 464789 49
4724895 440773 20
34708838 758426 11
34708863 1639590 23
34708895 2502690 76
4311847 638211 31
34708911 185081 41
34708918 463743 40
30788798 218118 56
34708928 4003878 5
30788796 251586 60
3326989 40898 42
34708936 328639 66
34708939 830568 11
34708943 6351 92
34708948 568726 40
34708950 740 49
34708953 1756099 6
34708959 806963 12
4312021 279554 54
4576737 1136801 58
34708976 800160 56
34708986 1067733 60
34708989 53811 21
34708995 1674369 64
34708998 98036 69
34708999 1004409 55
1968420 489852 77
34709014 96197 50
34709019 374496 68
34709027 110016 3
10891544 1086534 91
34709051 330651 16
4445587 336870 58
34709089 2586293 62
34709134 847579 71
34709136 258011 10
34709137 740912 70
34709138 345203 37
34709139 224831 98
34709140 1447391 13
34709161 445076 33
34709183 1685915 80
4390412 346357 76
34709200 431804 58
4560686 2087157 25
34709228 1303390 84
4142181 160242 73
34709237 683439 86
34709245 216359 80
34709251 215433 3
4737294 2705943 26
34709273 1343862 62
34709274 1305578 33
4389885 1500995 45
34709276 613962 55
34709278 53547 63
3333383 273311 61
34709311 838604 14
1968398 344611 22
1968383 301351 52
34709339 66832 9
34709348 946190 82
34709353 963746 20
34709354 318676 94
34709384 100865 62
4746121 1085629 88
4745734 879283 65
34709389 545876 84
34709400 547990 5
3329468 44159 84
34709427 237031 20
34709455 291702 48
34709459 961613 12
34709460 1333348 32
34709461 1413648 25
34709473 1255369 3
34709474 115808 16
34709482 1707900 20
34709489 3944353 34
34709495 1306398 96
34709528 3546288 83
34709529 1134470 100
34709539 137241 39
34709557 1720584 73
1968720 871085 17
34709568 2389594 74
34709578 657 28
4723008 3148427 100
34709589 1584633 78
34709607 611938 10
34709633 30022 55
34709658 4445810 19
30789189 249909 81
34709675 1006041 79
34709680 119009 68
34709690 1306450 6
4702650 252908 88
34709722 811742 42
34709724 657508 23
34709725 491314 36
34709736 955133 39
34709750 393912 43
34709751 3665882 31
34709755 756228 68
34709762 218802 32
34709763 1043431 9
34709788 612425 24
34709798 261451 100
4732157 507859 67
34709834 2345514 55
34709869 185848 3
34709874 94928 36
34709881 383712 100
34709882 124602 11
34709909 291741 86
34709915 2111189 91
4017572 327898 98
34709951 607883 71
4739401 877944 50
34709952 399831 29
34709953 444125 89
4763933 2372776 47
34709973 93490 30
34709987 256855 61
34710014 129759 81
34710016 181901 9
34710018 2497722 6
3327261 395955 91
34710035 261788 50
34710037 337080 43
34710044 1076569 27
34710047 1641756 65
34710053 1335864 9
34710055 46219 59
34710057 236503 13
4667067 779716 84
34710091 15611641 65
34710096 1773032 95
34710111 292799 12
34710120 883128 9
34710124 1921334 100
34710127 857294 17
34710128 871652 84
34710131 487019 63
34710132 274109 31
34710135 205585 4
34710136 270992 11
34710140 515402 100
34710179 721922 61
34710200 648566 28
34710213 36477 1
2739950 3332048 8
1968721 547556 63
3331636 268127 15
4517288 950296 93
34710265 96105 80
34710271 2610863 30
34710296 99636 54
34710299 229084 87
34710306 875476 19
1968617 1290299 33
34710319 1054482 7
34710324 1842943 17
34710332 50518 40
34710336 934412 97
33310456 2312102 68
34710386 1310529 92
34710389 146506 26
4721070 99330 25
33530952 624703 25
34710423 247212 9
34710468 204326 63
34710484 503329 33
34710506 740698 77
34710513 658916 99
34710521 233171 90
33530961 314365 49
34710538 249875 71
34710553 2164727 51
34710556 1771756 42
34710557 212342 53
4739402 142164 44
34710574 101384 71
34710576 4024038 19
34710601 2041898 65
34710617 260636 33
34710619 938147 83
34710624 295534 39
34710645 1433 48
4020639 570309 25
2739562 2071922 65
34710652 1563209 1
34710670 610967 74
34710683 1255449 13
1969326 1415155 1
28439218 364108 100
34710724 1180577 88
4749070 888355 10
34710739 38613 74
34710740 519960 3
34710766 142240 49
34710768 1741493 93
34710773 97340 75
34710795 376172 65
34710830 313931 86
4193935 626448 59
34710835 521135 2
4706469 46756 66
34710856 507054 12
34710877 408562 94
34710892 924079 59
4735128 741006 90
34710894 1060901 27
34710903 529414 70
4726665 858359 10
1969214 358307 96
34710949 320222 10
34710963 157757 96
1968513 504771 81
34710977 222328 27
34710978 107549 31
3138449 96045 11
34710993 2011072 49
34711016 312629 96
28842173 507834 36
34711031 292400 84
4542123 190850 86
34711045 639056 14
34711048 1373721 45
4687184 1263975 88
4017957 140021 52
34711090 552341 81
34711094 915804 30
34711101 142725 16
4661039 349661 100
34711124 667701 89
34711125 1033351 50
4747358 1010899 99
34711126 19308 89
34711130 2808536 87
34711140 979700 60
34711141 2466928 22
3327497 394650 60
34711146 2587752 88
34711148 1748413 86
3749708 890795 87
34711173 3737010 68
34711174 691570 84
34711176 3804252 41
34711177 998470 82
34711186 2590219 16
34711187 49307 89
4678282 21889 57
34711210 1295636 11
34711213 1431216 93
34711226 330058 72
34711232 169267 7
34711242 226973 29
34711248 1244422 3
34711249 335860 46
34711252 329090 85
34711259 382937 68
34711263 339003 26
34711271 464941 77
34711275 141925 17
34711276 1102392 70
34711279 2523563 27
3331390 866015 93
34711300 934730 96
34711325 1449977 95
34711337 99779 29
34711357 219479 54
34711375 299594 69
34711379 1068571 61
34711413 112082 47
34711426 285856 24
34711429 829224 40
34711434 2205900 24
34711436 662159 88
34711448 2579222 89
34711449 52446 83
34711459 516446 87
34711460 87924 92
4702634 846961 18
34711488 175960 88
34711507 922678 57
34711515 1002882 82
30789199 328163 3
4764598 1681442 12
34711648 1799155 57
34711663 1117462 36
34711682 1038697 57
1969215 2740114 72
34711785 2078714 24
34711800 934621 62
4755541 651772 94
30788495 3636126 8
34711849 35268 94
4621731 790895 24
34711865 3315500 41
4749071 51425 66
34711907 1320104 10
34711912 1155082 42
34711917 1521486 83
34711929 1778876 63
34711941 99122 10
34711942 218237 33
3749791 3728774 99
4621925 689971 86
34712019 862364 51
4018716 1057213 31
34712041 1255370 84
34712050 660625 91
2740355 2575771 1
34712109 2697092 79
34712112 1470501 40
34712151 2296720 74
34712164 1810614 21
34712171 2024392 57
34712175 56475 21
34712176 1155048 7
34712185 3763065 92
34712228 1256507 97
34712256 110844 33
34712299 1029091 57
34712335 43218 34
34712336 549880 7
34712434 1409458 55
29010594 1269270 54
34712449 228337 96
34712468 218516 14
34712477 342696 95
34712484 461364 65
34712485 818570 90
4554759 345360 18
34712521 1560388 66
34712573 714483 30
34712575 6186766 51
2737661 3328927 24
4142188 791602 38
1968399 602922 96
34712680 480440 24
34712681 255760 29
34712687 397426 3
34712692 347572 23
34712706 406526 83
34712713 323468 98
34712740 1747017 45
34712745 363584 18
34712747 633861 8
34712781 469682 55
1968860 49963 7
34712846 219826 23
34712848 177944 23
34712851 2259421 46
34712874 45299 52
34712902 633384 13
4611868 11470 31
34712934 2856 96
1968570 93595 42
34712986 333946 22
34712995 316554 53
34713013 92865 35
33530955 213157 94
33530938 1218430 63
34713039 152806 91
1968808 664446 85
34713050 2654344 25
34713075 1038598 78
4744727 674477 45
34713087 119440 86
34713093 662158 40
34713098 1802542 45
34713108 280183 51
34713128 58949 9
34713129 333028 84
4744110 344923 94
3748316 332571 66
34713163 1097490 5
11702740 384278 88
4716233 52570 91
34713234 228367 91
3613743 252341 57
34713245 881492 61
34844396 188705 17
35738905 910208 6
35739027 151052 92
35739029 395172 91
35739030 286637 55
35739031 301713 6
35739032 321908 70
35739036 287398 55
35739054 2606870 92
28539283 917936 100
35739055 1993670 60
35739056 499885 38
35739062 142066 98
35739069 980036 78
35739075 1598650 39
35739076 1721838 77
35739077 1372345 72
35739079 313191 46
35739081 1493153 37
35739086 508684 56
35739087 957412 83
35739099 536351 30
35739100 1711291 56
35739106 197794 70
35739111 3071012 15
35739112 42504 53
4746298 650975 32
35739119 54190 67
35739123 122638 77
35739124 4348956 66
35739205 222732 25
1968650 330599 77
36671912 386695 64
40108078 204540 100
4708717 1311219 9
40193847 1713328 28
40193850 866050 86
40201639 735602 71
40209430 216936 14
3327568 2766321 63
1968775 975244 66
1968776 458787 43
2459778 2839076 70
1968592 1275334 59
1968457 2738156 86
3888683 1511208 38
3332003 551355 31
45796163 897469 11
47026706 859766 89
47772007 331194 23
47772008 1561842 71
47772012 50034 3
47772014 238188 44
47772015 453068 90
47772016 98443 22
47772017 27489 65
47772019 688071 44
47772020 976702 5
1967977 856476 56
47773561 1510904 66
4654584 921893 90
1968597 2738485 72
36004151 1121038 70
1969567 1275181 51
47773562 1059618 38
1968624 112017 73
