9383960 9384013 59
11055286 11055295 36
23736128 23736130 31
31106612 31106614 4
35863207 35863208 38
35863706 35863707 33
35864328 35864329 73
35864397 35864398 53
35864552 35864553 66
35865610 35865611 67
35866007 35866008 89
33117262 33117264 27
47773604 47773605 36
47773606 47773607 78
47773608 47773609 9
47773610 47773611 6
47773612 47773613 20
47773614 47773615 79
47773616 47773617 22
47773618 47773619 63
47773620 47773621 17
47773622 47773623 47
47773624 47773625 94
47773626 47773627 79
47773628 47773629 91
47773630 47773631 96
47773632 47773633 58
47773634 47773635 88
47773636 47773637 85
47773638 47773639 50
47773640 47773641 76
47773642 47773643 23
47773644 47773645 10
47773646 47773647 49
47773648 47773649 67
47773650 47773651 63
47773652 47773653 19
47773654 47773655 74
47773656 47773657 5
47773658 47773659 31
47773660 47773661 3
47773662 47773663 7
47773664 47773665 14
47773666 47773667 84
47773668 47773669 13
47773670 47773671 19
47773672 47773673 2
47773674 47773675 94
47773676 47773677 6
47773678 47773679 18
47773680 47773681 19
47773682 47773683 17
47773684 47773685 61
47773686 47773687 61
47773688 47773689 46
47773690 47773691 21
47773692 47773693 51
47773694 47773695 31
47773696 47773697 99
47773698 47773699 99
47773700 47773701 6
47773702 47773703 79
47773704 47773705 47
47773706 47773707 76
47773708 47773709 34
47773710 47773711 98
47773712 47773713 78
47773714 47773715 88
47773716 47773717 2
47773718 47773719 73
47773720 47773721 66
47773722 47773723 26
47773724 47773725 35
47773726 47773727 59
47773728 47773729 51
47773730 47773731 43
47773732 47773733 76
47773734 47773735 89
47773736 47773737 8
47773738 47773739 72
47773740 47773741 89
47773742 47773743 53
47773744 47773745 56
47773746 47773747 5
47773748 47773749 69
47773750 47773751 81
47773752 47773753 53
47773754 47773755 53
47773756 47773757 29
47773758 47773759 78
47773760 47773761 54
47773762 47773763 6
47773764 47773765 16
47773766 47773767 19
47773768 47773769 86
47773770 47773771 80
47773772 47773773 29
47773774 47773775 65
47773776 47773777 15
47773778 47773779 27
47773780 47773781 3
47773782 47773783 18
47773784 47773785 95
47773786 47773787 25
47773788 47773789 19
47773790 47773791 5
47773792 47773793 45
47773794 47773795 19
47773796 47773797 30
47773798 47773799 90
47773800 47773801 8
47773802 47773803 37
47773804 47773805 87
47773806 47773807 77
47773808 47773809 83
47773810 47773811 98
47773812 47773813 9
47773814 47773815 18
47773816 47773817 50
47773818 47773819 79
47773820 47773821 65
47773822 47773823 2
47773824 47773825 1
47773826 47773827 75
47773828 47773829 59
47773830 47773831 50
47773832 47773833 44
47773834 47773835 65
47773836 47773837 97
47773838 47773839 83
47773840 47773841 72
47773842 47773843 97
47773844 47773845 99
47773846 47773847 31
47773848 47773849 65
47773850 47773851 86
47773852 47773853 6
47773854 47773855 26
47773856 47773857 89
47773858 47773859 95
47773860 47773861 62
47773862 47773863 66
47773864 47773865 58
47773866 47773867 44
47773868 47773869 36
47773870 47773871 9
47773872 47773873 75
47773874 47773875 40
47773876 47773877 74
47773878 47773879 93
47773880 47773881 42
47773882 47773883 23
47773884 47773885 41
47773886 47773887 45
47773888 47773889 78
47773890 47773891 73
47773892 47773893 71
47773894 47773895 23
47773896 47773897 89
47773898 47773899 72
47773900 47773901 23
47773902 47773903 63
47773904 47773905 60
47773906 47773907 34
47773908 47773909 39
47773910 47773911 80
47773912 47773913 64
47773914 47773915 27
47773916 47773917 90
47773918 47773919 76
47773920 47773921 45
47773922 47773923 12
47773924 47773925 4
47773926 47773927 34
47773928 47773929 89
47773930 47773931 47
47773932 47773933 98
47773934 47773935 96
47773936 47773937 23
47773938 47773939 84
47773940 47773941 37
47773942 47773943 53
47773944 47773945 11
47773946 47773947 47
47773948 47773949 81
47773950 47773951 96
47773952 47773953 28
47773954 47773955 56
47773956 47773957 6
47773958 47773959 98
47773960 47773961 89
47773962 47773963 78
47773964 47773965 59
47773966 47773967 40
47773968 47773969 54
47773970 47773971 54
47773972 47773973 31
47773974 47773975 21
47773976 47773977 14
47773978 47773979 25
47773980 47773981 99
47773982 47773983 59
47773984 47773985 91
47773986 47773987 11
47773988 47773989 69
47773990 47773991 74
47773992 47773993 79
47773994 47773995 46
47773996 47773997 70
47773998 47773999 12
47774000 47774001 94
47774002 47774003 53
47774004 47774005 44
47774006 47774007 3
47774008 47774009 9
47774010 47774011 14
47774012 47774013 2
47774014 47774015 74
47774016 47774017 11
47774018 47774019 11
47774020 47774021 41
47774022 47774023 87
47774024 47774025 64
47774026 47774027 86
47774028 47774029 79
47774030 47774031 32
47774032 47774033 12
47774034 47774035 52
47774036 47774037 38
47774038 47774039 79
47774040 47774041 92
47774042 47774043 19
47774044 47774045 8
47774046 47774047 49
47774048 47774049 99
47774050 47774051 65
47774052 47774053 90
47774054 47774055 75
47774056 47774057 45
47774058 47774059 14
47774060 47774061 63
47774062 47774063 57
47774064 47774065 77
47774066 47774067 58
47774068 47774069 7
47774070 47774071 40
47774072 47774073 16
47774074 47774075 56
47774076 47774077 75
47774078 47774079 43
47774080 47774081 2
47774082 47774083 7
47774084 47774085 22
47774086 47774087 50
47774088 47774089 88
47774090 47774091 63
47774092 47774093 21
47774094 47774095 88
47774096 47774097 35
47774098 47774099 93
47774100 47774101 48
47774102 47774103 83
47774104 47774105 81
47774106 47774107 50
47774108 47774109 70
47774110 47774111 47
47774112 47774113 90
47774114 47774115 44
47774116 47774117 1
47774118 47774119 78
47774120 47774121 69
47774122 47774123 42
47774124 47774125 29
47774126 47774127 65
47774128 47774129 59
47774130 47774131 22
47774132 47774133 79
47774134 47774135 78
47774136 47774137 90
47774138 47774139 52
47774140 47774141 78
47774142 47774143 26
47774144 47774145 38
47774146 47774147 59
47774148 47774149 53
47774150 47774151 75
47774152 47774153 55
47774154 47774155 92
47774156 47774157 23
47774158 47774159 44
47774160 47774161 97
47774162 47774163 36
47774164 47774165 70
47774166 47774167 7
47774168 47774169 61
47774170 47774171 84
47774172 47774173 23
47774174 47774175 62
47774176 47774177 41
47774178 47774179 58
47774180 47774181 86
47774182 47774183 94
47774184 47774185 7
47774186 47774187 80
47774188 47774189 59
47774190 47774191 44
47774192 47774193 21
47774194 47774195 21
47774196 47774197 68
47774198 47774199 58
47774200 47774201 9
47774202 47774203 4
47774204 47774205 66
47774206 47774207 59
47774208 47774209 17
47774210 47774211 6
47774212 47774213 88
47774214 47774215 70
47774216 47774217 47
47774218 47774219 93
47774220 47774221 57
47774222 47774223 62
47774224 47774225 71
47774226 47774227 68
47774228 47774229 37
47774230 47774231 34
47774232 47774233 79
47774234 47774235 53
47774236 47774237 5
47774238 47774239 80
47774240 47774241 52
47774242 47774243 21
47774244 47774245 97
47774246 47774247 85
47774248 47774249 40
47774250 47774251 38
47774252 47774253 52
47774254 47774255 95
47774256 47774257 51
47774258 47774259 55
47774260 47774261 11
47774262 47774263 89
47774264 47774265 8
47774266 47774267 47
47774268 47774269 89
47774270 47774271 5
47774272 47774273 89
47774274 47774275 62
47774276 47774277 66
47774278 47774279 32
47774280 47774281 72
47774282 47774283 85
47774284 47774285 71
47774286 47774287 15
47774288 47774289 23
47774290 47774291 17
47774292 47774293 52
47774294 47774295 94
47774296 47774297 78
47774298 47774299 77
47774300 47774301 35
47774302 47774303 55
47774304 47774305 49
47774306 47774307 54
47774308 47774309 61
47774310 47774311 86
47774312 47774313 68
47774314 47774315 4
47774316 47774317 38
47774318 47774319 20
47774320 47774321 63
47774322 47774323 72
47774324 47774325 40
47774326 47774327 47
47774328 47774329 12
47774330 47774331 35
47774332 47774333 87
47774334 47774335 12
47774336 47774337 82
47774338 47774339 47
47774340 47774341 61
47774342 47774343 66
47774344 47774345 23
47774346 47774347 67
47774348 47774349 14
47774350 47774351 41
47774352 47774353 50
47774354 47774355 29
47774356 47774357 48
47774358 47774359 19
47774360 47774361 74
47774362 47774363 37
47774364 47774365 41
47774366 47774367 23
47774368 47774369 45
47774370 47774371 93
47774372 47774373 27
47774374 47774375 25
47774376 47774377 98
47774378 47774379 42
47774380 47774381 53
47774382 47774383 88
47774384 47774385 75
47774386 47774387 10
47774388 47774389 92
47774390 47774391 30
47774392 47774393 30
47774394 47774395 47
47774396 47774397 46
47774398 47774399 40
47774400 47774401 53
47774402 47774403 67
47774404 47774405 82
47774406 47774407 75
47774408 47774409 45
47774410 47774411 71
47774412 47774413 59
47774414 47774415 65
47774416 47774417 20
47774418 47774419 88
47774420 47774421 63
47774422 47774423 2
47774424 47774425 38
47774426 47774427 42
47774428 47774429 15
47774430 47774431 31
47774432 47774433 65
47774434 47774435 7
47774436 47774437 69
47774438 47774439 37
47774440 47774441 26
47774442 47774443 60
47774444 47774445 11
47774446 47774447 9
47774448 47774449 13
47774450 47774451 12
47774452 47774453 30
47774454 47774455 43
47774456 47774457 73
47774458 47774459 17
47774460 47774461 34
47774462 47774463 16
47774464 47774465 80
47774466 47774467 62
47774468 47774469 54
47774470 47774471 84
47774472 47774473 87
47774474 47774475 13
47774476 47774477 96
47774478 47774479 16
47774480 47774481 58
47774482 47774483 21
47774482 47774484 1
47774485 47774486 75
47774487 47774488 78
47774489 47774490 91
47774491 47774492 32
47774493 47774494 75
47774495 47774496 82
47774497 47774498 65
47774499 47774500 29
47774501 47774502 94
47774503 47774504 5
47774505 47774506 20
47774507 47774508 62
47774509 47774510 23
47774511 47774512 80
47774513 47774514 89
47774515 47774516 47
47774517 47774518 38
47774519 47774520 12
47774521 47774522 39
47774523 47774524 80
47774525 47774526 36
47774527 47774528 20
47774529 47774530 31
47774531 47774532 63
47774533 47774534 12
47774535 47774536 30
47774537 47774538 45
47774539 47774540 57
47774541 47774542 44
47774543 47774544 75
47774545 47774546 15
47774547 47774548 87
47774549 47774550 75
47774551 47774552 74
47774553 47774554 5
47774555 47774556 62
47774557 47774558 4
47774559 47774560 79
47774561 47774562 82
47774563 47774564 20
47774565 47774566 64
47774567 47774568 3
47774569 47774570 41
47774571 47774572 94
47774573 47774574 100
47774575 47774576 81
47774577 47774578 6
47774579 47774580 64
47774581 47774582 98
47774583 47774584 93
47774585 47774586 84
47774587 47774588 23
47774589 47774590 14
47774591 47774592 91
47774593 47774594 84
47774595 47774596 100
47774597 47774598 21
47774599 47774600 88
47774601 47774602 32
47774603 47774604 28
47774605 47774606 6
47774607 47774608 3
47774609 47774610 12
47774611 47774612 2
47774613 47774614 12
47774615 47774616 75
47774617 47774618 54
47774619 47774620 85
47774621 47774622 44
47774623 47774624 38
47774625 47774626 95
47774627 47774628 70
47774629 47774630 54
47774631 47774632 3
47774633 47774634 61
47774635 47774636 90
47774637 47774638 39
47774639 47774640 9
47774641 47774642 96
47774643 47774644 17
47774645 47774646 4
47774647 47774648 13
47774649 47774650 9
47774651 47774652 18
47774653 47774654 12
47774655 47774656 95
47774657 47774658 68
47774659 47774660 95
47774661 47774662 35
47774663 47774664 46
47774665 47774666 41
47774667 47774668 41
47774669 47774670 65
47774671 47774672 12
47774673 47774674 83
47774675 47774676 15
47774677 47774678 13
47774679 47774680 43
47774681 47774682 74
47774683 47774684 78
47774685 47774686 92
47774687 47774688 66
47774689 47774690 58
47774691 47774692 70
47774693 47774694 2
47774695 47774696 53
47774697 47774698 64
47774699 47774700 21
47774701 47774702 10
47774703 47774704 93
47774705 47774706 20
47774707 47774708 95
47774709 47774710 30
47774711 47774712 43
47774713 47774714 51
47774715 47774716 66
47774717 47774718 89
47774719 47774720 59
47774721 47774722 3
47774723 47774724 25
47774725 47774726 48
47774727 47774728 62
47774729 47774730 58
47774731 47774732 2
47774733 47774734 2
47774735 47774736 10
47774737 47774738 68
47774739 47774740 10
47774741 47774742 12
47774743 47774744 91
47774745 47774746 61
47774747 47774748 66
47774749 47774750 66
47774751 47774752 18
47774753 47774754 17
47774755 47774756 9
47774757 47774758 96
47774759 47774760 79
47774761 47774762 82
47774763 47774764 96
47774765 47774766 53
47774767 47774768 18
47774769 47774770 64
47774771 47774772 18
47774773 47774774 53
47774775 47774776 85
47774777 47774778 78
47774779 47774780 18
47774781 47774782 81
47774783 47774784 18
47774785 47774786 4
47774787 47774788 29
47774789 47774790 17
47774791 47774792 53
47774793 47774794 80
47774795 47774796 4
47774797 47774798 46
47774799 47774800 35
47774801 47774802 40
47774803 47774804 65
47774805 47774806 32
47774807 47774808 63
47774809 47774810 25
47774811 47774812 36
47774813 47774814 32
47774815 47774816 69
47774817 47774818 54
47774819 47774820 55
47774821 47774822 26
47774823 47774824 30
47774825 47774826 82
47774827 47774828 39
47774829 47774830 93
47774831 47774832 57
47774833 47774834 10
47774835 47774836 26
47774837 47774838 39
47774839 47774840 39
47774841 47774842 30
47774843 47774844 79
47774845 47774846 98
47774847 47774848 87
47774849 47774850 70
47774851 47774852 65
47774853 47774854 27
47774855 47774856 40
47774857 47774858 18
47774859 47774860 27
47774861 47774862 15
47774863 47774864 69
47774865 47774866 4
47774867 47774868 45
47774869 47774870 54
47774871 47774872 2
47774873 47774874 57
47774875 47774876 52
47774877 47774878 85
47774879 47774880 9
47774881 47774882 90
47774883 47774884 13
47774885 47774886 36
47774887 47774888 80
47774889 47774890 43
47774891 47774892 67
47774893 47774894 74
47774895 47774896 25
47774897 47774898 8
47774899 47774900 83
47774901 47774902 39
47774903 47774904 73
47774905 47774906 42
47774907 47774908 29
47774909 47774910 86
47774911 47774912 58
47774913 47774914 55
47774915 47774916 61
47774917 47774918 74
47774919 47774920 63
47774921 47774922 49
47774923 47774924 25
47774925 47774926 88
47774927 47774928 8
47774929 47774930 77
47774931 47774932 7
47774933 47774934 16
47774935 47774936 55
47774937 47774938 68
47774939 47774940 100
47774941 47774942 58
47774943 47774944 95
47774945 47774946 1
47774947 47774948 10
47774949 47774950 53
47774951 47774952 88
47774953 47774954 18
47774955 47774956 95
47774957 47774958 25
47774959 47774960 27
47774961 47774962 17
47774963 47774964 97
47774965 47774966 16
47774967 47774968 24
47774969 47774970 94
47774971 47774972 44
47774973 47774974 17
47774975 47774976 52
47774977 47774978 75
47774979 47774980 92
47774981 47774982 42
47774983 47774984 94
47774985 47774986 4
47774987 47774988 73
47774989 47774990 10
47774991 47774992 74
47774993 47774994 74
47774995 47774996 30
47774997 47774998 84
47774999 47775000 97
47775001 47775002 37
47775003 47775004 5
47775005 47775006 2
47775007 47775008 66
47775009 47775010 33
47775011 47775012 88
47775013 47775014 21
47775015 47775016 61
47775017 47775018 82
47775019 47775020 71
47775021 47775022 25
47775023 47775024 53
47775025 47775026 25
47775027 47775028 4
47775029 47775030 99
47775031 47775032 98
47775033 47775034 19
47775035 47775036 74
47775037 47775038 68
47775039 47775040 83
47775041 47775042 62
47775043 47775044 1
47775045 47775046 74
47775047 47775048 70
47775049 47775050 43
47775051 47775052 47
47775053 47775054 37
47775055 47775056 20
47775057 47775058 54
47775059 47775060 71
47775061 47775062 3
47775063 47775064 82
47775065 47775066 38
47775067 47775068 80
47775069 47775070 34
47775071 47775072 22
47775073 47775074 27
47775075 47775076 21
47775077 47775078 73
47775079 47775080 8
47775081 47775082 66
47775083 47775084 6
47775085 47775086 10
47775087 47775088 94
47775089 47775090 11
47775091 47775092 67
47775093 47775094 9
47775095 47775096 19
47775097 47775098 88
47775099 47775100 36
47775101 47775102 100
47775103 47775104 78
47775105 47775106 86
47775107 47775108 42
47775109 47775110 82
47775111 47775112 10
47775113 47775114 77
47775115 47775116 87
47775117 47775118 46
47775119 47775120 27
47775121 47775122 20
47775123 47775124 43
47775125 47775126 47
47775127 47775128 55
47775129 47775130 51
47775131 47775132 44
47775133 47775134 12
47775135 47775136 4
47775137 47775138 34
47775139 47775140 62
47775141 47775142 14
47775143 47775144 28
47775145 47775146 22
47775147 47775148 24
47775149 47775150 52
47775151 47775152 41
47775153 47775154 51
47775155 47775156 76
47775157 47775158 91
47775159 47775160 99
47775161 47775162 73
47775163 47775164 66
47775165 47775166 29
47775167 47775168 57
47775169 47775170 85
47775171 47775172 66
47775173 47775174 12
47775175 47775176 80
47775177 47775178 40
47775179 47775180 35
47775181 47775182 98
47775183 47775184 98
47775185 47775186 100
47775187 47775188 12
47775189 47775190 35
47775191 47775192 72
47775193 47775194 81
47775195 47775196 40
47775197 47775198 35
47775199 47775200 89
47775201 47775202 65
47775203 47775204 20
47775205 47775206 39
47775207 47775208 73
47775209 47775210 7
47775211 47775212 19
47775213 47775214 86
47775215 47775216 40
47775217 47775218 70
47775219 47775220 30
47775221 47775222 9
47775223 47775224 49
47775225 47775226 17
47775227 47775228 50
47775229 47775230 17
47775231 47775232 87
47775233 47775234 95
47775235 47775236 63
47775237 47775238 26
47775239 47775240 21
47775241 47775242 76
47775243 47775244 70
47775245 47775246 18
47775247 47775248 77
47775249 47775250 36
47775251 47775252 63
47775253 47775254 22
47775255 47775256 58
47775257 47775258 90
47775259 47775260 6
47775261 47775262 63
47775263 47775264 69
47775265 47775266 39
47775267 47775268 29
47775269 47775270 26
47775271 47775272 45
47775273 47775274 32
47775275 47775276 10
47775277 47775278 65
47775279 47775280 97
47775281 47775282 49
47775283 47775284 78
47775285 47775286 65
47775287 47775288 35
47775289 47775290 54
47775291 47775292 60
47775293 47775294 87
47775295 47775296 18
47775297 47775298 66
47775299 47775300 67
47775301 47775302 58
47775303 47775304 50
47775305 47775306 92
47775307 47775308 36
47775309 47775310 27
47775311 47775312 14
47775313 47775314 28
47775315 47775316 40
47775317 47775318 77
47775319 47775320 98
47775321 47775322 8
47775323 47775324 75
47775325 47775326 92
47775327 47775328 11
47775329 47775330 27
47775331 47775332 62
47775333 47775334 30
47775335 47775336 72
47775337 47775338 88
47775339 47775340 66
47775341 47775342 39
47775343 47775344 70
47775345 47775346 55
47775347 47775348 44
47775349 47775350 57
47775351 47775352 51
47775353 47775354 3
47775355 47775356 96
47775357 47775358 55
47775359 47775360 23
47775361 47775362 93
47775363 47775364 79
47775365 47775366 87
47775367 47775368 79
47775369 47775370 17
47775371 47775372 80
47775373 47775374 50
47775375 47775376 86
47775377 47775378 67
47775379 47775380 47
47775381 47775382 89
47775383 47775384 39
47775385 47775386 65
47775387 47775388 78
47775389 47775390 78
47775391 47775392 13
47775393 47775394 9
47775395 47775396 51
47775397 47775398 97
47775399 47775400 23
47775401 47775402 99
47775403 47775404 18
47775405 47775406 37
47775407 47775408 35
47775409 47775410 42
47775411 47775412 28
47775413 47775414 98
47775415 47775416 51
47775417 47775418 37
47775419 47775420 49
47775421 47775422 46
47775423 47775424 50
47775425 47775426 51
47775427 47775428 65
47775429 47775430 65
47775431 47775432 41
47775433 47775434 61
47775435 47775436 20
47775437 47775438 33
47775439 47775440 90
47775441 47775442 1
47775443 47775444 98
47775445 47775446 34
47775447 47775448 4
47775449 47775450 72
47775451 47775452 99
47775453 47775454 48
47775455 47775456 19
47775457 47775458 84
47775459 47775460 72
47775461 47775462 61
47775463 47775464 36
47775465 47775466 88
47775467 47775468 93
47775469 47775470 97
47775471 47775472 47
47775473 47775474 43
47775475 47775476 72
47775477 47775478 82
47775479 47775480 87
47775481 47775482 40
47775483 47775484 64
47775485 47775486 10
47775487 47775488 61
47775489 47775490 3
47775491 47775492 39
47775493 47775494 3
47775495 47775496 6
47775497 47775498 41
47775499 47775500 96
47775501 47775502 80
47775503 47775504 31
47775505 47775506 80
47775507 47775508 76
47775509 47775510 22
47775511 47775512 39
47775513 47775514 24
47775515 47775516 53
47775517 47775518 83
47775519 47775520 33
47775521 47775522 75
47775523 47775524 64
47775525 47775526 25
47775527 47775528 24
47775529 47775530 100
47775531 47775532 13
47775533 47775534 72
47775535 47775536 17
47775537 47775538 29
47775539 47775540 7
47775541 47775542 86
47775543 47775544 15
47775545 47775546 59
47775547 47775548 79
47775549 47775550 100
47775551 47775552 24
47775553 47775554 46
47775555 47775556 53
47775557 47775558 33
47775559 47775560 58
47775561 47775562 92
47775563 47775564 92
47775565 47775566 87
47775567 47775568 16
47775569 47775570 56
47775571 47775572 59
47775573 47775574 31
47775575 47775576 44
47775577 47775578 69
47775579 47775580 56
47775581 47775582 32
47775583 47775584 84
47775585 47775586 84
47775587 47775588 78
47775589 47775590 11
47775591 47775592 45
47775593 47775594 53
47775595 47775596 84
47775597 47775598 27
47775599 47775600 6
47775601 47775602 45
47775603 47775604 32
47775605 47775606 83
47775607 47775608 19
47775609 47775610 49
47775611 47775612 98
47775613 47775614 44
47775615 47775616 44
47775617 47775618 100
47775619 47775620 38
47775621 47775622 78
47775623 47775624 70
47775625 47775626 87
47775627 47775628 34
47775629 47775630 36
47775631 47775632 10
47775633 47775634 22
47775635 47775636 12
47775637 47775638 38
47775639 47775640 83
47775641 47775642 23
47775643 47775644 26
47775645 47775646 61
47775647 47775648 67
47775649 47775650 53
47775651 47775652 49
47775653 47775654 92
47775655 47775656 80
47775657 47775658 54
47775659 47775660 77
47775661 47775662 65
47775663 47775664 36
47775665 47775666 95
47775667 47775668 85
47775669 47775670 16
47775671 47775672 2
47775673 47775674 13
47775675 47775676 22
47775677 47775678 63
47775679 47775680 40
47775681 47775682 31
47775683 47775684 26
47775685 47775686 79
47775687 47775688 56
47775689 47775690 82
47775691 47775692 7
47775693 47775694 70
47775695 47775696 82
47775697 47775698 83
47775699 47775700 53
47775701 47775702 4
47775703 47775704 42
47775705 47775706 53
47775707 47775708 7
47775709 47775710 57
47775711 47775712 45
47775713 47775714 85
47775715 47775716 56
47775717 47775718 96
47775719 47775720 3
47775721 47775722 62
47775723 47775724 1
47775725 47775726 87
47775727 47775728 5
47775729 47775730 5
47775731 47775732 23
47775733 47775734 6
47775735 47775736 69
47775737 47775738 68
47775739 47775740 67
47775741 47775742 74
47775743 47775744 77
47775745 47775746 16
47775747 47775748 85
47775749 47775750 37
47775751 47775752 17
47775753 47775754 51
47775755 47775756 67
47775757 47775758 21
47775759 47775760 90
47775761 47775762 41
47775763 47775764 49
47775765 47775766 5
47775767 47775768 52
47775769 47775770 33
47775771 47775772 84
47775773 47775774 38
47775775 47775776 7
47775777 47775778 42
47775779 47775780 53
47775781 47775782 71
47775783 47775784 48
47775785 47775786 59
47775787 47775788 74
47775789 47775790 43
47775791 47775792 15
47775793 47775794 53
47775795 47775796 25
47775797 47775798 4
47775799 47775800 81
47775801 47775802 8
47775803 47775804 58
47775805 47775806 1
47775807 47775808 6
47775809 47775810 34
47775811 47775812 57
47775813 47775814 72
47775815 47775816 16
47775817 47775818 48
47775819 47775820 95
47775821 47775822 83
47775823 47775824 13
47775825 47775826 48
47775827 47775828 73
47775829 47775830 29
47775831 47775832 16
47775833 47775834 60
47775835 47775836 22
47775837 47775838 13
47775839 47775840 87
47775841 47775842 38
47775843 47775844 45
47775845 47775846 49
47775847 47775848 95
47775849 47775850 41
47775851 47775852 18
47775853 47775854 30
47775855 47775856 24
47775857 47775858 79
47775859 47775860 94
47775861 47775862 79
47775863 47775864 85
47775865 47775866 18
47775867 47775868 13
47775869 47775870 70
47775871 47775872 23
47775873 47775874 37
47775875 47775876 35
47775877 47775878 50
47775879 47775880 64
47775881 47775882 64
47775883 47775884 47
47775885 47775886 30
47775887 47775888 49
47775889 47775890 72
47775891 47775892 65
47775893 47775894 44
47775895 47775896 71
47775897 47775898 96
47775899 47775900 12
47775901 47775902 67
47775903 47775904 24
47775905 47775906 93
47775907 47775908 80
47775909 47775910 17
47775911 47775912 55
47775913 47775914 25
47775915 47775916 14
47775917 47775918 7
47775919 47775920 71
47775921 47775922 11
47775923 47775924 1
47775925 47775926 9
47775927 47775928 9
47775929 47775930 85
47775931 47775932 98
47775933 47775934 89
47775935 47775936 81
47775937 47775938 75
47775939 47775940 21
47775941 47775942 50
47775943 47775944 4
47775945 47775946 90
47775947 47775948 45
47775949 47775950 85
47775951 47775952 24
47775953 47775954 42
47775955 47775956 89
47775957 47775958 2
47775959 47775960 91
47775961 47775962 19
47775963 47775964 90
47775965 47775966 42
47775967 47775968 84
47775969 47775970 9
47775971 47775972 88
47775973 47775974 63
47775975 47775976 13
47775977 47775978 6
47775979 47775980 38
47775981 47775982 39
47775983 47775984 75
47775985 47775986 4
47775987 47775988 51
47775989 47775990 70
47775991 47775992 93
47775993 47775994 5
47775995 47775996 59
47775997 47775998 51
47775999 47776000 29
47776001 47776002 91
47776003 47776004 88
47776005 47776006 99
47776007 47776008 33
47776009 47776010 85
47776011 47776012 89
47776013 47776014 63
47776015 47776016 82
47776017 47776018 81
47776019 47776020 18
47776021 47776022 99
47776023 47776024 64
47776025 47776026 66
47776027 47776028 8
47776029 47776030 43
47776031 47776032 79
47776033 47776034 17
47776035 47776036 48
47776037 47776038 3
47776039 47776040 93
47776041 47776042 44
47776043 47776044 54
47776045 47776046 62
47776047 47776048 84
47776049 47776050 99
47776051 47776052 92
47776053 47776054 98
47776055 47776056 35
47776057 47776058 88
47776059 47776060 95
47776061 47776062 22
47776063 47776064 76
47776065 47776066 71
47776067 47776068 70
47776069 47776070 59
47776071 47776072 56
47776073 47776074 7
47776075 47776076 54
47776077 47776078 62
47776079 47776080 71
47776081 47776082 66
47776083 47776084 97
47776085 47776086 30
47776087 47776088 21
47776089 47776090 86
47776091 47776092 45
47776093 47776094 23
47776095 47776096 27
47776097 47776098 53
47776099 47776100 12
47776101 47776102 17
47776103 47776104 36
47776105 47776106 95
47776107 47776108 20
47776109 47776110 86
47776111 47776112 33
47776113 47776114 51
47776115 47776116 35
47776117 47776118 79
47776119 47776120 35
47776121 47776122 65
47776123 47776124 4
47776125 47776126 20
47776127 47776128 41
47776129 47776130 17
47776131 47776132 4
47776133 47776134 23
47776135 47776136 81
47776137 47776138 13
47776139 47776140 52
47776141 47776142 25
47776143 47776144 56
47776145 47776146 28
47776147 47776148 18
47776149 47776150 98
47776151 47776152 69
47776153 47776154 81
47776155 47776156 30
47776157 47776158 32
47776159 47776160 19
47776161 47776162 52
47776163 47776164 10
47776165 47776166 5
47776167 47776168 7
47776169 47776170 84
47776171 47776172 73
47776173 47776174 81
47776175 47776176 16
47776177 47776178 13
47776179 47776180 40
47776181 47776182 83
47776183 47776184 65
47776185 47776186 29
47776187 47776188 37
47776189 47776190 31
47776191 47776192 27
47776193 47776194 25
47776195 47776196 90
47776197 47776198 51
47776199 47776200 67
47776201 47776202 7
47776203 47776204 88
47776205 47776206 54
47776207 47776208 63
47776209 47776210 61
47776211 47776212 26
47776213 47776214 53
47776215 47776216 44
47776217 47776218 38
47776219 47776220 65
47776221 47776222 59
47776223 47776224 5
47776225 47776226 12
47776227 47776228 3
47776229 47776230 60
47776231 47776232 94
47776233 47776234 41
47776235 47776236 35
47776237 47776238 39
47776239 47776240 36
47776241 47776242 53
47776243 47776244 66
47776245 47776246 51
47776247 47776248 59
47776249 47776250 48
47776251 47776252 47
47776253 47776254 94
47776255 47776256 35
47776257 47776258 42
47776259 47776260 15
47776261 47776262 46
47776263 47776264 42
47776265 47776266 45
47776267 47776268 58
47776269 47776270 20
47776271 47776272 73
47776273 47776274 78
47776275 47776276 59
47776277 47776278 27
47776279 47776280 37
47776281 47776282 93
47776283 47776284 96
47776285 47776286 35
47776287 47776288 30
47776289 47776290 89
47776291 47776292 73
47776293 47776294 39
47776295 47776296 21
47776297 47776298 29
47776299 47776300 30
47776301 47776302 44
47776303 47776304 69
47776305 47776306 74
47776307 47776308 3
47776309 47776310 16
47776311 47776312 76
47776313 47776314 98
47776315 47776316 56
47776317 47776318 68
47776319 47776320 4
47776321 47776322 80
47776323 47776324 21
47776325 47776326 69
47776327 47776328 43
47776329 47776330 73
47776331 47776332 45
47776333 47776334 57
47776335 47776336 77
47776337 47776338 55
47776339 47776340 20
47776341 47776342 44
47776343 47776344 57
47776345 47776346 62
47776347 47776348 39
47776349 47776350 44
47776351 47776352 32
47776353 47776354 22
47776355 47776356 57
47776357 47776358 67
47776359 47776360 17
47776361 47776362 88
47776363 47776364 46
47776365 47776366 26
47776367 47776368 84
47776369 47776370 50
47776371 47776372 77
47776373 47776374 61
47776375 47776376 42
47776377 47776378 59
47776379 47776380 38
47776381 47776382 15
47776383 47776384 68
47776385 47776386 38
47776387 47776388 59
47776389 47776390 32
47776391 47776392 31
47776393 47776394 32
47776395 47776396 26
47776397 47776398 31
47776399 47776400 41
47776401 47776402 27
47776403 47776404 60
47776405 47776406 21
47776407 47776408 40
47776409 47776410 85
47776411 47776412 40
47776413 47776414 22
47776415 47776416 72
47776417 47776418 63
47776419 47776420 52
47776421 47776422 19
47776423 47776424 15
47776425 47776426 46
47776427 47776428 17
47776429 47776430 63
47776431 47776432 54
47776433 47776434 64
47776435 47776436 62
47776437 47776438 81
47776439 47776440 98
47776441 47776442 38
47776443 47776444 86
47776445 47776446 52
47776447 47776448 92
47776449 47776450 11
47776451 47776452 6
47776453 47776454 41
47776455 47776456 13
47776457 47776458 75
47776459 47776460 47
47776461 47776462 1
47776463 47776464 91
47776465 47776466 4
47776467 47776468 3
47776469 47776470 26
47776471 47776472 7
47776473 47776474 64
47776475 47776476 26
47776477 47776478 70
47776479 47776480 12
47776481 47776482 45
47776483 47776484 37
47776485 47776486 25
47776487 47776488 60
47776489 47776490 14
47776491 47776492 65
47776493 47776494 87
47776495 47776496 46
47776497 47776498 92
47776499 47776500 91
47776501 47776502 54
47776503 47776504 31
47776505 47776506 85
47776507 47776508 78
47776509 47776510 69
47776511 47776512 41
47776513 47776514 77
47776515 47776516 100
47776517 47776518 74
47776519 47776520 62
47776521 47776522 62
47776523 47776524 38
47776525 47776526 30
47776527 47776528 12
47776529 47776530 77
47776531 47776532 50
47776533 47776534 44
47776535 47776536 61
47776537 47776538 49
47776539 47776540 84
47776541 47776542 18
47776543 47776544 54
47776545 47776546 5
47776547 47776548 77
47776549 47776550 77
47776551 47776552 30
47776553 47776554 84
47776555 47776556 52
47776557 47776558 57
47776559 47776560 6
47776561 47776562 83
47776563 47776564 47
47776565 47776566 53
47776567 47776568 36
47776569 47776570 14
47776571 47776572 34
47776573 47776574 85
47776575 47776576 60
47776577 47776578 37
47776579 47776580 58
47776581 47776582 33
47776583 47776584 91
47776585 47776586 34
47776587 47776588 51
47776589 47776590 11
47776591 47776592 85
47776593 47776594 41
47776595 47776596 7
47776597 47776598 50
47776599 47776600 24
47776601 47776602 68
47776603 47776604 55
47776605 47776606 47
47776607 47776608 19
47776609 47776610 37
47776611 47776612 100
47776613 47776614 64
47776615 47776616 7
47776617 47776618 18
47776619 47776620 1
47776621 47776622 35
47776623 47776624 38
47776625 47776626 10
47776627 47776628 23
47776629 47776630 48
47776631 47776632 82
47776633 47776634 55
47776635 47776636 6
47776637 47776638 17
47776639 47776640 33
47776641 47776642 96
47776643 47776644 77
47776645 47776646 80
47776647 47776648 42
47776649 47776650 30
47776651 47776652 42
47776653 47776654 40
47776655 47776656 77
47776657 47776658 94
47776659 47776660 50
47776661 47776662 71
47776663 47776664 2
47776665 47776666 83
47776667 47776668 8
47776669 47776670 82
47776671 47776672 79
47776673 47776674 24
47776675 47776676 46
47776677 47776678 19
47776679 47776680 51
47776681 47776682 93
47776683 47776684 81
47776685 47776686 98
47776687 47776688 14
47776689 47776690 45
47776691 47776692 21
47776693 47776694 67
47776695 47776696 70
47776697 47776698 72
47776699 47776700 64
47776701 47776702 40
47776703 47776704 44
47776705 47776706 43
47776707 47776708 37
47776709 47776710 71
47776711 47776712 19
47776713 47776714 83
47776715 47776716 30
47776717 47776718 95
47776719 47776720 98
47776721 47776722 35
47776723 47776724 78
47776725 47776726 39
47776727 47776728 40
47776729 47776730 54
47776731 47776732 56
47776733 47776734 4
47776735 47776736 36
47776737 47776738 65
47776739 47776740 61
47776741 47776742 51
47776743 47776744 42
47776745 47776746 46
47776747 47776748 76
47776749 47776750 63
47776751 47776752 7
47776753 47776754 72
47776755 47776756 59
47776757 47776758 91
47776759 47776760 11
47776761 47776762 99
47776763 47776764 49
47776765 47776766 88
47776767 47776768 99
47776769 47776770 99
47776771 47776772 76
47776773 47776774 83
47776775 47776776 19
47776777 47776778 86
47776779 47776780 30
47776781 47776782 92
47776783 47776784 92
47776785 47776786 65
47776787 47776788 86
47776789 47776790 14
47776791 47776792 45
47776793 47776794 19
47776795 47776796 87
47776797 47776798 81
47776799 47776800 81
47776801 47776802 94
47776803 47776804 6
47776805 47776806 92
47776807 47776808 80
47776809 47776810 47
47776811 47776812 81
47776813 47776814 84
47776815 47776816 15
47776817 47776818 90
47776819 47776820 2
47776821 47776822 22
47776823 47776824 90
47776825 47776826 92
47776827 47776828 10
47776829 47776830 68
47776831 47776832 65
47776833 47776834 98
47776835 47776836 33
47776837 47776838 100
47776839 47776840 41
47776841 47776842 8
47776843 47776844 79
47776845 47776846 80
47776847 47776848 96
47776849 47776850 91
47776851 47776852 12
47776853 47776854 38
47776855 47776856 95
47776857 47776858 15
47776859 47776860 77
47776861 47776862 38
47776863 47776864 30
47776865 47776866 30
47776867 47776868 97
47776869 47776870 83
47776871 47776872 81
47776873 47776874 84
47776875 47776876 11
47776877 47776878 69
47776879 47776880 25
47776881 47776882 16
47776883 47776884 31
47776885 47776886 1
47776887 47776888 54
47776889 47776890 8
47776891 47776892 42
47776893 47776894 52
47776895 47776896 26
47776897 47776898 17
47776899 47776900 91
47776901 47776902 36
47776903 47776904 30
47776905 47776906 48
47776907 47776908 98
47776909 47776910 82
47776911 47776912 100
47776913 47776914 63
47776915 47776916 29
47776917 47776918 30
47776919 47776920 96
47776921 47776922 88
47776923 47776924 34
47776925 47776926 36
47776927 47776928 57
47776929 47776930 60
47776931 47776932 55
47776933 47776934 25
47776935 47776936 99
47776937 47776938 94
47776939 47776940 22
47776941 47776942 84
47776943 47776944 76
47776945 47776946 34
47776947 47776948 95
47776949 47776950 39
47776951 47776952 91
47776953 47776954 61
47776955 47776956 43
47776957 47776958 89
47776959 47776960 31
47776961 47776962 80
47776963 47776964 99
47776965 47776966 86
47776967 47776968 66
47776969 47776970 41
47776971 47776972 88
47776973 47776974 92
47776975 47776976 22
47776977 47776978 100
47776979 47776980 50
47776981 47776982 45
47776983 47776984 1
47776985 47776986 36
47776987 47776988 19
47776989 47776990 38
47776991 47776992 40
47776993 47776994 91
47776995 47776996 4
47776997 47776998 77
47776999 47777000 86
47777001 47777002 4
47777003 47777004 96
47777005 47777006 28
47777007 47777008 98
47777009 47777010 6
47777011 47777012 70
47777013 47777014 36
47777015 47777016 94
47777017 47777018 41
47777019 47777020 42
47777021 47777022 73
47777023 47777024 16
47777025 47777026 55
47777027 47777028 66
47777029 47777030 36
47777031 47777032 9
47777033 47777034 80
47777035 47777036 42
47777037 47777038 12
47777039 47777040 92
47777041 47777042 91
47777043 47777044 69
47777045 47777046 100
47777047 47777048 81
47777049 47777050 24
47777051 47777052 88
47777053 47777054 82
47777055 47777056 18
47777057 47777058 93
47777059 47777060 93
47777061 47777062 83
47777063 47777064 37
47777065 47777066 21
47777067 47777068 42
47777069 47777070 25
47777071 47777072 29
47777073 47777074 28
47777075 47777076 93
47777077 47777078 63
47777079 47777080 17
47777081 47777082 97
47777083 47777084 56
47777085 47777086 92
47777087 47777088 80
47777089 47777090 100
47777091 47777092 30
47777093 47777094 46
47777095 47777096 95
47777097 47777098 29
47777099 47777100 48
47777101 47777102 20
47777103 47777104 50
47777105 47777106 39
47777107 47777108 15
47777109 47777110 21
47777111 47777112 76
47777113 47777114 17
47777115 47777116 18
47777117 47777118 62
47777119 47777120 32
47777121 47777122 9
47777123 47777124 37
47777125 47777126 7
47777127 47777128 27
47777129 47777130 24
47777131 47777132 46
47777133 47777134 29
47777135 47777136 4
47777137 47777138 6
47777139 47777140 1
47777141 47777142 72
47777143 47777144 32
47777145 47777146 14
47777147 47777148 28
47777149 47777150 99
47777151 47777152 28
47777153 47777154 52
47777155 47777156 23
47777157 47777158 26
47777159 47777160 45
47777161 47777162 68
47777163 47777164 26
47777165 47777166 2
47777167 47777168 34
47777169 47777170 52
47777171 47777172 63
47777173 47777174 100
47777175 47777176 39
47777177 47777178 58
47777179 47777180 7
47777181 47777182 85
47777183 47777184 4
47777185 47777186 39
47777187 47777188 75
47777189 47777190 74
47777191 47777192 89
47777193 47777194 45
47777195 47777196 41
47777197 47777198 21
47777199 47777200 35
47777201 47777202 47
47777203 47777204 50
47777205 47777206 66
47777207 47777208 1
47777209 47777210 98
47777211 47777212 47
47777213 47777214 90
47777215 47777216 47
47777217 47777218 44
47777219 47777220 69
47777221 47777222 59
47777223 47777224 29
47777225 47777226 65
47777227 47777228 63
47777229 47777230 83
47777231 47777232 16
47777233 47777234 51
47777235 47777236 58
47777237 47777238 60
47777239 47777240 37
47777241 47777242 58
47777243 47777244 83
47777245 47777246 67
47777247 47777248 41
47777249 47777250 41
47777251 47777252 7
47777253 47777254 86
47777255 47777256 8
47777257 47777258 4
47777259 47777260 22
47777261 47777262 20
47777263 47777264 22
47777265 47777266 2
47777267 47777268 59
47777269 47777270 37
47777271 47777272 49
47777273 47777274 1
47777275 47777276 6
47777277 47777278 51
47777279 47777280 39
47777281 47777282 89
47777283 47777284 95
47777285 47777286 69
47777287 47777288 32
47777289 47777290 3
47777291 47777292 25
47777293 47777294 93
47777295 47777296 24
47777297 47777298 43
47777299 47777300 31
47777301 47777302 25
47777303 47777304 21
47777305 47777306 23
47777307 47777308 73
47777309 47777310 9
47777311 47777312 98
47777313 47777314 24
47777315 47777316 4
47777317 47777318 81
47777319 47777320 89
47777321 47777322 19
47777323 47777324 49
47777325 47777326 90
47777327 47777328 91
47777329 47777330 44
47777331 47777332 25
47777333 47777334 76
47777335 47777336 96
47777337 47777338 90
47777339 47777340 16
47777341 47777342 87
47777343 47777344 77
47777345 47777346 8
47777347 47777348 86
47777349 47777350 21
47777351 47777352 69
47777353 47777354 78
47777355 47777356 17
47777357 47777358 62
47777359 47777360 89
47777361 47777362 37
47777363 47777364 22
47777365 47777366 1
47777367 47777368 7
47777369 47777370 34
47777371 47777372 66
47777373 47777374 27
47777375 47777376 46
47777377 47777378 93
47777379 47777380 47
47777381 47777382 21
47777383 47777384 88
47777385 47777386 41
47777387 47777388 59
47777389 47777390 14
47777391 47777392 74
47777393 47777394 6
47777395 47777396 8
47777397 47777398 18
47777399 47777400 75
47777401 47777402 60
47777403 47777404 44
47777405 47777406 78
47777407 47777408 45
47777409 47777410 57
47777411 47777412 35
47777413 47777414 61
47777415 47777416 11
47777417 47777418 15
47777419 47777420 88
47777421 47777422 79
47777423 47777424 80
47777425 47777426 91
47777427 47777428 22
47777429 47777430 61
47777431 47777432 18
47777433 47777434 81
47777435 47777436 75
47777437 47777438 100
47777439 47777440 66
47777441 47777442 62
47777443 47777444 89
47777445 47777446 63
47777447 47777448 92
47777449 47777450 22
47777451 47777452 86
47777453 47777454 45
47777455 47777456 2
47777457 47777458 69
47777459 47777460 98
47777461 47777462 85
47777463 47777464 45
47777465 47777466 70
47777467 47777468 3
47777469 47777470 73
47777471 47777472 93
47777473 47777474 99
47777475 47777476 81
47777477 47777478 36
47777479 47777480 69
47777481 47777482 54
47777483 47777484 14
47777485 47777486 87
47777487 47777488 22
47777489 47777490 11
47777491 47777492 83
47777493 47777494 73
47777495 47777496 54
47777497 47777498 64
47777499 47777500 1
47777501 47777502 62
47777503 47777504 18
47777505 47777506 40
47777507 47777508 35
47777509 47777510 88
47777511 47777512 98
47777513 47777514 93
47777515 47777516 25
47777517 47777518 87
47777519 47777520 24
47777521 47777522 80
47777523 47777524 47
47777525 47777526 56
47777527 47777528 31
47777529 47777530 9
47777531 47777532 80
47777533 47777534 77
47777535 47777536 80
47777537 47777538 98
47777539 47777540 75
47777541 47777542 90
47777543 47777544 99
47777545 47777546 17
47777547 47777548 83
47777549 47777550 47
47777551 47777552 53
47777553 47777554 16
47777555 47777556 18
47777557 47777558 77
47777559 47777560 93
47777561 47777562 26
47777563 47777564 10
47777565 47777566 91
47777567 47777568 31
47777569 47777570 87
47777571 47777572 23
47777573 47777574 71
47777575 47777576 23
47777577 47777578 58
47777579 47777580 12
47777581 47777582 51
47777583 47777584 2
47777585 47777586 34
47777587 47777588 98
47777589 47777590 77
47777591 47777592 58
47777593 47777594 82
47777595 47777596 71
47777597 47777598 59
47777599 47777600 22
47777601 47777602 35
47777603 47777604 15
47777605 47777606 11
47777607 47777608 60
47777609 47777610 42
47777611 47777612 30
47777613 47777614 22
47777615 47777616 58
47777617 47777618 99
47777619 47777620 22
47777621 47777622 35
47777623 47777624 6
47777625 47777626 99
47777627 47777628 61
47777629 47777630 64
47777631 47777632 76
47777633 47777634 86
47777635 47777636 98
47777637 47777638 12
47777639 47777640 40
47777641 47777642 35
47777643 47777644 6
47777645 47777646 22
47777647 47777648 90
47777649 47777650 61
47777651 47777652 22
47777653 47777654 59
47777655 47777656 32
47777657 47777658 70
47777659 47777660 16
47777661 47777662 66
47777663 47777664 69
47777665 47777666 22
47777667 47777668 19
47777669 47777670 24
47777671 47777672 60
47777673 47777674 44
47777675 47777676 36
47777677 47777678 20
47777679 47777680 48
47777681 47777682 5
47777683 47777684 51
47777685 47777686 34
47777687 47777688 3
47777689 47777690 51
47777691 47777692 13
47777693 47777694 52
47777695 47777696 60
47777697 47777698 83
47777699 47777700 31
47777701 47777702 81
47777703 47777704 28
47777705 47777706 74
47777707 47777708 97
47777709 47777710 75
47777711 47777712 71
47777713 47777714 43
47777715 47777716 66
47777717 47777718 9
47777719 47777720 72
47777721 47777722 69
47777723 47777724 94
47777725 47777726 52
47777727 47777728 10
47777729 47777730 57
47777731 47777732 69
47777733 47777734 65
47777735 47777736 68
47777737 47777738 93
47777739 47777740 20
47777741 47777742 99
47777743 47777744 30
47777745 47777746 11
47777747 47777748 12
47777749 47777750 10
47777751 47777752 78
47777753 47777754 40
47777755 47777756 61
47777757 47777758 96
47777759 47777760 9
47777761 47777762 85
47777763 47777764 94
47777765 47777766 87
47777767 47777768 40
47777769 47777770 66
47777771 47777772 71
47777773 47777774 43
47777775 47777776 13
47777777 47777778 25
47777779 47777780 3
47777781 47777782 68
47777783 47777784 84
47777785 47777786 30
47777787 47777788 79
47777789 47777790 54
47777791 47777792 67
47777793 47777794 54
47777795 47777796 2
47777797 47777798 13
47777799 47777800 85
47777801 47777802 27
47777803 47777804 49
47777805 47777806 93
47777807 47777808 4
47777809 47777810 40
47777811 47777812 65
47777813 47777814 9
47777815 47777816 15
47777817 47777818 29
47777819 47777820 76
47777821 47777822 32
47777823 47777824 67
47777825 47777826 22
47777827 47777828 23
47777829 47777830 93
47777831 47777832 91
47777833 47777834 95
47777835 47777836 4
47777837 47777838 55
47777839 47777840 38
47777841 47777842 15
47777843 47777844 3
47777845 47777846 24
47777847 47777848 94
47777849 47777850 20
47777851 47777852 76
47777853 47777854 20
47777855 47777856 50
47777857 47777858 77
47777859 47777860 29
47777861 47777862 93
47777863 47777864 79
47777865 47777866 34
47777867 47777868 80
47777869 47777870 14
47777871 47777872 53
47777873 47777874 56
47777875 47777876 73
47777877 47777878 23
47777879 47777880 5
47777881 47777882 66
47777883 47777884 18
47777885 47777886 43
47777887 47777888 87
47777889 47777890 92
47777891 47777892 71
47777893 47777894 48
47777895 47777896 57
47777897 47777898 19
47777899 47777900 43
47777901 47777902 70
47777903 47777904 62
47777905 47777906 65
47777907 47777908 59
47777909 47777910 55
47777911 47777912 2
47777913 47777914 63
47777915 47777916 6
47777917 47777918 13
47777919 47777920 62
47777921 47777922 65
47777923 47777924 43
47777925 47777926 7
47777927 47777928 24
47777929 47777930 48
47777931 47777932 72
47777933 47777934 71
47777935 47777936 77
47777937 47777938 100
47777939 47777940 32
47777941 47777942 29
47777943 47777944 16
47777945 47777946 70
47777947 47777948 61
47777949 47777950 76
47777951 47777952 66
47777953 47777954 49
47777955 47777956 73
47777957 47777958 100
47777959 47777960 50
47777961 47777962 53
47777963 47777964 61
47777965 47777966 30
47777967 47777968 4
47777969 47777970 90
47777971 47777972 94
47777973 47777974 37
47777975 47777976 25
47777977 47777978 59
47777979 47777980 11
47777981 47777982 99
47777983 47777984 76
47777985 47777986 26
47777987 47777988 63
47777989 47777990 29
47777991 47777992 18
47777993 47777994 12
47777995 47777996 19
47777997 47777998 3
47777999 47778000 76
47778001 47778002 21
47778003 47778004 14
47778005 47778006 39
47778007 47778008 58
47778009 47778010 86
47778011 47778012 84
47778013 47778014 77
47778015 47778016 62
47778017 47778018 25
47778019 47778020 100
47778021 47778022 96
47778023 47778024 8
47778025 47778026 74
47778027 47778028 34
47778029 47778030 98
47778031 47778032 23
47778033 47778034 12
47778035 47778036 34
47778037 47778038 61
47778039 47778040 74
47778041 47778042 79
47778043 47778044 25
47778045 47778046 61
47778047 47778048 7
47778049 47778050 27
47778051 47778052 18
47778053 47778054 49
47778055 47778056 51
47778057 47778058 74
47778059 47778060 65
47778061 47778062 54
47778063 47778064 37
47778065 47778066 62
47778067 47778068 58
47778069 47778070 13
47778071 47778072 82
47778073 47778074 78
47778075 47778076 52
47778077 47778078 13
47778079 47778080 49
47778081 47778082 95
47778083 47778084 77
47778085 47778086 84
47778087 47778088 64
47778089 47778090 29
47778091 47778092 39
47778093 47778094 44
47778095 47778096 70
47778097 47778098 3
47778099 47778100 45
47778101 47778102 39
47778103 47778104 71
47778105 47778106 6
47778107 47778108 62
47778109 47778110 41
47778111 47778112 30
47778113 47778114 19
47778115 47778116 25
47778117 47778118 83
47778119 47778120 6
47778121 47778122 96
47778123 47778124 30
47778125 47778126 40
47778127 47778128 41
47778129 47778130 61
47778131 47778132 66
47778133 47778134 55
47778135 47778136 19
47778137 47778138 35
47778139 47778140 86
47778141 47778142 91
47778143 47778144 70
47778145 47778146 81
47778147 47778148 7
47778149 47778150 100
47778151 47778152 39
47778153 47778154 79
47778155 47778156 82
47778157 47778158 33
47778159 47778160 78
47778161 47778162 96
47778163 47778164 85
47778165 47778166 15
47778167 47778168 85
47778169 47778170 100
47778171 47778172 73
47778173 47778174 91
47778175 47778176 2
47778177 47778178 54
47778179 47778180 52
47778181 47778182 6
47778183 47778184 9
47778185 47778186 43
47778187 47778188 9
47778189 47778190 37
47778191 47778192 98
47778193 47778194 62
47778195 47778196 93
47778197 47778198 37
47778199 47778200 69
47778201 47778202 5
47778203 47778204 59
47778205 47778206 68
47778207 47778208 92
47778209 47778210 12
47778211 47778212 10
47778213 47778214 24
47778215 47778216 70
47778217 47778218 37
47778219 47778220 81
47778221 47778222 95
47778223 47778224 31
47778225 47778226 72
47778227 47778228 58
47778229 47778230 63
47778231 47778232 70
47778233 47778234 91
47778235 47778236 52
47778237 47778238 31
47778239 47778240 76
47778241 47778242 9
47778243 47778244 58
47778245 47778246 87
47778247 47778248 69
47778249 47778250 89
47778251 47778252 90
47778253 47778254 34
47778255 47778256 71
47778257 47778258 33
47778259 47778260 17
47778261 47778262 54
47778263 47778264 97
47778265 47778266 7
47778267 47778268 32
47778269 47778270 38
47778271 47778272 1
47778273 47778274 85
47778275 47778276 60
47778277 47778278 17
47778279 47778280 23
47778281 47778282 17
47778283 47778284 13
47778285 47778286 73
47778287 47778288 60
