10036542 249886 22
10036691 99469 94
7217219 12865 3
10036964 2122897 88
10037273 698350 90
10038100 150685 12
10038824 511952 17
10038982 528311 20
10039116 10039125 69
10039305 19422 1
10039659 246536 80
9508871 120808 21
10041500 10041510 97
10041572 500045 58
10041744 84824 64
10041832 473835 25
7747643 296099 23
10043048 1020463 73
10043615 422567 23
10043624 103163 84
10043942 2893310 36
10044471 52838 7
10044953 93143 77
10045210 329221 21
10046171 100905 54
10046730 313932 100
10046824 17197 5
10046940 75845 61
10046953 16118 97
5126777 100561 87
281433 43099 15
13534867 339342 85
13534937 554376 30
4969874 188261 45
13535127 1655088 55
13535209 11587 24
13535241 1207376 45
13535253 30716 63
13535273 251763 13
13535393 285250 23
13535426 3382379 7
13535438 3565610 20
13535462 108201 70
13535510 2892906 31
13535528 463421 70
13535734 2018326 89
13535744 780504 70
13535756 346628 91
13535840 1005203 83
13535967 12163891 76
13536050 224060 58
13536097 1290531 54
13536108 2592620 86
13536142 225050 48
13536279 149939 27
13536734 635846 71
13536915 1151651 63
13536920 493376 59
10918517 110315 39
3080715 524318 73
13537480 2924060 92
13537495 340600 30
13537644 310455 97
13537665 174404 74
13537682 121304 56
13537698 961052 35
13537747 601013 21
13537769 157928 51
13537781 100512 90
13537790 1666559 83
7217221 3075696 92
13537863 13065344 92
13537874 13537881 6
13537923 13436632 35
13537953 1666526 81
13537978 13537985 70
3560765 93136 80
13538285 1462155 22
13538402 5849 6
13538435 1271921 98
13538450 312861 10
13538491 512556 80
13538521 336222 21
13538585 676040 13
13538697 3358531 16
13538796 252908 57
13538962 67560 65
13538992 356522 95
13539011 186032 7
13539064 216360 47
13539089 754060 13
13539165 759697 83
13539257 340762 69
13539295 325607 98
13539333 707463 59
13539529 866523 20
13539541 225051 80
13539586 486782 68
13539612 610958 48
7217223 3358108 35
13539664 337888 94
8826106 844234 44
13539702 311964 65
13539989 48669 66
13540006 1213003 69
13540300 116950 5
13540378 211923 85
13540414 394368 70
13540642 580708 2
13540647 279156 90
13540693 785196 52
13540707 1138905 91
13540714 2777010 1
13540775 786123 26
13540791 1101348 31
8034515 126770 44
13540828 11432305 41
13540996 364065 55
13541086 100868 56
13541517 961434 80
13541669 2150652 29
4292968 454159 36
13542002 897470 47
13542047 480440 56
13542053 153044 31
13542058 453882 75
13542146 149569 73
13542246 101381 96
13542297 2149597 56
13542911 149484 89
13542930 679209 17
13542937 601626 46
13542960 283028 92
13542973 456412 5
13543000 27279 67
13543018 65975 50
13543034 287247 71
13543045 13543056 63
13543074 61996 42
13543106 217288 24
13543161 2599977 42
13543229 83048 77
13543281 83070 35
13543393 754046 72
13543518 344565 20
13543609 347382 10
13543721 1336917 79
6887985 157292 66
13544023 3179064 78
13544086 1145843 72
13544097 152504 32
13544164 1221452 29
13544217 328585 39
13544229 616743 96
13544249 617773 83
13544359 222723 13
8084272 154224 20
13544599 1053437 2
13544624 2413374 72
13544638 333747 22
13544696 230968 65
13544869 349982 11
13544883 1659454 87
13544895 320962 55
13544911 13544919 94
13545035 523692 82
13545283 387077 32
13545700 5393 41
13545812 322840 80
13545831 37724 33
13545836 526066 48
13545859 201582 75
13545871 193261 11
13545962 163638 86
13545997 163639 90
13546009 744938 7
13546073 2121929 35
13546220 498756 71
13546233 232846 60
13546252 163621 86
13546298 163644 70
13546458 346667 94
13546584 235774 51
13546825 3418518 87
13546860 222733 66
13546889 473190 100
13546902 178668 61
9084698 484269 14
13546994 3353531 10
13547001 9893054 59
13547180 815750 51
13547541 398524 80
13547552 13547562 74
13547785 1107049 38
13547799 435382 45
13547859 2445825 43
13547884 1132380 18
13548025 323562 24
13548059 430192 29
13548491 27082 71
13548537 369500 73
4103579 1181715 33
13548752 109558 17
13548881 243060 72
13549259 343327 14
3072262 143420 94
13549963 344395 62
13550006 2755329 22
13550147 336758 4
13550170 477939 66
13550496 408278 11
13550654 102533 31
13550670 765060 99
13550703 1009967 48
13551159 323327 80
13551367 540700 72
13551399 354137 81
13551431 376225 89
13551548 108226 4
13551583 235491 87
13551619 109743 34
13551641 27374 8
13551842 260541 42
13551853 991230 53
13551921 37558 7
13552098 308646 76
13552298 1204118 4
13552319 4369048 9
13552330 1858841 71
13552340 2694009 69
13552365 494450 31
13552388 27489 96
13552495 473468 13
13552504 4021726 61
13552516 2600094 95
13552570 2883014 12
13552639 713091 41
13552840 90718 59
13552891 509324 2
13552955 2811898 19
13552989 363836 37
13552991 11713 92
13553247 5457 80
13553323 308655 30
13553600 240309 69
13554185 155729 31
13554203 94296 63
13554355 2046963 27
13554422 3566392 31
13554432 154332 91
13554461 141979 14
13554491 35682 88
13554505 308672 99
13554678 127170 98
13555258 730363 81
13555286 250169 25
13555304 87060 13
13555433 1158189 58
13555637 101774 3
13555777 1289967 61
13555844 2228709 61
13555985 249794 97
13556326 226287 63
13556344 308684 29
13556413 28385 29
13557048 49225 5
13557187 782901 46
13557382 368402 1
13557397 3682561 82
13557659 58968 35
13557860 528507 95
13557956 27688 93
13558022 1569549 59
13558059 3035015 12
13558065 723394 29
13558071 269785 89
13558155 665442 21
13558387 137850 96
13558464 1353673 53
13558548 171329 41
13558740 308708 58
13558770 1547407 21
13558829 325022 64
13558911 49393 14
13559233 96284 79
13559386 194339 76
13559559 3472478 100
13559682 3413981 90
13559753 285750 9
13559826 171248 51
13559879 85521 69
13559945 400828 58
13559950 51072 61
13559964 52284 16
13559978 923722 77
13559983 72776 28
13559996 874028 27
13560002 324697 91
13560015 194014 87
13560020 119839 20
13560037 1109958 77
13560064 237825 63
13560073 428797 53
13560406 386066 50
13560568 2810566 3
13560693 2615200 52
13560719 2868482 30
13560731 13560738 87
13560851 497616 46
13560863 308723 19
13561092 542188 48
13561120 234848 56
13561132 612892 53
13561160 783658 24
13561171 343396 38
13561212 1042145 62
13561300 13561312 23
13561323 1461623 68
13561340 13561345 84
13561427 638552 44
13561495 119556 4
13561511 429253 10
13561524 355631 95
13561626 36178 42
13561661 312772 17
13561857 93763 43
13561878 75157 93
13561987 83928 79
13562118 67461 31
13562184 524081 75
13562193 65891 81
13562224 340763 31
13562330 330879 82
13562355 19586 63
13562445 93660 44
13562463 142164 46
4107906 17122 47
13562561 226591 22
13562630 53912 61
13562646 722019 24
13562707 100173 67
13562714 94379 59
7217225 907401 8
13562767 325865 36
13562834 109136 71
13562894 1735438 20
13562986 104318 20
13563028 280588 36
13563042 107816 54
13563230 127306 13
13563243 1489902 100
13563259 100865 9
13563267 330019 9
13563299 308367 79
13563371 1488841 76
13563388 109460 47
13563485 121112 25
13563576 207675 68
13563595 105965 5
13563606 478401 19
13563614 266066 57
13563626 98089 51
13563696 462428 85
13563742 70132 36
13563785 361082 51
13563811 235554 81
13563835 857575 78
13563858 228832 94
13563877 344035 29
13563913 146505 1
13563925 864661 26
13563937 218351 92
13563986 5574 23
13564048 94291 39
13564124 251545 81
13564156 247392 34
13564302 197711 32
13564614 54973 56
13564712 66148 32
13564801 852853 2
13560786 174013 61
13564835 21168 7
13564860 345263 48
13564872 687344 100
13564916 327726 14
13564939 164414 92
13564969 133581 82
13565020 613418 60
13565156 1406 11
13565183 160736 95
13565293 27993 22
13565364 239308 67
13565498 280820 16
13565547 566875 1
13565610 218532 23
13565669 593391 32
13565813 11831 26
13565822 37121 68
13565831 29823 92
13566253 341266 84
13566296 1312143 24
13566318 93767 50
13566634 1351936 79
4972742 1212176 85
13566644 110659 67
13566673 23911 96
13567034 243780 98
13567070 90390 28
13567402 83737 15
13567416 549879 93
13567432 207414 60
13567447 21100 69
13567775 101649 54
13567780 79784 65
13567937 116951 50
13568112 102808 21
13568204 26161 80
13568544 58259 11
13568609 226406 83
13568726 192154 87
13568753 612421 13
13568856 9723 20
13568912 345922 77
13568964 207959 37
13569042 2083881 21
13569326 56740 79
13570114 194015 52
13570133 37974 90
13570252 52724 98
13570324 95477 12
13570625 51909 86
13570751 553712 78
13570948 13570954 68
7771532 212530 92
13571067 319682 53
13571090 50516 9
5707747 158181 32
2925257 1627 71
13571454 243744 11
13571477 621179 72
13571665 2577245 36
13571951 662482 79
13572271 479262 58
13572329 95481 44
13572484 221648 16
13572507 36475 24
13572626 9726 94
2987382 49227 53
13573050 160956 75
13573127 36472 24
13573176 86472 36
13573243 344217 49
13573581 2202661 5
13573717 123885 4
13573759 325281 59
7217226 80044 49
13574222 329314 9
13574240 399350 51
13574625 230461 59
13574894 456341 4
13574913 895165 13
13574928 553440 41
13574939 243348 100
13574976 216411 6
13574995 99325 38
13575118 346816 15
13575619 100091 100
13575783 735322 98
13575823 51647 87
13576107 2150602 30
13576483 512529 21
13576669 34446 14
13576823 94747 14
13576853 50389 94
13577805 379696 17
13577975 622838 95
13578615 35462 17
13579128 344566 95
13579194 325610 66
13579276 687060 77
13579837 214916 9
13579866 202586 56
13579900 267226 27
13580279 1041575 75
13580466 698348 71
13580482 5464 15
5980285 228617 48
13580911 214950 76
13581066 59890 55
13581087 106507 39
13581568 930098 79
13581764 2814643 27
12176389 221880 48
12176404 493379 87
13581972 136004 86
13582290 584033 21
13582310 129759 29
13582388 246537 33
13582446 222998 14
13582626 97672 72
13582794 327305 73
13583135 54017 55
13583164 312671 3
13583233 855621 79
13583793 939562 80
13583858 627684 43
13583905 961614 62
13584148 42616 59
13584161 134253 62
13584278 37782 93
13584515 615141 97
13584599 612552 38
13584739 664125 73
13584748 2742982 10
13584783 633254 64
13584825 285621 85
13584908 311572 13
13584919 202407 26
13585196 144485 81
13586042 77739 84
13586208 13586216 4
13586363 32926 58
13586739 642477 90
13586841 67229 14
13586899 648351 53
13587485 3227594 29
13588065 341133 73
13588099 21574 13
13587393 754048 33
13588347 349070 68
13588365 2868436 69
13588503 119640 15
13588544 4016899 47
13588649 163654 87
13588715 2347854 16
13588735 323737 95
13588843 1130587 15
13588964 226967 15
13588978 760773 1
13589017 350157 87
13589183 3026696 66
13589275 96479 15
13589382 153107 24
13589405 865878 44
13589421 18194 84
13589433 87760 84
13589529 35922 54
13589573 77299 57
13590019 1198618 52
13591357 287828 19
13591387 48929 37
13591483 242203 59
13591552 2385851 33
13591574 729910 84
13591583 1929210 91
733378 51999 12
13591999 51775 57
13592055 9158 15
13592196 229973 85
13592239 731318 9
13592261 1502544 19
13592278 157718 45
13592300 797172 73
13592333 257150 4
13592361 1222223 29
11102767 225049 37
13592725 63835 49
13592750 19419 37
13592788 106456 73
13592844 891428 31
13593046 1473503 12
13593053 505652 92
13593333 186118 97
13593381 275945 42
13593526 52865 36
13593681 2428840 56
13593690 1982323 79
13593697 1980110 70
13593713 3418488 17
13594186 2599810 95
13594503 190301 51
13594563 33574 51
13594782 307464 36
13594791 430834 32
13594851 901983 27
13595279 218114 69
13595284 43032 56
13595358 218906 15
13595683 489201 9
13595715 385926 94
13595830 543282 38
13596044 344954 82
13596092 213365 4
1965253 612774 83
10553332 215089 5
13596208 42274 23
13596552 68622 85
13596805 316453 57
13596829 47796 70
13596837 442421 61
13596931 261141 5
13596987 512930 41
13597037 175687 68
10621262 249770 82
13597765 42883 10
13598464 392813 80
13598490 206621 50
13598704 99522 78
13598808 63433 8
13598902 1623 8
13598953 110131 69
13599017 225326 26
13599046 48890 9
13599120 358425 19
13599146 284244 80
13599320 139100 62
13599332 131310 81
13599399 19583 89
13599413 901117 94
13599646 2149486 71
13599868 54104 48
13599951 240311 24
13600224 512390 55
13600241 468636 9
13600301 48180 41
13600329 3382387 72
13600344 533356 32
13600353 53430 36
9508872 399094 15
13600951 214742 83
13600961 249624 88
13601044 42697 4
13601086 2643787 88
13601515 582016 32
13601592 201484 22
7217227 240514 81
13601803 2083851 87
13562836 672838 37
13602254 249692 42
13602474 51361 6
13603082 658964 8
13603152 104320 12
13603198 101550 25
13603282 53496 38
13603406 756479 85
10544081 93434 73
13603825 295621 52
4899945 91186 21
13604085 193217 87
13604098 417049 29
13604291 190650 81
13604465 144080 72
13604529 1201336 90
13604623 133702 69
13604784 276313 14
13604861 276737 97
13605415 333748 90
13605699 782857 77
13605933 552679 99
13605961 41919 46
13606292 198350 90
13606455 501645 37
13606469 3315056 10
13543768 201657 20
13606617 337267 19
13606633 620595 45
13606973 26781 52
13607974 221210 18
13608338 913811 6
13608343 1527353 73
13608367 280483 85
13608381 313069 54
13608685 143979 68
13609475 3244659 13
13609806 1525392 99
13609893 388788 13
8774477 135379 12
13610084 352059 23
13610136 1553026 48
13610227 624964 28
13610299 83055 91
13610430 416660 73
13610481 78211 4
13610492 929485 40
13610785 6517 89
13610859 492878 49
13610904 163645 15
13610950 347343 16
13610962 573788 8
13610973 168953 71
13611371 319014 63
13611391 108873 37
13611551 190416 11
13611560 858162 21
13611653 470029 100
13611699 170781 56
13611806 479745 90
13611831 2382657 12
13611933 537634 35
13612330 53776 94
13612371 124601 86
13612508 3682454 23
13612613 223258 25
13612739 344643 60
13612781 550880 47
13612814 109559 51
13612923 1926446 53
8090008 829422 40
13613034 215721 62
13613046 158120 88
13613063 407821 24
13613136 704831 63
13613403 53976 54
13613410 357763 66
13613570 236712 15
13613581 108524 22
13614921 3205 94
13615034 330373 47
13615153 1043624 76
13615165 111506 8
13615178 168952 44
13615247 134384 46
13615403 85577 74
13615700 93663 89
13537732 1982384 61
13615851 159430 6
13615947 140022 30
13615968 142102 47
13616106 325408 3
13616196 325611 86
13616206 3344323 33
13616279 1218958 30
13616457 108585 97
13616505 132182 46
13616651 621310 42
13616676 85355 55
13616695 2801846 33
13616714 52401 61
13616751 284728 47
13616761 199164 11
13616923 98038 46
13616989 163655 14
13617035 99329 32
13617066 349661 47
13617071 889128 32
13617100 1329933 78
13617203 243994 70
13617215 199288 44
13617275 21101 67
13617306 1067440 18
13617329 57229 50
13617341 270667 67
13617402 50642 100
13617647 230234 55
13617677 394805 70
13617729 136229 91
13617786 49352 53
13617867 276353 30
13617915 218350 92
13617930 46551 50
13617985 669493 44
13618007 142031 44
13618064 371900 91
13618262 177173 79
13618271 1138633 20
13618291 2428318 16
13618390 19418 8
13618433 2891435 71
13618444 159929 3
13618472 362202 85
13618750 681815 86
13618763 128627 9
13618797 175111 13
13618810 325279 8
13618842 170879 47
13618945 671051 22
13619109 393093 55
13619209 344610 34
13619234 163636 48
13619247 345113 57
13619260 155012 14
13619319 702189 76
13619446 760771 8
13619498 52044 72
13619591 2347856 43
13619758 382241 17
13619774 461975 31
13619793 6562387 60
13620193 395841 9
13620244 723668 17
13620275 197393 83
13620294 96049 93
13620387 336757 84
13620467 227136 50
13620480 870863 27
13620481 698085 41
13620868 503681 79
13621021 578895 28
13621037 344215 62
13621133 417362 12
13621152 575539 94
13621429 3566971 77
13621582 1102454 28
6953728 2810046 9
13621784 441136 46
13622040 340478 76
13622318 92262 22
13622811 154991 32
13623017 181104 26
13623037 585411 25
13623200 625934 20
13623234 336994 23
13623243 1408 56
13623360 169560 81
13623541 322839 37
13623567 161358 46
13623572 47455 57
13623772 1089237 46
13623901 965582 6
13623982 548895 90
13624013 332122 48
13624101 186267 39
13624296 2413369 69
13624343 532928 9
13624352 355881 17
13624363 220264 31
13624393 225446 68
13624470 334005 4
13625532 98441 3
13625862 2049920 19
13626481 186085 29
13626638 509303 4
13626864 2382877 54
13626905 131519 67
13627338 739595 9
13627943 506948 94
13627977 346531 30
13628737 506635 40
13628834 83049 77
13628853 83057 97
13629006 2124260 36
13629142 473386 5
13629460 613385 94
13629668 323468 71
13629855 13629863 86
13629955 659890 2
13629966 163368 64
13630286 361168 94
13630365 320383 83
13630533 109197 63
13630588 94513 69
13630604 98276 81
13630728 216027 72
13630797 2731 72
13630861 844296 14
13630876 104948 32
13630972 562297 66
13631032 578102 36
13631273 355110 34
13564528 200342 70
13631386 52557 27
13629670 501573 43
13629671 409740 12
13631719 132754 70
13631944 642954 61
13632055 338364 42
13632104 339406 67
13632121 10348 78
13632249 99118 69
13632407 146084 58
13632453 573858 72
13632672 342455 32
13632789 393647 83
13632956 29136 81
13632967 273224 92
13633092 760776 66
13633247 1129890 61
13633427 26674 70
13633670 189083 27
13633681 573814 8
13633766 52283 18
7217228 662349 83
8282430 1112611 52
13634159 144182 40
13634263 299424 21
13634437 188506 89
13634988 276393 6
13635388 542292 67
13560820 238233 88
13635486 274623 57
13635682 473816 40
13635705 753510 58
13635877 814008 11
13635885 44312 21
13635904 338643 23
13635931 407823 75
13635997 145801 11
13636025 267323 23
13636116 681869 64
13636205 1140185 31
13636447 241436 41
13636535 451865 46
13636568 53974 100
13636626 2003938 29
13636744 2428811 8
13636780 594738 16
13636839 327667 39
13636940 97406 100
13637065 329915 60
13637164 160656 52
13637176 164777 3
13637187 382242 3
13637298 10187469 58
13637348 157929 25
13637509 325650 14
13637554 739318 62
13543308 93766 89
13637788 196901 16
13637874 3359009 46
13638291 320674 47
13638398 350409 94
13638437 462448 4
13638526 178477 11
13638949 455832 31
13639228 1506959 71
13639533 160825 4
13639762 334392 80
13639807 681300 31
13639967 218795 31
13640022 346918 25
13539749 363241 6
13640082 107610 29
13640538 713788 17
13640682 316575 79
13558105 3747103 64
13640721 144572 67
13640831 657745 42
13640959 363240 66
13641017 753669 3
13641140 324238 36
13641175 293978 14
13641222 57569 100
13641234 307045 7
13641251 374496 82
13641284 328908 56
13641400 110236 36
13641408 41917 74
13641432 332345 25
13641446 200309 75
13641518 175540 34
13549348 235218 23
13641604 1129816 14
13641855 876751 24
13641954 329459 43
13641977 249951 57
13642022 3436043 32
13642044 344394 89
13642102 395220 39
13642227 42386 38
13642313 327306 34
13642361 253286 72
13642575 2066374 23
13642585 310405 93
13642658 502259 48
13642772 188490 46
13642856 754052 70
13642931 143932 88
13642984 99036 29
13643040 99640 75
13643375 446450 48
13643402 163641 64
13643421 165501 1
13643450 547990 77
13643459 204497 6
13643470 201295 77
13643497 339141 25
13643590 109522 97
13643653 584026 84
13540237 310492 79
13643845 367160 2
13643911 51424 30
13643949 261454 4
13643968 469703 28
13643979 36697 18
13644015 297153 91
13644152 238240 79
7217229 177280 51
13644279 893990 15
13546912 597988 55
13644327 1027367 66
9508873 225048 58
13644578 201181 61
4969875 56262 36
13644845 192081 96
13645021 142066 52
13645029 17880 86
13645119 474649 1
13645234 299643 68
13645406 344859 94
13645428 2789015 80
13645542 80182 62
13645552 326270 1
13645600 554417 11
13645746 339001 51
13645819 144133 49
13646248 49226 49
13646447 660149 19
13646725 52147 76
13646742 441933 94
13646895 943223 89
13647300 146506 2
13647589 471045 34
13647997 175235 27
13648074 413949 62
13587322 573778 1
13648721 1138688 34
4415184 539310 97
13648820 305870 11
13648850 788845 18
13648898 612899 4
13648908 362463 100
13648923 163620 83
13649087 327056 89
13649320 96336 26
13649531 625241 40
13649688 783163 89
13649744 351862 74
13649771 163618 86
13650927 203687 35
13651045 818653 35
13651543 332573 67
13651646 505712 56
13651694 94507 22
13651759 468523 38
13651986 443337 2
13652006 1159026 1
13652270 260369 54
13652347 3565003 6
13652371 276395 74
13652434 62883 57
13544640 639957 25
13653251 344676 91
13653278 1502524 15
13653493 186180 19
13653610 633997 90
13654241 705436 54
13654543 344515 73
13654597 126764 11
13654929 334912 72
13654963 319356 26
13655083 101824 57
13655091 534666 83
13655242 111082 32
13655523 108491 17
13655636 582426 89
13655729 435420 95
13655953 142180 45
13656254 199065 13
13656360 25366 52
13656386 238002 19
13656406 212969 19
13656570 723155 1
13656669 364995 43
13656719 130154 68
13656852 389771 94
13593167 21102 60
13657225 212156 68
13657249 220554 81
13657583 91342 62
13657631 613374 31
13657640 393696 6
13657794 594824 96
13657922 18455 70
13658700 657159 60
13658754 199803 49
13658774 50963 70
13658791 785223 88
13658821 864162 69
13572534 119697 9
13658867 200826 83
13658914 356974 19
13659011 330627 8
13659045 1277714 74
13659121 392221 82
13659174 38891 7
13659303 622595 81
13659308 907811 94
13659333 160826 43
13659460 122644 98
13659506 349911 32
13659655 2364253 70
13659895 333633 44
13570445 20836 78
13570446 435450 15
13660067 701926 71
13660105 240328 7
13660119 27884 6
13660125 401793 32
13660193 502267 67
13660209 231509 65
13660345 401353 7
13660376 1019628 69
13660416 763740 22
13660429 104530 87
13660445 443467 91
13660550 45299 67
13660905 769398 13
13661189 213789 91
13661298 381140 71
13661539 3176926 1
13661626 99900 35
13661641 376076 8
13661743 289288 94
13661930 632212 21
13662392 52774 29
13662482 328837 71
13662694 1815334 5
13663094 98318 90
13663129 499841 94
13663251 137091 30
13655463 204698 37
13664185 155956 50
13664409 102103 24
13664465 441527 4
13664470 872212 95
13664724 83929 88
13657541 740388 10
13664824 35308 7
13664899 100271 20
13665019 639225 47
13665044 174481 76
13665249 19732 95
13665405 963659 20
13665418 146381 31
13665560 249370 21
13665586 95894 77
13665586 276329 54
13665822 399384 53
13665940 365475 62
13666104 277189 77
13666476 340672 6
13666869 331027 4
13667000 621384 75
13667146 188375 79
13667289 646689 20
13667480 312630 72
13667480 2824652 40
13667512 342726 46
13667543 122484 28
13668250 389830 24
13668279 467715 63
13668591 163637 94
13668616 573868 38
13668713 577914 19
13668753 146871 40
13669138 768270 15
13669716 224514 68
13669773 396697 52
13669781 5251 99
13669946 79928 80
13669981 385473 48
13669996 406216 46
13670039 2052 24
13670081 455162 33
13670342 1572044 76
13670356 1200558 53
13670477 267807 84
13670721 2150656 24
13670797 95844 24
13670875 7578899 30
13670928 93116 40
13671080 322955 86
13671154 249912 85
13671221 467800 11
13671296 1078006 29
13671576 627521 60
13671757 104403 6
13671787 83051 75
13671837 123141 100
8764448 201315 89
13671946 1249230 12
13672082 65894 90
13672172 550312 36
13672224 445273 39
13672342 3803860 32
13672633 87215 32
13672780 782949 72
13672978 444509 43
13673055 90722 42
13673228 2150179 20
13673324 56784 43
13673420 388993 50
13602658 500046 55
13673596 159720 76
13673627 362166 69
13673741 13673748 47
13673880 867739 7
13674064 22871 12
13674113 580551 4
13674187 160827 83
13674537 229977 42
13674562 760757 81
13674600 261556 41
13675522 206730 65
13675656 458760 71
13675793 30022 7
13675933 97305 79
13675953 1138935 62
13676276 83066 73
13676298 499885 84
13676890 181521 72
13676914 336159 90
13677483 445641 17
13540649 91777 54
13581911 124797 44
13677676 3075485 17
13678428 2891499 71
13678443 249699 88
13678498 3335677 100
13678630 181815 8
13678866 77366 57
13678909 497290 8
13678940 952930 100
10782634 842555 100
13679441 163630 74
13668593 855628 66
13679569 163640 74
13679843 225965 58
13680894 334665 20
13680924 538876 42
13680947 841506 4
13655688 396611 60
13681502 613335 36
13681779 7121 7
13681961 235886 6
13681961 1114779 97
13682026 402991 81
13682356 506482 9
13682488 90600 94
13682648 52444 26
13682864 267484 21
13682899 97966 45
13683162 366695 3
13683220 542396 83
13683295 2149647 85
13683399 296411 13
13683741 37409 5
13683801 453248 81
13683808 83053 93
13683886 1038324 60
13684046 505114 100
13684279 217896 78
13684305 263195 26
13684528 131166 57
13684684 1017561 71
13684748 94748 56
13684771 98091 45
13672895 362660 68
13684888 755999 78
13685074 193147 9
13685448 2009108 41
13685486 226189 29
13685498 425607 44
13685596 240274 6
13564918 213723 94
13685619 2814586 15
13685650 364584 60
13686287 51905 33
13686357 582710 45
13686384 97604 21
13686429 2782550 27
13686480 95476 55
13686701 233040 32
13686766 239634 75
13621800 53977 99
13686971 31927 21
13604407 190662 100
13552893 2079957 54
13687173 101166 78
13687389 45959 80
13687449 178796 10
13687600 1597314 44
13687622 331023 22
13687669 795334 63
13687772 50087 94
13687843 133352 19
13688599 338367 60
9508874 383367 64
13688942 13002276 19
13689558 200062 32
13689581 342186 52
13689714 41133 36
13689881 507096 64
13690028 542064 52
13690065 189562 74
13690078 123298 43
13690139 1289197 55
13690168 1126613 49
13690189 1271915 91
13690234 362921 45
13690248 844371 10
13690401 98437 62
13690414 218066 98
13690456 164479 84
13690460 85430 47
13690591 335128 2
13690599 223920 72
13690645 116956 98
13690656 697571 46
13690662 53114 1
13690708 96046 28
13690729 342011 92
13690736 383707 39
13690776 23136 14
13690911 355576 70
13690934 100612 40
13690951 3594779 88
13690996 340921 87
13691014 293485 55
13691035 182166 50
13691076 328944 93
13691083 621692 53
13637662 1154446 19
13691112 80126 66
13691130 877767 87
13691137 61995 36
13691175 11937 51
13543660 142975 71
13691228 38327 56
13691439 817711 56
13691479 221303 97
13691721 627895 42
13691774 2149494 96
13691902 97967 20
13691915 243050 57
13691952 323633 85
13691984 1546384 14
13692040 217376 24
13692174 573977 56
13692234 341833 92
13692300 514243 21
13692355 172260 82
13692367 288721 91
13692428 10240896 97
7217230 571120 59
13692911 312584 22
13693181 207245 64
13693209 1407007 92
13693251 110313 39
13693258 138266 42
13693332 317228 85
13693383 430714 41
13693497 333384 54
13693506 41132 8
13693601 111618 6
13693730 5507953 73
13693737 247642 56
10046841 1552883 44
13619593 729184 39
13694364 61752 89
13694395 252046 96
13694567 98935 6
13694672 317342 57
13694810 95669 10
13694984 2814557 41
13695274 433117 62
13695546 310730 1
13695554 698588 37
13695680 86011 53
13695777 339672 38
13695855 873260 32
13695963 39645 62
13695976 882781 81
13696124 99466 77
13556077 456198 1
13696241 783237 8
13696318 476288 60
13696430 161412 76
13696430 672742 30
13696461 344794 43
13696504 760813 77
13696567 345401 85
13696598 64541 35
13696752 1073671 25
13696764 362114 41
13696886 5632782 72
13696903 418104 59
13696912 273294 24
13697040 43510 90
13697257 109361 95
13697330 63457 95
13697341 22247 13
13697415 711093 67
13655819 50847 12
13697673 361465 74
13697722 276383 38
13697733 3421680 87
13697750 2765 47
13697786 558978 19
13697933 111742 44
13698259 13698264 16
13698271 170776 24
13698286 622060 40
13547773 423693 17
13698390 461460 30
13698458 98090 97
13698470 2753833 6
13698636 291741 34
13698652 13698659 69
13698715 232010 44
13698829 49392 58
13698868 692751 96
13699072 186884 76
13699381 311640 90
13699525 271309 54
13699670 83071 48
13699713 104822 53
13699787 884143 67
13699803 749610 72
13699826 96047 94
5126782 1080980 75
13699925 1144698 4
13700023 613918 26
13700056 453068 61
13700143 332520 62
13700190 115808 20
13700326 505679 45
13700334 468524 45
13700344 35869 1
13597222 80045 18
13700508 207771 80
13700574 233544 1
13700584 462925 97
13700608 905411 6
13700619 1275221 28
13700699 98440 50
13700819 105379 64
13700880 13700885 29
13700889 241085 89
13597426 352730 3
13701024 93661 63
13701041 401242 89
13701412 101597 66
13701459 170198 22
13701580 175591 22
13701612 55816 73
13701691 2891289 68
13701989 901051 81
13702100 314780 8
13702337 352650 83
13702365 102297 17
13702458 83068 88
13702623 476784 69
13702674 200070 84
13702679 94965 80
13702716 50388 44
13702929 93765 99
13703111 91514 20
13703168 98039 24
13703322 443682 12
13703392 112012 61
13703462 170727 8
13703471 109243 67
13703579 761292 89
13703596 160909 63
13703643 238540 46
13703702 451847 23
13704013 92197 82
13704419 663912 98
13704507 217566 90
13704894 295495 100
13704952 92349 37
13704956 1023317 93
13705061 86851 2
13706702 498355 47
13706820 137994 18
13706906 92931 60
13707319 525922 80
13707335 156925 77
13707501 98511 47
13707570 163481 55
13707593 863430 82
13707674 112083 25
13707864 450943 84
13708016 487879 67
13708078 346564 46
13708083 275803 71
13708088 28079 72
13708183 24809 40
13708402 103865 82
13708425 344138 55
13708484 295676 54
13708506 1672505 39
7217231 227465 3
13708557 340835 72
13708651 192468 95
13708786 654165 65
13708809 621385 34
13709299 714483 22
13709306 10099 76
13709313 13193 42
13709413 13494057 21
13709624 8361 47
13709781 83427 44
13709858 283554 86
13709950 3676273 64
13709965 285563 85
13709970 147398 11
13709999 256230 72
13710121 28178 30
13710178 1138948 60
13710478 186724 37
13710568 99703 14
13710610 430519 19
13710685 276416 78
13570912 1273853 24
13710768 25666 18
13710838 98798 30
13710921 25134 44
13710936 933718 26
13710976 6683 38
13711050 9157 60
13711078 28807 89
13711119 275621 58
13711131 221881 81
13711175 193974 42
13711188 13711199 42
13711614 12558 29
13711676 11038 12
13711696 13925 63
13711818 7256 34
7217232 23910 68
13550524 11209 98
13712246 92465 25
13712302 126782 3
13712361 148971 92
13712375 578050 76
13712476 298106 25
13712780 8207 34
13712821 20945 65
13712943 1151650 59
13712967 430925 3
13712974 323169 36
13713081 135510 19
13645924 1274183 86
13713471 295254 59
13713779 268222 99
13713870 86786 71
13714123 200829 33
13714200 95716 83
13714208 216388 93
13537894 660081 89
13714237 232560 36
13714312 36136 31
13714481 520697 51
13588717 2347855 67
13714498 92584 78
13714567 1653267 91
13715277 310162 47
13715315 155436 27
13543695 13543712 90
13715403 157274 32
13715427 107099 17
13715587 2149769 100
13715609 3394711 84
13715636 64154 56
13715751 22602 39
13715758 515801 18
13715814 52722 48
13715870 48931 50
13715936 62354 5
13715974 45423 30
13716053 2709568 72
13716083 841531 68
13561880 151534 46
13716361 5458 33
13716494 5543 39
13716506 13716512 40
13636877 3677780 75
13716715 502261 78
13717414 55684 48
13717434 753509 79
13717602 7712 83
13717665 677828 87
13717780 240322 6
13717953 99244 94
13718046 2362874 25
13718516 579809 6
13718648 118192 96
13718655 66613 35
13718771 554680 33
13719305 392222 9
13719335 223608 40
13719453 189077 4
13719488 10697503 64
13719724 474936 74
13719809 339004 91
13720120 478151 54
13720125 328586 60
13720134 63824 92
7217233 1998784 56
13543632 1050675 69
13537625 57340 71
13720863 190572 41
13721036 452375 98
13721107 53644 27
13721279 213584 16
13721296 52773 2
13721611 328730 27
3663755 651802 80
13722188 461308 11
13722366 118064 25
13722382 151366 18
13722622 9792090 48
10568344 485071 88
13722889 104321 44
13722997 102228 73
13723048 783503 38
13723105 276008 82
13723119 501351 70
13723552 145106 37
13723783 117095 54
13723832 43893 42
13686359 485057 16
13724058 716000 83
13724370 388414 100
13724444 424319 7
13724452 53049 88
13724593 98719 38
13724807 1076023 42
13724866 232110 22
13724973 841098 6
13724987 117898 67
13725022 290456 89
13725072 1219045 65
13725219 905409 67
13725247 277547 7
13538643 13538655 68
13725636 293450 47
13725758 332422 73
13725778 13725788 77
13725980 79062 75
13726187 1286935 62
13726198 193419 82
13726230 70843 52
13726297 52286 2
13726327 177083 10
13538383 120908 48
13726805 1115075 72
13726846 220615 95
13727096 50958 90
13727279 234130 34
13727408 93237 93
13727520 65479 9
7217234 760814 41
13727629 731283 21
13727650 274642 81
11102774 507776 4
13727993 91341 6
13728031 344924 14
13728112 938829 12
13728209 511955 62
13728298 2150285 41
13728976 216076 51
13728987 342009 10
13729008 307732 83
13729029 135609 31
13612783 310879 70
13729063 98378 67
13729081 331026 51
13729170 195507 63
13729635 1253790 45
13729776 142976 43
13544626 226736 4
13729799 37581 91
13729880 715890 85
13729888 321551 58
13729927 652381 4
13729958 52331 51
13730315 634370 74
13730333 938895 64
13730760 939247 46
13565222 90159 3
13731059 8614 47
13584786 640304 80
13636978 111874 64
13731658 214201 65
13731850 52187 70
13731917 56166 52
13732158 96040 63
13732238 402706 19
13732278 23549 100
13732346 43573 8
13732353 164896 100
13732403 2638980 91
13732495 98443 33
13732505 436243 37
13732795 1385639 85
13732835 514420 24
13732849 705385 13
13733029 307997 71
13733068 95193 38
13733160 91906 99
13733188 121957 35
13733210 213276 33
13733218 3179102 52
13733483 94515 93
13733513 642955 58
13733533 259950 79
13733539 376286 72
13733556 610285 16
13733582 316068 87
13733735 52402 69
13733841 218719 88
13733981 35775 16
13734560 882825 95
13734640 678357 79
13735014 440443 93
13735582 142312 95
13735624 613962 43
13578272 895997 26
13736104 827518 72
13736146 3565090 19
13736280 946190 76
13578694 385817 100
13620609 428907 89
13737172 395955 21
13737580 328783 24
13737792 117507 66
13737974 534086 32
13738150 86014 28
13738199 255737 79
13738205 398155 61
13738272 1643208 36
13738742 97536 33
13739045 485086 26
3663756 858785 13
13739867 840959 4
13739952 174582 23
13553500 35777 82
13740084 207693 77
13740199 399613 99
13740315 363286 20
13740353 222332 3
13740674 189526 93
13741015 577422 37
13741038 190414 58
13741172 759166 24
13741203 332711 49
13741241 76725 98
13741251 95588 26
13741271 325410 30
13741286 218796 88
13741291 389369 17
13741342 252341 92
13741419 145765 60
13741517 76774 41
13741697 5465 26
13742498 803747 81
13742740 256851 41
10612970 58042 89
13743130 353351 99
13743173 500884 64
13581692 31361 45
13743577 809104 42
13569763 318425 41
13620490 490229 58
13744578 580476 8
13676892 102720 9
13744758 95295 74
13744791 53914 9
13746099 234241 78
13746142 31171 49
13746842 678801 1
13747045 30905 49
13747245 52045 90
13747334 365527 43
13542004 321609 88
13747658 35963 85
13748117 110095 65
13748332 86012 23
13748460 3228130 93
13748499 489772 10
13748524 487977 68
13748529 352695 72
13748557 782839 18
13748635 237700 71
13748659 189492 21
13748675 824028 64
13748679 97743 34
13748683 673062 63
13748755 136773 79
13748766 878565 53
13748788 874198 26
13748864 99841 27
13748876 306065 5
13748966 43689 64
13748982 226497 30
13748993 338437 87
13749002 289880 39
13749027 881164 34
13749032 384486 46
13749046 323373 4
13749057 529455 83
13749061 109872 33
13749088 275721 22
13749131 841992 57
13749152 29727 30
13749184 701273 84
13749207 193339 92
10038870 699507 67
13749270 112766 19
13749275 99038 27
13589384 199963 12
13749318 376169 76
13749333 163643 49
13749354 344516 23
13749372 7446 98
13749390 879260 25
13749399 34561 81
13562430 93544 73
13749828 503778 86
13749889 280409 3
13749916 46275 34
13750065 221258 14
13750496 224513 85
13750601 534193 63
13750651 91380 96
13750746 108582 93
13750869 248635 58
13750877 218293 25
13750946 55339 42
13751028 574098 61
13751146 131815 54
13751384 2428957 59
13751421 275751 92
13751511 110235 8
13539184 842019 6
13751720 771031 1
13751735 102229 1
13751897 219932 56
13751944 922188 81
13751953 95249 99
13751995 496127 77
13752009 780144 9
13752020 126765 95
13752038 2891942 91
13752124 112010 8
13752139 58407 17
13752927 56927 7
13752974 290980 92
13752983 37454 100
13753180 178964 90
13753193 367521 68
13753414 61986 46
13753492 614017 62
13753556 753506 40
13753706 198923 2
13753734 526204 49
13753776 489041 9
13753785 36007 94
13753812 3354790 23
13753930 542715 66
13754007 470294 55
13754392 219934 35
13754433 392706 71
13754447 276691 9
13540655 310478 66
13754534 100775 49
13593037 78186 93
13754728 701563 10
13754775 2861 89
13755008 674552 81
13755034 85292 36
13551780 204598 85
13755126 1938188 25
13755227 3365067 59
13755324 358948 9
13755396 649394 73
13755512 622554 15
13755540 179103 40
13755571 145053 63
13755628 643362 41
13755646 198426 61
13755654 503442 90
13755731 235332 55
13755768 336759 40
13756049 331073 20
13756068 109598 34
13756409 178829 42
13756426 189568 78
13756471 131449 9
13756500 342138 46
13756918 353529 53
13758097 5795 11
13758196 399701 88
13758233 1182548 49
13758287 678133 97
13758659 105527 83
13758668 110989 10
13758679 213506 23
13758704 2383256 17
4291706 949434 14
13758848 502260 67
13758877 98797 48
13758996 602274 14
13759004 38139 74
13549353 711079 7
13759121 144009 11
13759209 200069 54
13759224 815777 87
13759825 364152 69
13759879 745065 69
13759879 102350 79
13759894 101072 32
13759913 2124157 81
13760212 396746 51
13760286 2051 58
13587606 13587618 3
13760391 207621 48
13628684 301077 24
13760547 213788 100
13760729 1243909 14
13760780 13760786 92
13760886 827716 84
13760940 479285 23
13761301 468936 73
13761418 753936 7
13761479 339967 67
13761673 98663 53
13761720 571374 67
13761844 361513 72
13761985 321767 62
13762005 52837 50
13762361 3642782 95
13762632 390788 29
13762724 345650 41
13762831 548760 74
13762861 13762869 18
13763043 831730 51
13763105 376075 31
13763123 3238787 27
13763264 378822 27
13763399 92825 58
13763465 216891 62
13763525 323504 42
13544339 610262 64
13763811 332391 16
13764025 201444 71
13764057 36765 99
13764074 228367 86
13764107 638481 43
13764123 100092 97
13558887 146758 42
13764312 399695 42
13764452 38187 96
13764493 698589 84
13764687 452491 77
13764873 760762 87
13764991 195505 33
13765044 225805 69
13765274 207391 6
13765283 307798 53
13765292 353551 24
13765379 417720 35
13765387 754072 58
13765398 461842 12
13765405 1178769 97
13765412 3467404 15
13765423 336416 64
13765430 479504 64
13765437 469802 55
13765444 157234 94
13765451 196809 52
13765458 1325164 71
13765465 373057 90
13765471 2511501 21
13765482 163443 77
13765500 1350269 41
13765514 591916 79
13765525 486824 97
13765532 94688 47
13765537 196808 54
13765554 417708 40
13765568 2892721 53
13765575 353762 89
13765588 996156 54
13765603 505748 78
13765661 164090 25
13618799 96709 25
13765711 846159 28
13765822 62321 27
13765832 844324 74
13765872 332572 95
13765927 139146 49
13765937 783193 99
13765943 109097 80
13765949 321368 17
13765955 1973160 9
13765962 1080979 71
13765975 285537 83
13765982 397290 85
13765999 469734 43
13766097 355534 50
13766117 598824 83
7217238 44788 66
13766202 2891308 75
13766215 93662 7
13766399 500717 70
13766407 776658 49
13766415 21879 56
13766651 22485 21
13766683 1138808 89
13766784 581863 91
13766794 832596 80
13766911 226588 7
13767020 153438 32
13767028 936067 55
13767042 94448 93
13767347 493364 95
13767357 473441 44
13767411 208721 97
13767454 336721 88
13610806 363584 94
13767544 109651 8
13767709 397389 82
13767853 218241 53
13764109 229904 26
13767944 635078 13
13767969 109822 14
13767993 205643 35
13768035 479401 33
13768123 485199 100
13768259 100359 95
13768424 164118 35
13768939 440314 12
13769173 376226 58
13769173 1535066 20
13769277 310514 12
13769447 627857 33
13769524 541679 28
13769647 346293 56
13769917 385818 59
13770183 1010191 99
13770539 363943 18
13683503 80183 86
13770695 2052377 5
13770756 626251 52
13614222 13614232 31
13771057 45791 2
13771069 47746 98
13771131 419413 23
13771187 1654956 84
13560952 48887 54
13541101 399720 81
13771707 513057 39
13771747 526486 85
13772040 38601 39
13772177 148069 4
13721693 35361 45
13555306 109597 95
13772899 624440 69
13772977 629990 35
13773146 430299 62
13773499 1143615 99
13773638 828912 49
13773656 295918 97
13773767 2015781 71
13774333 367549 71
13774538 485952 31
13774629 397071 72
13774744 222331 86
13581975 462591 20
13774849 65893 26
13774910 1115036 36
13775018 1010384 97
13775157 386002 66
13775170 215090 83
13775205 613873 79
13775464 24810 99
13775673 509331 3
13775960 873005 22
13775976 362960 14
13776257 676188 13
13538877 488862 71
13776551 161118 95
13777131 105328 45
13777139 691498 81
13777307 31829 72
13777415 316790 8
13777660 345202 75
13777678 100354 37
13778009 38791 92
13778050 697261 29
13778062 2083907 65
13778380 137740 89
13778484 218794 4
13778520 832043 20
13778762 595190 55
13778915 473439 41
13778992 94691 16
13779397 220815 24
13779408 2413104 93
13779423 686492 43
13779430 151493 78
13779785 243663 27
13779798 105378 44
13779810 243827 89
13779872 26476 94
13780144 2891461 10
13780517 681797 33
13780529 144517 38
13780591 1001333 74
13781097 342241 60
13781404 341221 100
13781594 629850 14
13781681 339195 23
13586741 15542 45
13719895 210927 93
13781875 1217156 97
13782013 12104 34
13782086 14804 17
13782115 464702 93
13782189 299764 33
13782246 123271 36
13782364 448276 77
13559592 109956 61
13782531 95424 11
13782542 456170 76
13755326 322431 89
13782604 496885 15
13782624 2000351 98
13782709 343902 11
13782728 1569378 42
13782760 612428 62
13782843 3075543 16
13782906 109828 46
13782937 1666545 79
13783017 308898 41
13783025 24916 5
13783111 27187 96
13783150 138390 90
13783294 109421 90
13691676 2150255 84
13783747 797617 8
13783909 29920 34
13784034 51777 24
13784484 5087 82
13784760 340671 29
13785344 51593 14
13785514 399805 92
13785578 123142 38
13785608 496687 49
13785775 25250 37
13785868 3227915 23
13785876 13194 40
13785890 353125 97
13785971 92625 57
13786181 45018 45
13786340 31716 85
13786365 13332 19
13786407 9026 43
13540271 66614 67
13786735 13588 28
13786748 296280 48
13787007 278626 56
13787038 343905 77
13787070 1001638 84
13787279 661681 37
13695117 16018 5
13787362 500310 21
13787469 11210 31
13787507 12866 24
13787604 783109 80
13787627 4613358 54
13629589 308599 60
13788930 25768 92
13570915 365385 54
13789983 350445 62
13790000 31259 15
13790154 1300097 76
13790167 31362 80
13790293 241627 98
13790350 793623 29
13790373 395771 94
13790378 867669 84
13790389 219699 20
13790413 105528 12
13790485 333205 1
13641521 695071 46
13790520 419326 48
13790525 364373 67
13790547 218800 45
13790555 218798 97
13790592 224341 8
13790600 348443 34
13790606 224734 33
13790626 181478 86
13790644 332064 10
13790688 384484 89
13791016 51776 86
13791048 30717 60
13791063 2892000 62
13791117 566279 34
13791143 30991 68
13791210 31172 36
13791225 346298 1
13791037 13086 8
13791266 341740 27
13791311 6832 46
13791379 606519 48
13791470 329134 77
13791581 438817 14
13791605 314617 28
13791613 291739 6
13791695 33227 22
13791700 323527 8
13791711 100051 40
13791908 9290 74
13792297 343904 42
13792549 33674 46
13792602 509559 11
13643196 24304 44
13792771 12656 84
13792833 5655 26
13792992 7952 38
13793108 189500 71
13793118 97744 3
13793242 288090 88
13793270 115046 34
13793606 859466 4
13793613 219988 23
13793651 200830 85
13793696 316439 42
13793883 325411 54
13794523 132109 97
13795224 814807 90
13594059 8078 55
13795615 336190 48
13795629 24515 12
13796001 8208 74
13796027 10100 21
13796248 609362 48
13796896 12454 86
13796918 532184 78
13797132 1306087 92
13797170 397229 18
13797175 353426 11
13797314 238360 20
13797332 101898 85
13797368 200828 51
13797427 196389 19
13797508 902354 95
13797594 201934 12
13797660 363242 17
13798128 1057430 30
13798134 842121 77
13798267 324931 78
13798280 162645 8
13798416 1063539 78
13798436 392342 83
13798481 40362 50
13798654 1305231 3
13798753 112245 64
13798784 181623 19
13798914 280089 38
13799258 1041811 61
13799279 322356 9
13799428 114870 44
13799460 219984 88
13799648 219933 85
13800003 341484 45
13800166 627231 68
13800178 218240 58
13800221 189037 58
13800269 363127 89
13535970 764555 50
13800741 572787 81
13801052 342946 67
13801099 431325 56
13801143 387542 44
13801860 922189 67
13802049 147111 76
13802141 190417 88
13802391 318471 55
13802498 363881 30
13802841 325283 98
13802880 101439 91
13803202 511270 4
13803285 102104 93
13803363 607424 30
13803420 881533 50
13803662 363670 44
13803696 600966 11
13803805 634160 67
13803828 659932 66
13803964 332058 45
13804109 1696406 79
13804285 395465 97
13804367 213169 29
13804623 200832 86
4998623 774010 32
13539335 1100695 17
13806090 514974 38
13806138 636958 24
13806145 95991 14
13807257 94928 67
13807745 10546 4
13807861 10924 98
13807989 1256735 8
13808025 493381 14
13808100 94804 39
13808273 10678 51
13543611 349774 1
13808508 49351 83
13808613 7261 46
13808845 342528 83
13808872 764554 18
13809159 340765 84
13809785 328835 53
13810453 493380 67
13811535 14556 9
13811553 297208 38
13811915 432469 9
13587328 822644 49
13812043 200486 77
13812118 444963 47
13812569 108841 95
13812683 452906 22
13812702 297123 25
13812811 1007114 84
13812840 550698 17
13813275 97808 33
13813291 26882 74
13813492 41709 17
13813501 562146 18
13813643 26269 78
13813735 198524 70
13813840 359419 90
13813942 172030 65
13813967 218294 49
13814036 358957 4
13814132 445151 70
13814245 1029416 8
13814558 432932 94
13814575 339922 80
13814746 51778 43
13815065 696761 55
13697707 222179 13
13815360 470949 64
13815509 420075 41
13815533 622095 40
13817792 752434 97
13817918 180530 75
13562281 23656 81
13819411 527171 8
13819492 36069 82
13819629 582465 49
13819643 320186 38
13724869 29254 20
13820002 339736 53
13820283 1296490 44
13820336 291513 76
13820543 485052 50
13820551 100358 91
13820558 90931 91
13594992 331074 96
13820655 103447 54
13820677 591105 92
13820722 97571 89
13820778 156267 15
13820806 94297 59
13820813 179011 65
13821275 678489 2
13821321 278790 49
13712946 87261 58
13821400 623551 36
13821694 514838 50
13821703 26981 96
13822047 48773 57
13822062 142166 46
13822067 570373 59
13822102 99251 16
13822296 566228 94
13569559 14677 59
13822470 575449 6
13822530 224008 7
13823110 208220 89
13823354 342402 60
13823562 39056 17
13823593 566751 48
13823765 122869 40
13823865 891429 22
13824104 511637 31
13824783 257077 61
13825084 394901 3
13825178 101489 35
13826614 135881 16
13826787 29036 40
13827656 766709 71
13827682 905273 51
13827847 188320 60
13830270 331769 20
13830301 570370 44
13830307 396211 57
13830316 275436 73
13690081 35778 50
13830529 520820 71
13830535 57930 93
13830628 339992 66
13830818 43593 100
13831101 998841 68
13831142 479292 36
13831171 51650 6
13831269 1055056 55
13831285 317464 55
13831300 785989 12
13831321 96104 53
13831391 151052 36
13831396 875080 85
13831401 84946 69
13831451 393648 65
13831469 562511 92
13831489 659848 79
13831502 289224 99
13831537 174712 62
13831641 225851 58
13831764 96397 16
13831944 683020 95
13832011 149278 71
298331 200825 61
13832073 398095 56
13832209 624560 83
13832279 796912 88
13832358 1487121 41
13832375 93598 26
13832433 668045 56
13832475 506676 70
13832506 783429 93
13832821 365700 55
13832903 332420 89
13833017 236015 72
13833309 19423 17
13833314 215408 54
13833501 483228 49
13833708 134867 62
13834352 50390 93
13834399 91965 7
13834522 51238 72
13834527 310315 96
13834618 911729 55
13834856 393192 92
13835061 384163 56
13837140 865698 31
13837183 41920 17
13837348 419472 95
13837452 106762 25
13837465 522951 13
13837578 322057 31
13837586 163681 3
13838075 655233 6
13838183 867299 44
13838401 105329 41
13838516 94690 24
13838733 658919 50
13838827 83794 32
13840717 433184 60
13840737 48775 13
13840795 329410 12
13841127 339475 47
13841134 464928 82
13841157 217839 30
13663205 257942 57
13841643 367176 99
13841651 200827 90
13842170 230008 100
13842351 320314 92
13842467 1088397 27
13842621 888454 90
13842704 52191 42
13842733 339827 15
13842808 80273 88
13843280 333751 99
13843585 98988 92
13843595 178258 49
13843608 96932 74
13843998 646530 54
13844114 543844 5
13844151 627688 98
13844187 353313 92
13844555 660180 2
13844667 412238 87
13844949 668046 19
13844961 11989875 76
13845198 96931 62
13605815 405085 66
13846646 102967 12
13846962 581812 24
13847190 98315 16
13847260 333689 13
13847590 108526 25
13848672 313042 58
13848720 329359 24
13848738 354565 82
13848752 104609 60
13848867 332521 29
13849249 889947 48
13849279 276659 65
13849392 178359 25
13849533 332287 71
13849565 218486 58
13849597 327865 4
13849758 396561 25
13850170 376498 28
13850221 162694 76
13850550 410104 32
13850703 224837 69
13851856 12655 99
13851937 67053 89
13852020 537814 58
13852042 178616 99
13852483 709454 100
13852670 321641 47
13854582 137888 93
13855422 291632 70
13855646 194632 98
13855716 176955 72
13855752 709455 62
13858152 521136 16
13859872 464941 88
13860627 347120 52
13860697 1401517 98
13863419 1040876 49
13863430 1488457 50
13863454 298188 32
13865094 1076384 43
13865099 172846 63
13865220 393502 48
13865261 303222 30
13865305 110318 76
13865450 862480 65
13865521 929454 13
13865693 607515 31
13866013 300385 12
13866059 345681 56
13866066 328877 80
13869139 58120 65
13872983 100870 62
13977570 400744 89
22323620 345071 31
22323622 579095 13
22323625 672299 87
22323627 365153 3
22323629 355723 74
