105987 339026 78
583711 1303275 27
603031 898492 58
5490241 2513364 85
5490241 2033233 15
341642 931815 31
934867 1761204 17
1959846 2730773 80
537711 1257027 86
1789799 2605966 61
3668685 670883 62
348533 935737 34
1946861 2720472 83
947116 1348267 53
583787 1306689 6
6368761 3748155 76
3461842 3834766 65
4780314 4780766 56
1790338 2607706 81
3597623 3924822 71
8178098 8178128 10
8518268 2222310 73
3769037 1734892 55
3009154 220004 13
928436 1738050 12
4298061 4380654 82
11158964 2291843 79
11235969 1292034 39
1582752 2441330 78
13330046 13330054 16
2578485 3217790 49
14396780 3020646 41
14441132 11189308 38
14463375 14463377 54
14824149 6250630 60
6454 58212 46
15147997 1208717 24
15904088 1317599 25
3466759 3840226 100
15919560 5611853 72
15920574 3231786 74
15927022 5501281 21
15927201 704107 67
15927412 2304839 11
15928703 10223584 7
15928738 15928743 49
15932138 15932141 79
15932722 11737396 47
15933805 1310839 12
15941130 515277 21
15946483 2540079 48
15947352 15947355 76
15953170 10328084 6
15955002 2290916 50
15957179 5808150 67
15965050 15965055 100
15966077 12080783 75
15967493 15967497 55
15967989 3060470 19
15968243 2452315 8
15968556 9124727 86
15969948 1084618 68
15976001 2502608 42
15976602 1166473 71
15977252 3877369 95
15977315 9772412 95
15977329 3034279 70
15977516 3326587 91
15977519 9412346 67
15977536 7215839 12
15977539 1939333 7
15977543 12213834 39
15977546 4069861 36
15977549 11157385 50
15977552 7343832 57
15977556 15977558 46
15977562 1184480 17
15904759 1581018 84
15977565 1973848 51
15977568 4344334 91
15977571 759113 45
15977574 4209885 20
15977577 6734753 80
15977899 12072534 5
31930081 6787940 38
31930227 26024560 40
31930690 10382412 8
31930821 20520802 83
31932685 1310262 49
31933000 4723109 59
31933015 2485403 72
31933516 2559120 88
31934002 218494 73
31934210 9635689 36
31934212 31934214 70
31934751 1282329 59
31935052 3638350 70
31935186 27854755 53
31935845 6024967 12
31935960 5867014 46
31936105 5150422 75
31936234 1691028 8
31937092 5195293 67
31937133 1634073 73
1946889 2720698 87
32946736 5545159 96
836523 1647250 52
33559034 1962015 69
33559497 4257226 63
33559531 11146968 51
33564042 1937792 21
33576804 33576806 60
33576884 326513 19
33577617 17036310 79
33578647 685573 87
33646926 26069700 5
33743096 5476616 59
33743098 3256419 5
33743100 8105013 50
33743102 6305182 97
33743104 5102463 92
33743106 3453761 17
33743108 1190141 54
33743111 394997 12
33743113 270275 61
33743115 6460712 29
33743117 367415 9
33743120 2278833 72
33743122 2636890 93
33743124 338319 63
33743126 63410 52
33743132 2725871 17
33743134 2217782 32
33743136 17640060 59
33743140 3955033 99
33743142 5112472 24
33743144 8164963 48
33743146 4516934 40
33743148 19448842 58
33743150 4304375 21
33743152 815439 20
33743154 4301913 100
33743156 2365960 72
33743159 20807441 66
33743161 907688 52
33743163 907851 43
33743166 1078049 37
33743168 7599290 43
33743170 5697514 65
33743175 5338622 9
33743177 8535412 28
33743179 5749762 2
33743181 4278358 8
33743184 3919400 48
33743187 7399945 81
33743189 1798492 15
33743191 6355372 82
33743193 9538154 66
33743195 9220704 61
33743200 1000362 82
33743202 3386278 97
33743205 5464349 81
33743207 326576 6
33743209 7323739 31
33743211 2075499 46
33743213 951141 47
33743215 52474 22
33743218 1007079 21
33743220 94696 55
33743222 8081190 15
33743224 7034535 72
33743226 2063685 48
33743228 1800771 36
33743230 2297034 9
33743232 26452566 69
33743235 28876251 99
33743237 1406570 66
33743239 7038105 52
33743241 3187620 89
33743243 5487388 74
33743245 4511492 75
33743247 3223024 49
33743249 3654270 44
33743253 7471922 77
33743255 5242726 58
33743256 301476 96
33743257 915214 11
33743260 9595411 33
33743262 6212549 31
33743264 5969807 28
33743266 867306 36
33743268 9311355 16
33743270 15337344 12
33743272 7957009 80
33743274 7262438 68
33743276 26817044 89
33743278 3030469 55
33743280 5976324 87
33743282 6866730 11
33743284 2174958 37
33743286 8119596 80
33743288 10188498 40
33743289 1286171 92
33743291 7147585 81
33743293 904535 85
33743296 25631061 38
33743298 942091 1
33743300 11191376 4
33743302 3598848 14
33743304 1089540 52
33743306 7687880 27
33743308 8298643 93
33743310 10115971 32
33743312 18039875 22
33743314 26415508 72
33743316 7587751 67
33743318 9604815 10
33743320 3902713 89
33743322 6130774 65
33743324 9761828 93
33743326 6210275 70
33743329 3136481 2
33743331 12354402 76
33743333 8581509 23
33743335 18547040 8
33743337 18684874 99
33743339 33743341 15
33743342 33743344 9
33743345 33743347 72
33803318 1972566 73
33803324 5830928 23
346633 934822 72
33806885 3333644 80
33810755 5349404 76
33810823 1549488 95
33810825 4018535 2
33810827 128868 17
33810829 3193410 54
33810831 7547710 50
33810833 2289646 25
33810835 10113414 86
33810837 9919005 75
33810839 8238237 27
33810841 7915513 29
33810843 1534973 3
33832292 3288959 63
33842397 1533537 57
33842667 10107868 26
33842846 23795837 58
33843461 3948353 72
33844339 6875243 25
33845477 1051236 75
33845485 5152444 40
33845549 3851002 51
33845738 9964480 53
33845813 3927227 26
33845855 5479532 21
33846457 3500178 8
33846459 901909 37
33846461 3114548 18
33846463 3549207 22
33846465 5617840 5
33846467 2917303 54
33846469 2273209 65
33846471 2163904 11
33846473 11113600 12
33846475 498762 33
33846477 3885837 79
33846479 2795801 97
33846481 5928261 66
33846483 4804763 80
33846485 3201715 45
33846487 4614282 29
33846489 6040599 94
33846492 9060389 86
33846494 9829526 20
33846496 5077074 90
33846498 4483279 15
33846500 6733798 94
33846502 5672814 57
33846504 7191244 52
33846506 7783861 65
33846508 879245 36
33846510 1186482 58
33846512 85951 81
33846514 1523763 71
33846516 3083617 42
33846518 7118946 90
33846524 16590657 1
33846526 2630645 46
33846528 6595490 26
33846531 2085907 6
33846533 2220165 86
33846535 4388391 69
33846537 2611905 23
33846540 3211600 88
33846543 195340 80
33846545 3089404 95
33846547 7208863 84
33846549 885931 88
33846551 8601691 30
33846553 8693614 61
33846555 3098953 82
33846557 3478318 27
33846559 9179030 13
33846561 5490153 26
33846563 2512764 42
33846565 315290 66
33846567 391139 52
33846569 2955546 66
33846571 2743559 82
33846573 6431011 11
33846575 7425114 39
33846577 11154229 76
33846583 11206003 89
33846586 1596793 9
33846588 2725472 55
33846590 33846592 37
33846594 18482100 2
33846596 7222905 35
33847595 2740776 10
33847943 11128014 94
33855414 2381322 11
33855416 1681725 15
33859177 5587710 95
33869934 1647300 6
33937424 5282824 49
33953845 3505505 84
33953847 4148847 99
33953849 1640642 36
33953851 15251401 98
33953853 6857330 72
33953856 1249068 69
33953858 4795885 65
33953862 2651643 76
6010842 1800744 52
33955134 33955135 83
33990185 6584664 10
35064115 6963199 42
35070081 6384743 34
1591774 2448642 42
35411313 2484465 34
37060590 37060592 51
37060593 37060595 92
37060596 21611866 73
37087645 3931627 83
37087818 5710728 7
37087820 1458002 3
37087822 2972351 72
37087824 2736350 44
37087826 4109299 60
37088263 3056424 30
37091214 2500037 70
37091239 2740797 40
37092483 1224936 31
37092524 6508193 10
37092528 37092531 37
37092579 28988708 100
37092759 6430134 28
37092777 5509332 21
37092787 2821058 46
37092789 2561507 85
37092830 15307487 14
37092903 4516879 74
37092905 932130 2
37092915 5802522 29
37092990 9765926 31
37092992 1798374 33
37092996 946974 86
37093001 9430566 10
37093200 1722008 62
37093247 1894120 92
37093257 19171071 52
37093257 37093261 14
37093262 37093264 31
37093396 11582477 52
37093408 4255660 18
37093692 685680 50
37093703 25993051 81
37093726 12697693 89
37093728 5753175 86
37093774 6319049 13
37093787 1146105 97
37093849 4585228 69
37094495 3667446 71
37094497 13080223 18
37094536 6799720 40
37094538 3862492 62
37095054 37095056 33
37095057 37095059 8
37100912 37100914 20
37101615 673457 75
37104954 11203364 11
37104980 10013063 56
37105057 3064890 59
37105313 3701636 20
37105506 3771124 31
37105990 4047514 1
37105992 390293 4
37108834 2401284 47
37108879 37108881 28
37109366 8190165 15
37109368 6034753 96
37109403 14356373 44
37109605 4630753 5
37109607 2219787 85
37109609 5706513 28
37110601 9552197 94
37110701 8343313 45
37114169 8137811 86
37114330 1731438 87
37114513 5322656 7
37114515 4599784 84
37114552 9230506 87
37114627 717997 12
37114629 7263978 55
37115029 3951826 92
37116540 2524158 24
37116542 10752019 48
37116544 10436459 2
37116546 1411628 28
37116548 37116550 50
37116551 11222885 83
37118676 2595056 4
37118773 15416289 93
37119591 6076318 34
37120564 4687203 94
37121862 6425107 16
37121864 3194754 58
37122511 37122513 76
37122829 2345004 54
37122831 9108291 84
37122832 1695731 83
37122834 1320813 68
37122836 4512637 2
37123622 4395733 90
37124240 5412764 15
37124242 1224826 50
37124244 5283598 52
37124541 14597351 30
37124543 6611038 32
37124629 758611 53
37124631 2917547 52
37124633 1738134 37
37124635 3138495 78
37124637 34451292 73
37125046 5470932 48
37125443 5615612 79
37125505 1870182 29
37126321 22224254 91
37126418 13210331 23
37126459 7353526 22
37126461 1448930 87
37126868 3509265 38
37126870 12085143 2
37126872 7770543 34
37126874 13040547 69
37126876 5248278 73
37127151 4828504 17
37128654 445576 64
37128800 12681355 32
37128869 418453 48
37128989 10416506 59
37129602 3463347 9
37129965 7186053 15
37130578 37130580 26
37131140 1053548 82
37132068 5163858 76
37133468 2200435 95
37134386 1390312 51
37135764 6763784 96
37135766 1856013 8
37135769 27844192 88
37136339 6339287 49
37136861 1733220 57
37138168 7335594 16
37138267 9061823 62
37138869 37138871 74
37139320 37139322 59
37139527 4278996 59
37139883 6365935 56
37140019 9158652 79
37140181 6631800 98
37140643 5487798 5
37140646 9114923 100
37140648 37140650 44
37140949 4004081 22
37141172 6294669 59
37141174 6155645 14
37141770 4337080 44
37142441 6568322 83
37142692 37142694 55
37143030 6458628 26
37143032 16485816 17
37143034 11211204 49
37143036 37143038 25
37143039 37143041 26
37143042 37143044 56
37143145 37143041 91
37144682 957059 76
37144684 4585303 28
37144730 26821406 81
37145542 4082797 92
37145544 6054101 3
37146063 10420234 22
37146065 2619966 99
37146284 3216757 39
37146286 7493178 13
37146394 3852119 78
37146396 37146398 58
37146466 3771105 39
37146493 1664778 34
37146691 27262961 71
37146974 5980032 66
37147205 20972933 73
37147207 6079298 16
37147259 2831797 33
37147261 8602697 57
37147393 37147395 29
37147488 7869020 76
37147711 2289538 64
37148158 4952740 17
37148160 10108397 66
37148446 2658431 17
37148448 2838584 19
37148450 3288570 56
37148452 3421234 21
37148454 3022709 24
37149010 8612778 73
37149403 1542856 18
37149405 3858527 79
37149739 2286512 47
37149883 3195183 95
37150668 12541619 54
37150670 1488320 59
37150672 836650 46
37150674 37150676 33
37150978 27064670 64
37152090 37152092 22
37152093 20132548 49
37164400 5567573 3
37164842 5721391 44
37164844 8584017 24
37164847 37164849 70
37165099 996726 43
37165101 11314807 37
37165111 1384699 81
37165310 6811927 81
37165568 7568751 67
37165808 1346964 19
37165809 37165811 67
37166388 6086513 66
37166390 11207907 4
37167337 934145 34
37167378 2586229 37
37168482 37168484 5
37168578 4299111 72
37168758 1695609 11
37168760 13962482 39
37168770 20008225 25
37168772 5878602 61
37168835 8169028 31
37169902 15298373 15
37169904 9515132 32
37169906 945800 96
37169908 17787164 66
37169998 37170000 14
37170182 5450272 20
37170184 769897 33
37170241 12141959 24
37170262 37170264 59
37170398 4020223 71
37170400 7913571 5
37170402 5394301 33
37170404 4665862 23
37170406 5449312 62
37170408 393846 22
37170410 11165984 60
37170413 359364 86
37170415 6063561 100
37170429 517680 44
37171078 2879224 78
37171080 4597236 24
37171096 6727016 68
37171208 1853873 61
37171259 1742989 6
37172296 688368 40
37172574 21411750 59
37172797 3978014 14
37172799 5837331 24
37172801 20494767 88
37173416 5065515 16
37174635 2869588 5
37174637 5669818 44
37175418 853188 60
37175420 223767 73
37175537 11188885 11
37176148 1685823 20
37176150 4996736 8
37176152 2519133 28
37176154 25860805 8
37176798 11163453 70
37177333 3631809 12
37177336 4123459 5
37177387 5625824 62
37177516 5283332 97
37177524 37177526 80
37177549 7785109 84
37177632 9338458 56
37177634 8297964 12
37177726 4224835 51
37177728 8200927 42
37177730 3819302 1
37177732 11226346 64
37177734 37177736 4
37177881 2489156 29
37177883 5783580 52
37177904 37177906 94
37177907 37177909 8
37177910 37177912 96
37177927 346719 31
37179616 25597509 64
37180613 2836854 9
37180929 7026770 1
37181273 4763967 79
37181275 6188925 17
37181277 1643022 88
37185347 7204897 14
37185347 806575 6
37185350 2090554 47
37185352 2476546 15
37185858 1820846 64
37185860 316756 24
37186326 5351192 49
37186709 37186711 60
37187408 6125002 83
37187908 1513881 7
37187910 10335329 3
37187912 10286116 34
37187914 5084532 77
37188040 37188042 53
37188110 672538 95
37188172 18768167 55
37188174 1308879 34
37189377 909442 86
37189393 4654970 5
37189395 5979251 67
37190828 2181217 71
37190830 3894847 46
37190950 6290157 42
37191957 5918927 33
37192369 5411058 99
37192421 8988990 83
37192423 10320157 50
37192425 5005869 59
37193300 1577488 93
37193614 1796726 44
37194242 17289190 50
37194244 7201243 55
37194246 2929466 76
37194248 8814536 18
37194250 6178808 57
37194252 6942636 26
37194254 5711814 15
37194256 692277 9
37194258 9220709 80
37194260 37194262 94
37194325 858119 43
37194327 7318461 20
37195908 37195910 55
37196217 1001130 28
37196219 11830113 63
37196221 3619872 46
37196223 2357894 99
37196225 8564899 6
37196227 37196229 29
37196457 37196459 12
37197716 741281 48
37197718 37197720 18
37198578 1096155 24
37198986 1345481 74
37198988 429353 91
37199385 3254237 62
37199387 37199389 32
37199390 37199392 13
37199486 31604000 41
37201531 5502496 99
37202200 2548042 66
37202776 219771 5
37202856 2724700 62
37202911 6728132 66
37202941 10963501 95
37204378 5501098 39
37205201 10985583 61
37205203 1003102 80
37205205 11187173 97
37205214 5931527 62
37206083 11618568 61
37206085 5997172 30
37210603 1216360 5
37210639 32636758 75
37210641 37210643 68
37210841 14289490 11
37211570 19897516 70
37212350 2440980 16
37214134 4913610 92
37214648 3457955 44
37216467 16933926 78
37216539 37216541 85
37216844 1049466 10
37225751 37225754 85
37225880 37225882 47
37226057 3437060 26
37228851 6346895 1
37228853 5350715 54
37229009 4123056 83
37230410 7475504 73
37230412 3508462 41
37231501 408373 53
37232489 9920437 35
37232577 7015870 80
37232759 31125810 1
37233625 4379739 55
37235237 27418709 4
37235475 9551333 74
37235477 1966450 63
37235479 10352128 22
37239103 7167599 79
37241292 6616470 34
37241387 37241389 34
37241566 37241568 98
37241639 804027 89
37241641 1695678 27
37242180 876934 24
37242345 11195231 36
37242979 5748672 94
37244483 3770799 96
37245921 5383544 91
37246181 2198899 99
37248500 5396647 6
37248517 5582031 46
37249558 10986998 25
37250050 11484083 7
37250052 1712881 10
37250108 17499111 51
37250140 12146666 42
37250174 15239735 98
37250176 3925101 56
37250477 1241710 56
37250479 4582622 19
37250481 455593 44
37250483 15937454 17
37250485 6437171 98
37250487 8499548 40
37250489 7201341 9
37250491 1687469 9
37250493 4957739 15
37250495 3290730 57
37250497 10312573 69
37250499 2545372 34
37250501 14556696 11
37250503 27919216 3
37250505 8780937 77
37250507 7043233 22
37250509 26418568 18
37250511 1312088 18
37250513 15335645 99
37250515 30666974 8
37250517 4981735 36
37250519 10316106 18
37250521 13039466 53
37250523 7452896 86
37250525 12596961 91
37250527 11118815 79
37250529 5507013 25
37250531 3343827 84
37250533 15249835 31
37250535 684992 53
37250537 9053774 31
37250539 11208648 18
37250541 11208660 8
37250543 2437778 40
37250545 5988547 92
37250547 6179692 4
37250549 34105936 76
37250551 94905 59
37250553 2748367 17
37250555 2468343 12
37250557 2573609 10
37250559 28928762 64
37250561 10337437 83
37250563 10314129 39
37250565 7339981 68
37250567 5841939 25
37250569 21263050 16
37250571 54140 23
37250573 65912 52
37250575 16588095 62
37250577 30847156 41
37250579 5455480 73
37250581 5800065 82
37250583 6781217 24
37250585 4324444 8
37250587 11208858 61
37250589 15206750 52
37250591 3573744 68
37250593 5822778 5
37250595 13107068 93
37250597 10810940 15
37250599 7218810 1
37250601 761494 89
37250603 3316465 87
37250605 9611189 95
37250607 10392354 25
37250609 6028091 54
37250611 6981706 53
37250613 11208974 55
37250615 6048511 78
37250617 5124233 65
37250619 8714348 7
37250621 8641343 71
37250623 8006881 42
37250625 5818028 86
37250627 9018830 68
37250629 875360 67
37250631 8084444 85
37250633 8021332 43
37250635 299917 93
37250637 8831229 71
37250639 6518170 46
37250641 8059283 48
37250643 8700015 8
37250645 35036193 14
37250647 2623798 96
37250649 10407856 15
37250651 7349814 50
37250653 7208990 83
37250655 8642799 13
37250657 12825923 99
37250659 3194060 15
37250661 7919566 57
37250663 10337467 40
37250665 8880571 48
37250667 435636 45
37250669 11209258 44
37250671 2870459 6
37250673 2559698 41
37250675 10012120 20
37250677 6864687 75
37250679 339414 7
37250681 35840928 86
37250735 9582581 62
37250737 15606771 46
37250738 2527079 81
37250740 5788902 7
37250742 8130895 47
37250833 37250836 21
37250839 10272293 26
37250842 37250844 12
37250845 1692186 95
37250848 3680530 10
37250992 1480 28
37251124 5054309 38
37251126 5124237 41
37251323 2567117 97
37251326 340941 89
37251328 37251330 30
37251331 37251333 76
37251334 37251336 97
37251524 249836 48
37251527 1659588 89
37251529 4478439 33
37251531 7634314 72
37251533 992874 60
37251535 5936641 40
37251537 2300472 30
37251539 6831175 15
37251541 606363 19
37251641 7299903 40
37251643 2192536 51
37251645 26451401 59
37251647 1730309 29
37252555 390838 43
37253262 3704595 54
37253656 6984282 94
37253658 670874 40
37254170 1742794 67
37254182 1659655 39
37254184 3331472 24
37254331 9924984 100
37254607 37254609 87
37254636 18885502 100
37255720 3010085 72
37255771 5566706 31
37255839 8498561 37
37255841 1307157 26
37255843 20008339 69
37255845 3312669 37
37255924 5600639 94
37256829 3327737 32
37256831 8137038 58
37256833 13328665 30
37257264 1685882 55
37257341 8445752 94
37257393 436997 73
37258279 5395664 6
37258593 16283381 79
37259867 2079851 1
37261541 1458591 94
37261543 7165206 25
37264752 4299244 42
37265432 7268910 54
37265960 3443812 76
37265962 20645389 27
37266586 1310682 44
37266589 4143894 26
37266591 6299147 5
37266593 895809 33
37266867 37266869 53
37267090 9020782 25
37267794 3523510 98
37268179 1051097 51
37269428 872096 97
37269430 21827 20
37269789 347623 60
37270008 37270010 93
37270056 1902631 65
37270239 358251 49
37270241 758224 66
37270243 16995740 69
37271255 431255 29
37271260 106702 30
37271266 20154706 91
37271268 37271270 6
37275175 9524884 93
37275382 4980120 74
37275502 4608561 39
37276286 1004862 24
37280110 8107361 13
37280578 2740819 16
37280701 1966169 73
37282078 1581354 53
37284202 11147780 5
37287114 25835541 47
37287662 1677262 88
37288120 8439329 41
37288122 2607379 92
37288123 885661 72
37288125 5834711 66
37288127 10320690 97
37288129 2817329 14
37288132 142035 82
37288138 7836270 66
37288143 6585382 35
37288145 6333004 13
37288148 1945666 79
37288150 19026709 54
37288152 6001337 51
37288157 37288159 57
37288160 37288162 83
37288163 1498120 19
37288165 7200251 9
37288167 1708142 10
37288169 2400500 23
37288171 2083612 62
37288173 3773273 7
37288176 1883456 80
37288178 19307500 90
37288180 32643602 58
37288185 37288187 46
37288188 3728675 18
37288191 830088 21
37288193 5611483 60
37288195 5498049 10
37288198 3544775 85
37288200 3104122 82
37288202 2292945 22
37288204 3390529 9
37288207 18352875 99
37288209 5267351 3
37288211 11151409 90
37288213 9525950 98
37288215 3268437 70
37288217 37288219 88
37288220 19615273 61
37288222 20245322 49
37288224 5719913 4
37288226 3327724 91
37288228 3735651 32
37288230 6973631 12
37288232 13186693 78
37288239 2499812 1
37288241 1189237 35
37288245 3624254 75
37288247 8050921 37
37288249 6598266 48
37288253 3221472 19
37288255 8244332 82
37288258 4445294 48
37288260 6762663 9
37288382 4435907 85
37288384 37288387 17
37288388 7528203 17
37288390 12421197 67
37288392 105743 56
37288445 12127757 83
37288459 7292275 16
37288461 6099168 49
37288463 9203363 86
37288466 8044858 21
37288468 10311808 87
37288470 5177770 7
37288472 10290687 58
37288474 9823596 15
37288498 3805010 60
37288500 8513356 85
37288504 10901122 69
37288510 17525592 83
37288958 4984388 15
37289118 6734123 11
37289150 6297346 40
37289152 25806496 30
37289156 3075034 8
37292471 8061163 35
37293288 1794081 61
37293418 7163633 60
37293420 37293422 88
37293423 37293425 57
37293426 11318669 65
37293428 26166997 100
37293437 856665 95
37293439 1279925 78
37293441 11163190 91
37293443 4230367 68
37293445 30830739 83
37293447 21013813 85
37293449 26889197 71
37293453 1036592 97
37293455 9050982 20
37293488 4093445 71
37293491 1059125 12
37293504 9463568 87
37293506 11189377 41
37293514 19791666 92
37293520 37293522 24
37293523 506821 62
37293526 3466795 87
37293568 15206420 74
37293570 4918264 54
37293574 2740429 32
37293578 5387723 68
37293582 907234 85
37293592 10216305 11
37293594 19393541 81
37293596 20635623 78
37293600 37293603 31
37293605 37293607 56
37293608 37293611 38
37293613 37293615 55
37293616 7943075 83
37293618 4189028 78
37293625 37293627 7
37293637 323443 93
37293639 10988051 62
37293725 1885358 21
37293729 339347 6
37293731 4092521 75
37293735 9276518 13
37293737 924505 40
37293739 4145262 98
37295542 3180355 79
37295545 14709425 6
37295547 10526282 70
37295551 3206538 56
37295553 37295556 69
37295558 2558166 50
37295561 37295564 90
37295565 6768237 43
37295568 7818468 85
37295570 8518702 19
37295573 4390008 36
37295576 7789809 1
37295579 9449921 18
37295581 37295584 61
37295585 692284 65
37295588 14501730 44
37295591 1541896 41
37295594 3884710 13
37295597 3709560 82
37295600 346067 57
37295603 11164003 58
37295607 20445192 48
37295610 2510261 98
37295613 3590316 59
37295616 5062730 65
37295619 3365686 5
37295622 33717014 57
37295624 3887059 58
37295629 1459946 19
37295632 2384384 83
37295634 11745718 87
37295636 1066265 65
37295639 6954476 79
37295641 37295644 77
37295647 5526084 36
37295650 37295653 62
37295654 7249376 79
37295657 119952 37
37295660 853832 58
37295662 8078274 71
37295664 3486017 33
37295670 37295673 43
37295675 999506 87
37295678 11100099 2
37295681 9098759 95
37295683 31244421 70
37295687 37295689 42
37295693 6546091 53
37295696 2574601 34
37295699 5951258 52
37295702 15175281 21
37295706 7849760 97
37295708 27758954 50
37295711 14367182 63
37295714 37295717 100
37295720 30769487 9
37295727 1115292 41
37295729 645366 66
37295732 1101804 31
37295735 37295738 24
37295739 1616130 77
37295742 37295745 21
37295747 11128056 43
37295750 4957176 4
37295753 4533708 85
37295756 7558604 93
37295759 7926634 67
37295762 4723740 16
37295765 1720635 52
37295768 27007196 100
37295771 3821011 39
37295774 8883529 10
37295777 11192173 58
37295780 2099662 70
37295782 16056582 43
37295785 6728397 89
37295788 4846613 62
37295791 696179 69
37295794 792123 12
37295797 19166161 10
37295800 6934616 42
37295803 19911206 79
37295806 5331292 13
37297231 1998197 8
37297232 11181563 61
37297234 933175 74
37299330 674577 49
37299332 1567907 83
37300200 6583804 10
37300346 2059768 28
37300448 20274524 81
37300749 37300751 57
37300752 37300754 10
37301314 8879925 52
37301341 3443340 88
37301342 6128025 13
37301553 1587207 92
37301555 4196381 56
37302132 675682 63
37302550 315540 82
37304843 5213305 65
37304989 6032311 27
37304991 14773060 10
37304993 37304995 76
37305765 10370628 60
37305767 3858939 75
37305769 891131 65
37305771 37305773 9
37307464 964984 31
37308787 383470 98
37309149 1735103 100
37311291 34543918 32
37312797 754226 92
37314298 1300043 67
37315768 37315770 7
37316051 9955459 48
37318157 1067738 52
37318589 1322923 25
37320026 1322877 68
37320598 7572317 76
37322644 1762629 75
37323591 3598433 57
37324600 18214751 47
37324602 37324604 24
37324758 4017922 66
37326115 37326117 11
37326425 380120 58
37326640 3184536 94
37327112 6557565 59
37327161 6212224 15
37329584 3445854 33
37329586 5440028 1
37329588 3963574 32
37329779 9125153 22
37330619 7083351 80
37330621 8357716 74
37330623 5929383 40
37330787 16488284 54
37333785 1794550 35
37333820 6696341 48
37335054 1278413 98
37336758 11182707 6
37336760 8231426 29
37337354 899152 73
37338176 7317875 95
37339696 9882569 63
37347475 8750327 75
37348887 3027885 48
37349802 1704586 80
37349804 7934881 29
37350219 31244432 43
37350274 2656051 68
37350276 169923 3
37350278 6645458 68
37350771 2539862 18
37360559 6437008 65
37360564 7719860 38
37360566 10330515 39
37360567 7664966 83
37360571 37360573 72
37360992 3974823 87
37361107 14793372 6
37361138 15460010 20
37361140 1102606 7
37362592 2484658 18
37362790 7421394 41
37362946 7993162 37
37364099 8324858 74
37365184 9054757 75
37366754 2556171 56
37366869 2954418 34
37367468 3979659 41
37367470 894793 29
37367472 4214847 84
37367474 37367476 96
37367491 1298663 60
37367493 21207889 50
37367504 7730739 87
37368921 1854317 92
37368923 5098091 93
37369741 1620588 42
37370018 3158958 39
37370027 6286784 78
37370081 5435214 18
37370086 25954202 94
37370396 4146113 18
37371344 2923553 76
37371352 6117358 80
37371780 37371782 61
37371854 9013699 48
37371856 1729461 35
37372113 27563849 67
37372115 37372117 19
37372118 20132558 10
37372198 1489616 83
37372326 11180853 81
37372432 37372434 12
37372494 37372496 76
37372884 3216090 66
37373179 6038331 1
37373623 2888018 42
37373625 3246497 90
37373795 1344281 31
37374134 6306268 95
37374136 11135120 63
37374138 385194 29
37374334 14339136 87
33852913 1757962 74
37374869 2094121 14
37376198 25968498 93
37376255 9320845 34
37376791 1001779 81
37376793 4726571 75
37376978 909566 88
37377122 12736918 61
37377410 697490 95
37377412 7908365 57
37377683 3085277 90
37377685 9576673 95
37377687 10337052 63
37378471 3804333 53
37378588 3793055 98
37379604 863689 96
37379624 8495411 91
37379769 513045 44
37379925 2440068 97
37379943 3895320 78
37379949 5433786 8
37379951 25834637 53
37379953 1773689 52
37380016 438478 71
37380290 2541924 45
37386313 9669019 45
37386388 6635122 18
37386778 1931155 28
37386847 9890829 97
37386891 3307000 69
37387748 6675282 20
37387874 15536579 78
37388202 4463624 25
37388983 8505668 82
37389247 8926748 98
37389603 5394540 82
37390076 10422466 5
37390375 37390377 37
37390378 20420144 72
37390732 955951 96
15638271 15638276 53
37392483 14668327 65
37392507 2982978 49
37392616 4442117 56
37392618 678577 36
37392620 19199091 12
37393103 21260193 26
37393347 5797647 67
37393488 2591460 22
37393682 17935877 9
37393743 4170299 64
37393795 2546136 62
37393797 6733066 37
37394432 7914323 5
37394525 3862255 82
37394627 2143070 62
37395216 365158 94
37395849 12106164 29
37396684 9737435 87
37396753 6396538 12
37396756 927658 49
37396857 10327284 86
37398150 897938 8
37398811 5632394 54
37398930 37398932 33
37399536 5408186 82
37399620 5247159 96
37399974 37399976 82
37400806 31220398 49
37400808 31220400 95
37400810 20989069 47
37400812 31220403 66
37400814 19337504 69
37400816 31220406 84
37400818 21184511 36
37400820 2799077 8
37400822 31220410 57
37400824 31220412 72
37400826 31220414 11
37400828 5987397 2
37400830 31220417 15
37400832 19399604 68
37400834 31220420 6
37400836 18221930 78
37400838 31220423 79
37400840 19905223 73
37400842 10198688 67
37400844 31220427 9
37400846 31220429 70
37400848 31220431 65
37400850 31220433 5
37400852 31220436 13
37400854 2724737 79
37400856 31220439 90
37400858 10405703 6
37400860 21145047 58
37400862 31220442 75
37400864 12818086 36
37400866 31220445 98
37400868 297124 3
37400870 31220448 68
37400872 5425130 98
37400874 31220451 30
37400876 5659204 84
37401442 8753321 42
37401806 2951169 93
37402300 37402302 80
37402515 4660661 75
37402871 2565340 77
37403068 3333550 5
37403183 37403185 38
37403417 827912 95
37403848 878270 76
37403850 4516200 9
37405054 4430217 84
37405108 37405110 51
37405111 32079179 18
37405263 903839 78
37405293 9104508 21
37406899 1730927 26
37407419 4739116 100
37407832 587693 5
37408352 5270970 77
37408354 13671164 53
37408356 37408358 70
37408868 16558317 45
37409467 4225897 88
37409748 37409750 87
37409799 3682918 21
37409801 5652670 48
37409909 3122134 96
37409911 4283605 32
37410031 7501244 3
37410437 519197 51
37411640 8472653 53
37412391 8779056 51
37412523 7288699 87
37412849 10187906 89
37412851 361862 32
37412853 8297375 74
37412855 1185710 48
37412857 5958169 23
37413464 5712786 2
37413466 5242329 6
37414420 8567475 100
37414423 825559 85
37414425 7795606 96
37414427 15585478 79
37415326 9214588 71
37415439 2064490 1
37415614 670117 19
37417923 754529 54
37419014 869016 10
37419016 4739279 35
37419363 6627186 85
37420167 3602348 72
37420405 6134960 41
37420407 3532429 94
37420409 1811870 27
37420774 2296010 90
37423219 3050265 4
37423221 4118286 15
37423223 3110394 48
37423226 829501 59
37424644 3147154 18
37424646 2327428 84
37424957 383717 19
37424959 6165289 25
37424961 7219252 37
37424963 17510718 82
37425039 3133847 50
37446725 167321 44
37446727 1597784 32
37446729 5433339 72
37446731 946582 26
37446733 7386726 9
37446735 9558122 13
37446737 2270379 98
37446739 1485796 82
37446741 5138594 93
37446743 5528968 43
37446745 1823187 46
37446747 6860709 70
37446749 2565288 16
37446751 5039552 58
37446753 3327960 78
37446755 2991671 80
37446757 3286253 50
37446759 2471020 46
37446761 1204822 80
37446763 3501150 68
37446765 3948271 63
37446767 9380018 80
37446769 1186490 58
37446771 1791223 94
37446773 11108160 21
37446775 11108172 1
37446777 6743373 14
37446779 11789397 78
37446781 5819909 31
37446783 3032440 4
37446783 37446786 65
37446787 9468968 20
37446789 6543833 67
37446791 3657382 64
37446793 2398470 18
37446795 5112128 61
37446797 23744906 8
37446799 5296077 26
37446801 1784342 33
37446803 2983452 16
37446805 15427213 91
37446807 7278949 43
37446809 7335576 42
37446811 12141940 87
37446813 2689040 69
37446815 24535151 72
37446817 3817051 98
37446819 3764698 30
37446821 5790062 63
37446823 1484187 61
37446825 26090209 88
37446827 5483095 17
37446829 8549349 15
37446831 4011228 100
37446833 2475610 61
37446835 7065724 27
37446837 2978546 10
37446839 972067 18
37446841 11333626 76
37446843 4630896 53
37446845 3480917 84
37446847 2107763 78
37446849 3447744 37
37446851 1069301 65
37446853 7166716 28
37446855 5927385 5
37446857 5338620 42
37446859 5552389 92
37446861 5443074 43
37446863 8983151 67
37446865 3602152 97
37446867 5382455 93
37446869 1051024 26
37446871 6020403 46
37446873 2182973 29
37446875 1874712 86
37446877 8024768 79
37446880 2807605 34
37446882 760157 25
37446884 15428510 45
37446886 10319292 26
37446888 3659658 94
37446890 5372623 19
37446892 19242656 43
37446894 3271214 78
37446896 27038863 6
37446898 11708787 91
37446900 5002274 44
37446902 967032 93
37446904 7376871 42
37446906 14359820 92
37446908 2313654 25
37446910 25722292 52
37446912 4980581 17
37446914 3680509 31
37446917 904971 55
37446919 1488758 87
37446921 3947434 52
37446923 2455355 77
37446925 6631175 55
37446927 2184298 65
37446929 11845269 61
37446931 10022615 50
37446933 1842219 30
37446935 4494377 36
37446937 6550806 80
37446939 11375007 15
37446941 8344656 62
37446943 1420917 69
37446945 6372647 10
37446947 6137179 89
37446949 5646724 53
37446951 4658357 82
37446953 5816275 91
37446955 6673374 27
37446957 2992972 99
37446959 1930520 100
37446961 21846312 95
37446963 3896268 97
37446965 2232047 30
37446967 2538389 49
37446969 4311491 64
37446971 2291010 38
37446973 6534508 96
37446975 1677647 50
37446977 27064730 67
37446979 9462364 46
37446981 812923 33
37446983 2947583 67
37446985 1185950 48
37446987 10846047 49
37446989 5925177 61
37446991 5606327 37
37446993 3678134 18
37446995 25676529 18
37446997 4906884 91
37446999 26365512 4
37447001 1686875 46
37447003 2499975 56
37447005 3858061 59
37447007 3784870 87
37447009 917916 17
37447011 3201748 9
37447013 6847991 32
37447015 27065011 31
37447017 7119481 40
37447019 3387486 53
37447021 4080286 50
37447023 1788074 47
37447025 6571117 12
37447027 26228664 71
37447029 926647 36
37447031 11809759 54
37447033 6813804 23
37447035 905329 81
37447037 3022205 54
37447039 1090969 47
37447041 3941765 85
37447043 5564338 84
37447045 1002976 40
37447047 12107415 94
37447049 193737 98
37447051 9877100 34
37447053 14852202 25
37447055 2352442 24
37447057 5148869 63
37447059 7910040 76
37447061 4532873 79
37447063 1151800 47
37447065 3055453 48
37447067 3197386 38
37447069 15925881 21
37447071 13200035 94
37447073 15925891 57
37447075 15925895 80
37447077 272459 79
37447079 1203166 60
37447081 3742684 57
37447083 15448846 89
37447085 13421362 58
37447087 26364199 65
37447089 6767661 76
37447091 12609529 80
37447093 8480904 18
37447095 5203875 56
37447097 1366043 83
37447099 11977477 10
37447101 3649424 36
37447103 6053776 74
37447105 16060099 82
37447107 13176230 26
37447109 1636165 35
37447111 13169888 26
37447113 5605692 24
37447115 2465851 58
37447117 12395481 35
37447119 28287375 49
37447121 6622966 91
37447123 1775385 30
37447125 7383126 1
37447127 2983809 1
37447129 2482109 64
37447131 12110381 19
37447133 223877 52
37447136 6426393 16
37447138 5145206 97
37447140 3933070 12
37447142 10323989 86
37447145 7836886 26
37447147 12109591 68
37447149 2470931 9
37447151 3382547 12
37447153 8198090 69
37447155 684341 81
37447157 11408661 96
37447159 5516591 69
37447161 11174229 69
37447162 1083495 99
37447164 5497849 45
37447165 10080291 79
37447167 3637588 22
37447169 13101946 58
37447171 2587815 11
37447173 1779536 55
37447175 6349966 25
37447177 8589942 40
37447178 2484968 42
37447179 1725380 49
37447181 6991963 33
37447183 2033236 38
37447185 26055435 85
37447187 4452012 10
37447189 9116558 24
37447191 9660115 9
37447193 10283743 32
37447194 6237885 24
37447195 10287572 93
37447197 11184052 85
37447199 10332263 87
37447200 7135683 3
37447202 10332776 10
37447204 1255501 17
37447206 5149603 66
37447208 13689886 62
37447210 924497 34
37447212 963055 58
37447214 4345523 76
37447216 15126015 43
37447218 7100043 20
37447220 10334158 13
37447222 21619360 52
37447224 3509042 52
37447226 1671718 6
37447228 8819156 32
37447230 1451730 12
37447232 2753552 68
37447234 3409427 4
37447236 112037 59
37447238 7674101 33
37447240 9216213 3
37447242 2723991 4
37447244 4594192 49
37447246 3315687 83
37447248 979684 66
37447250 1333119 62
37447252 2063607 51
37447254 922984 84
37447256 11190802 40
37447258 2989930 92
37447260 7521769 80
37447262 5849369 67
37447264 1878308 61
37447266 10335622 89
37447268 8290887 68
37447270 917750 26
37447272 6323267 31
37447274 65097 21
37447276 24289278 9
37447279 25529844 40
37447281 6273627 27
37447282 5962195 2
37447284 11194375 32
37447286 8463333 57
37447288 6623021 72
37447290 2339768 11
37447292 10332774 95
37447294 9150035 62
37447296 26882504 99
37447298 9922430 47
37447300 21263070 33
37447302 6250247 72
37447304 5527651 60
37447306 11831770 74
37447308 916978 23
37447310 7839935 16
37447312 101706 26
37447314 17919876 13
37447316 11201468 56
37447318 9481973 43
37447320 7278066 46
37447322 9933493 82
37447324 8895890 58
37447326 1437819 61
37447328 9657616 87
37447330 9998926 85
37447332 2295445 31
37447334 4762625 69
37447336 8641207 10
37447338 1578905 96
37447340 9352212 62
37447342 9628234 17
37447344 4782499 44
37447346 15935277 68
37447348 7350380 68
37447350 3788895 19
37447352 4679168 79
37447354 11701261 19
37447356 2226104 66
37447358 5594485 63
37447360 11204551 30
37447362 8258485 63
37447364 6866882 55
37447366 8487623 98
37447368 2961082 75
37447370 9964172 33
37447372 5824652 60
37447374 22308096 11
37447376 12130881 77
37447378 10384965 22
37447380 1299003 26
37447382 425632 57
37447384 996731 21
37447386 2361885 1
37447388 4950271 54
37447390 2294288 95
37447392 4914446 70
37447394 4093587 78
37447396 8504535 11
37447398 10238325 87
37447400 10238478 72
37447402 10235662 17
37447404 33566827 56
37447406 28836494 94
37447408 28934583 100
37447410 27830147 94
37447412 18069651 23
37447414 25653257 64
37447416 37447418 1
37447419 3760446 21
37447421 19121598 81
37447423 36745441 68
37447425 37447427 61
37447428 37447430 9
37447431 8517662 65
37447433 37447435 11
37447436 37447438 49
37447439 5780165 34
37447441 37447443 65
37447444 37447446 96
37447447 14562604 72
37447449 37447451 69
37447452 934013 91
37465473 14412230 82
37465600 4372194 31
37466242 7339106 8
37490343 6240669 37
37490504 37490506 20
37490507 37490509 68
37491971 2543288 26
37491973 2538983 66
37492534 9859033 31
37492536 1015138 14
37492568 2232792 40
37492753 8093174 24
37492755 3091096 26
37493146 6854546 98
37493148 5066544 93
37493150 3907187 9
37493152 5972554 87
37493154 4390246 60
37493156 4093073 22
37493158 2218937 58
37493160 7307007 63
37493162 1741940 63
37494498 3201245 29
37494500 11201910 23
37494853 901680 11
37495428 37495430 18
37496064 6837844 93
37496066 37496068 26
37496069 21233685 66
37496387 5337558 86
37499038 3991897 19
37500126 3273546 52
37500169 8340581 28
15956115 1693230 61
37501060 16780421 3
37501263 958143 12
37501635 898624 98
37501637 37501639 75
4305024 4385883 79
37502240 1722203 10
37502780 901511 40
37506998 5646752 35
37507099 4349375 62
37507101 1639404 8
37507181 5684068 36
37507304 905328 62
37507400 3506978 67
37507402 7127830 55
37507835 100571 42
37508270 2689332 18
37508565 539243 57
37508567 11147001 26
37508790 293909 20
37508792 14595715 54
37509207 1397912 43
37509828 5918315 59
37509870 3400536 68
37511160 3179925 32
37511442 37511444 100
37511527 6033606 52
37511529 3280794 15
37511636 1968938 16
37512353 101829 44
37512355 3281868 48
37512417 3210271 69
37512775 25986769 1
37512800 9102333 91
37513060 1949200 34
37516032 862743 25
37516071 331781 19
37516350 4093198 78
37516352 7005540 27
37516893 3118674 37
37516895 6928526 45
37517090 3749075 23
37517490 756005 16
37517785 37517787 55
37518174 18335596 18
37518996 37518998 3
37520205 7821384 64
37520207 8705333 57
37520209 2725826 85
37520211 1511116 44
37520213 1319670 27
37520215 8292387 45
37520217 2963984 79
37520219 4611021 10
37524412 925223 83
37524414 2335710 3
37525738 4716253 12
37525740 4186017 64
37525742 3462018 49
37526547 10105838 70
37526918 3750135 93
37528896 6112554 64
37529846 6393558 87
37531835 1600415 25
37540240 9602044 85
37540839 3738725 8
37541065 2666118 25
37541214 7333196 12
37541505 10317069 6
37541964 37541966 63
37542026 2128148 98
37542028 20154566 53
37542162 4120500 82
37542437 7888040 79
37542907 55551 56
37542909 6569669 95
37542911 10336126 57
37542913 4007230 22
37543240 1660258 85
37543243 17169422 30
37543640 8687505 42
37544615 8806939 82
37545205 2290526 82
37545851 11600651 23
37545853 388857 5
37545855 1726643 81
37545857 6800681 83
37545859 28954168 70
37546078 1974032 37
37546413 5268186 85
37547765 11312020 30
37548046 897065 2
37548049 1454420 68
37548074 4579984 4
37548076 5896221 70
37548078 14934047 41
37548080 1618420 97
37548082 2540486 20
37548104 29443171 74
37548130 8854032 98
37548307 4322564 36
37549803 6573248 93
37550012 8948929 18
37550072 6469733 78
37550073 8606276 40
37550787 37550789 22
37550838 1718747 7
37550998 3680478 80
37551678 8795571 24
37552463 8399843 94
37552667 5175553 51
37552669 15421677 62
37552671 1800086 47
37552882 1152445 15
37552951 8574328 92
37552997 40995 60
37553243 3069338 18
37555001 1640174 7
37555268 6727962 5
37555270 4503769 71
37556233 2893 86
37556235 37556237 71
37556238 37556240 2
37556273 3749567 81
37556275 6384634 38
37556323 5678029 99
37558580 10414395 18
37559166 37559168 16
37559925 4835206 61
37559927 2093227 71
37559929 9630161 6
37560284 3076242 19
37560785 6497716 54
37562888 6270224 91
37562975 2952991 39
37563098 15036960 16
37564424 7055160 83
37564426 2306103 61
37564875 12425456 63
37564877 682605 5
37565482 338803 62
37565490 6121115 76
37565580 5897056 64
37565930 14701631 51
37566452 6813769 86
37566497 5219391 13
37571285 887685 76
37571287 7625816 12
37571290 826783 14
37571292 13962351 63
37571294 21013839 49
37571296 16446010 36
37571298 37571300 22
37571301 37571303 75
37571304 37571306 22
37571307 37571309 97
37571310 37571312 94
37571313 37571315 87
37571316 37571318 100
37571319 37571321 49
37571322 7289966 62
37572702 1985601 90
37574577 1588454 40
37574606 1854202 57
37574608 7391242 94
37574610 11893297 25
37574612 6309637 86
37574614 37574616 1
37576498 96072 1
37576500 6230564 36
37578313 1704615 41
37579438 324087 94
37579440 37579442 64
37582478 3466086 40
37582480 3786481 8
37582482 939089 73
37583075 4523299 77
37584240 4366362 6
37584242 11205871 92
37584505 3828122 37
37584534 11175277 94
37584536 1283139 80
37584608 2324967 40
37584628 6273332 17
37587123 1765460 96
37587208 8072664 16
37587634 19720701 37
37590363 32591812 84
37590659 23746933 63
37590685 2402723 30
37592346 875894 74
37592435 14972047 83
37593630 3444496 61
37593632 4428989 7
37593634 37593636 40
37594164 3501970 21
37594166 406443 79
37594242 5686571 16
37594244 6265304 2
37594582 1760056 27
37594584 10330694 47
37594904 665222 53
37595046 5705487 63
37595048 1705531 53
37595454 15209921 20
37596253 37596255 63
37596522 2455228 16
37596751 1581965 39
37596861 4423565 39
37596863 2480168 68
37596866 7712019 40
37597737 1657846 54
37597809 5371733 41
37597970 2739628 71
37598907 37598909 13
37599247 3441477 15
37600144 15929709 70
37600192 1618667 82
37600270 4649112 90
37600385 8859721 79
37600924 5696040 18
37600926 7612028 80
37600928 863616 26
37600930 5062718 70
37601217 3878102 87
37601219 3273154 62
37601360 10488752 14
37601615 2915884 57
37601721 3140285 86
37601752 5448489 84
37601897 4751370 86
37602114 5338713 67
37602939 1500470 4
37602941 3974954 74
37603095 1736406 33
37603097 859012 88
37603223 3748613 22
37603225 2719391 83
37603227 6347926 98
37603617 10330662 62
37603664 5906967 35
37604641 789283 48
37606055 26999660 38
37606110 5884625 99
37607312 6289520 90
37607314 2366566 34
37607316 9779507 16
37607318 9930154 77
37607320 6518581 94
37607322 5044978 18
37607324 2174500 35
37607326 5080246 8
37607332 5715194 97
37607609 25593205 43
37607854 5579216 33
37607931 10314445 26
37608245 772426 61
37608552 37608554 86
37608892 37608894 79
37609258 37609260 80
37609378 130950 30
37609493 166814 16
37609914 37609916 31
37609917 37609919 39
37612216 581569 80
37612736 1649265 63
37612857 3570659 74
37612959 6668692 30
37613187 7113226 89
37613189 37613191 58
37613722 8233631 99
37613724 2410421 12
37613726 1594212 28
37614044 27070436 68
37614046 12111424 48
37614153 15432660 40
37615372 2483878 37
37615374 10741701 33
37615376 2233668 23
37615378 1704190 71
37615380 2285469 87
37615382 5140873 53
37615384 1338148 7
37615386 2729033 72
37615388 4312800 2
37615390 4106145 87
37615392 5829423 26
37615394 4016910 71
37615396 1058208 2
37615398 11540287 29
37615400 5713276 19
37615531 915606 70
37615533 2163233 100
37615971 13962400 46
37617237 924000 79
37617636 15475729 6
37618004 17091138 28
37618006 2319711 66
37618008 861590 46
37618010 7410201 70
37619387 11180871 57
37619979 6345703 55
37620472 1805774 45
37620474 10330117 80
37620599 22309999 22
37620805 3647010 37
37620807 1496694 14
37620973 23255713 62
37621051 2755921 61
37622323 6902264 84
37622704 6961454 19
37622817 5144029 21
37623392 37623394 30
37623724 555763 86
37623881 7249059 96
37623883 3598107 53
37623885 27877134 100
37623887 5345936 61
37623889 37623891 45
37623892 37623894 26
37623895 37623897 98
37623898 37623900 65
37623901 19544617 45
37623903 37623905 11
37623906 37623908 100
37623974 8133885 9
37623976 1485354 17
37624012 1687333 52
37624014 4508808 71
37624016 4396001 79
37624020 3674248 97
37625274 5226265 15
37625513 10326637 12
37625514 3528931 36
37625649 4018037 95
37626355 2353091 20
37626357 6727570 15
37626628 7085814 47
37626630 3629137 51
37626965 17168635 53
37628297 2820112 85
37628299 5504203 64
37628382 1749331 1
37628698 14580934 57
37628756 940301 93
37628871 3389596 41
37629635 1743429 59
37629836 20458135 3
37629873 1144985 55
37630435 4738065 42
37630677 37630679 15
37631414 10317874 51
37631416 6997287 1
37631703 14646494 70
37631705 5740480 84
37631707 9054440 87
37631709 3120776 18
37631994 9586396 71
37632034 5627697 71
37632349 5201942 24
37632404 37632406 21
37632560 6605212 95
37632618 1500994 93
37632821 37632823 32
37633071 37633073 35
37633104 6947030 45
37633129 6766817 64
37633549 837585 46
37633813 7660999 83
37634256 37634258 86
37634333 3325898 65
37634335 37634338 57
37634339 37634341 17
37634889 191235 88
37635635 28758787 60
37635949 37635951 48
37637074 2868099 16
37637689 3163480 92
37637691 2325454 100
37637922 1671848 18
37637955 8778078 30
37637957 5459558 28
37638481 10327766 25
37638952 7237673 44
37644556 74669 69
37644914 5501192 66
37644916 7043471 1
37645160 224845 34
37645207 7404222 42
37646204 908979 75
37646206 3629264 94
37646207 323702 10
37646897 901313 55
37647145 4555170 90
37647163 9966086 56
37647295 321779 43
37647890 997375 32
37648111 18925094 47
37648360 5205890 55
37648362 5802140 70
37648425 37648427 80
37648483 5096291 98
37649059 2104068 85
37650733 5769359 17
37650816 7577387 38
37651195 3293735 55
37651438 5181833 45
37651440 92373 64
37655153 3677800 30
37655786 4383455 40
37655788 942018 16
37655790 954262 2
37655792 4925007 55
37655794 23744893 13
37655796 5194015 72
37655798 2060430 25
37655800 8358247 39
37655802 37655804 97
37656628 5282176 35
37656867 1673212 79
37658425 9463781 85
37658427 918307 93
37658795 1250170 88
37659192 21263153 30
37659370 1514655 10
37659463 2552542 44
37659808 8722962 29
37660617 2811391 59
37660806 1670506 16
37661255 22307582 58
37662651 18670558 77
37662682 10319337 88
37662721 15938660 30
37662953 5143016 76
37663888 5956123 92
37664382 5659362 34
39227540 8032337 97
39238852 3550300 75
47873303 47873304 22
