17220 88175 78
68990 257922 51
8321 64167 48
8321 64172 52
8321 64188 61
8321 64189 30
8321 64197 36
8322 64524 49
66282 254206 100
154429 487574 22
25331 25339 75
470113 1138586 11
265466 764659 28
17225 88252 18
248110 737870 94
454474 1114906 12
238785 726234 92
238785 726235 30
58526 238412 35
250664 741838 71
250664 741840 14
69521 258861 49
303745 833243 57
250594 741636 28
249244 740108 34
271646 366770 25
1351376 2225535 100
1351377 2225539 24
69523 258875 48
270936 75998 26
270936 198857 89
270937 271581 77
270937 75998 75
64246 31688 86
421447 1061179 11
421447 1061180 59
421447 1061181 90
421447 1061182 28
146941 463853 37
1066034 1929293 27
1066034 1929294 7
66285 254245 4
843101 1653837 57
3954891 4152876 36
10234018 10234021 63
716470 1475427 15
716470 1475429 90
366550 964561 78
233915 716443 87
2024086 2788284 3
2024086 2788289 91
258981 753789 62
10218242 10218240 73
64161 247246 36
16596 56290 8
16596 85045 59
16596 85062 95
16596 85078 83
17237 88404 79
17237 88423 10
17237 88424 68
17237 88425 41
17237 88426 21
17237 88427 81
7396 61526 12
1989908 2761116 82
4374 43640 68
1564958 2423892 52
180108 551202 30
180108 551203 36
180108 551204 35
180108 551205 4
180108 551206 71
180108 551210 82
1275107 551203 26
3598665 3119796 9
37907 154550 54
8326 8330 87
8326 64647 58
739724 1510937 92
253755 747738 45
66121 253835 54
154292 88423 69
250714 741908 23
65308 250752 95
4257155 4352675 90
227764 702734 63
145662 459502 35
145662 459505 53
145662 459506 84
145662 459516 6
249064 739802 95
248940 739377 11
64251 247415 74
247497 609790 63
64254 247507 92
8327 64808 77
64256 247550 7
36820 146962 45
23747 126169 39
23747 126170 57
66129 253909 97
253818 747957 27
747949 1527985 6
231088 297620 5
253777 747907 20
747900 1527940 92
17241 88556 47
62483 244295 48
1227755 522771 89
47514 204402 40
163608 514171 81
277268 784203 31
304933 88973 33
72931 265474 14
64634 249164 85
64634 249173 12
64634 249175 71
64634 249176 80
64634 249177 84
64634 249178 47
64634 249179 1
1164279 2035958 25
129752 244439 93
456823 1118271 62
597567 1333171 56
4383 43811 46
75034 269256 26
75034 269259 66
64267 247656 60
248941 739400 44
2856065 2106300 32
233923 716468 53
233923 716469 86
233923 716483 4
233923 716492 56
233923 716493 9
233923 716508 51
233923 716510 7
11680 72944 44
62486 11911 64
13560 76880 52
64639 249243 91
64639 148377 66
64639 249248 45
64639 249257 49
64639 249282 36
64639 249301 17
76881 76880 60
37497 151971 7
64642 249385 80
64643 249463 82
37771 153798 6
311661 846593 46
311661 846594 72
66138 253987 88
13564 76988 15
249311 740301 61
37035 148519 86
248111 737915 24
64037 247034 81
76882 273512 42
64164 247249 85
17259 88973 20
61484 241723 61
64645 249475 40
150028 472942 89
150028 472943 78
139964 435315 9
840807 1652108 12
1501296 2365474 64
422904 1064251 56
62489 244477 69
17261 89001 37
73499 11911 98
73499 266112 70
153478 484224 79
88233 303272 87
240997 729105 87
40822 169037 83
40822 169039 93
64893 8330 99
711357 1469757 15
711357 1469758 3
82526 284962 22
217361 155514 35
217361 56290 98
89242 305226 41
46200 198857 98
74698 12315 95
271369 774852 17
522071 1227010 41
58602 238794 45
747740 747738 63
2170835 1293141 7
840809 1652130 4
840809 1652132 36
840809 1652133 2
964502 1804432 24
74700 12315 16
198339 595297 95
3079860 2386890 8
130694 29115 10
76271 271372 81
76271 271380 17
76271 85889 13
76271 271399 64
76271 271400 92
76271 271422 21
410639 1047692 82
772713 270094 11
772713 1555579 60
64647 8330 76
421947 186651 14
58603 238807 33
91086 91084 52
91086 310300 84
76883 273520 74
76883 273521 34
76883 273522 46
85039 291291 79
85039 291301 62
85039 291302 75
3301300 2708840 99
1974192 2746498 74
575700 186651 53
310244 91084 46
310244 844193 36
165385 40269 52
165385 518728 52
155563 491507 65
64894 8330 93
64894 250184 98
13565 77042 65
149451 471444 66
266141 73530 83
76979 76988 44
89274 305244 28
165386 40269 100
165386 270094 63
61000 241167 64
61000 241182 95
61000 241183 31
61000 241184 61
61000 241187 15
61000 241196 59
61000 241197 34
61000 241198 32
276901 783684 15
66141 254007 61
148494 468158 21
475301 1147276 97
13381867 13381871 9
2500512 3169640 32
840811 1652147 76
840811 1652148 15
840811 1652149 5
253823 747982 40
244299 732809 88
244299 732810 71
66231 254128 60
66231 254129 47
66231 254130 21
64165 247263 78
64971 250249 88
154484 487743 18
2106301 2856086 77
144772 456896 62
273517 778474 24
74703 12315 76
258249 753354 40
821180 1628194 59
273550 778513 27
40015 40269 83
489513 1168802 86
311662 846605 97
311662 846607 65
311662 846608 31
232364 712110 15
3079861 2386890 33
148903 469620 55
66143 254019 13
64895 8330 56
729467 1501119 67
181742 554389 11
459503 459505 64
459503 459506 31
4423863 4468394 25
4423863 4468397 21
4423863 4468398 20
4423863 4468400 81
127980 413998 4
58605 238820 2
148904 469624 4
1461343 2331376 4
3977666 3681438 22
770700 1553479 74
74704 12315 87
784314 1570823 2
1527837 747738 92
1527837 2386890 30
737798 1508848 14
280708 788597 82
66232 254140 12
151944 479260 96
275223 780514 13
151945 479266 41
459504 1122225 85
163521 182024 52
144773 456902 36
2096431 2848779 18
1652104 2494724 98
13526918 13526921 36
840815 1652177 66
165388 40269 56
165389 518807 39
165389 40269 69
165391 40269 67
2494725 3166212 52
555233 182024 80
555233 1278516 7
1219567 518728 33
840772 1652086 68
840820 1652192 70
308078 469346 95
308078 840775 77
17269 89066 85
238800 726261 25
4301026 4173707 37
4301026 4354502 18
1644382 2487263 64
247500 736939 46
241758 729632 77
708240 1466920 60
708240 1466925 2
708240 1466928 70
247477 736910 90
451312 1109083 78
90635 308476 6
1512661 2374861 1
965480 1805769 44
10246910 10246914 69
841331 1652539 42
741286 250202 71
741286 1512026 85
736926 1508015 50
737013 1508085 46
249027 739652 80
249027 739655 32
469617 1137652 65
150869 475325 1
15077984 15077987 95
775242 271581 34
834640 304696 25
1804491 2616682 22
575703 186651 32
4270156 4360984 4
4270156 4360989 12
4270156 4360990 31
849347 1663349 40
456920 1118399 12
64900 8330 87
64900 250202 11
549602 1272441 64
549602 1272447 62
227988 703361 65
227988 703363 18
227988 703364 42
227988 703365 7
245092 733717 43
15328374 15328377 14
15328374 15328378 43
249369 740415 23
91096 310464 85
249165 739950 13
249165 739951 65
249165 739952 75
249165 739953 57
249165 739954 38
17279 89162 98
3156564 3627832 83
253981 748098 77
69428 258625 74
204393 612448 52
64298 248307 58
703358 1461373 45
4406 44061 5
74716 12315 28
78802 277265 100
1227759 522771 24
1469755 1469758 60
10216148 10216160 15
1926894 2703487 38
204123 611828 28
30740483 30740486 45
165396 40269 94
165397 40269 39
165398 40269 33
165399 40269 83
165400 40269 28
165401 40269 17
85054 291452 78
85054 291458 62
4423865 4468410 34
1560262 2420133 19
1152658 2024069 68
111936 367302 90
271667 271650 74
15114824 15114829 45
10217142 10217155 2
4423866 4468415 35
4423867 4468432 47
4423867 4468435 73
4502843 4529601 89
4502843 4529603 56
4502843 4529604 64
10217143 10217170 87
85055 291476 24
711361 1469776 88
31176816 31176818 93
65323 250872 86
31176838 31176840 16
3949231 3631501 83
64675 249667 7
64676 249675 34
64677 249685 6
1277808 554774 81
1277808 2154501 76
1277808 2154502 95
1785334 2601990 4
31176917 31176919 84
207152 618026 21
247547 736999 42
307934 840443 7
307934 840445 76
111937 367314 15
165402 40269 39
366764 964809 50
30001460 30001442 100
244206 732547 19
511684 1206763 10
250776 742027 36
432506 1078458 77
711364 775390 5
1219568 518728 61
155575 475134 39
155576 491419 51
1147091 475134 29
2841998 3401234 20
2841998 2088201 100
772715 270094 87
772716 270094 8
133586 422104 86
775385 775390 80
775385 271650 38
1219569 518728 69
1219570 518728 33
13499575 13499593 67
3548587 3048266 26
64179 247293 14
165403 40269 92
250779 742057 94
58619 238852 22
58619 238855 77
58619 238856 26
181907 554774 50
163533 514006 26
451379 1109228 98
61509 241858 44
144789 456974 64
10246913 10246917 7
10246913 10246918 94
10246913 10246919 53
729468 1501159 31
249814 740998 96
61511 241879 3
241597 729524 13
61269 241595 93
61270 241605 76
31177567 31177569 59
233932 716593 51
61513 241898 67
66152 254031 15
66152 254036 30
66152 254037 40
741962 1512717 85
144791 457005 8
144791 457009 78
144791 457010 48
144791 457012 46
144791 457015 25
144791 457016 15
144791 457017 88
144791 457018 75
144791 457019 41
144791 457020 30
144791 457021 89
144791 457025 8
61143 241468 56
10217407 10217414 90
61514 241905 57
3196543 3653056 68
10219332 10219339 52
29814670 10218546 91
2365187 3059995 93
3410109 3799323 97
711365 1469808 99
711365 1469811 65
711365 1469812 14
61009 241251 85
163534 514022 5
163534 514023 46
249171 249178 89
2503518 3172107 66
3555281 3898431 1
13372274 13372277 17
31176860 31176874 38
597575 1333212 23
2856068 3410136 74
61145 241478 4
4440551 4482460 17
61516 241922 18
90640 308478 38
250783 742090 67
58620 58545 62
58620 238858 71
58620 238859 70
76892 273578 38
61110 241407 28
76893 273600 88
146740 463378 16
61517 241932 23
64684 249741 30
61146 241487 46
1802840 2615568 2
85056 291485 37
4423868 4468444 96
4423868 4468445 64
4423868 4468446 74
89303 305294 96
10240753 10240744 76
17300 89242 28
64685 249767 2
1175548 2048192 59
1175548 2048193 50
61013 241293 99
64180 247303 3
61148 241511 1
238764 726180 26
144798 457082 30
61014 241298 80
90641 308489 86
1392499 2266243 51
61522 241975 77
64181 247313 7
17306 89284 13
772717 270094 22
111940 367356 69
1212199 514004 17
155585 491419 53
1093293 1959102 15
552661 1275807 66
165404 40269 58
317641 854892 53
317641 854893 28
317641 854895 63
317641 854896 92
88795 304756 65
31177775 31177779 83
491379 1172061 98
1219571 518728 50
13380133 13380140 29
14946159 14946163 75
772718 270094 74
165405 40269 58
410655 1047740 37
468117 1135841 99
31176478 31176484 95
854857 1669405 17
772719 270094 65
1219572 518728 50
69586 259390 43
155595 492093 82
491902 1173812 67
74721 12315 81
1219573 518728 94
1172599 491507 62
165406 40269 31
13381932 13381929 15
165407 40269 42
468118 1135870 96
264369 762843 61
1534772 2392936 2
4148148 4283018 93
2415735 1555579 61
772720 270094 59
31176588 31176596 40
1330484 2202299 76
762791 762843 75
78805 277297 13
74722 12315 77
74722 269058 56
144799 457096 3
66154 254045 93
153784 485632 15
153784 485638 3
1258226 2135729 24
3110957 3592334 66
259360 754182 55
264650 763391 84
1152732 2024169 45
1152732 2024172 34
538258 1258210 62
2170837 1293141 37
66236 254151 25
244208 732557 25
88348 303611 72
88416 88426 18
88416 303796 36
128377 414433 97
732525 1503919 14
17320 89385 3
303378 832834 15
1118610 1990177 61
846155 1657572 22
128083 414068 71
268949 771257 1
1527886 1527885 95
33129853 33129855 13
713153 1472250 39
56567 232805 34
33130413 33130411 49
59072 239517 63
149127 470606 71
64974 250271 97
64974 250274 64
257921 753023 92
165409 40269 37
15311965 15312005 54
15311965 15312007 15
15311965 15312021 34
15311965 15312022 84
2841999 3401269 15
2841999 3401272 63
2841999 3401274 89
2841999 3401275 3
726374 238855 36
3987429 3694481 57
3987429 4173706 13
34344801 34344803 57
34344801 34344804 61
34344805 34344803 79
34344805 34344816 69
4301022 4383299 81
4301022 4173706 9
305236 835187 17
34344826 34344818 97
1494841 2360292 10
1494841 725775 11
238591 725774 53
238591 725775 3
725774 1494839 58
1152664 2024097 71
212505 647673 8
729470 1501160 39
249080 739831 13
725128 238412 16
271381 774900 90
775246 271581 70
483906 1160696 93
249374 740429 63
1501142 2365374 47
1118243 1989897 29
85887 293651 35
1271976 549083 67
238592 549084 89
238592 238597 43
1511156 740108 80
964523 1804528 33
85060 291491 17
88419 88423 39
88419 303806 100
1501116 2365342 98
249174 739992 65
1122233 459505 96
43650 181746 36
182070 555382 22
69603 259473 45
834449 1644894 51
238565 725695 81
4529608 4550630 33
4529608 4550631 50
4529608 4550632 7
3896991 4115204 3
3896991 3553269 53
740155 1511209 97
740155 1511210 8
2767515 3353071 92
73506 11911 14
1510902 2373328 57
3925444 4133048 89
4419583 4465313 54
4419583 4354502 11
450441 1107377 93
249265 740204 44
740207 1511264 81
486485 1164279 41
514158 1212410 20
4958166 4958161 92
549084 238592 36
178877 549083 71
178877 549084 99
241297 729372 98
4500628 4465313 17
4500628 4527340 33
3250484 2622386 100
3250484 3694481 46
291293 809574 85
34433166 34433165 26
34433217 34433216 98
305226 89242 85
1560290 2420154 97
613217 1351398 36
613217 1351399 12
4301027 4173707 98
238593 549083 39
238593 725778 75
241288 241293 50
736744 247293 76
34344818 34344816 79
47961 206052 93
250669 741871 53
250669 741872 97
250669 741873 75
250669 741874 25
1497118 2361934 81
64188 64172 74
1497131 2361943 92
154506 487806 13
1497132 2361944 9
292181 810806 21
2000127 1507984 33
2000127 1507985 87
2000127 2768987 42
2000127 2768992 97
1164283 1164279 26
1164283 2035958 34
249086 739845 65
4272717 4133048 17
34344806 34344817 74
34344806 34344803 76
249378 740442 56
249380 740451 13
459514 1122251 1
249457 740591 14
740298 1511353 89
249284 740258 77
742033 742027 60
247059 64039 66
4468387 4502809 33
69610 259516 72
2024076 2788272 83
269254 771794 21
273486 778445 9
204405 612500 72
2410168 3098253 58
305523 835532 66
88802 73530 44
266148 73530 30
242431 61988 21
2024078 2788275 48
89238 305221 59
241894 729732 62
241895 729736 69
31177054 31177057 60
2170840 1293141 12
17358 89494 44
1286906 2165005 4
765650 266112 51
765650 1550014 12
35052507 35052509 85
241496 729477 44
10407401 10407405 57
17360 89500 96
10232805 10232803 12
2788262 3366104 92
61550 242023 19
61550 242024 26
61552 242027 69
61563 242041 66
61564 242043 35
61564 242044 43
61564 242045 28
61564 242046 95
196734 591850 46
722868 1483750 87
464612 1130550 4
304634 591850 73
732723 244295 96
1504352 2368094 62
264974 764068 39
1504339 732936 54
244340 732936 42
1504247 2367979 70
783680 783684 68
244190 732510 53
36329087 36329089 80
36329087 36329090 64
3560299 3067391 60
2374839 3067401 90
3680720 3977383 17
37706002 37706004 39
37706081 37706084 29
37706081 37706085 58
37706098 37706100 33
37705984 37705985 54
37705984 37705987 88
37707107 37707109 45
15093726 15093734 63
238594 725775 94
38012677 38012678 83
10219299 10219304 67
1179683 2052384 15
1179683 2052385 59
775248 271581 97
456800 1118232 22
775249 271581 83
241762 729646 7
1501192 2365404 56
1512848 2375000 62
741836 1512607 93
38013362 38013363 34
76898 273613 47
65343 250935 77
65343 250936 31
65343 250937 14
65343 250938 31
65343 250941 23
456973 1118488 6
149133 470612 78
4029779 4200635 18
185346 572133 85
34443166 34443169 58
244476 733050 46
32993985 32993986 68
32994388 32994389 99
2788314 3366158 82
1646045 2488825 31
32994542 32994545 71
145154 458174 50
47478 203947 77
47478 203948 22
291455 809815 17
291455 809816 42
291455 809817 57
4360987 4423907 24
1147289 2017957 12
727636 1497113 86
17403 89612 92
58531 238426 6
58531 238427 83
741996 1512794 43
742036 1512847 8
37705987 37705993 7
238597 238592 43
77129 273959 73
726391 238859 84
30898654 30898658 46
546361 1269624 42
76857 273449 97
17407 89617 26
3330261 3748028 81
34318295 34318297 63
153348 483964 54
305014 834955 35
32994875 32994878 55
3431567 3811297 2
470583 1139421 7
954705 1785563 75
456926 1118412 46
1475487 2343644 22
29956925 29956928 67
64703 249820 69
3680721 3977384 41
3680721 3977385 59
847847 1661911 69
3484716 3748028 38
259007 753947 8
47302 203240 40
85077 291562 59
520622 1223250 96
43658 181762 88
145278 458559 20
742133 1512938 46
238859 238597 50
250601 741672 43
4447801 4487716 94
615633 206052 10
37174156 37174157 73
1646046 2488827 40
47971 206060 42
206052 47961 8
38017301 38017296 19
3161287 2488828 13
38341596 38341597 43
38339029 38339026 27
3067389 2374829 16
37706024 37706021 85
1512604 2374829 73
1353886 615633 100
3067390 2374829 64
1575598 788598 77
250940 742251 90
37707910 37707907 58
741869 1512633 55
3925451 3119796 31
89278 305247 67
3987430 4173707 54
3987430 3694481 62
1929316 2706069 17
1483851 2351487 31
2957667 2227433 77
1501193 2365407 49
1462064 2332181 21
1462064 2332182 19
61283 241629 96
64332 248488 31
1118278 1989968 2
575714 186651 82
34478107 34478111 34
8831931 8831930 70
8831931 8831937 87
8831931 8831938 35
3977669 3681438 74
2170841 1293141 6
10217628 10217625 60
726366 238852 53
616158 1354465 45
3897006 3553304 11
3897006 4115217 27
4260275 4115217 73
4260275 4354502 21
725129 238412 68
3056639 2360292 9
4236072 4083617 39
1494839 725774 90
2360290 1494839 20
2360290 3056638 62
8831923 8831924 88
3056783 3553304 38
3056783 2360536 87
39575042 39575046 46
2940705 2202299 3
3845871 4083617 28
3845871 3473959 54
472941 1143900 92
39575052 39575051 31
726367 238852 79
4419584 4354502 90
4419584 4465315 14
4419584 4465316 75
39575075 39575077 52
39575076 39575075 12
39575076 39575081 15
2359879 1494370 40
1156146 2027989 65
238704 726032 75
1466919 2335992 24
241974 729795 25
203946 611562 37
203946 611563 96
203946 611564 4
203946 611565 57
203946 611566 4
203946 611567 67
203946 611568 61
203946 611572 82
203946 611573 93
203946 611574 57
76859 273450 53
39575166 39575165 83
37705991 37705987 95
37705991 37705998 10
37705992 37705987 56
4200630 4316696 52
37174158 37174157 5
3161289 2488828 80
476086 1148623 24
2360359 3056658 38
39575196 39575195 97
10217413 10217423 89
726368 238852 16
4167790 4295806 93
1466921 2335994 27
1118231 1989891 40
1669459 2508807 3
729735 1501294 77
555238 1278517 81
555238 182024 84
555239 182024 9
555240 182024 19
555240 1278520 88
615634 206052 27
615634 1353887 59
4316697 4393729 10
76860 273452 98
1118411 1990038 91
250273 741350 61
250171 741268 56
1333217 2204889 73
725130 238412 84
1336931 2208732 39
241484 729457 24
1138585 2010244 80
241406 729422 98
2335997 3036706 17
737060 1508125 12
241896 729738 73
737791 1508844 35
457014 1118553 24
414415 1052968 62
1466922 2335995 70
4550623 4567953 4
4202425 4317830 14
3059996 3555288 39
39575485 39575489 17
204913 613231 87
726375 238855 92
726375 1495380 9
38344211 38344212 10
1212200 514004 84
238418 725142 57
238418 725143 34
238418 725144 85
249855 741032 73
32709111 32709121 55
12703775 12703770 76
10217429 10217434 47
2048196 2808526 73
2615567 3244935 5
241477 729451 76
186054 44061 23
778451 1564944 96
742070 1512883 50
729424 1501026 97
10218278 10218275 36
2052386 2052384 51
2154512 2897325 53
4502844 4529609 96
254150 748223 41
1645331 2487900 64
718715 739992 75
774141 1558729 26
241920 729756 46
39575738 39575737 29
3059997 3555296 93
1981316 1109228 35
2856073 3410141 38
2420146 3106016 69
2420146 3106017 15
2420146 3106018 78
555313 182030 95
555313 1278522 41
555241 182024 42
555241 182030 28
39575775 39575774 73
291297 809584 93
249885 741046 3
775251 271581 66
291298 809598 65
729716 241858 8
729716 1501284 51
555242 182024 12
76903 273629 5
854885 1669460 17
854885 1669462 32
4468518 4502879 71
774974 1559941 23
39575872 39575874 44
39575873 39575874 62
39575896 39575895 73
39575899 39575900 37
1504353 2368096 25
271389 774938 79
271389 774939 3
271389 774940 62
271389 774941 33
271389 774942 39
271389 774943 84
271389 774944 54
271389 774948 77
271389 774949 82
43661 181766 5
43662 181770 70
4529605 4550619 55
729463 1501067 25
10217415 10217424 58
310253 91084 5
725131 238412 8
725131 1494368 1
13349413 13349408 5
249383 740457 66
249383 740458 36
3653057 3962159 97
2360367 3056659 76
241921 729757 83
718901 1478413 68
39576016 39576015 74
10217416 10217425 70
31915554 31915553 82
1118535 457005 7
775252 271581 54
64193 247324 38
753902 1534767 32
39576137 39576136 21
1511215 2373455 57
729717 241858 27
64805 249999 15
273596 778575 31
39576178 39576177 65
85082 291611 1
34349524 34349523 10
34349524 34349525 2
238570 725697 19
238570 725698 24
3172106 3637858 15
1461374 2331404 60
249666 740777 12
835533 1646063 67
34380414 34380413 29
58641 238886 48
64920 8330 92
2842000 3401285 35
456930 1118434 95
39576284 39576283 15
58642 238888 22
62623 244898 42
1575595 788597 89
1575595 2434916 46
244478 733059 68
366782 366770 15
3036705 3541233 99
2335998 3036707 82
250005 741111 6
34495168 34495167 99
2365471 1501284 85
31176889 31176897 94
241931 729763 2
241217 729309 5
463291 1128392 89
304935 88973 27
39576358 39576357 75
2024126 2788316 13
34349527 34349525 32
34349527 34349529 24
38343903 38343902 24
4167344 3977383 36
4167344 4295586 99
34349528 34349525 89
186055 44061 26
271390 774952 33
276026 782607 54
729494 1501198 29
1466923 2335996 57
39576413 39576412 50
1444421 2312735 67
38230872 38230870 68
476637 1149570 32
247302 736766 24
739285 1510577 56
39576435 39576434 99
739938 1511046 47
241765 729647 88
1466924 2336000 68
10218079 10218076 42
10217430 10217436 47
39576480 39576479 36
774956 1559931 73
774956 1559932 1
291669 810145 20
810143 1612155 8
39576513 39576512 38
575715 186651 52
253836 747996 26
809827 1612000 5
241906 729743 22
2615563 3244932 59
10895627 10895631 29
4529606 4550624 72
4529606 4550625 32
85083 291620 85
291303 809620 60
291303 809628 18
1611886 2461654 61
1611886 2461655 50
1611886 2461656 36
39575414 39575411 49
39575414 39575416 24
2466644 3144734 82
249938 741093 27
3106013 3588424 32
841320 1652529 61
4475040 4508403 24
841321 1652531 14
4475041 4508405 16
774990 1559956 25
774990 1559957 55
774990 1559958 52
774990 1559960 22
3105760 2419859 2
4582721 4594849 24
39576707 39576706 46
39576707 39576708 22
1559811 2419825 5
809543 1611746 45
39576647 39576645 32
39576647 39576651 81
39576647 39576652 67
4567949 4582725 42
39576718 39576720 61
29774768 29774778 55
39576780 39576779 44
39576780 39576783 20
2419873 3105762 75
2419873 3105763 30
774945 1559919 2
3588432 3919242 27
3588432 3919243 50
3588432 3919244 100
3588432 3919245 17
3588432 3919246 67
3588432 3919247 46
253837 747999 60
271397 774971 11
4567969 4582740 79
238767 726186 58
1559892 2419859 62
248322 738439 94
1559911 2419885 2
4431581 4475042 79
3588426 3919237 46
3588426 3919238 61
10218101 10218110 18
10218101 10218111 58
4475043 4508408 39
39576781 39576779 74
4129578 4270180 90
4508414 4534954 40
4508414 4534955 70
4508414 4534956 59
4508414 4534957 26
10217697 10217703 33
1508064 2371608 94
249488 740617 44
2336001 3036709 64
241897 729740 13
1227009 2105763 30
39576892 39576891 22
726376 238855 43
726376 1495381 86
726376 1495382 41
39576907 39576911 28
39576935 39576937 88
3653058 3962163 48
3799287 4048265 94
31176875 31176892 61
575716 186651 80
575717 186651 33
2365408 3060161 79
39576991 39576990 71
39577000 39576999 59
711375 1469825 37
238793 726237 47
12703767 12703754 48
12703767 12703770 93
775254 271581 84
597617 1333288 46
310254 91084 20
74730 12315 100
74731 12315 5
423427 1065387 14
423427 1065388 87
3799288 4048266 98
740189 1511253 7
39577106 39577105 36
4190732 4309964 68
39577170 39577169 11
3598668 3925457 32
29794146 29794144 93
310255 91084 59
249180 740003 40
480274 1155782 78
575718 186651 19
39577241 39577240 47
4468396 4502817 34
266149 73530 80
473568 1144978 16
575719 186651 96
28706104 28706107 55
74732 12315 80
39577311 39577312 17
39577312 39577311 55
3553270 3056638 95
39577320 39577319 31
38342617 38342616 10
39575077 39575075 95
38342780 38342782 81
1611893 809708 44
774853 774852 78
2106273 2856050 7
85086 291657 92
1611894 809708 71
4410524 4342140 96
13381933 13381929 11
39577380 39577379 23
4059092 4216527 11
39577387 39577386 55
311668 846625 77
74735 12315 59
39577433 39577432 5
74736 12315 13
74737 12315 99
64921 8330 89
254131 254128 5
367338 965477 25
165411 40269 68
2170842 1293141 29
575720 186651 72
575721 186651 91
772723 270094 10
3300044 2703487 32
1212201 514004 20
1219577 518728 37
74738 12315 46
1351403 2225600 96
611831 1350178 71
613220 1351401 5
3852083 3485279 34
772724 270094 48
1219578 518728 97
575722 186651 21
165412 40269 1
165413 40269 11
13349414 13349408 21
772725 270094 53
2842001 2088201 66
575723 186651 29
1212202 514004 40
74739 12315 60
2940706 2202299 23
2940706 3473959 48
2842002 2088201 58
28711639 28711640 64
772726 270094 67
2940707 2202299 15
13349415 13349408 63
725132 1494370 91
1219579 518728 45
2842004 2088201 51
165414 40269 79
772727 270094 85
3852084 3485279 7
575724 186651 88
772728 270094 90
165415 40269 77
39577545 39577544 51
2415736 1555579 22
2415737 1555579 55
165416 40269 83
772729 270094 69
575725 186651 65
575726 186651 30
575727 186651 56
575728 186651 98
1174132 492093 73
165417 40269 12
13349416 13349408 64
2842005 2088201 66
772730 270094 2
1219580 518728 99
3300045 2703487 98
165418 40269 8
2842006 2088201 81
575729 186651 84
1212203 514004 38
772731 270094 81
1219581 518728 83
772732 270094 62
1212204 514004 92
772733 270094 56
2842007 2088201 30
4547273 4524504 23
165419 40269 31
420799 1060473 39
76904 273631 100
230338 708223 71
10231196 10231192 17
4567967 4582736 3
765651 266112 30
248336 738458 12
249780 64709 54
2420134 3106004 60
74740 12315 48
2386892 3079876 66
718716 1478189 23
39577816 39577815 9
303759 833258 18
303759 833259 8
88430 303838 34
488459 1167284 12
249181 249173 60
729768 1501308 15
33130416 33130411 64
33130417 33130411 11
61025 241333 21
13267222 13267223 67
85088 291679 48
253745 747733 53
718903 1478416 90
303733 833236 67
753371 1534377 32
3410115 3799329 19
146965 463968 3
271401 774985 21
39578003 39578002 4
4301028 4173707 28
3059991 3555280 53
617994 1356826 71
64710 249837 24
34309486 34309485 73
39578089 39578088 24
39578094 39578097 10
1527863 2386905 94
1277811 554774 14
2499214 3168489 20
554780 1277825 51
554780 1277826 36
64195 247326 61
709302 1467722 41
747746 747738 9
271402 774991 52
271402 774992 77
271402 774993 75
739956 1511058 11
310256 91084 50
747747 1527881 19
244374 732981 99
34358787 34358786 6
775255 271581 42
729790 1501311 34
1560300 2420159 68
711376 1469834 44
247671 737077 96
15077987 15077984 100
1356831 2230254 93
254132 254128 41
254132 748210 41
268958 771272 59
711594 1470089 63
169038 522328 64
33130418 33130411 74
725133 1494371 68
725133 238412 3
3085693 3573475 78
3085693 3573476 13
3085693 3573478 28
841329 1652536 95
737002 1508077 95
4468418 4502829 65
575730 186651 8
2420136 3106009 70
729726 1501293 33
241201 729275 31
1560280 2420144 66
248968 739572 63
248027 737759 59
273487 778452 2
1245961 2125272 69
1512795 1512794 44
2374956 3067448 93
597578 1333218 16
111953 367401 22
249781 740931 72
1118565 1990143 5
463367 1128498 4
1106313 1978165 60
484210 1161012 1
1118536 457005 33
2346021 3043753 11
10895624 10895628 72
1466926 2336003 11
729631 1501248 81
241497 729479 88
729514 1501201 32
146966 463970 93
77043 273806 25
754208 1534970 71
17421 89670 25
1501209 2365413 38
69647 259611 19
726326 1495364 95
39608700 39608699 40
29744416 29744415 27
8831925 8831930 90
726377 1495383 68
726377 1495384 38
10218284 10218283 39
726369 1495379 99
39575078 39575083 88
238573 725700 84
238573 725701 15
58644 238890 15
3250485 2622386 57
2331366 3033556 67
238574 725702 85
8831932 8831939 67
8831932 8831940 20
28713304 28713305 27
39608715 39608714 74
39608720 39608719 13
39575082 39575077 42
4475432 4508780 83
291621 291620 93
2335999 3036708 69
1646048 2488828 11
2957668 3484714 66
2957666 3484711 1
741842 1512620 20
38342618 38342616 80
39608799 39608798 71
2957669 3484715 64
1466927 2336005 47
39608829 39608828 93
37707111 37707112 36
37707111 37707109 70
3977386 4167349 81
37706101 37706105 99
3067391 3560299 88
38340684 38340690 35
38343755 38343754 43
2359873 1494365 88
38339637 38339636 8
38339740 38339739 41
37705989 37705997 41
39608854 39608853 32
4084313 3847445 34
835534 1646069 89
2494750 3166229 31
2336002 3036710 96
39608905 39608904 69
10239036 10239034 37
840826 1652202 53
463902 146948 57
463902 778700 69
64807 250000 30
38339032 38339031 73
4185141 4306758 6
34413949 34413951 85
291708 810167 45
39608985 39608984 19
4502799 4529554 45
1333177 2204850 50
58532 238430 44
304400 834024 99
774856 1559812 17
4360991 4423922 46
34367808 34367803 66
729758 1501303 92
840827 1652205 33
39609087 39609086 43
241933 729769 41
10259146 10259151 18
459320 1121940 5
78830 277335 82
78830 277337 74
39609152 39609151 99
39609152 39609153 56
28724940 28724945 40
835535 1646070 31
31176819 31176821 63
28622102 28622107 99
38343904 38343902 67
37705957 37705958 51
268959 771282 18
10204354 10204351 53
3063004 3557399 75
241947 729784 51
844195 1654896 37
247310 736768 12
38338985 38338984 33
39609253 39609252 81
788598 1575598 100
37705993 37705987 79
741843 1512621 17
38341536 38341534 62
37706014 37706012 61
1501079 1501119 52
1559813 2419827 40
37706021 37706024 21
38339026 38339029 6
38344686 38344685 53
247552 737011 57
133097 420857 44
39609281 39609280 68
250723 741917 30
38017296 38017301 97
28727976 28727977 10
3484730 3851895 67
2227505 2957684 2
1494910 2360323 43
39575875 39575872 25
2371552 1507984 22
729459 1501064 36
85102 291725 1
38339197 38339196 32
39576738 39576736 59
1559893 2419860 42
4605906 4616179 9
1559963 2419923 22
774994 1559967 20
291613 810064 67
39576717 39576715 48
4529611 4550655 45
271415 775034 29
812876 1615372 43
812876 1615376 93
812876 1615377 13
812877 1615378 27
812877 1615379 74
812877 1615381 53
4502834 4529597 33
4550615 4567946 3
291321 809674 38
39609481 39609480 3
1291448 2168663 74
39609514 39609513 47
2503514 3172101 39
241485 729460 1
153566 484620 50
247348 736828 92
1652540 2495116 47
304735 834679 96
8831926 8831933 43
169040 522332 27
2847659 2095134 83
39609626 39609625 49
1213636 2089699 29
1611996 2461720 61
10217176 10217155 45
14898936 14898933 13
291354 809707 46
291355 809707 49
17426 89673 7
10691794 10691788 89
230329 708221 21
291325 809682 20
291325 809683 4
38340831 38340830 93
291356 809708 91
291357 809708 57
39609719 39609718 70
69650 259614 20
1462065 2332185 47
2361946 3058099 75
39609734 39609735 43
726913 1495807 76
28711340 28711341 44
38015376 38015374 84
514880 1213656 62
611832 1350179 78
2044136 1172061 1
4580596 4565285 54
2958693 3485279 28
34443170 34443177 3
2188506 1317638 51
1661921 2501141 39
514881 1213659 30
2085494 2839278 98
2957670 2227433 5
3106006 3588421 34
4495861 4459189 66
241255 729348 75
7939264 7939257 89
228255 55294 85
228255 703793 76
753840 1534697 2
38339206 38339205 100
739939 249164 41
1475495 2343646 63
1060497 1921990 14
58649 238898 2
10217918 10217916 34
11274061 11274058 39
39610031 39610030 52
1558732 2418945 61
10239038 10239040 89
58650 238900 64
38339601 38339600 59
39610097 39610096 56
28719076 28719077 65
28711641 28711647 81
28711641 28711648 85
39610127 39610126 39
854858 1669411 11
1289319 2166843 70
775260 1560154 85
10216116 10216117 43
849355 1663367 63
2508811 2508811 5
77177 274032 3
273690 778672 89
2024138 2788320 2
61590 242076 92
3059998 3059995 60
1989938 2761144 85
1512897 2375019 63
1118246 1989900 98
740368 1511383 2
2000150 1507986 24
39654383 39654384 93
39656267 39656269 83
3898433 3898431 39
2365405 2365404 29
1160769 2032506 68
554783 1277830 79
3898434 3898431 18
736769 247313 27
248267 738406 4
249414 740506 96
1501254 729647 55
484213 1161024 63
739766 1510973 86
1501306 729763 47
483966 1160765 15
39658640 39658641 57
39658640 39658642 56
39658640 39658643 76
31177570 31177569 51
740922 1511570 97
39659729 39659731 21
15312051 15312118 95
15312051 15312119 100
483967 1160768 94
485627 1163224 47
729722 1501292 42
1466931 1466928 32
729764 729763 82
241410 241407 15
1166054 2038095 58
1466932 1466925 50
241937 241932 70
241466 729448 40
729765 729763 86
39651980 39652013 43
241938 241932 3
148919 469650 98
39663489 39663490 26
4272716 4133048 29
982323 1825517 75
241939 241932 91
3555284 3059995 99
458558 1120694 91
247297 736759 97
2365313 3060103 77
736770 247313 72
3898436 3898431 56
39665089 39665090 70
241461 729444 8
241940 241932 10
729461 729460 30
3060003 3059995 51
729766 729763 19
729767 729763 74
15312004 15312068 35
15312004 15312069 11
64817 250012 28
199211 597701 14
514166 1212413 50
3060005 3059995 52
4133044 4133048 17
249041 739688 85
1269626 1269624 98
3060006 3059995 11
152212 480333 84
726263 1495282 85
2089682 2843004 100
2089682 2843005 3
514883 1213673 22
39671433 39671435 84
4133045 4133048 61
3898441 3059995 16
268449 770627 73
736935 1508032 38
241587 241595 89
1466934 1466920 51
3060008 241251 100
241899 729741 82
4133046 4133048 40
514168 1212414 90
1121843 1993300 32
15311964 15312002 85
1501162 1501160 59
740934 1511576 49
69731 259718 2
17469 89612 71
37382 151036 7
1161035 2032786 10
241941 241932 39
148921 469658 68
247311 247313 82
3555293 3898431 33
2374896 3067428 24
31177572 31177569 10
241630 241629 63
241942 241932 71
253844 748007 4
64749 249920 58
31177573 31177569 10
1060486 1921987 14
514884 1213678 42
1164285 1164279 29
64404 248652 10
144858 457203 31
39651982 39652025 32
39651982 39652026 36
39651982 39652027 63
39651982 39652028 80
1213646 2089727 90
729648 729647 9
39684673 39684675 19
31177575 31177582 87
154981 489203 30
61285 241632 18
39686874 39686878 19
39686874 39686879 10
39686874 39686880 69
3598670 3119796 92
729351 1500943 100
248934 739325 38
163561 514069 5
39654114 39654115 29
2365349 2365342 10
1466938 2336011 73
2365350 2365342 42
456849 1118319 98
199224 597734 55
2345974 3043717 55
39692746 39609671 29
1923029 2699503 44
514021 1212233 24
3925448 4133052 3
39693347 39693348 51
1466940 2336012 35
731486 1502746 17
241592 241595 100
1564990 2423914 6
241202 729277 88
241481 729456 55
241508 729490 77
39695119 39695122 14
2365352 2365342 83
3898439 3898431 72
241412 241407 63
728019 1497430 64
810803 1612716 56
484218 1161031 97
241268 729357 76
469657 1137671 3
241876 729724 99
1501196 2365409 70
39651983 39652047 26
1512744 2374934 52
2336006 1466925 73
726181 1495217 35
39697043 39697044 46
241786 729677 82
1060514 420857 31
1351402 2225599 34
207180 618061 45
317653 854909 84
854894 1669471 42
61299 241642 87
45991621 39662563 66
1989924 2761130 55
1213649 2089734 62
1213650 2089741 19
1213650 2089742 69
57765 236294 28
727669 1497141 84
22319357 22319360 15
22319357 22319364 49
22319357 22319365 53
22319357 22319366 7
22319358 22319368 69
39877155 39877159 37
2089721 2843068 84
2089721 2843072 55
2089722 2843074 8
2089722 2843075 12
2089723 2843076 6
163570 514078 79
1213641 2089717 57
1213641 2089718 48
2843007 3402012 43
2843007 3402013 92
1062357 1923952 18
1062357 1923957 16
1062357 1923958 90
1062357 1923959 13
15312011 15312081 87
15312011 15312082 30
15312011 15312083 49
15312012 15312086 70
15312013 15312088 6
15312015 15312091 3
15312016 15312093 54
39867838 39867843 95
88459 88404 53
15311983 15312041 88
2089687 2843018 60
2089687 2843019 29
1923031 2699509 28
1923031 2699512 15
1923031 2699513 82
15311969 15312028 87
15311971 15312032 49
15311971 15312033 44
15312053 15312120 5
15312053 15312134 63
15312053 15312135 73
15312053 15312136 54
15312132 15312210 33
46158672 43399197 57
15312054 15312139 9
15312054 15312140 63
15312054 15312141 63
15312054 15312142 54
15312054 15312143 44
39608932 39608935 96
514025 1212242 94
514025 1212243 69
2089701 2843036 60
2089701 2843039 68
2089701 2843040 83
2089703 2843052 96
2089704 2843054 68
3401288 3793965 38
3401288 3793966 85
3060240 3555365 60
46159049 46159050 52
1061314 1923042 4
1061314 1923047 56
3401276 3793942 84
3401276 3793943 75
3401276 3793945 41
3401276 3793947 40
3401276 3793948 48
3401276 3793949 51
3401276 3793950 24
3401276 3793951 94
3401278 3793956 4
1213651 2089746 89
1213651 2089747 90
1213651 2089748 57
1212234 2088266 27
15312243 15312262 68
15312243 15312263 88
15312243 15312264 42
15312243 15312265 47
15312243 15312266 54
15312195 15312245 58
15312195 15312246 10
15312195 15312247 23
15312055 15312146 20
15312055 15312147 90
15312055 15312148 18
15312026 15312104 46
15312026 15312105 35
15312026 15312106 13
15312077 15312176 26
15312077 15312177 63
15312056 15312149 93
15312056 15312154 95
15312151 15312227 31
15312151 15312229 67
15312151 15312230 14
2843044 3402040 60
2843044 3402041 78
2843045 3402042 64
2843045 3402043 15
2843045 3402044 34
2843045 3402046 86
2089696 2843032 17
2089696 2843033 50
15312260 15312274 36
15312155 15312234 18
15312057 15312158 97
15312057 15312159 7
15312057 15312160 51
15312034 15312112 83
46159737 46159739 47
46159737 46159740 12
15312066 15312169 4
46159773 46159776 21
46159799 39867837 91
46159799 46159801 82
46159819 46159821 37
3296902 3725651 59
2699495 3296899 63
46160905 46160906 65
46161338 46161340 43
39652037 39652122 88
1989926 2761132 82
47872772 32812246 21
47901981 47901983 53
47901985 47901987 38
47901991 39829592 89
47901991 47901993 80
47902025 47902027 53
47902047 39837080 87
47902047 47902049 7
47902051 40012499 14
47902051 40012501 71
47902067 47902069 45
47902081 47902083 51
47902095 47902097 91
47902095 47902098 92
47902125 47902127 23
47902125 47902128 89
47902125 47902129 15
47902125 47902130 11
47902125 47902131 21
47902125 47902132 65
47902125 47902133 41
47902141 47902143 42
47902141 47902144 31
47902153 47902155 74
47902153 47902156 24
47902251 47902253 56
47902251 47902254 66
47902251 47902255 2
47902433 47902435 44
47902433 47902436 69
47902513 47902515 6
47902699 47902701 63
47902705 47902707 24
47902730 47902732 62
47902768 47902770 74
47902822 47902824 3
47902834 47902836 15
47902868 47902870 26
47902920 39872357 43
47902920 47902922 84
47904483 47904484 70
47904485 456974 80
47904486 47904487 64
47904488 40019828 12
47904489 47904490 11
47904489 47904491 76
47904489 47904492 3
47904493 47773436 8
47904494 47904495 60
47904496 47904497 46
47904498 8189790 95
