1003123 1248774 15
5478111 56375 87
5504258 642477 77
5688278 192376 4
5724883 20887 17
5638998 52832 74
5956170 60455 56
6250920 54189 65
6658199 38525 88
6691124 342104 33
6729351 77299 82
6747785 1183336 81
6788003 97127 56
1392485 5828 70
7124167 342726 91
7138369 51429 95
183402 466085 95
7343381 99520 45
1775677 612421 36
7468750 45764 94
7525236 130413 49
1421264 350628 13
3651970 86005 23
5245134 330373 18
7888013 72284 67
8064689 43324 42
8141915 446450 1
8090388 110313 36
8156338 140187 19
8329918 197711 66
8437128 342244 30
8529817 238997 28
8542145 43409 66
8564686 109559 68
569957 365385 84
8659988 22824 74
944716 56308 98
8730182 134679 95
8735033 226888 4
8855963 153672 72
302789 765060 86
302793 150245 71
4241625 46217 30
9199203 54560 99
9200303 280773 91
9201337 416660 17
9212780 40984 64
9213888 159309 3
963683 197393 30
9237149 307798 14
9239882 86013 32
9242998 54526 16
9243315 95426 23
872013 297123 2
9306874 99469 79
9309416 154403 57
1425841 391910 45
9316268 173901 45
9324026 36921 96
9329676 110041 97
9336976 149816 78
9377227 189212 31
1422560 22251 72
2986055 53112 64
9403079 200308 1
9420454 468936 27
944720 85001 75
2899294 109741 56
9468634 319356 33
9532355 1359303 93
1392486 173966 35
9561317 22249 39
9579008 133348 81
9424610 316876 60
1293470 144988 19
9602040 222331 1
9623200 53079 52
2819017 197487 36
2899295 137390 19
10027545 58228 95
10281495 14967 45
10307808 340764 66
10327505 99471 59
10339039 157139 92
10339170 97345 12
10354126 443682 72
10719435 226290 99
2557036 21167 82
10861847 336586 47
2158096 99642 90
10926752 147167 96
330010 503395 98
10988601 361646 92
10989974 100050 59
10990042 337267 63
10990461 104746 54
11023470 17967 8
1577130 116952 66
11373752 49394 15
1281016 78042 40
11387836 330818 53
1281019 170198 56
11530911 939247 31
11575933 17968 50
11689948 105860 66
11705772 171917 75
8361255 83126 64
11711048 50390 68
11718981 218292 65
11719855 54827 43
11727632 55177 78
11731654 206621 22
11733063 98759 5
11734645 35463 29
11734714 332712 28
11737678 95295 35
11740255 178581 51
11740645 94102 15
3997095 80303 88
11749020 118312 49
1428358 359418 96
11752995 889271 44
11758005 17123 93
11759373 149406 98
11763263 428797 89
11769150 415691 22
11769410 35779 44
11769446 149326 56
11773863 110789 98
11783552 28898 20
11794137 144230 49
11794871 276251 34
11795878 604127 84
11806737 201856 84
11807136 244706 29
11808900 76810 12
11810162 55259 48
11814574 36474 23
11820233 43407 14
11826241 96570 18
11833618 234211 33
11834216 33128 95
11845434 832043 54
11846643 5251 84
11846768 219826 64
11855091 287828 14
681377 119440 95
11855127 36248 33
11858016 230856 70
11858436 43323 58
9612961 548760 79
11858517 1631 42
11858607 193217 45
2442835 131310 60
11862693 37053 85
11878295 192828 13
11880209 36477 7
11885148 36767 29
11885163 797981 20
11890899 52395 24
11890907 22169 66
11901451 102231 65
11905737 38064 49
11911109 120745 12
681393 1411 17
3465512 55684 40
11919375 100131 82
11921577 338947 21
11922016 308672 18
11922177 991790 68
11923073 180835 60
11929834 91906 30
11930069 236015 88
11934060 292352 37
11939096 54792 16
1673169 100776 57
11957135 53644 93
11963031 519106 5
11963675 124601 87
11963763 215318 89
11963896 124602 7
11964839 140022 19
11966403 93594 44
681394 52923 97
11979187 222322 62
11982550 848479 43
4077309 213168 62
11987009 25250 46
3465457 217376 3
681378 5160 9
11989617 38439 42
11990818 1932 70
3997096 234767 54
11993157 22245 81
11995504 449796 76
1293471 72377 93
12012310 130350 26
2442847 43717 34
12029368 65896 18
12045274 196282 19
12045586 37581 9
12055150 50035 96
12055902 97968 12
12055908 105278 2
12064337 72843 61
1424967 52840 87
12064908 63609 71
12065462 98444 45
12066001 105228 6
12069251 52189 72
12070611 110840 66
12070626 218291 12
12070643 39294 8
12070670 17961 33
12070791 63515 56
3465414 150832 30
3465479 186701 31
12071396 97306 93
1427688 257215 1
12071529 42219 25
12071537 214574 36
12071915 144989 21
12072133 75957 94
12079098 35595 25
3465395 180837 71
12080442 330627 73
12080473 189681 66
12080488 153344 97
12080598 116944 27
12080631 51065 91
12080899 156940 94
12080916 338367 83
12081079 53044 43
12081179 142724 21
12081258 730363 89
12081677 190510 25
12081703 225966 93
12081924 83634 95
1422549 107608 21
12082235 342186 16
12082409 99780 3
12082419 62354 42
12082442 105326 58
3465438 44232 76
12082579 142372 93
12082608 102869 61
12082661 231509 78
12082732 319683 77
12082801 35961 75
12083240 96336 54
3465417 351435 17
12084261 76676 54
12084601 213367 66
562490 396895 21
12084923 650980 96
12084928 97967 79
12085007 97406 39
12085125 827679 7
12085272 5597 28
12086192 314780 47
3573353 99330 59
12086386 227537 43
12086896 36140 45
12087128 288413 32
12087184 383856 13
12087200 353764 97
12087529 217868 72
12087568 101826 71
12087667 21817 62
12087716 366761 26
12087721 227326 56
12087749 42613 75
12088611 72231 10
12088812 104531 67
12088853 369673 51
12088937 248621 32
12089180 235921 15
12089521 50958 100
12089622 49653 60
12089901 339405 47
12089979 217288 8
12090164 18045 4
12090313 365530 63
12090371 98896 96
12090478 101384 16
12090595 12558 16
12090700 112766 47
12090771 144987 39
12090788 10100 25
12090829 51522 43
12090845 271597 47
12091183 101444 52
12091251 23039 51
12091480 37872 10
12091590 177173 98
12092547 233078 81
12092845 82978 76
12093267 603665 67
681379 128473 76
12093368 222998 5
12093659 5461 57
3465499 204540 80
12093916 675375 82
12093960 344215 14
12093973 429253 45
757752 360804 46
12094298 19009 3
12094327 49652 57
12094376 449794 24
12094476 634370 57
12094479 51520 25
2157952 332250 62
12095058 27186 5
12095124 72285 90
12095139 17878 14
12095144 159589 76
12095320 42322 63
12095339 58260 99
12095553 67340 24
1293473 51996 6
12095679 383708 10
12095718 452492 69
12095897 49760 92
12096178 451865 91
12096643 1621 87
12097175 352627 78
12097342 104829 51
12097464 36476 78
12097578 101602 76
12097748 228656 49
12097880 295714 36
12098040 383367 22
12098044 226497 34
1422550 261451 20
12098152 85429 74
12098413 324240 50
12098581 194014 49
12099544 46497 21
12099559 98513 14
12099851 8726 86
12099911 170839 84
12099933 17121 65
10719437 293393 26
3014308 139147 14
12100698 672741 56
12100800 34680 83
12101231 265798 93
12101269 97506 83
12101436 246283 22
12101469 52839 8
12101942 142031 31
12102258 278563 93
12102390 627895 92
12102441 168670 49
12102491 174013 51
12102520 227444 71
12102643 1503484 17
12102693 322613 43
12102841 148093 27
12102941 121255 97
12103047 248730 91
12103084 58039 32
12103523 90056 53
12103536 40834 96
12103735 1289901 89
12104044 308695 92
12104151 654 23
12104241 305554 86
12104385 335647 85
12104399 99995 87
12104526 35963 14
12104945 326270 38
3465459 152252 76
12105344 270893 22
12105375 152827 2
4077269 450824 59
12105667 622554 4
12105851 84856 61
12105950 76850 4
12106106 295602 85
12106312 17883 3
12106454 153227 92
12106498 233492 57
12106600 181344 18
12106630 76395 14
12106644 188217 6
12106798 51430 12
12107271 103482 76
12094000 613962 76
12107659 25027 12
12107720 215091 8
12107898 475107 66
12108223 136229 55
12108380 99466 75
12108412 146805 53
12108430 95154 78
12108470 65063 82
12108533 24015 29
12108574 701353 38
12108947 190662 49
12109246 92190 100
12109395 2752351 11
12109535 410310 58
12109638 339734 40
12109683 37506 21
12109787 715442 35
12109936 436243 13
12110442 52283 89
12110461 236667 67
1422483 54559 3
12111183 51361 15
12111194 144659 45
12111323 58553 57
12111686 36472 38
12112017 51187 73
12112056 746095 100
12112181 1404 56
12112378 225048 69
12112421 5574 41
12112645 346740 78
12112827 193147 60
12112842 22248 59
12112995 48888 4
12113016 93136 51
12113547 157952 69
12113616 177027 46
12114222 95424 13
12114232 392254 59
12114257 21574 65
12114447 349477 33
12114513 1286304 12
1974594 362166 60
12114666 5469 29
12114689 333384 89
12114952 119556 26
12115100 49453 59
12115310 701926 8
12115348 123299 31
1428359 76693 96
12115473 193101 74
12115661 292923 17
12115808 71288 57
12116062 12037 35
12116152 132026 63
12116555 41911 77
12116641 182040 39
12116711 98440 36
12116763 37190 82
12117147 48996 51
12117421 176863 48
12117442 365698 65
12117496 95422 63
2171287 58040 29
12118505 450818 30
12118553 702189 48
12118596 178308 76
12118678 408278 50
12118681 126762 71
12118728 46845 58
12111010 105418 59
12119242 16182 43
12119408 88039 51
12119504 447493 85
12119515 38891 76
12120003 218110 45
12120098 177264 25
12120330 325747 28
12120425 48010 37
12120436 37722 30
12120559 671051 92
12105157 121957 51
12120812 363403 93
12120994 316509 56
12121117 196319 64
12121158 43950 100
12121384 345263 1
12121497 159430 57
12121770 110314 47
12121889 101653 60
12121900 43404 41
12122006 294887 39
12122470 100677 63
1424922 603787 22
12122629 332062 37
12122762 50519 60
12122892 943223 44
12123062 434300 77
3465405 56469 28
12123406 323880 34
12123450 98162 81
12123595 112305 6
12123613 101380 55
12123850 371696 38
12123932 43403 54
12123943 22782 79
12123980 223921 67
12123991 127421 41
12124041 50088 59
12124234 1017587 55
12124286 106407 13
7833921 48506 73
12124496 93763 84
12124716 340407 16
12124866 150755 8
12124874 687554 6
1540002 92198 66
12125365 35459 74
12125416 144131 63
12125881 95103 97
1424968 52190 47
12126361 36679 2
12126384 639183 78
12126530 222334 3
12126689 58369 13
12126739 190194 6
12126890 424827 91
12126922 43834 60
12127463 803747 30
12127594 50642 84
12127772 205334 45
12127913 213157 88
12128655 65891 88
12128767 318363 71
12128813 179738 79
12128970 396954 88
12129089 310851 95
12129115 53520 37
12129270 154579 82
12129345 37582 42
3157123 505714 23
12129633 15333 74
12129637 551986 12
12129703 330444 50
12129949 157454 55
3465500 232010 29
12130515 1071981 78
12130702 65975 79
12130740 99705 18
12131333 132685 94
12131466 50641 48
12131588 41541 11
12132203 51994 15
12132315 35776 65
12132499 139708 80
12132721 218418 77
12132761 365151 18
12133663 397493 10
12133887 8207 68
12133932 339475 45
12134179 105473 7
12134204 625241 77
12134224 97972 1
12134248 13194 13
12134252 316682 17
12134474 547734 59
12134534 1488841 53
12134702 53190 15
12135016 366606 88
12135563 108436 30
12135674 54826 37
12136335 5465 52
12136562 461308 48
12136770 729545 82
12136839 240412 95
12137167 189168 94
12137567 616661 48
12137796 101649 23
12137871 479262 43
12137918 929854 18
12138232 207674 44
12138318 52000 37
12138438 68451 86
2158477 271220 80
12107114 149455 51
5567965 620595 60
12138946 213724 80
1422484 94105 76
12139298 218797 17
12139310 651951 86
1424803 218185 7
12139480 79193 13
3997097 43218 77
12139862 423710 97
1422485 326800 15
12140130 138264 17
12140415 224513 84
12140547 117485 96
12140567 36989 96
12140699 188375 80
12140745 493376 37
12141355 92649 36
12141583 687846 26
12141842 139146 59
12142051 170726 17
12143511 336722 44
12144318 484370 58
3216340 231777 42
12154808 338572 85
12160097 93764 17
12161654 842005 38
12166638 137994 34
12167145 176652 70
12173904 98663 76
3997098 218436 60
1425422 213165 40
12174843 324498 12
12175612 346092 71
12176195 340923 54
12181496 39297 92
12181535 137823 45
12181539 231113 80
12181915 93168 80
12181919 235856 79
1424956 38479 31
12181944 287360 98
12182037 185072 14
12183214 345527 19
12189145 101600 80
3573354 705121 91
12191171 76396 23
12191177 121061 42
12120814 51519 68
3674148 52567 68
12193696 222733 13
12193731 92138 91
12199180 104224 94
12204214 142164 71
12205415 16409 76
12207628 499885 22
11858307 39296 82
12211314 340671 32
12216893 98796 23
12222359 192468 89
12223078 29920 60
858048 528987 35
12242423 102967 49
12242444 43032 69
2171288 164511 10
12245220 72375 32
12246689 47367 77
12248004 57569 86
12248678 52403 11
12250532 1041231 39
12251000 134124 91
12251313 323373 22
12251444 51424 41
12251525 100177 66
12254249 117470 14
681380 67999 74
12257102 363944 34
12257638 94589 9
12260538 193650 63
12264798 201912 15
1718878 99329 95
12271439 155437 7
12275175 204475 6
12277998 44178 36
12283693 9519 16
12285427 538653 36
12294341 150039 93
12302226 40040 31
12305206 428907 95
12305890 112008 84
681381 50033 54
12311674 52724 79
2163382 92718 54
12324151 189500 62
6969985 276324 30
12327353 47040 56
12332440 86015 63
12332446 2856 82
12333266 445147 74
12336918 20836 38
12337316 1097010 94
12337329 132286 71
12114274 138393 12
12337711 464494 50
12338016 36589 79
12339541 94380 35
12346388 234127 3
12348539 580659 45
12348971 220722 98
12349221 43617 41
12349612 312775 1
12350531 338860 68
2442820 84855 42
12350666 3924 10
11521082 191879 17
12359061 202546 3
12368489 47364 24
12374771 95098 81
12378471 202483 55
12380221 99519 80
5625170 545420 29
12385097 281986 47
303055 46436 27
12389841 862062 21
5695681 117555 40
12392899 57299 95
12397883 228463 13
3964637 19415 97
12401974 94446 74
12403409 325865 36
1673171 51188 47
12407131 84824 85
12409441 864661 94
12415089 71955 79
12416512 50846 54
12418536 129322 16
12424514 285750 55
12428659 98990 71
12429148 164775 44
12430583 62332 74
12432683 464379 79
12445130 164839 100
12446329 243827 38
12446500 111874 7
12455756 103866 87
4317031 192373 53
12500746 237960 65
12504003 568165 84
12508095 393842 18
12509168 222336 16
12520353 1336664 58
681395 107619 57
7739370 91103 20
12533903 327613 71
12534428 505652 84
12542181 961614 72
183830 131049 30
12544003 17881 97
12544967 74931 92
12547086 80515 55
12550083 55923 48
12553776 180683 25
3195211 117506 42
4241627 43100 66
12558255 52444 20
12558266 98092 99
12558384 86649 38
12558459 107878 12
12558549 554805 45
12560414 148448 86
12139871 130283 52
2559778 224633 59
912528 199191 55
12570431 390788 10
12571380 83568 64
12573975 328586 17
3677370 226406 70
1428360 194270 21
12577467 115808 13
12577633 296411 66
12578217 215666 32
12578228 60040 97
3963024 597428 56
12580540 307149 33
12580556 84327 58
12581531 313932 84
12369122 18888 5
12582634 104605 63
10621547 72376 6
12584382 37294 17
12584787 470580 80
1429978 52570 7
12367548 177127 81
12589216 135883 81
12589243 248635 56
12589865 337567 81
12589965 132379 34
12590087 43804 43
12591380 149474 6
12591854 332018 11
939125 325244 34
12593851 653 6
6513775 754170 47
12599481 80893 14
12600133 892292 76
3997099 65703 86
12600446 901052 3
12603123 231641 7
12603421 121189 54
10621549 51277 46
12603639 901051 59
12604628 104678 45
12605922 263436 49
12606453 96482 44
12606690 130949 11
12607669 36179 4
1430734 45502 1
11714777 212059 64
12611379 146736 98
12611683 62429 24
12612731 214371 20
12612770 64945 17
12612891 57093 64
12612968 207244 80
12615514 331403 82
2157954 524081 34
9556497 104229 35
12617567 72676 48
12620606 209912 60
12620991 56781 55
12621296 16954 51
12622100 233431 53
12622106 328519 83
10621639 312624 37
12622126 46169 49
12622471 339993 24
12623180 56306 54
12094329 602409 72
12139864 289323 40
12624910 135244 99
3465513 77552 75
5625251 46681 2
7833966 41921 39
12628391 102223 27
12629347 330067 37
12629894 54186 22
12631106 133581 36
12636993 37672 13
12637277 308688 63
11858460 512855 83
12638518 67174 71
12642511 98897 22
12660094 126148 36
12660116 252442 28
12660145 121586 68
12662930 77324 18
12663436 53473 15
2482639 328942 90
12664165 130414 45
12664287 54525 25
12665939 409740 97
12666299 80182 3
12667260 170566 94
12667477 341221 75
12667760 1401 76
12667969 47126 79
1715431 570370 72
12669562 47642 38
12670273 360550 47
790825 1056326 5
12671627 92197 16
12672276 21169 49
12674084 154866 1
12137445 109290 17
12675253 51649 50
12677501 109460 83
12679266 325610 24
12679308 863726 90
12679913 41906 29
12679982 314744 34
12680186 92099 71
12682778 17050 54
12684413 215088 86
12685756 271960 87
12685765 158339 13
12685811 90495 13
1434729 89007 41
10960571 460478 28
12691913 269786 8
1425423 5159 88
12693201 18112 24
12695026 153107 76
3997100 1630 69
12696264 95100 53
12697871 16633 18
4493182 18252 10
12699351 80421 1
12120815 64173 76
12703117 620346 19
12677349 1546664 49
12704465 215182 100
12704573 97705 52
12704669 163738 47
12705097 163884 95
3465434 124625 25
7920621 249707 60
12706225 39291 14
3573355 40039 73
1425424 154625 68
12709004 142067 93
12324221 321609 93
12713019 2051 33
12713604 117044 26
12713653 51523 40
12713851 179588 63
4241629 240413 13
12715952 4412 54
1422487 152377 56
12717316 98894 53
3997101 50954 99
12719140 92865 18
12719200 269785 92
12719232 312584 48
12719309 93376 93
12720255 56237 55
12139865 148382 38
12720501 94516 20
12720581 238003 27
12721287 58968 92
12721383 219936 96
1293474 43216 99
12722308 75546 36
3997102 50953 48
681396 110130 82
12726615 65259 90
12728772 218112 11
12728789 197434 83
12605523 322951 88
1426936 40038 8
12734779 188743 62
12734785 140106 64
12734979 6243 16
12735395 102919 20
12735497 187665 71
12735765 328979 77
12735780 216026 31
12736110 881533 99
12736243 160825 41
12738691 121059 33
12739127 327597 74
12739787 117096 40
12739795 44159 84
12740423 189268 15
2899299 37923 70
12740819 19587 49
12741002 152826 66
12741494 141926 90
6255342 121326 94
12742870 259952 52
12742876 220555 81
12119049 54585 89
12744193 226288 96
12745175 340531 42
12745978 40899 36
12746139 288091 67
12746216 870863 3
12746773 236759 60
12746930 859467 57
12746939 385570 91
12747512 224515 41
12747938 333654 48
12748217 35464 66
12748743 5598 39
12749291 45765 6
12749853 66524 21
12751564 500374 79
12753967 53912 65
266952 79062 77
12754677 862267 49
12754895 220544 27
12755509 340925 36
12756958 208330 40
12757827 21008 2
12758987 322788 24
12759369 60116 9
12759377 51078 75
1428361 57676 59
12760779 102748 100
12760842 39298 52
12762710 8613 77
12764066 131781 20
12764911 54269 76
12765837 139100 99
11977449 142166 99
3573356 53235 27
12766143 613335 4
12769808 92648 5
12769925 530058 98
12770817 238362 94
12771267 542638 59
12771326 11038 90
12771873 223608 90
12773432 54866 91
12773772 79283 70
12774954 153674 56
12775419 74327 36
12775542 323169 17
12776419 103631 93
12776474 1402 18
1424033 96241 82
12781916 100356 67
12781920 341572 78
1392488 41925 97
1423444 190353 14
3880380 237605 29
12785149 157427 95
1427221 187524 56
12788109 651 63
12792188 52284 36
12797033 105189 10
12797652 261454 27
1429938 219479 33
1293475 54415 6
12802838 216891 77
3465415 145107 3
12807235 102808 13
1425425 39293 19
12807704 608579 78
12809316 32026 68
12809367 54018 38
1428333 52666 98
12815499 36588 98
12817098 1339 2
12821752 104743 23
12822411 60295 76
12822528 290225 66
12823016 126730 14
12823072 103059 25
12719142 72380 37
12823485 249565 58
12825314 100133 25
12825726 48345 54
12826686 225052 18
12827555 387913 32
12828574 486996 34
12829007 103377 93
12830352 62880 28
12830841 109099 96
12831254 22144 71
12832210 1625 98
12833575 98992 72
12834261 324840 15
12834803 56377 77
12836569 110845 74
12094463 92825 45
12838142 135706 40
12839582 463421 37
12839727 403728 18
12840164 51719 5
12840615 307580 37
12840625 163239 6
12841283 468523 27
12841712 84112 89
8090405 338369 16
12846556 88202 34
12848188 282560 25
12851979 139148 40
12851984 42504 88
12852560 173571 10
12822413 94298 81
12113281 309694 23
12861094 288536 56
12861505 2142 15
12861769 209913 78
12865611 480440 6
12866160 99523 37
12869437 109556 35
1281063 6351 67
12869981 199398 50
12871879 323633 19
12871887 41577 35
12871893 85355 21
12872888 91515 8
12874297 146557 18
12874852 361228 77
12877460 97378 25
12878588 251768 41
12879683 538876 73
12880559 5466 88
12881190 580476 89
12881630 654165 10
12883318 266066 74
12884072 338371 76
12885106 5462 43
12888138 17884 40
12888695 366605 99
12890530 43405 24
12892977 553948 34
12893296 65893 43
12893557 95476 46
12894017 18042 35
7279557 219894 34
12898405 333822 40
12900285 52568 18
12900478 225805 77
12901454 35921 77
1755527 150268 32
12902176 17879 2
12902369 34683 9
12902605 134384 5
12902719 74792 40
12903732 47365 38
12905634 102870 44
12906976 201264 30
3465472 61752 40
12908916 502911 29
1540003 156164 23
681382 21713 66
12919534 69002 63
12919575 90336 92
12919743 319308 51
12921780 651676 1
12924288 162201 24
12929864 433119 27
12932534 58192 46
12935283 209342 50
12943127 629480 16
12949674 255374 92
12953634 213509 100
3465462 216474 29
12960467 261141 82
12960795 78187 57
12961219 374496 63
12961708 17882 19
2266207 70134 44
678236 512930 83
12975405 393094 47
12979517 207727 16
12127466 320856 31
3573357 95894 72
1428362 281607 99
12997015 242693 18
12997641 9967 99
13008832 50514 50
1293476 165133 58
13013390 54618 67
3191224 189085 75
13014388 627521 73
13014552 76285 76
13014760 284693 43
13015254 248487 40
182959 35679 27
13019305 233106 97
13024436 201485 56
13030625 123905 8
13036343 162976 62
13036414 99584 71
3465444 78774 71
13038936 434445 4
3465466 13193 24
13039463 51524 7
1428363 62428 71
13042022 214916 94
13052973 25028 92
1423445 34875 90
13054565 124131 38
13059738 91462 50
12723907 157102 11
13065137 571365 49
3573358 53403 81
13070325 21893 47
3465473 146125 14
13072592 277547 87
13078289 367521 4
13080382 361706 3
12087570 56780 49
1733633 873005 84
13082450 42323 93
13082480 1083423 46
13082823 624560 39
1425426 51431 70
13083720 225053 47
13085765 87261 25
13086980 72378 55
13090240 445641 56
13090830 316558 17
13090874 256121 55
13094808 323991 62
13097143 295146 89
13097512 218293 13
13099219 893149 6
13103851 141402 14
1293477 305811 50
562492 93143 82
1286124 5545 38
13108609 216360 47
13114156 22252 68
13116393 117648 72
13116735 323562 26
10719439 41923 95
13120161 341365 66
13120480 2731 81
13121745 90671 95
12111001 344676 24
13126213 216942 40
13135922 189088 85
13139617 100270 58
13140116 10348 24
13181873 17120 45
13197182 59525 17
13198181 21101 51
13199552 121844 91
13199627 93320 41
13199800 392706 61
13202555 72602 97
13214768 803556 89
14353391 49392 28
14461453 99583 37
14603595 54527 68
14634794 22250 8
14664773 1021727 45
14673176 328780 8
21778737 232110 62
21850290 109872 50
21851798 96438 26
7138464 160826 97
4058646 227199 83
30321083 342011 66
30336974 101898 94
30351283 164414 16
30487980 75379 55
32619951 277557 44
32620430 249951 99
32621178 945152 76
31064029 94643 76
32623508 97670 93
32628470 109598 19
32628562 189310 26
32629355 100868 17
32629664 21710 98
32630068 390357 35
10339042 68554 85
32631091 276394 1
32631528 413949 77
32631718 122868 34
32631778 97167 41
32631950 100477 94
32635112 1413 1
32635749 102103 95
32635775 246644 75
34915574 63684 25
34915632 128344 22
34915672 100560 11
34915715 19408 14
34915737 121135 24
34916117 353126 37
34916264 391819 40
3465515 328834 23
34916502 104402 82
34916741 226083 26
34916794 62851 83
34916845 126373 39
34917000 147398 42
34917228 41515 67
12139873 211750 14
34917324 218351 86
34918192 98664 55
34918776 363721 55
34918871 135079 63
34919160 53548 96
34919350 105965 61
34919479 311447 36
34919741 397001 46
34919766 305870 93
34919794 1041305 48
34919951 325650 19
34920041 1407 52
34920081 219825 24
34920102 1420505 48
34920272 817482 46
34920297 744938 72
1434738 457076 42
34920399 219109 11
34920926 56166 74
34921050 508258 3
34921116 388788 2
34921284 395464 92
34921296 339672 50
1422491 162832 97
34921345 1443237 63
34921486 109361 58
34921828 1466947 22
30607069 537634 25
34922585 96041 34
34922789 192081 88
34922799 598161 66
34922800 508837 32
34922846 102963 17
1425429 209388 66
34923029 95716 92
34923214 413066 91
34923307 43952 46
34923782 100091 17
34923849 402991 45
34923873 527171 35
12665942 152034 44
34924341 54014 73
34924400 99899 1
34924482 643666 56
34924683 40042 98
34924686 93818 34
34924808 330581 34
34924858 381839 7
34925132 191088 80
34925141 373264 88
34925212 1608905 86
34925535 292870 98
34925742 334001 95
34926745 8902 39
34926826 202586 83
34926955 364504 9
34927026 445273 49
34927276 867739 66
34927817 52569 48
34927877 70616 61
34928932 54314 22
34929062 290827 73
34929312 51069 73
35388994 107816 93
4493179 133317 6
4231694 73593 20
3465442 321836 3
3222991 48130 25
3465421 220313 77
3222995 200342 100
12022092 56307 70
39228071 251760 24
30679194 393843 74
39228624 630970 26
39228739 1607 3
39229231 44907 87
40201127 314657 29
12760784 963507 19
13117775 117507 36
41334757 307295 36
41672453 40952 49
41683960 430458 47
41685334 119881 64
1423453 51648 68
45243774 50850 75
45251037 655233 33
45252982 226585 28
45254139 221648 81
45254884 331279 43
45259562 146129 82
45261648 72775 59
45263268 56115 90
45263380 174481 68
45265844 120746 92
45266319 41927 6
45267897 65892 38
45270919 96666 99
45272302 1405 69
45274368 394571 94
45274991 172188 2
45277142 216889 35
45278392 276154 53
45279658 290916 7
45280327 64126 37
45280655 46551 10
45281118 109955 23
45281740 782949 55
45283768 144278 73
45285369 213164 86
45286494 253506 67
45287653 98720 76
45287857 53309 63
45287965 9625 3
45288571 199936 100
45293651 344720 93
45294644 578078 94
45294693 573797 46
45294852 212417 72
45296478 354986 80
45299472 377298 62
45302066 47366 61
45302128 170047 7
45302535 1025079 92
45303412 62883 35
45305134 981950 100
45305187 30906 64
45305554 79928 88
45307610 1198727 16
45308038 783658 51
45308061 343905 76
45308358 139588 77
45308406 387017 77
45308842 324698 97
45309058 341573 53
45309387 345113 66
15543032 707211 33
47022029 35265 95
45990786 312773 88
47904529 330019 37
47904531 2765 67
47904532 333406 9
47904533 57951 10
47904534 54271 89
45990833 72968 75
47904535 36838 55
47904536 141995 35
47904537 208721 50
47904538 424319 76
47904539 51067 50
30622172 243050 60
47904540 698348 70
47904541 42697 7
47904542 5455 65
47904543 173390 94
47904544 1193911 19
47904545 674552 89
47904546 831766 81
47904547 173213 46
47904548 35775 62
47904549 83928 22
47904550 416172 61
47904551 298977 20
47904552 53045 32
47904553 32118 57
47904554 32818 51
47904555 132378 16
47904556 196389 47
47904557 396746 34
47904558 338364 33
22216977 104463 57
47904559 1516 77
47904560 219935 68
47904561 54660 50
47904562 142972 53
47904563 119439 99
47904564 815750 95
47904565 213366 88
47904566 406216 94
47904567 1040876 20
47904568 332395 16
47904569 208730 54
47904570 36067 25
47904571 221362 87
47904572 343495 8
47904573 43033 20
47904574 43643 12
47904575 500847 9
47904576 150607 1
47904577 144350 86
47904578 95545 57
47904579 161171 48
1428376 141377 45
47904580 121325 14
47904581 52925 24
47904582 317432 44
47904583 158675 67
47904584 296890 44
47904585 927792 28
47904586 186204 78
47904587 112085 76
47904589 217005 50
47904590 952720 86
47904591 284569 13
47904592 927693 47
45990834 51594 61
