11030004 664209 47
5194 46923 52
11807451 660082 53
11821228 3243561 51
11830487 1569101 62
11833301 873855 6
11881886 2247311 13
6846060 3197347 98
11932049 93713 12
2270190 186800 4
12181242 3479287 100
12200745 1578370 93
4958599 3115940 68
13281608 358949 86
13289892 52230 76
13297205 13297224 34
13305533 3500734 76
13328972 683285 19
1708824 218570 79
13348200 1153297 12
259399 389338 92
2309154 297209 23
3482116 2390750 6
3525944 99326 46
13354230 102744 26
2279424 690734 13
13354533 35965 95
13365138 3355976 5
3958480 629990 94
13367040 172043 10
2534717 1337220 93
370723 901602 6
13369439 446268 74
1676230 86551 25
339234 929449 61
13372045 328836 30
754234 832046 78
3610614 158182 64
895911 376406 48
13392536 926851 26
675177 763413 45
13394151 219824 25
13394706 1948624 76
13396193 160243 73
1401881 1672078 90
675761 103289 29
13399146 150171 57
13400053 515800 46
13401485 94381 53
4970437 2216711 26
6540744 597614 25
13405406 616442 74
13405908 701157 82
104454 336601 19
13408646 631823 68
53220 219939 12
13409944 4847932 53
13410020 952806 28
13411105 765034 78
13411166 192468 14
3693900 321996 13
13413026 961052 75
96527 324242 68
101476 21890 86
7047742 4093262 11
650446 634573 55
2992998 1031139 45
10627013 405548 58
13422336 167461 85
13423676 54895 95
1417708 252340 14
13428807 136674 94
13429168 272202 94
13432268 848478 94
13434943 3245126 12
13436089 3056418 14
13436219 760153 4
898189 369159 58
13440176 3009798 92
13440500 1805689 42
13442947 56927 73
13443786 2511601 43
1401887 333452 60
13444300 470118 13
13445927 487977 49
281648 500441 33
10599708 3060797 75
13478840 3108317 89
13479292 898233 90
1396321 9157 47
13481162 2839693 98
13481412 226585 70
101800 142500 71
13482692 1898726 17
13483259 1652509 86
13484008 219835 65
2912133 327533 25
13486650 1047216 12
13487148 4458585 52
2198146 324500 61
13487790 23549 86
10485547 862845 59
13489554 994688 100
2127730 1561842 6
1584481 1034649 55
13491613 352443 28
3842259 2752728 94
13492325 2145493 83
13495668 2268646 48
13495983 2215257 73
13496562 73480 67
13496636 332550 87
13498911 3671437 7
13499918 328784 66
13499942 638552 26
13500019 2508851 88
13502024 4864087 58
2543611 214709 50
13503137 971039 22
13503594 103065 8
3124955 877591 56
660598 306764 77
672805 1415712 6
13506653 542064 12
13507227 387758 59
13508412 4175655 23
13508505 2071922 85
13510147 1365408 2
13511637 51779 36
4902135 4902148 2
13514170 774293 14
13514427 1870304 23
13515567 3757828 45
13516333 334614 32
13517188 383150 30
13521164 870490 24
2127732 404195 83
13522355 54423 52
14138035 405439 63
14204414 325024 87
157882 340139 80
1394323 1452826 79
1867730 333069 46
3509283 800273 52
14279908 2901952 96
14289317 139279 14
903244 556808 82
2270195 1040912 57
2478426 111529 57
14364056 880388 90
281649 791075 61
14493121 2502589 1
922441 1708579 39
13502371 202842 32
14529620 110342 25
14534008 668961 10
1662699 1222488 19
14565747 1462986 20
4979123 2005898 81
2198148 2751390 57
2270965 2537860 43
14640220 151767 29
903332 1067299 33
14647586 3072592 74
4730132 4731861 77
14668187 262005 17
3010179 347813 82
14704339 240649 38
3520338 2561373 5
14918928 873888 64
14923887 5047718 57
14928248 137477 82
14929465 270892 55
14961991 3079465 54
14968769 2937161 29
14974645 3193041 16
14975762 174541 57
14978258 1150243 11
15026643 19308 51
15037111 1391405 48
15039851 59973 90
15043069 258011 88
15067188 4012901 15
15069909 721721 57
15078293 349870 64
2484903 1667849 80
15088717 149569 67
7789153 392356 96
15100344 1676717 25
15114321 831182 45
15116119 126924 77
15126303 1206010 13
15148756 2312983 55
15162347 660992 21
15165218 3469333 58
14896782 2153289 18
15165684 671430 65
15167680 3389139 37
15181064 3721504 66
2954109 3482125 50
15181844 3164752 47
15181886 10123162 22
15187747 3975970 12
15188354 1247695 58
922443 1531766 45
1396326 608237 61
15193119 8005615 9
15193776 563581 36
15194236 3929690 100
2564418 3205637 32
15197566 2388140 55
15197840 1918367 6
9819897 4952130 12
15201155 2720185 47
14654933 356557 54
15206746 6436812 10
15208901 1187076 37
15210712 3344766 11
15213105 442792 24
922444 878816 51
15214987 1151797 12
15216230 5002454 93
15216336 6248066 57
15216388 2269265 70
15216780 2295386 32
15219326 963067 8
2912135 1033320 22
15226917 2545793 47
15227434 887182 66
15227492 363416 81
15229036 9402799 42
15230065 104397 61
15230539 1732838 18
15231900 1301239 45
15232685 472813 61
1396327 2270579 44
15235556 4713051 8
15235728 2301358 38
15239781 4379213 99
15240132 1179390 49
15241254 3434094 53
15241271 1143309 83
15241674 136503 24
15242183 1852914 42
3201419 503443 53
15243044 1005374 77
15243210 12012016 83
15243727 5646253 48
15243843 1416855 4
15244319 339427 31
15244644 1719273 25
15244824 840720 55
15245001 7939749 3
15246099 4230125 69
15246544 4310683 73
15246560 7961465 76
896323 1708520 52
15247276 4079985 77
15247286 1515930 25
15248361 567077 73
3621826 562694 80
15249020 738834 94
15249387 394895 55
15249875 954070 21
15251268 1776864 65
15253698 160371 42
15254434 1396429 95
15258752 715257 32
15260700 875676 61
15262632 1498783 24
15263441 3305731 27
3019592 563805 66
15318573 143626 52
15338007 3345661 75
107593 351971 99
13522413 41916 24
15440737 934417 66
15460351 101439 97
15460726 414007 97
15536210 678244 81
15536255 1058590 13
15569559 323694 62
511949 333749 34
511950 1207176 54
15586371 1333993 60
15592099 871589 96
15599547 1574058 67
15664823 4353026 3
21616087 3622607 85
4693130 3154455 86
21715617 3639571 37
21765906 883268 5
21942169 394365 49
4987208 1235284 8
22020762 459674 80
22050645 1002539 78
22088006 557166 36
922504 1731190 10
22129924 900747 12
22156476 698363 5
22173565 988616 31
22072994 2766114 81
877016 1694186 11
22196795 255152 41
22201689 344516 83
13479398 3204622 53
900615 1711006 3
22215901 4053227 62
790016 1425675 51
13522428 1343927 2
22234961 4789915 69
22106987 22107010 2
789982 481242 47
1867732 764203 41
22268867 503159 48
15536936 3411140 9
22271279 1004635 72
22060689 293465 90
22275154 1026098 84
2871587 2628134 50
25396465 2875476 68
25396505 302674 2
25401163 539495 66
25402694 10951292 58
25402784 220366 80
14344102 1707979 3
25453022 2561441 92
1207175 460736 41
28781783 100563 29
28781795 352020 52
28781860 902063 17
28782982 97419 75
28783472 2289607 76
28783654 1180513 21
28783681 481265 12
28783757 208028 91
28784358 3359711 92
28784544 672053 99
28784606 1653516 24
28784777 1510673 60
28784782 345956 36
28784822 906957 18
28784849 370216 41
28784865 186118 65
28784995 1002 40
28785191 662886 50
7780833 2457476 75
28785727 3118335 25
2564419 3205668 45
2564420 3205708 32
13522429 1937539 65
22252482 1145487 79
28787047 63457 95
28787155 349106 96
28787215 13085 18
28787730 315877 64
28787986 1805854 60
28788039 1416680 11
28788077 694194 60
22254922 775058 68
28788132 60455 18
28788171 700417 8
28788308 466374 38
28788358 1579420 40
28788378 425778 78
28788555 385537 63
28788579 217376 17
28788652 2479476 84
28788717 161358 72
28789093 3288617 81
28788964 533027 76
28789173 586485 46
28789238 221881 44
28789260 871199 13
28789495 1745811 98
28789601 13044490 87
28789852 848605 43
6482443 1923595 88
14669750 627812 30
28789937 5344231 83
28790107 2410326 83
28790672 41934 1
12069331 3693638 26
28791221 1660464 29
28791445 1180444 21
13498528 2329355 99
28791446 5046827 21
28791607 933930 71
28791631 2270702 39
28791742 453762 52
28791787 291720 46
28791838 312776 70
28791935 946161 81
28791959 148092 8
28791975 1657773 19
28792064 3368163 89
28792088 1021877 93
28792336 1811933 90
28792814 668958 87
28792902 17881 69
28792922 224740 39
28792935 394859 36
28792949 452688 5
28792976 448219 22
6482444 3977603 89
28793093 506145 79
28793118 745356 11
28793217 2629666 19
28793248 99045 20
28793347 191421 42
28793586 1625566 27
28793599 1164861 2
28794079 1976073 70
28794354 447368 14
28794452 4409731 57
28794537 139438 31
9569905 5939887 99
28794781 641036 70
28794921 2780458 6
28794958 923920 83
28795916 451573 94
28796005 598805 30
11809316 349701 42
28796265 741785 91
664444 337017 77
28796857 1852188 9
28796948 95891 1
28797056 219723 39
28797455 117961 91
28797509 1086076 62
28797758 326970 53
28798754 1638179 100
28798907 193339 73
28799005 92867 40
28799057 1021730 92
3841987 291849 62
28800756 502287 47
28800765 1056554 36
28800769 2127551 58
28800773 688811 9
28800798 886398 71
28800829 83296 52
28800920 2119998 65
28801172 169956 79
28801299 634725 31
28801345 1198356 6
28801794 1673244 85
28802021 83933 38
28802400 2415006 37
28802498 162845 47
28802777 129285 49
28802798 363293 22
28802813 2773970 70
28802816 21573 21
28802878 1098806 35
28803008 1573219 47
28803392 591305 30
28803429 507447 27
28803597 2307056 37
28803945 1605477 55
28804009 598697 14
28804177 807289 80
8132690 222066 81
28804446 2203855 70
28804491 226189 13
28804499 116950 50
28804505 3853216 15
6846068 1498463 92
28804875 100906 91
28804972 1157886 27
28805891 512876 81
28805918 677910 29
28805950 1104618 13
28806070 2693776 69
28806150 363403 22
28806205 1667149 51
28806279 1029091 39
351694 940111 57
28806674 863767 62
28806705 272437 80
28806710 707211 35
28806740 332574 38
28806758 236760 26
28806785 5749 95
28806825 131781 25
28806832 343902 15
28807086 1407780 85
3478958 3040896 1
28807602 1085996 100
1579703 798387 6
790864 1579714 97
13502336 685610 75
28809141 65479 26
28809179 1428817 65
28809407 1605654 68
28809499 430459 52
28809589 512145 38
28809591 1560388 72
28809596 996286 9
22039165 170914 53
28809648 7845203 90
28809880 100091 40
28809966 205717 26
28809972 342794 54
28810045 1081138 1
28810097 213071 6
28810127 37362 57
28810147 70535 87
28810228 1429090 100
28810421 716031 90
28810454 2435215 39
28810651 22247 65
28810659 593052 84
28810666 108878 89
28810713 51834 36
28810760 863824 56
28811038 396383 13
28811056 339645 87
28811069 92428 75
28811086 910140 98
28811158 1321688 36
28811200 218183 61
28811286 624723 70
28811320 698688 43
28811325 1087841 46
28811333 318901 6
28811532 1680602 26
28812216 1785574 54
28812317 1198303 56
28813501 1381207 12
28813588 96437 74
28813600 105683 15
28813912 2409675 25
28814003 94745 100
1577096 2408350 90
2123929 212532 92
28814609 6743989 9
13442949 674089 38
28815150 2812 21
22285278 659932 79
28815467 3178276 37
28815586 962352 18
28815700 898276 11
28815726 163392 71
28815972 656318 100
28816064 1510730 26
28816690 1754373 10
28816700 332578 92
28816800 1711974 13
28816812 2024392 72
28816820 112766 71
28816829 394768 10
28816836 53115 1
28818046 2297692 93
28818145 1776423 69
28818340 393971 49
2198184 356716 29
15536755 1304086 22
28819328 25364 74
28819369 98896 88
28819486 1126337 12
28819500 1394807 41
28819582 463743 39
28819693 363578 21
28819724 5968194 9
28819980 399701 67
28820032 160655 58
28820090 5380824 59
28820106 15060843 66
1579431 1829591 93
28820649 4874092 31
28820857 27698659 64
28820906 1715116 6
28820918 992168 21
28821090 2657942 79
28821218 2071534 21
1796624 1455801 20
28821670 831431 15
28821693 216887 33
28821791 1402392 91
28822155 2120827 67
28822179 809900 85
28822698 2220397 91
28822918 659192 57
28822943 487947 61
28823318 1263604 21
28823532 442848 11
28824562 1353426 55
28824672 2460987 37
28825445 1707413 87
28825457 1437750 81
28825488 1065171 58
28825553 653905 8
28825619 219887 28
28825630 234444 12
28825717 1204008 43
13522430 2108031 27
922454 1731034 59
28826245 1277391 15
28826784 107625 62
28826844 863818 12
28826869 158339 45
28826877 1403982 36
28827088 332425 20
14923186 2220104 1
28827327 1342693 40
28827711 392049 88
28827800 322302 93
28827980 3563917 51
28828009 3086753 11
28828086 930130 10
28828522 301235 84
28828524 2876110 97
28828598 3389819 58
28828742 2991247 27
28828983 107144 91
28829117 2620778 68
28829119 333691 76
28829153 1026304 67
363483 346917 69
28830236 652871 63
28830432 94963 89
28830502 2204357 67
28830512 88039 30
28830591 2656205 98
28830618 94291 63
28830631 550718 38
28830641 98034 26
28830653 669996 50
28830712 657957 98
28830724 3669575 33
28830772 857913 60
28830807 2655976 36
28830830 648325 95
28831022 1687934 85
28831057 6822164 43
1854655 891242 40
28831080 325167 95
28831179 2196850 7
28831275 1076119 17
28831351 27590 14
28831485 34874 1
28831555 2138797 79
28831559 353693 18
28831585 428309 93
28831595 479292 67
28831602 243050 29
28831724 338795 66
28831898 2789300 83
28832110 1500354 51
28832627 3143795 26
28833190 924634 35
28833611 652952 68
28833649 639291 92
28833716 320897 70
28833773 180348 2
28833891 17967 18
28834218 53654 78
28834297 1893196 1
28834316 384172 9
28834347 734036 5
28834361 1000764 77
28834518 247422 4
4460751 1224296 30
390549 1001370 51
28835458 361088 74
28835909 171501 59
28836949 1216584 60
28836999 2128464 63
28837328 2718480 70
3693905 3986877 24
28837404 268128 89
337114 923308 10
28837513 5611485 34
28837651 912494 93
28837788 1396 80
28837886 2267864 25
28837947 322055 38
4995463 454631 40
13522431 851763 60
28838486 1420772 35
28838820 94890 93
28838908 495083 97
28838992 48859 85
28839120 364448 68
28840040 815138 50
28841404 9967 9
28841869 1414522 77
28842281 181346 39
28842447 1521259 30
28842476 2024972 44
28842556 810146 88
28842719 234242 5
28842736 1180284 44
4712519 77789 93
28842754 764188 28
14900699 6557198 60
28842883 2689034 31
28842922 889191 41
28842958 1659889 82
28842969 35682 78
28843029 960935 97
28843078 213164 41
28843096 2989500 72
28843139 861991 50
28843241 360036 2
28843247 299116 8
28843437 53915 43
28843451 649577 60
28843550 226892 24
28843961 3102092 56
28844262 330067 20
2214360 2528058 64
1579469 2438002 68
28844506 2028476 66
28844582 481344 41
28844733 122218 26
28844887 396611 70
28845301 1708584 74
28845565 5074312 58
28846503 964312 62
28846513 1771978 54
28846816 353530 70
2989408 3504249 38
28846946 1074448 55
220431 678849 52
28847940 345205 3
4734929 3923798 61
28848501 51648 33
28848539 205585 76
28849537 322954 95
28849572 313967 81
28849779 96999 99
28850107 550214 51
28821511 975546 66
28850282 4199034 70
28850497 7842108 48
28850522 668282 29
3009945 633762 72
675195 1201614 83
28851850 582703 2
22165780 1736619 81
28851982 1041756 28
28852077 1628133 2
28852446 790538 44
28852463 9766301 85
28852476 1660805 77
9618895 1346013 13
9486170 2787481 51
660660 1401648 76
28854666 3387195 11
28855502 908225 46
28855557 366156 43
28856024 40983 20
28856298 1330813 63
28856369 2051346 68
281571 790731 40
28856948 715417 67
28856996 1977252 12
28857009 185059 69
28857098 700276 57
28857159 1772258 16
28857418 105332 82
28857449 1458590 80
28857487 1095057 88
28857552 105726 83
28857646 573787 73
922635 1583506 92
28857838 318475 72
28857843 440316 61
28857889 1706088 18
28858112 721241 100
28858141 572625 8
28858357 397490 77
28858394 376362 73
28858507 1024530 98
28858526 3149163 88
28858552 889711 77
28858572 1450773 63
28858682 850260 71
28858705 412412 59
28858916 347078 30
28859425 1657721 8
28859607 721886 61
22172682 131815 24
28860859 336924 17
28862978 127306 44
28862998 1921912 61
2270217 2713865 85
14534791 142623 6
28800921 1004880 53
28863585 1260768 27
28864233 1720187 37
28864247 682367 31
28864286 325343 76
28864525 1675050 65
28864644 11713 11
28864663 171458 11
28864744 945467 21
28811220 912675 17
28864843 1566456 88
28864978 2285310 55
28865047 735897 99
2289888 216737 47
28865278 952782 41
28865417 18419 10
28865747 540565 45
28867321 2456397 18
28867348 497836 51
28867547 494208 63
28867807 3308716 86
368792 967989 88
28868821 1485658 19
28868958 4441048 86
28868964 1686628 2
28869060 1462795 91
28869937 2279381 58
28870212 897709 45
28870338 318541 25
28870462 301784 45
28872242 684683 52
28872336 1596889 40
28872480 11885199 3
28872635 1438215 44
393785 890894 47
28872758 1970545 7
28872778 597342 87
28873532 1201038 92
28873710 2513188 61
28874440 572648 89
28874451 5544 20
28735112 656000 42
28875153 549970 51
28876221 332657 17
28876235 739896 51
28876238 316854 85
28876240 938089 47
28876242 1377749 43
28876244 1362401 61
28876274 651678 12
28876310 123300 64
28876465 172771 23
28876689 3019740 13
28876932 806941 64
28877000 2115502 24
1730541 2564445 1
13343038 1777989 14
22275375 7736210 15
28878417 71836 86
28878457 953723 17
15234328 1794617 56
28881781 339832 90
28882269 663558 13
21977106 276032 76
28882535 656052 2
28883181 3535613 56
28883599 38139 62
15539870 956533 38
28883874 848729 4
28883879 554140 47
28883901 203207 99
28883918 585537 52
28883989 156940 2
28884035 46532 50
28884100 471290 59
28884110 122366 9
28884153 2016736 44
28884157 739872 15
28884168 212966 54
28884173 213284 30
28884216 193261 93
28884242 99771 56
28884308 790264 20
28884325 519482 36
3172414 2539897 30
28884341 46845 11
28884452 112008 42
28884473 945445 7
28884727 646600 74
28885035 1918259 61
28885160 1184156 83
28885493 164248 8
28803718 1242534 42
28885638 611939 91
28885655 3424437 95
28888315 2661076 36
28888332 390049 76
28888340 1415332 15
28888353 78118 73
28888360 433867 75
28888551 1439683 46
28888743 1489954 46
28889298 28889321 17
4917489 506201 9
28889374 28889391 44
28889734 1382096 66
28890756 1238417 9
28890760 10679 70
28890957 321611 76
28891031 697817 46
830932 810717 49
2990817 670560 85
28891584 1666239 53
905644 1717542 73
28892052 1408105 73
28892326 909005 3
28892335 165791 19
28892344 352270 37
28892398 110309 72
28892526 105187 27
28892539 841395 98
28892544 102672 39
28892554 445640 22
28892572 1354042 19
28892663 811742 88
3522727 331026 67
28893397 2382596 37
28894299 76284 90
28894409 634665 66
28894590 1654971 65
28894651 901168 39
28894726 2396727 94
28894779 924356 65
28895163 332916 34
28895202 1548249 33
28895230 1723943 49
28896166 6614701 48
678575 1421496 89
362731 961553 7
22123062 37366 57
28896383 4398440 42
28896551 6055227 27
28896722 1431197 5
28897342 890216 96
28898355 80422 42
28898511 394219 54
28898671 224729 100
28899123 3073386 79
28900223 6424188 16
28900419 1592288 58
6837386 1486198 87
6837387 348277 13
28900864 340836 3
28900903 332711 42
28901010 1510945 16
28901058 354943 20
28901213 80807 23
28901403 2205354 87
28902358 552639 45
28902421 3751290 9
28902450 2418894 7
28902824 1328247 65
28903642 1029895 4
15219854 2656484 3
28903728 3752644 84
28903785 179655 93
28904272 2592169 74
28904421 628418 5
28904892 655449 99
28904937 17879 56
14929709 95543 36
28905185 365529 38
28905194 216941 61
28905239 2049463 58
28905244 994689 17
28905286 451749 63
28905326 98938 74
28905354 53858 17
28905401 2455513 17
28905692 677828 61
28905723 1120672 84
28905734 879762 38
28905785 477243 8
28905809 1092972 54
28905817 343709 12
28905831 341303 16
28905843 2505369 54
28905860 185081 45
28905863 267701 25
28905885 382266 26
28905962 479440 72
28905976 2864 67
28906005 2482011 42
28906035 2667091 16
28906189 214575 91
28906498 1191714 58
28906652 1943588 52
22060385 421611 70
28907670 205162 95
28907878 3357530 10
28907895 350373 77
12076052 3101960 50
28909186 220855 88
28909196 671234 14
28909243 565997 6
28909266 1458668 59
28909834 376224 64
28909843 2737978 42
28910102 1730237 1
28910268 2101007 40
28910961 351357 20
28911003 1722753 79
28911032 132785 86
28911117 705725 76
28911365 36218 75
28912016 396330 22
28912037 181623 71
28912045 1944730 68
28912453 1828548 77
28912465 43216 42
28912472 1724306 72
28912481 344677 40
28912487 2198574 33
28912649 108470 53
28912656 345114 74
28912664 120831 48
28912683 914484 4
28912813 1175525 49
28913312 188937 13
28913374 3340112 13
28913425 220672 15
28914268 1417760 39
28914437 2717243 26
28914688 1623 23
28914717 14342 57
28914726 2991319 44
28914858 597516 14
28914939 235512 73
907039 671647 93
28915062 658158 53
28915091 893481 11
28915318 1338053 86
28915390 3971 45
28915469 1723039 38
28915479 52405 8
28915543 102669 98
28915573 341071 68
28915642 2083052 30
28915649 393913 81
28915691 1419487 40
907040 1425172 92
2935299 1142320 85
28916194 1536616 18
28916220 980192 27
28916236 51837 89
28916263 3844995 63
28916329 1031314 28
101376 332652 4
28916397 3369769 12
28916401 362122 5
28916413 108526 66
28916428 890402 53
28916513 719895 80
14922605 322284 6
28916661 104744 26
28916763 850195 21
28916802 1427175 92
28916852 650820 37
28916889 316557 60
28916982 270168 58
28917035 325246 78
28917119 227036 49
28917380 2728035 68
28917454 614602 37
28917460 95801 35
14923154 53601 17
28917512 482842 23
28917516 53976 57
28917521 907561 26
28917527 395316 61
28917545 56033 23
28917549 1849471 59
28917553 488631 30
28917566 1341330 92
28917571 505392 29
28917582 339254 86
28917649 476751 94
28917663 345072 59
28917666 261961 99
28917691 225153 79
28917730 721924 84
28917769 341741 5
28917783 796246 20
28917843 204156 7
4929795 2370070 48
28917930 3545136 5
28918060 1547911 24
28918064 2029871 6
28918180 2525686 79
28918303 320962 47
28918425 97743 18
28918427 95629 16
28918454 862029 57
28918483 946444 90
28918536 85493 96
28918549 374089 86
28918588 362166 83
28918626 1019818 4
28918661 115808 49
28918668 398052 61
28918737 347976 62
28918828 1104409 38
28918879 1188908 24
3709329 1186154 23
28848502 17961 56
28919303 342873 58
28919314 2935297 86
28919779 987636 60
28919916 213821 85
28919920 99899 56
28919958 1338570 16
28919962 917300 72
28919968 362662 60
28919986 2320558 84
28920066 899123 80
28920121 2585987 54
28920225 395954 53
28920308 384101 99
28920337 899208 17
28920718 1174597 91
28920810 230165 23
28919686 2641273 47
28923308 72775 67
28923314 225232 86
28923347 1248774 30
28923398 2220868 36
28923559 82054 94
28923562 299594 34
28923574 1037212 25
28923576 21820 42
28923582 972759 61
28923584 2435744 4
28923588 873380 22
28923636 364582 92
28923676 130949 11
28923762 862789 51
28923862 349193 100
665896 1340419 55
28924038 977755 95
28924109 3766024 63
28924127 8249939 15
28924181 2084298 7
28924185 2112404 45
28924188 394211 96
28924191 869053 94
28924200 396252 13
28924243 406119 66
28924247 404575 24
28924263 695591 64
28925583 1811357 81
28925913 179292 58
28925921 94850 80
28926064 678825 21
28926072 102397 63
28926082 1126146 72
28926101 155901 76
679709 901329 41
28926183 3976944 65
28926280 3020374 3
28926338 107719 46
28926513 701867 54
28926528 95598 13
28926937 2271017 5
28926958 482856 98
28926983 792733 22
28927022 898592 44
28927062 1153626 91
28927863 2830368 64
28927877 102869 48
28927952 1054830 78
28927958 860214 9
28927978 1724516 38
28927983 604127 54
28927987 39812 36
28927992 5460 70
28928005 133703 58
28928020 294797 32
28928023 269882 1
28928025 638957 77
28928029 3016976 1
28928038 324552 40
28928043 345000 53
28928050 180589 96
28928060 598954 32
28928062 2134419 95
28928069 19968 75
28928071 1665859 97
28928083 1312344 48
28928088 716377 60
28928097 391205 45
28928112 858323 73
28928117 1976173 76
28928121 723159 4
28928126 414989 14
28928133 332424 42
28928166 191871 2
28928184 4274491 53
28928202 562161 32
28928206 271664 18
28928295 1595355 26
28928319 1166276 57
28928341 104232 80
28928385 2090130 50
28928435 282561 23
28928495 1305577 45
28928623 3274215 34
28928687 857123 51
28928703 1402028 59
28928840 353247 61
28928915 1456629 19
28929019 1425145 67
6992253 1716922 61
28929076 1255249 41
22222337 2757450 42
28929618 1216792 33
28929657 740928 17
28929705 963532 41
28929723 240527 61
28929736 624237 97
28929799 95479 18
28929852 43894 62
28929855 102748 75
28929941 5459 64
28929947 930100 81
28929963 385732 51
896092 346487 71
28929996 1103078 54
28930016 715389 59
28930045 362659 12
28930076 293696 10
28930079 1199999 19
28930087 1450718 70
12108598 435837 33
28930274 73935 18
28930724 3467045 37
28930739 8387459 95
28930775 2325492 60
28930779 537643 58
28930814 6408000 53
28931084 5682125 85
28931329 103060 62
28931353 451723 68
28931525 218799 29
1401631 2275834 34
28931694 364226 80
13478903 95432 100
28932396 1449670 60
28932736 5735912 65
28932905 271170 74
28933258 1196452 29
3507958 807280 29
28933520 696525 40
28933557 333339 7
28819426 419090 54
28906190 940483 16
28933746 2926370 98
28933907 1660451 92
28934059 3605453 98
28934404 1687074 10
28934440 310489 54
28934718 868501 9
28934752 68938 80
28934768 1708552 49
28934858 181478 92
28934895 412238 74
28934900 1618192 35
28934904 1933 69
28934910 328785 74
28934997 312583 82
28935016 856894 73
28935028 198387 67
28935301 4393966 96
28935329 95153 86
28935341 956882 73
28935369 71835 33
28935382 199528 1
28935386 344923 21
28935390 883710 81
28935418 344568 47
28935487 1481171 83
28935619 1974242 1
28935636 78210 100
28935697 363839 63
28935795 754245 62
28935797 987315 54
28935802 174712 88
28935810 96769 6
28935842 17122 69
28935857 346764 46
28935860 874109 30
28935863 2136471 11
28935900 3945695 35
28935930 93764 75
28935987 775590 29
28936056 122363 38
28936089 126206 87
28936188 489360 77
28936208 678955 37
28936246 2687123 83
28936254 212531 13
28936282 323632 25
28936287 697809 33
28936290 2917938 25
28936320 438334 39
28936330 1274618 15
28936338 1003929 46
28936345 41919 4
28936380 2203626 1
28936382 96486 66
28936391 1397243 15
28936490 397039 19
28936611 808054 12
28936714 256230 98
28936789 995554 58
28937168 1816088 79
28937338 672814 14
5630171 2177693 65
15206542 1148056 87
4983783 131194 65
28938016 153438 22
28938128 289063 41
28938524 507128 45
28938553 880169 62
28938580 1907213 14
1898238 2680389 95
28938589 934113 87
28938923 3522822 23
28939173 779289 53
28939535 1357994 18
28940042 500932 56
28940492 2568972 15
28941014 2305712 14
3969747 254689 77
28942390 1686250 59
28942921 270991 74
28943002 698589 25
28943043 222730 77
28943353 1549768 96
1298344 1706413 67
28944535 1554808 28
1694132 544808 16
28944912 660080 40
28944920 1720403 72
28945843 319817 79
28945920 397319 49
28945970 1779351 35
28946441 668340 55
28946594 174404 15
28947154 1798257 16
28947289 360576 55
28947425 1447716 18
28947430 2884114 86
28947436 1621743 7
28947483 658964 86
28947532 138263 86
28947554 106430 15
28947897 2404372 26
28948167 1506190 3
13521318 649200 57
28948383 2336237 81
28948456 1606379 76
28948723 715017 100
28948908 1576179 65
28949004 2880810 77
28949355 1536647 29
53240 220316 63
28949940 105472 25
28950077 1719420 1
28950258 105848 44
28950442 909555 88
28950647 9730170 65
28950686 3722995 64
28950754 108556 3
28951047 1006876 95
28951077 3947379 2
28951327 382911 93
28951791 1634402 52
28952103 615905 54
28952163 2358330 66
28952237 805519 35
28952301 2201411 35
28952503 3309635 72
28952562 870608 55
28952919 606846 20
28952938 83348 37
28953193 948892 6
28953378 1692249 49
28953384 896695 92
28953424 2860463 82
28953466 1038215 56
28953475 99472 52
28953929 493282 7
3508948 2359216 15
28954296 612244 43
28954308 3154384 11
28954808 364254 38
28955147 4873840 15
28955237 2449890 6
28955480 365834 78
28955569 361988 65
28955605 1085629 19
28955665 551500 72
28955764 2757126 34
28955774 529951 70
28955808 135066 58
28955849 1262297 81
28956031 779141 34
28956036 50955 49
14376330 65040 66
28956046 274625 45
28956051 198543 74
28956145 1476613 37
28874339 624143 70
14376331 622225 26
28956166 873342 32
28956170 306065 52
28956292 99587 57
28939381 321150 79
28957260 80423 3
28957535 513021 21
28957563 2504954 19
28957719 9371569 56
28958383 52917 61
28958468 51833 92
28958496 1008398 62
28958550 3477653 38
28958574 1237215 50
28958588 397232 78
28958593 2983811 85
28958610 3042637 59
28959547 1638361 93
28959883 390046 78
28960022 1656224 64
28960031 1694230 89
28960037 898680 58
28960695 6451175 37
281530 790497 53
3621827 3943443 96
28961243 638246 32
28961644 289059 67
28961901 10793071 36
28961961 5828349 26
28962112 1155331 38
28962886 308708 21
28962923 945580 2
28962958 225150 45
7266587 251769 16
28963393 4631438 21
28963823 824254 90
22105834 93715 46
28965402 615944 2
14534650 1908370 77
22156478 22156504 40
28967376 3440732 5
28967479 1003234 12
28967739 874156 16
28967854 581833 16
28967861 608195 54
28967867 2179499 39
28834234 105188 74
28967924 924181 91
28968039 303065 24
28968168 3862627 62
3520923 2454719 70
28969851 2501863 66
877018 343033 29
13484013 1613560 59
28970915 2509334 94
14992680 1711500 45
28971284 1771141 17
28971390 856191 87
28972194 329522 65
28972333 288202 91
28972778 3141833 81
28972925 420075 66
28972996 35265 65
28973004 309852 80
28973008 102675 11
28973439 1309249 30
28973694 602309 86
28973698 606437 17
1854657 905550 61
28974304 400523 63
28974364 95720 98
13502223 819485 66
6482445 1116816 60
28931621 333356 47
28974933 1713761 81
13478904 755663 62
28975414 40952 13
28975432 3377220 12
28975477 385868 23
28975506 1735693 70
13394711 979551 26
28976257 1393899 50
3054413 1899056 77
28939397 3198373 96
101378 218302 21
13502319 1261178 84
28978598 908675 9
4412843 97974 15
28978753 1256537 60
28978757 828051 4
28978773 90335 41
28978778 527000 92
28978782 550698 13
28978786 3236501 29
28978841 1232390 18
28978905 2134519 39
28978929 3488423 11
28979203 306435 79
28979526 811006 60
28979538 3017126 78
28979576 214267 96
28980018 2225065 41
28980072 532780 8
28980583 289473 58
28980911 654406 100
28980917 164742 99
28980921 323881 12
28980928 620103 94
28980934 361949 81
28980939 909131 42
28980950 215094 47
28980956 216892 28
28980973 858762 69
28980998 246536 50
28981005 63255 62
28981012 701939 26
28981063 1413 13
28981094 153262 72
28981136 38075 44
28981145 343225 79
28981203 434811 98
28981467 354428 62
28981482 1400021 11
28981670 3287592 60
28981743 681902 72
9054786 2865991 38
28982291 99945 62
28982353 1432259 54
14534809 506384 81
28982538 214079 39
28982625 523510 42
28982819 637468 4
28982836 560968 95
28982917 2961474 96
28983513 563861 1
28983551 440446 46
28983634 810080 81
28984072 147571 14
28984273 1733578 37
28984299 2525456 89
28984305 2147427 82
28984319 904128 91
28984329 3811173 42
28984341 2412494 25
28984347 334944 34
28984357 1470837 29
28984367 1429481 23
28984384 2163308 60
28984395 3768626 64
28985370 360993 34
28985454 927049 5
28985544 169953 75
28985556 101597 41
28985582 1162826 14
28985605 883244 32
28985844 848479 14
13513778 2759859 15
28985928 174443 92
28986067 395717 59
28986070 2573317 89
28986433 385817 82
1579470 2354475 4
28986625 200309 77
28986628 1225853 56
28986894 991610 85
28986959 335704 82
28986972 79956 12
28987193 912391 88
2270312 707280 46
14582890 421304 21
11932051 3136499 11
28987799 1813922 26
28987885 3158092 94
28987940 1465622 20
28988259 546855 11
28988322 678838 83
28988466 888109 32
3879844 359442 30
28988714 2041726 4
28988783 1049755 39
28988882 214399 4
28989254 39289 8
11578846 448014 95
28989488 1394750 10
28989494 2920363 33
28989498 625082 82
28989509 322261 43
28989816 55002 46
28989817 220816 38
30489102 894721 41
30489144 3361160 31
30489711 624560 75
30490179 564880 43
30490238 102460 49
30490243 102460 91
30490633 590807 73
30490919 3143712 31
30491171 915107 30
30491184 223817 18
30491863 6404388 79
30492011 2991805 94
30492604 3040940 31
30492660 3512107 74
30492684 1618043 35
30493058 3368818 16
30605455 5474812 43
30605668 389781 39
30605798 5923701 13
30606372 147401 34
30606709 2038313 69
30606751 958151 27
30607645 1181132 84
14667562 891397 96
30607654 2379779 10
30607670 532047 13
30608165 781835 42
30608255 960056 37
30608302 1113833 63
30610658 655684 11
30610836 608299 37
30611525 7034247 40
30611711 4525193 37
30611731 2041898 81
30611750 6199220 76
30611833 11942417 12
30611872 961561 51
30611887 2058477 29
30611894 2453347 25
30611951 2654655 52
30611955 1753438 4
30611976 1801714 44
30613072 1406835 78
30614121 4362279 42
30614126 945950 33
30614146 2436716 82
14976434 2613543 97
30614427 909345 88
30614597 84169 89
30614701 2633310 41
30614770 2221415 87
30615007 909640 98
30615036 1488352 53
30615210 1029901 2
30616073 750802 72
30616120 376024 92
30616182 2335108 82
30616207 800165 17
30616218 2485807 4
30616226 3558867 12
30616238 818671 32
30616759 1814476 42
30617144 1639725 28
30617663 1487799 12
2480208 698014 27
30617795 3433978 67
30618096 1376829 45
30618101 440325 95
30618328 2038729 14
30618373 1004021 56
30618529 872659 73
30620353 918308 31
14053399 1946150 69
30620519 1994411 71
30621194 459823 76
30621306 1669875 4
30620514 860789 4
30621375 861957 60
30621388 641986 94
30621396 1393213 5
30621421 1638993 91
30621464 1990085 69
30621468 4702526 44
30621473 1325931 44
30621480 663746 81
30621492 7480976 93
30621506 6816104 18
30621513 1333865 6
30621541 459867 29
30621561 999652 70
30621616 342674 39
30621624 679163 31
30621661 1991502 58
30621668 805374 63
30622267 606687 50
30622551 3257968 51
30622573 2487792 51
30622659 2315582 2
30623137 3700040 40
30623324 328917 50
30623345 1562992 49
30623651 8292328 83
30624099 662460 46
30624187 3070396 18
30624287 95488 14
30624518 923019 54
30624584 2801831 47
30624739 3331938 81
30624748 3895594 82
30624772 1991465 83
30624805 6024238 28
201935 606392 57
30626841 98279 11
30626874 658449 65
30626885 1750664 38
30626897 518244 98
30627621 2657301 69
30628036 810138 82
30628064 2713282 9
30628072 24818 73
30628151 6222649 31
30628227 9100096 89
30628262 2177510 73
30628375 882911 83
30628427 1448375 70
30628519 3507208 46
30628659 219902 32
30628669 2755457 28
30628674 2624392 4
30628796 1313638 60
30628798 974714 48
30628811 3345645 78
30628817 2050575 93
30628858 1118499 31
5647829 678222 22
30629055 2491265 73
30629120 3415419 80
30629146 619768 97
30629197 637274 71
30629201 1531976 27
30629212 2442757 62
30629237 389941 89
30629240 848393 47
30629244 344522 89
30629284 351750 5
30629291 1169859 42
30629302 1523702 32
30629305 332431 44
30629316 1781115 69
30629319 1513086 21
30629330 883361 53
30629345 2708012 3
30629348 801085 11
30629360 3469965 88
30629454 1021244 29
30629460 109889 32
30629466 1163833 67
30629472 53865 16
30629488 443978 71
30629494 1221240 14
30629497 2067303 20
30629507 318240 30
30629513 919659 31
30629518 103194 39
30629521 2523540 16
30629529 1600084 98
30629538 939545 28
30629543 866637 37
30629547 746003 53
30629553 2945369 13
30629564 1735264 37
30629567 455572 67
30629571 364392 80
30629574 1968202 60
30629600 891228 20
30629614 2872742 97
30629620 1166350 54
30629632 190429 86
30629659 829794 22
30629662 155246 20
30629666 2751506 45
30629670 887388 13
30629677 3439386 10
30629686 2535259 65
30629692 1669868 5
30629696 571268 76
30629748 487771 28
30629751 944426 20
30629756 2585263 47
30629763 2054044 22
30629773 2712332 37
30629781 662958 88
30629796 803651 71
30629799 1658715 19
30629833 769210 12
30629840 1541197 79
30629842 1985907 68
30629845 1754264 63
30629849 3038573 67
30629857 1804309 18
30629860 2801529 94
30630632 607303 8
30630785 1285741 58
30631239 1607633 27
30631431 1293204 33
30631976 364663 98
30632717 1994730 10
30633196 316769 95
30611610 5296997 100
30633782 1122782 20
30633982 1989899 91
30634310 470418 94
30634314 4454857 29
30634375 1595754 2
30634401 961986 55
30634403 4590166 2
30634409 3476680 2
30634421 1730645 54
30634424 660498 62
30634427 878433 41
30634430 2359169 29
30634436 875520 13
30634451 340772 49
30634457 2038574 50
30634462 1870105 21
30634467 4319230 61
30634746 4387857 55
30634774 2386855 16
30634053 1765023 83
30634959 2564241 20
7833898 7833909 29
30635048 3180037 77
30635339 1344544 24
30635472 1626293 7
30635740 2367770 87
30635822 2550544 58
30635931 1465458 97
30635961 484225 79
30636093 487340 33
30636167 867087 97
30636495 3546711 33
30636600 38894 61
30636718 1002760 56
30636723 2517891 81
30636754 186985 65
30636757 6616844 7
30636772 1298389 60
30637339 2707584 67
30637432 1693271 89
30625785 3242559 54
30638186 901101 68
30638860 6837901 58
30621999 3511586 37
30639279 2188753 91
30639501 902690 40
30639660 2364714 81
30639697 3602848 34
30639754 1981346 95
30639816 3204806 85
30639836 3293960 48
30639838 1718514 71
30639841 891296 50
30641102 1161588 17
30641149 2032489 57
30642060 487269 39
30642182 334576 28
30642185 1580256 1
30642291 1766233 94
30642308 5084610 69
30642311 8216144 91
30642318 3333682 31
30642322 3476621 100
30642324 1309026 97
30642334 2104274 55
30642339 1792369 80
30642354 117042 1
30642358 214572 46
30642370 318963 58
30643006 983946 26
30643233 636922 21
30643398 890959 78
30643708 359088 45
30643717 2713490 23
30643725 2459942 66
30643769 1669899 55
30644128 1752271 49
30644156 1965558 63
30644159 424693 13
30644167 883341 5
30644174 936495 41
30644216 140464 80
30644243 2623427 14
30644484 2217683 25
30644700 442623 25
30645566 1854315 3
30645643 1465465 93
30645648 1311729 32
30645675 3152180 72
30645685 343737 71
30645689 775033 6
30645818 2720651 73
30646228 340192 45
30646241 3327158 70
30647384 1506551 41
30647662 1096158 59
30647875 3650632 87
30648683 1397478 84
30649065 987426 21
30649341 2454305 69
30649593 891225 86
30649701 3170786 6
30649708 455095 53
30649773 2041878 100
30649780 695728 100
30649786 3347135 12
30649791 957904 44
30649803 1908382 89
30649807 1401527 99
30650349 1765673 62
30651103 1169942 46
30651224 3303039 50
30651781 3672087 51
30652035 1820069 83
30652062 344684 5
30652066 3790401 63
30652068 364280 48
30652075 925148 77
30652080 1729788 49
30652085 2459696 1
30652089 2751467 23
30652433 3924066 94
2534722 457173 36
5270228 899935 42
30652593 751665 66
30652859 7202682 60
30652874 2751460 52
30652898 953513 21
30652901 901170 79
30652969 1676140 54
30653282 2926390 29
30653448 2285604 85
30653660 998836 22
30653689 1120732 16
30653696 2801810 71
30653725 1850737 70
30653875 687840 85
30653923 6464742 57
30654092 2719279 99
30654096 3172094 45
30654101 1740976 45
30654104 8918771 5
30654114 2723440 7
30654137 2052084 79
30654139 1778805 82
30654142 959046 61
30654146 178082 52
30654148 3257920 33
30654154 602120 87
30654158 1672456 48
30654162 1204371 66
30654166 2803123 27
30654171 1743322 60
30654175 916514 45
30654358 1003002 82
30654522 427027 95
30654866 807212 73
30655427 1514581 87
30655538 4132755 10
30655660 2274985 21
30655664 447870 87
30655694 527862 98
30655701 547438 39
30655704 2441005 43
30655714 4410542 38
30655728 1270451 41
30655741 1166729 76
30655967 1691464 62
30656005 411602 45
30642860 3573677 13
30656970 3244523 1
2504117 794430 80
30657318 723177 47
30657654 412153 52
30657658 874401 68
30657743 1581591 79
30657745 1658443 72
30657757 2833034 36
30657760 2038601 72
30657765 408582 18
30657789 3390361 89
30657794 2148084 82
30657802 3602870 18
30657805 1607618 94
30658075 1268405 13
30658767 1744876 48
30658777 1580265 72
30659042 1562451 75
30659208 704719 1
30659254 4784809 51
30659286 2211764 73
30659296 6747968 14
30659302 1814059 92
30659306 2952289 1
30659963 2633345 92
30633715 1455474 53
30660190 927694 46
30660204 5134006 83
30660339 1994456 26
30660437 1989896 20
30660673 1797094 94
30661460 869916 63
30661471 288732 86
30661482 7009207 62
30661666 5449511 92
30661815 963999 5
30662100 3052528 12
30662311 1946755 24
30662584 1120021 21
30662602 891485 43
30662657 868476 84
30662740 1701302 46
30662769 1844908 32
30662815 3072357 99
30662867 984063 87
30662871 899935 34
30662878 1714459 92
30662882 511069 61
30662891 278522 78
30662896 1852636 55
30662903 892659 45
30662915 3636813 48
30662967 1836242 81
30662983 907125 32
30662995 954176 1
30663001 1853542 28
30663018 3958531 40
30663031 2764487 1
30663039 5166366 43
30663051 2135506 40
30663055 3552140 6
30663067 2074842 24
30663075 484227 7
30663102 2517678 4
30663123 488084 35
30663126 355130 77
30663133 1417981 72
30627653 219773 34
30663140 1591370 31
30663160 803943 47
30663179 346893 93
30663189 2447751 19
30663198 2920389 34
30663738 4436799 11
30663745 1165862 86
30664122 2695648 98
30664147 2380981 63
9444468 1415679 64
30664855 415983 26
30665087 2491463 76
30665487 1368081 78
30665514 50656 4
30665537 2211544 2
30665543 2462795 68
30665550 3970036 87
30665567 1693273 15
30665815 4122435 62
30665999 2607038 62
30666399 1122837 69
30641260 1312876 95
30666503 2410631 24
30666735 2053671 16
30666777 347026 52
30666955 996022 83
30667001 880203 28
30667020 7894996 89
30667064 5722129 49
30667204 252486 97
30667535 291880 76
30667562 860084 90
30667569 3582651 79
30667890 2611068 84
30667974 105652 26
30668647 1994857 83
30668694 6268954 60
30668733 856490 65
30668774 1702682 19
30668781 343678 78
30668786 2134452 61
30668835 1567257 90
30668850 4896185 46
30668860 978898 32
30668934 2517724 65
30668948 952108 67
30669012 4027034 68
30669541 2523698 52
30669919 1297627 25
30670285 1254205 6
30670291 5559470 89
30670323 497628 86
30670370 2357466 17
30670602 1161022 95
30670828 5241783 31
30670848 3542316 64
30671031 1775552 49
30671035 3965921 67
30671040 3186035 37
30671061 6847748 42
30671069 1673122 19
30671861 959883 94
30671952 1376603 9
30671995 1780081 61
30672023 3844798 43
30672188 830193 67
30672336 3342221 43
30672689 213076 93
30672692 5476610 72
30672702 2801372 87
30672845 354802 16
4353372 701719 56
30673104 2633303 24
30673174 79372 89
30673286 724522 35
30673333 4131989 16
30673346 1836451 47
30673352 2275701 40
30673355 1991484 53
30673459 678532 28
30673746 889977 85
30673761 6918453 49
30673774 582729 77
30673779 1842195 17
30673903 3906461 43
30674271 1993436 34
30674282 1743277 63
30674286 7983812 53
30674412 437501 97
4388452 885013 89
30674915 8247474 40
30674967 918623 71
30673790 4404330 31
30674989 3257985 39
30675400 824861 12
30675433 301479 98
30675481 1519745 80
30675584 915450 14
5270229 610528 100
13960238 265527 31
30675694 379358 28
30675700 391141 34
30675814 805278 93
30675955 1617827 35
30676055 1122795 58
30676162 4711376 62
30676343 357301 81
30676437 940588 70
30676556 1303954 29
30676660 2043894 37
30676674 18200587 8
30676683 924907 17
30676697 2032776 37
30676794 378686 58
30676819 2231416 55
30676831 3077576 78
30676843 922808 91
30676846 1165355 12
30676856 1863344 65
30676862 939092 92
30676869 4026727 83
30676873 1952303 46
30676920 961533 75
30677261 1750620 75
30677781 1939002 23
30678694 3022521 12
30678770 256947 92
30679378 1981351 61
30679422 1349122 5
30679864 13205654 51
1581470 2301877 93
30679990 458580 61
30680338 1073038 42
30681078 2732992 10
30681097 288551 7
30681266 1166563 99
30681339 135722 96
30681391 697916 16
30681487 8698335 80
30681496 2751500 98
30681585 440728 57
30681683 2223408 9
30682078 4083533 73
30682092 791229 21
30682131 800276 25
30682134 1046324 72
28974004 829260 52
30682309 2267040 68
30682334 21812 13
30682371 1582485 68
30682503 345214 76
30682544 671145 49
30682548 2290096 95
30654075 3270210 92
30682752 1391171 6
30682855 7024768 32
30683069 22050 57
30683201 2032772 25
30683360 35765 73
30683417 6375835 31
30683738 417138 64
30683776 1069628 64
30684072 1306219 45
30684149 3569546 23
7625204 2232856 39
30684204 908490 67
30684384 2672250 66
30684593 3813262 45
30684678 338868 67
3679914 3976757 99
30684895 2748731 33
30685315 3226970 33
30685599 856662 50
30685618 2705916 91
30686072 3108021 8
30686074 11407475 15
30686093 908778 54
30686096 653283 93
30686122 2073012 32
30686149 883816 85
30686156 3699963 94
30686176 929388 33
30686189 1641695 69
30686204 4061402 92
30686227 13842828 57
30686260 1540050 43
30686266 1831172 76
30686286 2918006 47
30686303 1946588 16
30690723 3374159 100
30690729 1487158 88
15747881 1307158 9
30691596 1027898 32
30692127 487369 24
30693392 800851 33
30693414 340839 32
30693420 1855991 80
30694029 3153127 10
30694549 2074816 99
30694557 6610488 53
30694720 1672133 26
30694911 1744702 90
30694914 4305 48
30694918 1640024 42
30695030 1488258 17
30695135 8237483 47
30695354 1991457 67
30695373 437734 47
30695414 420035 21
30695545 3228370 70
30632591 902227 41
30695658 488206 6
1850551 217046 79
30641011 1706476 63
30695818 3662251 16
30695863 2204690 52
14764451 1810617 93
30696034 3340385 16
30696754 607172 56
30696999 6504612 95
30697035 2680957 34
30697065 2441129 57
30697089 2850788 26
30697094 1339179 60
30697102 1929821 81
30697114 1604503 4
4787847 4788154 72
30697497 5864734 22
30698014 1495396 40
30698137 4388338 60
30698432 2454059 94
30698561 1513816 7
30698566 862610 80
30698827 3176806 24
30698892 3375775 19
30698968 9000947 22
30699042 1714673 90
30699290 2929772 91
30700001 651365 33
30651851 94391 54
30700430 73235 98
30700569 3805674 81
30700761 590941 25
30700772 1658299 57
30700884 2603220 82
30700967 1640066 18
30701147 1296143 87
30705747 1823676 6
30705792 1094364 25
30706070 1296193 9
30706103 6032453 59
30706106 226608 60
30706149 127610 37
30706156 460554 62
30706176 95245 75
30706186 1094771 91
30706205 3488424 83
30706216 899479 46
30706226 1181033 47
30706232 3252048 3
30706318 2032490 75
30706322 3204812 50
21624888 1346355 56
30706331 5233523 52
30706342 3758858 17
30706362 3959993 68
30706373 2016966 18
30706393 354576 35
30707690 1309342 88
30708873 457179 76
30708963 1039662 22
30708986 1607268 65
30709107 123996 33
30709156 327370 77
30709285 2723249 55
2993243 1557504 65
13408681 4764625 47
30709409 1985667 12
30709463 962600 16
30709520 1723183 81
30709576 946007 21
30709623 1845000 45
30709634 322647 59
30710428 907119 7
30710649 1918924 45
30710769 1590743 24
30710775 889108 84
30710784 353507 15
9133314 1752064 73
30711773 2708538 82
30712152 1072981 86
30712159 1523100 74
30712186 6476005 1
30712194 924676 7
30712198 2757964 38
30712201 911289 41
30712211 923174 1
30712217 3114504 98
30712221 726419 83
30712224 1965801 57
30712227 105608 7
30712232 2038661 78
30712256 1181388 10
30713139 2209100 75
30713219 220364 79
30713436 4739217 6
30713656 793114 42
30713757 1381249 9
30713804 3187080 4
30714242 218813 36
30714247 2483204 65
30714397 301155 41
30714437 2293302 49
30714479 364591 58
30714482 3725660 17
30714631 12112 90
30714652 2797222 41
30714675 460230 79
30714744 345115 6
30714901 5458682 21
30716177 441548 43
30716866 361585 61
30717431 6023134 32
30717439 657588 32
30717448 4693488 12
30717506 1595718 54
30717508 2300135 69
30717527 1183005 43
30717537 3847245 43
30717569 189080 41
30717617 901833 16
30718227 436512 42
30719375 1582878 68
30719450 1638469 74
30719683 6328503 3
30720198 1883416 10
30720293 5597249 15
30720426 1615542 92
30720509 3135038 91
30720581 891149 42
30720641 2887276 36
30670431 3070814 48
30720660 3649050 36
30641913 1886343 67
30720721 2272331 68
22259034 1408696 18
30721186 3268850 61
30721190 1632733 37
30721465 2038711 92
30721492 891270 8
30721507 4769787 60
30721511 1326015 95
30721522 883645 71
30721525 4508768 36
30721528 3134047 59
30721531 1209785 49
30721535 1021522 56
30721545 359433 70
30721562 2517930 94
30721564 870532 92
30721571 2619835 18
30721575 225073 70
30997842 206177 77
2198274 2821638 31
325172 878729 32
31057959 3179935 47
31063054 4807555 24
31064582 2304711 44
31777703 163283 51
28856421 1676704 26
31777826 307295 8
28951356 3322590 71
31779532 3651479 33
31778069 35869 43
31779718 52726 24
31779765 2498282 73
31780137 714934 90
31780320 102045 91
31780515 678177 61
31780825 48931 66
31780850 1845348 43
31780966 723156 21
31781484 1724240 14
31781655 1400064 70
31781866 2043316 22
23668335 138184 8
31782099 3168662 90
31782111 822986 29
31782190 96399 29
31782295 2906693 55
28819406 2660713 78
31783323 64012 79
31783389 319356 69
31783589 13609003 11
31783944 227102 51
31783961 831795 16
31784065 3043279 74
28819371 193650 46
28819373 298074 86
31784349 2427421 62
31784426 1210526 50
31784605 516526 1
31785555 1589842 12
31785778 2006280 22
31785878 1328757 9
31786111 300907 51
4278516 2853134 44
31786540 1191460 14
31786649 620307 82
31786728 392885 90
31787029 2801718 40
31787145 3074793 51
4081310 366448 82
31787442 1574177 83
31787541 161229 25
31787701 948599 6
31787781 2595944 99
15217120 15217137 78
3863017 573738 68
4092904 319353 8
4241199 397424 14
3118412 3597767 59
31789185 1079411 37
22223306 1517584 78
28978599 3938350 60
2564421 351937 48
31790005 1129615 79
22218333 3733265 27
9526746 348933 43
31790395 11295819 40
22149785 383883 46
31790815 2505578 87
31790858 63517 40
1579471 2438060 6
4345274 85916 86
31791440 3215467 24
31791490 1169568 6
31791515 3819982 22
31791599 339518 55
30598537 5828936 79
31791998 739659 38
31792221 6510891 6
13502290 596698 25
13502307 366445 35
28907897 248607 70
31793756 672837 66
31794147 2922103 45
28974032 900882 25
22060386 234727 51
22060387 2555257 43
4234719 1274922 63
31794579 1597025 50
31794597 4376561 68
13376468 672514 93
31795593 607396 95
31795715 1149446 45
31795856 3981564 89
31795993 3397982 92
31796090 889480 47
13438646 9326581 98
31796926 976532 39
31797068 362517 53
31797858 1800335 40
31798017 384359 4
31798417 4473968 88
31798750 677886 86
31798956 2472996 91
31799189 1312419 74
31799314 294529 60
31800099 349104 59
13476438 576328 5
31800375 1860670 29
31800517 1430929 6
31800671 1536981 51
31800745 741596 11
31800888 2313367 14
21982401 1406652 50
31801303 2509140 31
4726108 100978 12
31801697 686726 92
31801745 394439 96
31802099 1795676 52
31802226 987561 28
31802658 1993173 96
31802690 1883273 48
31803463 354581 66
31803617 5417598 26
31804466 1913328 65
31804664 2549043 28
31804678 2913020 22
31804734 511735 59
31804970 3654907 29
31805003 1203267 71
31805652 1083526 20
31805670 3181961 45
31805699 253682 98
31805726 877592 88
31805773 899079 9
1730543 871343 29
31805800 2633954 41
31806002 2345157 12
940516 391311 63
31806032 1967080 71
31806373 427353 38
28859246 6269282 33
4941433 332287 16
31807227 689374 57
31807237 1128851 73
31807255 1477552 7
28828526 1477267 30
31807539 1600604 11
3125198 3602059 67
31808061 4494370 44
4368262 894988 31
31808243 4093340 23
31808575 932622 87
31809381 1996390 14
677469 1420506 68
31809987 464377 68
2552742 3200198 40
31810015 2047029 39
31810066 1542692 85
31810172 480138 20
31810663 883868 18
31810807 511959 10
31811199 3653502 43
3841997 329036 80
31811433 3925396 93
31811563 804248 49
31811590 699202 46
31812074 1649205 85
15208295 4167981 26
31812275 3879430 38
31812393 15451 8
31812402 630426 32
31813500 328106 62
31813551 9315719 41
31813558 1763432 9
31813677 4460697 38
702584 332432 62
9455275 3072565 88
31813819 351746 32
31813956 8344848 72
31814173 2287025 34
31814203 1677414 30
31814259 1090042 78
4987211 1672353 11
31814732 327666 7
31814777 324851 54
31815146 1613459 83
31815454 633997 56
2990818 3432129 30
31815967 2350797 17
5868328 1634599 58
2990660 3421246 2
31817383 97201 24
31817857 229904 26
31818383 250404 47
31818497 3976879 7
31818552 2197650 91
5689976 856395 58
31897165 926937 94
31942185 2739034 76
31942260 404746 57
31942525 192886 64
31942669 819508 16
31942734 1343604 92
31942783 1628453 35
31942798 863102 75
31942831 2346846 64
31942894 800161 64
31942975 3330308 85
31943091 879261 63
1772990 975606 66
31943136 322358 55
31943183 3216877 44
31943454 340093 67
31943528 776684 20
31943601 468523 7
31944221 947656 50
31944232 2754531 68
31944538 100733 93
31944615 3889558 67
31944687 1659549 57
31944795 946438 14
31945028 322402 56
31945391 4027605 96
21633968 378639 31
31945563 907912 34
31945753 3065057 99
31945871 628554 1
31945960 189085 12
31946187 342943 3
31946236 543728 37
31946312 1940710 59
31946385 875726 70
31946433 100778 3
31946543 108248 12
31946547 332421 98
31946846 2189241 13
31946896 464085 62
31946921 31946924 21
31947029 3194208 41
31947391 274405 41
31947520 454949 45
31948185 8117610 90
28990190 361465 75
31948584 1811590 90
31948873 53647 85
31948990 108584 76
31949326 499216 76
31949498 1043924 24
31950243 109243 23
31950391 1344273 22
31950550 94108 53
31950731 1431875 84
31951373 127329 3
31953448 249870 59
31953866 2569363 97
31954512 1949447 36
31954554 211648 72
31954627 1135017 22
31954854 99172 28
31955444 199936 77
31955813 314053 26
31956126 4866585 35
31956635 1089766 89
31956664 863797 82
31956726 2310247 100
31957813 609041 31
31958183 4410992 32
31958601 4444969 8
31958607 433390 34
31959090 1510962 91
31959121 348877 98
31959455 294244 34
31959944 5526231 64
31960066 2997741 42
13095804 1704662 63
31961404 6708974 60
31961663 1618105 20
31961957 701120 78
31962349 4865725 34
22187006 1206679 68
31963029 342236 44
31963348 3631084 58
31964690 802843 88
31964717 1976340 17
31964755 332944 98
31964861 26270 80
31965897 461702 19
31966075 170839 79
31966081 955934 75
31966090 2289402 9
31966411 388653 68
31967052 3691905 19
31967553 316894 64
31967955 710874 99
31967968 831443 68
31968162 2416253 88
31968999 5777718 39
31969161 242635 17
31969815 104160 44
31970630 599341 13
31971899 30359 72
31972095 965051 2
31972206 296325 38
31973103 578417 57
31975271 186973 64
31975637 191014 45
31975647 1601232 87
31975798 1432352 80
31976973 199191 75
31977182 2842826 34
31977611 787147 17
31977679 547556 35
31979286 1374838 22
31979508 365046 74
31979670 186826 75
31979867 2991200 38
31980170 595951 82
31980249 1798180 58
31980426 537146 13
31980785 1569965 74
31981716 879692 63
31981918 877721 51
31985440 31985450 75
31985976 1347768 31
31985991 407134 22
31989156 2149810 20
31989430 51908 91
31991267 209081 30
31991278 570373 81
31991325 4310607 17
31991960 198013 62
31992139 224735 1
31993699 453418 53
31994588 1564261 35
31994976 45111 32
31995046 188506 6
31995085 243994 28
31995616 389937 60
31995961 287467 22
31996045 1968990 39
31996212 1034387 97
31996777 50519 77
31997115 1887099 87
31997262 405448 11
31997490 1578880 61
31997594 1032757 5
31997734 35464 26
31997943 326800 17
31998162 1844116 57
31998490 677603 76
31999000 780031 75
31999234 4873281 29
31999428 3346343 36
31999765 2132838 73
32001835 4652795 67
32002148 1534561 45
32002923 393457 75
32003186 652252 25
32003196 1223709 60
32003504 86011 89
32003617 366606 98
32004120 836837 97
32004961 2132810 60
32005265 914950 99
32005361 52838 51
32005395 215891 80
32005559 2783768 69
32005853 1484988 94
32005858 242203 84
32005918 351531 29
28970868 190196 51
32006347 447165 25
101186 261710 95
32007506 248635 97
32008007 312013 55
4394557 4027051 72
32008644 1104280 7
32009574 1047617 83
32009672 615071 73
32009793 1631305 21
32010372 3555744 2
32010533 875647 79
32010629 12453 67
32010844 3268913 53
32011059 348155 96
28821488 310435 26
32012091 858785 31
32013113 651170 65
32013324 264961 77
32013435 606769 24
32013510 211750 65
363490 962404 24
32014302 100319 80
32014333 385571 77
32014505 1436775 49
32014551 31716 47
32015272 249166 39
32015384 530424 12
32015693 330209 1
32015729 101772 80
32015881 14790802 58
32016021 2028125 52
32016879 315282 97
32017050 101493 2
32017344 1680776 35
32017697 224128 7
32017749 376226 9
32017924 1268785 98
32018366 1138581 24
32018806 661909 58
32018835 578102 96
32019043 965464 82
32019049 390121 19
32019166 141887 20
32019453 102040 15
32020293 2933227 3
32020797 139149 47
32021749 1447125 89
32021821 4877899 97
32022036 701273 38
32022058 945401 66
28800872 2959603 63
32023076 218800 1
32023160 1116414 66
32023393 98798 21
32023415 2477424 57
32023652 52927 24
32024329 627688 60
32024467 1020463 51
32024813 894644 80
32025408 286404 29
32025575 675375 24
32025604 255961 72
32025612 257303 40
32025624 3246382 24
32025658 3613552 35
32025684 2707208 98
32026067 241643 83
32026249 1034956 21
32026928 100437 23
32026988 100732 6
32027925 908674 2
32028071 361717 8
32028266 139148 69
10357387 2305561 58
32030283 148935 67
32030915 1798816 9
32031158 295704 20
32031195 1711645 68
32031376 52724 12
22001274 70133 57
32031819 29462 84
32032030 316624 97
32032040 420224 47
32032221 112986 64
32032240 120 54
32032310 41515 77
32032810 1968024 24
32032978 1685859 50
32033464 153030 96
32033574 61752 43
32033650 1492041 75
32034088 1096852 100
32034102 48932 47
32034235 97705 88
32034361 8267042 93
32034372 1578154 60
32034391 896062 47
32034601 4200693 31
32035082 1184517 72
32035310 52775 43
28984683 867301 17
32036344 810324 87
32037426 392746 44
32037610 2032887 65
32037623 217838 5
32037813 810256 95
32037825 2084087 23
32037947 444027 36
32038732 1220549 35
32038947 153674 50
32039197 831857 14
32039280 587382 70
32039692 118657 62
32040480 1059316 91
32041204 49354 56
32041245 971803 66
32041352 372556 41
32041713 1746173 76
32042069 121017 38
32042396 355932 35
32043180 664947 3
32043867 228408 60
32043872 1006952 2
32045011 934543 18
32045123 1790396 25
32045330 167371 71
32045651 2991380 3
32045704 832053 37
32045880 522783 12
32046210 113478 1
32046563 42323 60
32046843 353310 73
32046893 581801 75
32046947 663178 75
32048057 1840063 58
32048357 32048360 99
32048469 911939 15
32049146 1117257 66
32051063 387543 82
32051437 394578 75
32052151 1608913 12
32052312 7474236 98
31873658 468607 73
32053711 436106 88
32053960 1215068 26
32054121 4703402 84
32054250 3627347 89
32054927 441447 2
32055520 1095688 97
32055802 291478 74
32055810 358492 38
32055877 45820 8
32055951 3659757 53
32056460 379899 63
32056952 1245302 45
32056972 333694 7
32057106 33483 55
32057204 2774039 19
32057407 3984880 92
32057630 1414100 32
32057656 319308 78
32057710 92395 96
32057992 162578 4
32058103 455041 74
32058168 1140081 5
32058517 186593 86
32058614 318507 45
32058863 1055223 66
32059250 6968174 9
32059411 634370 39
32059421 2503015 84
32059560 1407654 38
32059576 333540 78
32059722 774899 12
32059729 218181 34
6816924 5195931 74
32060013 2144233 74
32060200 219547 54
32060608 2653193 6
32060910 297669 37
32061210 861647 34
32061478 224644 21
32061919 323373 57
32062426 341567 62
32062701 434068 35
32062859 955936 33
32062986 1302714 94
5553114 3595995 80
32063080 1680505 36
32063667 790526 46
32064089 208196 11
32064104 1320104 68
32064134 274532 66
32064541 1025492 70
32064922 1686378 74
15206544 68559 21
32065232 177132 32
329185 228463 74
32066056 171964 73
32066458 1268275 76
32066791 365906 21
32067464 1180000 20
32067545 301551 79
32067616 384110 28
32068055 818837 93
32068152 2318567 78
32068368 131849 1
32068400 382663 87
32068412 518080 94
32068518 859986 5
32068525 3523667 87
32068550 873005 91
32069103 110318 66
32069491 1093935 95
32070079 1724517 92
32070197 925141 81
32070686 905273 64
32070749 443481 60
32072161 98760 66
32072177 939219 57
32072374 213519 88
28907900 2291509 35
32072401 3027678 39
11497070 93376 68
32072679 154331 50
32073337 2694489 23
32073342 1007113 97
32073735 391819 12
32073862 71954 19
32074090 4029892 71
32074629 1956082 3
32074921 194474 32
32075314 1451437 65
32075398 354568 90
32075790 5159 37
664451 988334 16
32075938 6211671 82
32076244 2992917 95
32076467 2489408 37
32076588 2108032 100
28919677 676289 34
32077181 1618558 18
1416840 1470931 1
32077604 332858 99
32078052 635492 52
32078652 376170 65
32078916 1033532 3
32078943 324979 94
32079288 2759116 10
32079773 111054 55
32079916 831655 81
32079930 1561708 82
32080370 14219 36
32080748 647504 30
32081564 598161 85
32081603 1696094 48
32081840 647425 57
32081848 1254999 64
32082425 96281 55
32082430 3735692 20
32082517 1444350 56
32082665 393254 30
32083087 1660603 45
32083118 1003030 100
32083282 9304575 31
32083379 6350421 34
32083441 1304747 71
32083611 740206 69
32083817 1176723 92
32083850 598790 51
32084022 2208114 31
32084277 961059 22
32084405 2502806 84
32085681 230942 38
32085794 1015134 54
32086505 442287 73
32087080 741050 15
32087309 1228653 52
32090103 551723 7
32090203 373219 17
32090904 2686753 44
32091218 866131 15
32091342 202836 41
32091350 654898 81
32091662 622595 31
32093591 3759631 98
32094005 413816 60
32094179 1050346 90
32094247 393102 79
32094992 1993017 87
32095030 893323 59
32095081 233845 71
32095099 1537640 25
32095131 353320 18
32095467 98719 97
32095548 640881 29
32095580 537533 65
32096071 376546 63
14656725 348548 22
32096279 4727856 67
32096463 1202844 95
15414849 857149 81
32096878 3307682 13
32097193 691495 81
32097801 124987 87
32098479 175184 36
32098517 344425 56
32098989 1308794 62
32099428 1105404 31
32099801 693202 86
32100421 121785 76
32101224 1222489 60
32101515 944651 89
32101532 1119593 58
999922 171114 1
32102814 2306165 4
32103423 955940 34
32103508 1980856 54
32103517 481991 41
32103983 2067354 38
32104017 471217 2
32104027 332286 67
32104495 1935675 18
32105385 2027007 38
32105948 686491 35
32105990 391402 55
32106022 780144 8
32106761 55338 62
32107040 5100729 22
32107248 1812865 12
32107274 756189 56
32107333 334801 19
32107494 177771 14
32107503 2013734 98
32108438 653376 51
32108623 207727 13
32109550 366034 16
32109775 1255369 60
32109780 131667 44
32110023 1705612 96
32110029 625825 77
32110267 108203 99
32110303 218120 57
32110488 809611 55
32110998 323778 13
32111455 828338 31
32111461 5153361 6
32111651 897831 55
32111764 2004193 14
32111899 604099 43
32113447 316859 37
32113610 92426 20
32113748 1145618 16
32114071 46169 87
32115908 5131105 23
32116340 106978 49
32116992 892906 54
32117182 92291 9
32117460 3821056 30
32118346 189680 4
32119991 194014 67
32120364 1718494 75
32120459 861215 68
32121315 2473409 92
32121429 155304 74
32121818 1819680 33
32121883 893990 51
32122108 914884 75
32122753 32122762 27
32122920 878207 61
32123338 1641756 7
9342547 1857048 34
32124957 17197 69
32125588 173633 6
32126489 344758 24
32127775 642791 61
32128112 348588 25
32128119 2586929 8
32128140 927793 46
14915968 3328928 69
32129523 869070 47
32129528 502549 58
32129634 98992 19
32129830 3073656 29
32130846 322361 4
32130922 318074 91
32131010 732718 42
32131061 651076 32
32131067 132380 22
32131224 659339 33
32131318 1700458 14
32131970 891601 63
32132005 1030757 35
32132026 696264 5
32133008 374070 69
32133167 779319 51
32133703 1040876 4
32134378 1721640 49
32134582 2948843 12
32135014 7340622 71
32135048 1725849 52
32135267 1865586 24
32135430 53114 49
32136052 1126306 39
32136195 662808 78
32136777 234632 1
32136793 2329211 15
1417432 1002179 37
32137346 127616 87
32137357 396413 2
32137623 396297 63
32138452 862912 25
32138502 320316 12
28942157 2182541 46
32139727 1293677 59
32141040 1776667 52
32141164 104604 98
32141235 6411130 30
32141385 176069 21
32141601 605697 77
32141630 516522 98
32142387 1186793 40
32142405 960382 27
32142651 2348164 14
32142790 345398 36
32142842 190416 87
32143005 44907 7
32143172 698013 62
32143689 1634930 57
32143706 309533 18
32143867 4895749 61
32143933 3540020 12
32143950 1449295 56
32144935 490159 76
32145316 3387832 72
32145416 1632641 76
32145546 278008 12
32145604 105474 72
32146311 572575 35
32146364 896952 94
32146473 1005232 62
32146870 2295892 92
32147179 510350 38
32147280 2206675 18
32147442 1341913 55
32147737 3333020 54
32147968 879139 43
32149134 345071 93
32149560 1853415 78
32149795 1020427 38
32149836 696827 70
32150399 659969 25
32150763 1904897 56
32151183 1745931 61
32151204 2193003 87
32151610 348154 30
32152128 701770 71
28870467 557274 31
32152378 6275762 69
32152597 91733 4
32152602 1704155 32
32152807 1324628 75
32152981 687468 95
32153009 361311 75
32153059 346624 46
32153243 897341 88
32153594 1049324 75
32153798 178151 62
32153919 404805 87
32153928 115589 15
32154306 14343 79
32154744 1096074 56
32155841 2221317 22
32157833 13193 72
32158902 393948 60
32158954 467988 52
32158992 444509 74
32159151 325865 65
32159228 1198847 17
32159422 1199481 68
32159633 328881 87
32159862 278948 81
32160008 286618 18
32160211 665940 33
32160238 2781914 25
32160476 604481 70
32160500 1352058 63
32161008 903636 38
32161059 705281 91
32161178 32161189 41
32161786 1338239 18
32161999 1719465 88
32162373 1256477 89
32162490 3336921 86
32163538 321551 76
32163740 3477197 10
32163853 388750 57
32164050 893222 26
32164602 99586 17
32164993 2083466 42
2993161 1523655 80
32165320 891321 3
32165555 3648216 81
32165719 127911 91
32166106 18886 55
32166130 4003878 27
32166859 871265 19
32167560 883599 56
32167855 1104631 10
32167861 77153 14
32167946 4872516 48
32168036 3361056 5
32168667 83919 91
32169048 2604423 60
32169090 711315 16
32169545 280250 13
32169786 1649717 95
32169820 141781 97
32169913 1774658 36
32170110 1776710 97
32170228 90600 36
32170862 994783 38
32171069 913483 18
32171362 445642 93
32171370 604838 67
32171434 1981149 20
32171612 343992 62
32171646 339067 79
23668341 323030 79
32172053 179452 84
32172076 97506 52
32172362 892663 97
32172483 919543 98
32172515 2125763 40
32172559 747490 85
32172673 207245 71
28963758 408026 18
32173402 630332 84
32173564 1253630 16
32173955 4678109 9
32173963 962056 77
32174385 383442 48
32174912 669335 66
32174966 1019699 61
32175019 5463 1
32175393 2543291 44
32175547 213070 63
32175603 199854 65
32175682 462329 33
32175856 121064 25
32175898 742107 7
32176082 434201 5
32176829 35923 31
32177102 335680 74
32177192 1001107 53
32177217 106630 4
32177434 129067 1
32177518 197794 85
32177941 1397676 35
32178049 1290788 51
32178299 927691 16
32178685 1619755 30
32178798 1824451 92
32179166 887973 23
32179199 1041967 80
32179288 1319388 43
32179432 893204 95
32179587 221880 38
32179601 1447886 100
32179840 889441 36
32180054 115190 83
32180246 487219 49
32180576 880049 96
32104497 1576515 19
32180968 1760311 45
32181186 242331 59
32181218 678932 10
32181600 318375 6
32181697 529454 92
32181985 142496 12
32182047 97458 55
32182061 694071 34
32182670 358958 7
32182718 881183 8
32182876 30717 89
32182911 181839 38
32183931 1306449 86
32183970 829522 23
32184461 1702571 9
32185066 2871589 67
4092648 597171 97
32185368 3107582 96
32185868 6972421 51
32186331 1356717 76
32186402 922380 24
32186517 355492 67
32186574 80421 70
32186638 223920 37
32186892 2991496 64
32187081 893150 74
32187171 862363 48
32187519 36588 11
32187693 908743 100
32187753 312584 46
32187821 628604 56
32187834 11622538 40
29712055 669014 50
32188507 162523 37
32188560 924022 12
32188664 604870 92
32189235 917464 67
32189314 141979 34
32189439 922130 75
32189810 2049588 76
32189834 1142849 85
32189994 249794 59
32190119 665289 95
29706087 1739 22
32190495 1420479 100
32190528 3979116 67
32190790 321835 64
32190805 799319 38
32190828 301226 81
32191008 390144 38
32191031 610978 98
32191222 224423 87
32191294 2638866 40
32191358 2961602 65
32191569 5214751 18
32192474 2774018 48
32192802 781645 72
32192841 853286 67
32192895 1632846 32
32193052 406784 16
32193085 3202975 52
32193189 28569 54
32193219 18423 42
32193393 509768 39
32193398 52192 19
32193402 288915 33
32193544 462328 88
32194016 649295 32
32194259 2855643 100
15014140 10179759 94
32194944 1195512 56
32195629 1054831 86
32195656 2529015 83
32195876 662896 88
32196389 1083529 45
32197504 175908 62
32198485 324841 53
32199408 94445 23
32199502 650219 33
32200236 2061 39
32200993 660553 3
32201121 1608392 81
32201269 2039564 76
32201436 698007 68
32201623 3478882 6
32201938 677176 67
32202027 3945217 79
5495215 58968 57
32202467 919468 54
32202489 1516895 92
32203016 1510653 47
32203057 1357720 62
32203100 1221716 46
32203630 1529352 78
32203980 336222 60
32204447 21710 30
32204690 2575352 39
32205042 2192769 80
32205268 213512 10
32205413 2163570 50
32206141 288036 88
32206313 295677 28
32206907 917332 37
32206956 199249 18
4987213 3038609 71
32208740 122803 41
32208745 1543060 8
32208751 394724 4
32208766 209403 4
32209163 2697904 51
32210306 758311 42
32211259 1207058 72
32559760 178744 83
32560078 18305 1
32560164 306744 8
32560281 666574 33
32560309 128949 75
32560442 597202 21
32560554 148334 37
32561212 328939 60
32561389 93430 88
32561415 413322 38
32561575 52190 7
32561788 610527 65
32561835 211832 51
32561846 769383 47
32561851 897786 18
32561855 342668 76
32562451 1042262 73
32563122 445276 62
32563160 1025754 97
32563299 954064 34
32563364 105190 62
32563447 2666371 19
32563562 607758 19
32101534 5616685 60
32563829 54122 74
32563831 608347 12
32563838 2734512 36
32563846 915209 66
32563859 442985 16
32563880 193783 63
32563890 83125 67
32563896 97744 46
32564235 1676127 9
32564343 619192 93
32564621 19606 38
32564863 163885 56
32565333 385184 97
32565764 361038 51
32565770 2846307 4
32565916 549551 57
32565942 831467 91
32566096 95480 33
32566199 96101 84
32566364 1708227 62
32566641 1671223 90
32566728 386173 18
32566909 98229 93
32566983 100176 58
32567300 2560675 74
32567590 825191 90
32567607 90254 35
32568058 594824 52
32568091 387630 39
32568188 873942 41
32568205 306906 45
32568348 1845170 64
32568401 547869 25
32568612 911966 69
32568621 1300968 30
32568650 113271 16
32568889 100524 63
32568904 291547 39
32568908 917670 8
32568913 900057 52
32568920 2585954 80
32569133 333450 57
32569185 223608 80
32569201 407855 9
32569242 40899 17
32569244 134124 77
32569440 891250 80
32569691 964061 14
32569743 407181 59
32569754 3205 49
32569801 333406 19
32570218 548467 7
32101544 2540794 73
32570628 195704 22
32570632 3215874 76
32571068 391203 18
32571181 2304862 21
32571185 1790886 99
32571242 4444785 36
32571547 1083900 83
32571615 508759 36
32572116 1671255 73
32572467 186945 38
32572913 517453 19
32573424 852561 58
32573597 346530 6
32573637 1121974 57
32573816 1225567 86
32573854 594808 20
32573938 685987 36
32574096 934105 35
32574304 8212254 22
32574363 191512 84
32574415 100869 76
32574804 859622 81
32575178 1667789 96
32575501 1060308 65
32576060 825414 24
32576106 664375 46
32576480 116090 76
32576690 2408380 88
32576757 2142913 94
32576965 489634 58
32578441 788576 62
32578464 220185 65
32578468 288205 95
32579004 276737 78
32579078 4185788 70
32579876 3878188 29
32580267 671467 95
32580559 880513 23
32581397 155826 83
32581404 340097 13
30630611 94851 46
32582145 2587967 95
32582382 404476 17
32582405 224070 51
32582579 2685 37
32583062 1566952 73
32583675 917504 16
32584024 2122846 79
32584141 939453 99
32584210 2027040 58
32584368 3026646 53
32584537 95949 46
32584542 1754467 65
32584712 2485252 19
32584720 669430 57
32584739 859057 38
32585247 265007 92
10274755 662981 85
32585720 1186078 49
32585748 1438115 55
32585780 3175083 1
32585858 31172 90
32585935 895744 51
32585981 97967 54
32585997 78060 52
32586228 885093 91
32586607 1340031 11
32586618 65014 79
28815832 305484 47
32586678 135013 81
32587082 2376584 42
32587110 175368 74
32587211 333066 75
32587229 330100 40
32587266 1415039 76
32587291 631423 13
32587818 97043 44
32588212 505988 33
32588229 332489 86
32588335 253506 48
32588443 1028883 43
32588455 892317 7
32588838 907566 46
32588935 689453 54
32589099 29639 26
32589328 857259 98
32589388 2500484 97
32589673 376532 8
3884945 333214 46
32590418 1164571 35
32590522 11906196 6
32590919 83793 10
32592167 2289608 36
32594248 3185339 22
32594627 649578 69
32595299 2356490 97
32595324 1739586 23
32595352 97505 44
32595375 190601 76
32595465 392343 71
32595660 8895033 72
32595832 2996343 6
32595884 1841177 1
32595895 1122647 2
32596027 3276751 41
32596188 2786321 62
32596204 790984 94
32596867 141257 85
32597184 1856623 85
32597668 105580 87
32597984 1042145 89
32598064 124900 10
32598583 2382129 75
32598665 1570463 76
32598729 962755 88
32598903 391909 56
32599166 48326 28
32599192 344329 60
32599352 998470 29
32599475 330352 54
32599743 65977 43
32600390 2229144 83
32600820 195366 63
32600912 1334187 22
32601565 124799 64
32601757 458828 70
32601780 480820 6
32601866 1289316 69
32601872 534534 27
32601904 324313 28
32601943 354945 32
32602042 831606 43
32602185 665107 7
32602395 2809010 63
32602669 312436 93
32602792 3500882 74
32602810 293446 31
32602899 345893 61
32602934 136261 16
32603568 357843 40
32603632 1572935 66
32603639 675509 9
32603984 346919 58
32604181 109042 10
32604437 1171277 72
32604718 190417 40
4034539 858786 50
32605268 502911 97
32605527 1921131 59
32605669 918157 9
32605765 1801305 58
32605889 142334 58
32605961 295147 58
32606185 361649 58
32606217 225331 4
32606447 2849301 33
32606799 572444 28
32606871 103416 27
32606911 48779 65
32607143 1332235 87
32607500 649606 18
32607638 1401889 74
32608230 96481 13
32608314 353529 1
32608530 511956 16
32608631 392146 42
32608689 590275 16
32609360 2039606 35
32609375 1152840 73
32609385 353313 11
32609465 149858 73
32609550 119698 67
32609616 1195790 1
32609915 572468 52
32609963 954875 23
32610066 98226 94
32610326 807202 18
32610392 1471193 66
32610440 311736 23
32168355 2337585 87
32643727 1790002 18
33566264 175614 40
33567230 2394777 78
33647214 504306 41
33648687 4171465 16
33649902 2364368 69
33650108 672615 35
33650125 344569 13
33650305 27689 30
33650538 373484 78
33655739 1306640 58
33655744 21988 55
33677369 2168281 50
28761017 2300498 96
28761018 105104 17
28761019 6118219 42
33677887 1752016 73
33682097 1448030 43
33682137 666182 90
33682173 104609 2
33682801 1091767 12
33684419 715101 26
33684437 313589 19
33684759 1745104 86
15252607 312623 8
33685108 4875136 42
33685202 2776668 5
33685643 2840236 25
33685736 47072 98
33691606 444620 92
33692130 126216 54
33693538 428926 88
33693542 324554 78
33694429 849864 62
33696349 3729221 72
33698211 1716921 22
33698275 1168954 64
33699438 1110001 26
33699506 399384 51
33699527 312671 2
33699639 3083511 23
33699945 936619 58
33700730 111057 54
33701825 887736 65
33703172 128212 100
33703729 2531696 34
33703784 1067737 36
12265290 3588990 9
33703889 705584 70
33704800 1062102 93
33704936 326496 44
33704980 1340651 81
33705222 327353 100
33705684 38742 51
33705992 250983 9
33706028 863727 83
33706190 328910 90
33706488 341571 46
33706504 524449 87
33706814 158181 38
33706824 220638 29
33707562 92348 70
33707804 1420302 37
33709774 739899 86
33710508 899989 40
33710709 634504 20
33711130 525828 35
33711957 740388 3
33711970 2729570 71
33714715 96397 97
33714925 979229 36
33715899 228462 32
33716345 676078 30
33716972 862937 30
33717559 950566 42
33718463 346095 34
33719082 1642490 64
33719137 775021 74
33730458 101822 77
33778393 388795 46
33786727 94288 13
33787002 825490 45
33787131 1005420 86
33787193 1673874 19
33787269 209341 94
33791475 1366208 61
33792218 579245 37
33792759 271951 33
33792824 479262 62
33794370 5687636 37
33794390 1553040 70
33794589 350948 67
33794994 308695 97
33795512 5585061 30
33796194 404994 71
33796504 2538244 49
33797154 98440 24
33797184 8361 89
33797334 912040 50
33797339 360321 13
33797376 2912420 56
33797417 1094408 68
33797439 98437 62
33797566 2128546 78
33797664 53832 50
33799903 1860795 90
33800528 33800531 55
33800628 11478202 31
33802296 120383 23
33813211 1358508 64
33813222 441876 90
33813229 927271 79
33813236 148836 66
33813243 422225 45
33813251 325151 81
33813254 324698 58
33813260 1708594 60
33813282 2063658 79
33813331 3034188 2
33813354 4375918 42
33813368 326799 54
33813373 2091249 4
33813376 1949289 70
33813381 1724980 19
33813386 811469 97
33813461 1530750 33
33813475 671652 37
33813514 95849 73
33813560 922507 75
33813598 98939 29
33813610 214971 77
33813615 88202 27
33813625 102721 21
33813629 654795 47
33813649 177944 87
33814380 1323477 71
33814414 1398318 96
33814471 350993 64
33814502 3315500 97
33814559 684128 10
33814592 2397756 40
33814615 361810 50
33814619 2354131 28
33814635 220363 17
33814648 432738 25
33814655 1299390 5
33814666 97703 17
33814737 58260 11
33814766 911978 22
33814773 1568273 39
33814874 810813 16
33814925 601513 66
33814981 265418 82
33815003 109689 46
33815266 998848 50
33815370 1080910 2
33815453 867237 52
33815486 220192 18
33815534 869425 22
33815653 16633 49
33815662 2357442 94
33815938 657 45
33815971 2325111 59
33816321 1513900 18
33816657 1151848 64
33832067 351603 25
33832145 95992 64
33832155 1634907 81
33832185 904795 84
33832207 406859 23
33832215 43215 86
33836159 308520 27
33837095 895931 84
33837212 654707 8
33837276 7939366 37
33837321 93543 88
28825559 357442 78
33858479 2212121 70
33861284 440026 18
33861353 821117 93
33861617 3709673 62
33861878 412619 88
33862563 434763 48
33862919 199695 41
33865268 33865270 87
33869681 102150 83
33871234 301563 2
33872071 185065 28
33878607 1146796 44
33900472 3632656 92
33914735 2313145 92
33915773 1119275 41
33917713 325767 28
33923173 2407758 13
33926018 276077 59
33928257 447110 90
33929553 402171 76
33930126 790892 54
33930288 2934572 98
33931327 3532806 59
33931960 1677592 25
33944509 1166149 5
33944852 1912957 76
33944854 339520 3
33946001 1224319 82
33950979 190223 62
33951307 6827817 53
33951321 1994753 50
33966431 409262 95
33966524 541470 48
33966805 994982 7
33966873 193212 60
33997268 447555 64
33997461 40152 6
33997563 105526 65
34013460 3068623 4
34018374 913321 38
34018476 902401 60
34018488 466754 80
34018732 329678 41
34018778 407934 19
34019051 52577 47
34031261 359078 21
34033061 1052628 47
34043518 274265 93
34043549 213869 44
34049030 219607 48
34050867 474845 99
34051046 34051050 94
34051667 1523096 82
34051989 1938162 45
34052844 137008 62
34052853 590642 96
34052855 1101824 92
34086712 2261212 40
34086809 206335 61
34087191 5457471 70
34087262 364995 63
34088351 1761868 13
34093973 92200 81
34094051 663210 59
34094262 1707792 85
34094410 905189 89
34095702 573868 29
34095878 327530 24
34095910 236476 46
34102111 316444 20
34118894 34118896 88
34118957 1582504 90
34118960 922515 91
34119054 848527 91
34119272 1297640 64
34119450 385734 10
34119489 670485 92
34119564 450017 37
34121203 2353969 24
34121405 2862312 27
34122764 1914836 49
34125122 246840 72
34127401 1072752 96
34127500 2209912 95
34127546 597716 49
34128311 872350 79
34128439 945240 85
34128492 901048 83
34129392 4028595 33
35096440 399148 85
31757186 348387 3
35353607 7952 34
35353625 861952 68
35353632 579809 30
35353723 165349 24
35353730 710602 24
35353745 11971707 98
35353848 1719515 2
35353866 830340 1
35353868 1026232 56
35353895 276368 16
35353933 215784 85
35353993 2534789 52
35353995 19581 7
35353997 123948 11
35354015 1578027 96
35354040 332986 44
35354056 214502 52
35354071 1436795 90
35354075 2638864 5
35354109 931932 70
35354122 3750225 8
35354132 1303333 20
35354234 16162 91
32590712 6509454 12
36073317 342103 71
36073530 300385 90
36073604 31170 30
36073776 2555144 24
36074090 1296656 33
36074285 3668872 73
36074328 389371 68
36074496 934574 84
36074592 1689816 12
36074889 681728 42
36074920 1075563 7
36074947 20942 1
36074976 663935 29
36075039 546528 89
36075123 881147 61
36075224 333369 74
36075244 43548 75
36075276 3150756 18
36075287 741086 99
36075303 98721 96
36075408 338721 31
36075597 101034 99
36075729 831693 66
36075915 997393 57
36076074 1829219 58
36076078 924517 94
36076250 339675 34
36076292 685294 73
36076369 24216 87
36076701 376168 85
36076918 644456 55
36077073 336226 52
36077099 3212181 65
36077146 237269 42
36077361 312629 61
36077678 1304588 95
36077696 3177698 38
36077759 347575 62
36077775 15209 49
36077786 449795 94
36077852 1510762 12
36077900 111157 63
36078046 29255 24
36078082 104231 70
36078086 1625313 43
36078156 218887 49
36078167 1223634 27
36078293 721244 100
36078396 608233 84
36078464 1751460 95
36078491 955092 25
36079358 393581 23
36079463 22931 12
36079716 637800 21
36079785 1458332 39
36079795 815206 78
36079897 1396285 34
36080017 1455749 36
36080447 1487121 30
36080972 622838 20
36081091 2482951 51
36081925 2876158 57
36082615 124602 32
36082940 2564441 75
36083375 619125 53
36083970 905756 21
36084133 34875 51
36084244 1055224 26
36085583 464836 74
36085862 666289 31
36085949 664439 36
36086254 445495 30
36086810 2257710 71
36087103 677075 11
36087469 1968842 31
36087521 52916 77
36091202 481481 45
36091391 913006 67
36091672 226968 40
36091732 2118809 76
36092017 174672 87
36092959 566330 43
36093004 759697 13
36093834 656123 71
36093950 86548 46
36094262 846343 30
36094372 782547 76
36094674 1427515 54
36095571 4747288 24
36096093 252420 50
36096160 622713 32
36096296 109139 9
36096499 45112 62
36097243 105691 70
36097902 1000717 75
36098220 357402 41
36098375 2262550 75
36098386 112084 1
36098564 4528944 26
36099123 314050 92
36099236 4284417 100
36100065 334002 61
36101039 1407416 25
36101213 8360 14
36101526 584986 9
36101747 912591 49
36101786 1253790 93
36102292 408279 10
36102300 49228 53
36102359 2988432 21
36102364 4889178 20
36102423 1249951 3
36102565 1810605 78
36102951 868372 2
36103110 402828 52
36103114 971327 33
36103173 220050 26
36103315 202919 34
36103580 397573 16
36103661 1310278 90
36103980 110601 56
36104141 121325 26
36104400 274640 15
36104482 298977 81
36104810 1055132 89
36104910 1243690 90
36104948 1392824 76
36104988 1977595 1
36105081 349596 42
36105327 443682 15
36105382 345109 74
36105417 1737645 47
36105943 1419531 92
36106117 622370 37
36106333 362235 25
36106647 1984474 52
36106704 598860 71
36106835 395509 79
36106959 202443 68
28843551 325328 87
36538284 1413681 2
36538627 567167 95
36540126 4892250 6
36540285 1444576 33
36540972 3071812 79
36542677 97376 89
36542816 3898076 90
36542934 3119147 85
36542966 632268 95
36543129 1344322 36
36097229 10333263 27
36543433 1681752 79
36544017 453999 8
36546031 1453643 2
36546490 2905629 44
36546497 1110234 96
36546499 220957 57
36546619 893058 6
36547076 5528660 6
36547333 1256976 45
36547735 707887 86
36547737 206066 75
36549422 506045 62
36550298 277709 1
36550432 2552495 85
36554778 51520 73
37511372 2869903 56
21638859 9757150 99
39344169 119640 42
39344843 2588278 42
39345137 746946 91
39345153 1420132 86
39345709 865131 25
39346088 959706 59
39346200 1742902 91
39346245 1080991 14
39346355 639292 84
39346381 355299 70
39346446 867802 13
39346463 226491 87
39346481 678801 83
39346493 940729 3
39346523 95331 48
39346556 331779 54
39346584 324637 26
39346839 156267 57
39348618 120717 30
39349221 525827 76
39349325 105278 78
39349499 1906114 91
39349529 531359 8
39349904 1045358 16
39350145 2438539 73
39426083 523308 4
39917136 915750 6
39917138 109876 28
39917389 2014301 50
39917442 167266 54
39917449 3068388 69
39917643 2219480 14
39917660 39917663 77
39917720 644207 48
39917756 20034 27
39917799 249895 8
39917898 546779 51
39917939 10943759 98
39918001 179104 35
39918007 1704852 96
39918130 360726 81
39918172 1005752 83
39918183 604973 63
39918251 10365915 13
39918421 39918423 62
39918444 915927 81
39918568 3761361 66
39918847 891575 16
39918857 3565413 76
39919050 565259 29
39919079 1951438 78
39919367 956321 65
39919439 2939430 35
39919761 4196715 13
39920776 5649006 24
39921539 193531 21
39923030 335329 59
39923088 5035813 72
39923138 1710332 54
39924542 2265095 59
39924839 625122 78
39925589 3122421 72
39925724 389870 1
39925726 289158 77
39926166 124798 74
39926249 1581758 45
39926288 2006017 7
39926391 9584840 4
39926618 1311749 35
39926838 1036254 50
39927018 964327 92
39927329 1075399 21
39927369 323372 22
39927441 4873005 85
39927444 690037 68
39927458 7940517 72
39927792 851166 81
39927820 1149511 20
39927876 807314 39
39928251 2865317 32
39928318 6350421 62
39928566 2887971 62
39928569 2929989 32
39928855 316790 88
39928877 893911 50
39929115 389303 91
39929178 1417156 11
39929226 2497961 73
39929291 11642830 40
39929837 415691 69
39929859 354665 42
39929866 740912 14
39930098 789065 47
39930257 178144 76
39930422 39930425 7
39930515 3863238 60
39930524 136773 81
39930545 4572754 43
39930558 2491026 87
39930562 95667 8
39930567 132028 91
39930584 358962 44
39930595 1008155 3
39930602 226732 73
39930628 2370606 25
39930695 141726 55
39930697 316430 75
39930723 51463 98
39930750 546990 67
39930997 39931000 18
39931005 716099 79
39931304 726292 51
39931306 677538 34
39931317 714483 76
39931506 1367739 49
39931525 3510205 54
39931547 102041 1
39931609 216946 95
39931656 713211 66
39931666 144985 34
39931678 1581296 41
39931755 905359 35
39931931 651061 73
39931971 1295567 51
39932021 291610 28
39932048 1384982 45
39932221 4496752 47
39932394 470348 49
39932524 578135 69
39932535 14225 85
39932623 598915 83
39932661 852853 6
39932665 702189 4
39932667 102298 80
39932744 1294128 23
39932759 640863 51
39932806 597673 41
39933073 2989601 47
39933135 949513 29
39933211 330182 66
3140689 326797 32
39933261 817500 86
39933271 961091 15
39933363 134983 2
39933500 388995 42
39933513 2389596 86
39933618 2587816 62
39933645 2488232 5
40020528 339842 70
40020539 214885 24
40022862 40022865 25
40022877 386806 27
40652786 3316890 94
40653501 2048284 73
41336990 1025755 31
41338259 1283138 84
41338402 925091 77
41478318 597699 9
41491858 3273993 37
41654150 527359 92
41655018 2151018 27
41655224 853539 17
41655321 1205341 56
41656502 4481262 25
41657197 216227 1
41657223 2180892 42
41657293 337644 82
41658237 1544575 20
41658581 317803 57
41658732 369715 35
41663461 1577146 90
41663463 701721 46
41664381 2773300 14
41665498 3504136 58
44228362 135344 58
45314552 6086549 6
45315193 72375 94
45329955 243471 2
45331138 1169971 55
45336842 928353 32
45342382 7738238 65
45346338 11651948 46
45856656 2049027 42
47771843 934015 40
47879985 254828 92
47880325 487294 33
47967291 1755667 50
47967292 3563209 9
