69997 259978 43
11665300 415454 64
11784786 794154 1
754900 794158 39
1097365 364344 92
260363 374546 83
13311583 219737 4
446416 374546 27
13326256 704102 4
3910159 374546 59
13360006 415454 22
3090022 186928 39
260365 415454 98
13390525 219737 100
4669577 794158 27
3315208 1203275 91
755225 186928 85
1916851 794158 60
1538918 704102 45
228445 704102 91
1712441 576457 3
13494237 219737 76
13514026 576457 64
13514192 415454 44
13514614 576457 72
14213764 219737 58
1537504 374546 6
14474282 704102 8
44191 186928 7
12586081 186928 64
1686590 1203275 33
14885244 219737 68
14903119 186928 62
14910485 415454 45
14914874 415454 11
3576323 415454 29
14915811 374546 17
3086222 415454 42
2396360 364344 75
14920843 576457 58
3574692 374546 39
4757984 364344 84
3939026 794155 99
14939862 1203275 71
14945316 259978 18
3138923 794154 6
14946699 704102 39
2541933 415454 69
14974701 576457 27
1537038 374546 70
14981817 186928 28
2736403 415454 56
15009697 676868 85
15009783 576457 10
3806638 794154 19
3448110 794158 12
2395555 374546 56
3939384 794156 12
15036059 186928 58
15040255 576457 71
1609634 794154 3
15047616 794154 35
2169678 186928 69
4678278 186928 2
4019049 415454 13
3087602 364344 77
15061531 186928 24
15061976 364344 54
4267415 364344 54
3087752 364344 76
15086278 576457 24
15089168 1203275 96
15093128 676868 92
926928 415454 24
15098048 794156 2
15100216 1203275 13
15100376 374546 59
15108517 374546 77
15108657 364344 54
2055367 374546 48
3939183 374546 76
4310959 374546 12
15008334 704102 32
5009915 704102 92
3087424 415454 30
3274828 186928 88
1286042 415454 73
1055200 415454 65
15128113 415454 35
3909378 364344 98
15128321 676868 99
9116282 186928 45
15129415 678112 80
15129425 794158 36
15129429 186928 57
15129583 364344 39
4639086 259978 44
2396928 415454 5
3939136 415454 98
15150359 364344 21
15152228 794158 98
2909096 186928 57
15050544 415454 56
8281752 364344 4
15160958 794158 96
3086216 364344 60
15173834 676868 71
1538597 186928 20
2346702 186928 22
3087233 415454 22
3745843 1203275 41
2394415 1203275 94
1665111 186928 31
3132359 704102 5
2727558 186928 75
3920533 576457 75
446417 415454 47
30599995 219737 3
30225629 676868 6
30790158 576457 81
30233683 676868 41
30218644 415454 52
30790271 186928 83
30232963 219737 99
3780346 186928 32
3939257 794155 49
1538800 415454 76
2395559 374546 50
30790848 219737 12
4543127 576457 91
3470448 415454 61
2395527 576457 99
30792074 704102 24
30243991 794154 68
3939252 794156 40
3939264 415454 54
30792219 704102 92
3939293 415454 39
3939393 364344 60
30792243 259978 62
3087644 364344 80
3939106 794155 12
3939208 374546 72
8215596 186928 17
30245662 364344 3
30248656 576457 28
30218196 219737 6
30246512 364344 18
30792968 794154 99
15219212 415454 2
30217382 219737 58
4317562 374546 21
30234235 576457 93
30219818 415454 44
30220110 364344 15
30234896 415454 78
4205532 415454 85
30221306 374546 32
2394586 374546 84
30793793 364344 66
3087107 415454 51
1694383 415454 24
3292622 415454 45
3577665 415454 60
2394579 415454 19
30229431 676868 84
5023266 374546 31
3954293 415454 85
14923712 364344 41
30225387 186928 22
28518221 704102 29
575979 415454 49
30794947 704102 13
769832 374546 35
1055084 415454 98
1538588 374546 36
2394358 1203275 2
3819335 415454 92
5018977 415454 7
129070 415454 87
2394768 415454 51
3576001 415454 33
2055234 415454 14
3615331 364344 46
3575162 415454 85
30796286 678112 94
30796289 415454 82
30796309 259978 68
2397763 374546 85
30231965 676868 31
30231966 704102 46
30796311 415454 25
30796334 415454 35
30796350 374546 31
13228491 415454 91
30219772 374546 5
30796532 364344 54
30797601 794158 24
3462960 794158 97
30798114 364344 32
30798252 259978 62
14915735 364344 65
30798442 415454 4
14916116 364344 76
14885256 219737 88
30597347 678112 27
3086388 1203275 85
2014184 415454 6
30799180 364344 85
30599998 219737 47
30799217 1203275 3
30223919 704102 59
29335892 415454 31
30228908 186928 70
4213373 704102 83
3939299 186928 4
14931219 219737 68
3576319 794154 68
30799825 1203275 31
30221655 576457 8
30937560 415454 74
28739911 364344 47
4266128 676868 14
2815024 219737 89
30937662 1203275 57
30239839 364344 60
30224525 576457 100
3444386 576457 69
28739924 704102 47
30219365 374546 75
2055401 374546 26
1537046 374546 51
11854769 364344 1
30866954 794154 88
755321 186928 16
12245329 415454 59
30328217 576457 52
30874916 415454 18
30879905 415454 98
30222792 374546 80
30240787 704102 44
30868637 576457 89
1571976 415454 50
3034576 704102 67
30866074 704102 20
2395004 374546 37
30799583 415454 93
30868657 259978 4
2395869 676868 39
14972328 186928 84
3774094 219737 63
30220273 794156 44
4280460 415454 52
14909808 415454 14
2396978 415454 11
3086981 415454 81
30235979 704102 2
28739908 374546 44
30940189 704102 70
30879992 364344 42
15542697 704102 37
30236253 415454 30
1538351 415454 88
30940328 794154 37
4285329 415454 68
13473930 415454 100
2332525 704102 90
28739093 219737 26
30225236 415454 15
4280532 415454 72
4957349 283436 97
30866415 1203275 56
30217404 704102 33
30239902 415454 11
1538771 794154 16
10353179 259978 93
30866048 576457 42
30963063 259978 87
3575163 415454 55
2422796 415454 92
30217811 364344 100
3920541 576457 49
30218388 415454 64
8631675 415454 22
15173200 415454 40
4264924 415454 37
9577816 415454 75
30218173 415454 93
30244759 704102 52
30219267 415454 83
30222067 704102 17
30217344 415454 35
3370911 676868 55
14932831 219737 58
14422640 364344 27
3679864 704102 18
30217473 219737 42
3229357 415454 100
1496261 415454 63
30218418 186928 19
15137375 374546 28
30968764 794158 82
30968779 415454 23
3910620 364344 45
2394433 576457 61
1538641 794155 82
30878727 576457 88
30870911 576457 16
4266139 415454 38
30867013 415454 25
30968982 186928 76
5009828 186928 20
30221898 415454 37
2396477 374546 23
30224911 415454 39
3574855 374546 51
30218193 186928 29
1571971 364344 36
30239568 576457 91
5011715 219737 80
5013922 374546 6
3939214 186928 94
3501475 704102 51
30867616 186928 37
11356785 186928 18
15129896 704102 77
15183423 219737 93
30872869 186928 41
9994060 186928 37
30218831 415454 73
14947912 415454 97
30970138 415454 26
30241051 415454 54
3939279 576457 21
14280689 704102 1
30228062 374546 32
30224629 415454 21
14983838 415454 35
30240438 374546 20
30868916 704102 42
30218262 704102 54
30245953 186928 24
30241976 186928 72
30234757 374546 40
30970818 704102 76
30218312 794156 30
30870830 794154 92
30866629 794154 79
30224500 415454 90
30971133 704102 34
30217355 186928 85
3679865 704102 89
13154329 415454 2
3576012 415454 69
30220938 704102 4
3574893 219737 48
2705645 415454 68
30241378 364344 2
30226296 186928 12
3939274 415454 60
3939286 186928 16
28739094 219737 26
30866926 364344 28
3274837 576457 7
30867779 186928 58
28773047 186928 27
1538653 415454 25
14916497 415454 51
4038913 704102 53
30869620 186928 72
30866858 415454 77
30877909 415454 57
4510465 364344 60
30238055 794154 42
30972693 576457 43
3939203 794155 3
5011716 1203275 77
30219345 415454 56
30974065 794154 14
30724596 576457 31
30237409 415454 45
30974171 186928 25
30866136 794154 51
30230937 415454 23
3712778 576457 85
30878409 364344 93
30974461 794154 64
30974465 794154 99
30878734 794154 62
30974503 678112 36
30228458 794154 86
30974529 704102 77
30974531 364344 2
30974557 794154 12
30974561 794154 77
30866186 794154 88
30867830 794154 1
30974588 364344 96
30225596 364344 10
30237598 364344 47
30222971 415454 43
30974604 364344 18
28739235 374546 86
30224455 576457 87
4431163 415454 9
30244121 794158 11
30974766 704102 72
30974896 794156 71
30220002 415454 85
30974946 364344 98
30236217 704102 54
4202303 364344 28
1571808 704102 70
30975094 364344 57
30225816 364344 40
30224086 1203275 88
30240338 364344 14
30218815 704102 42
30231967 364344 31
15131089 364344 96
5019015 186928 38
30975908 794154 100
13444561 364344 25
30874617 794156 83
3575212 364344 68
2187529 364344 42
30866868 364344 54
30219196 364344 53
30218898 364344 74
30223793 415454 32
15367651 415454 87
2394555 364344 25
2394516 415454 48
4358233 415454 29
1538738 219737 31
30235090 415454 28
3574896 415454 83
3086196 219737 56
2815035 219737 18
15008729 678112 27
30243715 415454 87
2398533 374546 13
30870907 678112 65
30238021 794154 27
30229979 576457 14
4123693 364344 76
30866432 704102 70
5025957 415454 94
30865601 219737 32
2398547 364344 76
30237985 415454 33
3910667 364344 57
13397322 415454 20
30977600 704102 6
30219836 415454 86
30224020 576457 88
30790392 704102 90
3939190 576457 60
3574974 364344 18
30227379 415454 10
30875972 704102 3
30220634 415454 46
30226633 186928 33
30231070 186928 67
30220885 364344 9
30979197 704102 59
30218326 186928 60
30349077 364344 99
2396361 364344 97
30218206 415454 26
30877325 794154 5
1537047 219737 17
3034554 259978 57
5023429 186928 13
2818384 364344 19
2395234 219737 31
4202065 704102 66
30391513 1203275 63
2396410 704102 60
30220217 374546 24
2394369 576457 99
30986277 415454 20
3773977 219737 99
30992332 704102 43
14827248 1203275 75
30866306 794154 27
5024195 219737 63
30221758 364344 91
32657374 415454 13
15168636 219737 74
4017122 374546 41
32685045 676868 21
32687629 364344 84
32692226 794156 33
4361504 676868 78
4017123 576457 65
4673082 186928 15
3331863 794158 64
4652294 794156 39
33276696 794158 11
4673083 704102 43
4311733 576457 8
4716373 576457 61
3331864 1203275 4
4654777 415454 6
4673084 1203275 64
10323323 794158 37
4554852 704102 54
3331865 415454 14
4673085 576457 32
4534705 364344 11
3774253 576457 69
33306752 186928 41
3331866 1203275 44
2197318 794156 84
30789049 415454 42
4486117 186928 86
30789050 259978 24
4652297 186928 62
30792787 676868 5
3331867 576457 66
3806745 364344 68
3329097 676868 77
4217726 186928 72
30789052 794158 34
4718696 794158 28
4718697 364344 54
4652304 364344 50
33339486 259978 91
2874187 415454 36
4312001 186928 30
33330497 704102 14
4654779 219737 70
33330769 576457 32
4534707 364344 54
4730507 794158 85
4682627 576457 62
33288823 576457 48
4654780 794158 25
4313167 794158 52
4486118 576457 10
2396424 364344 19
30219326 576457 64
4673086 1203275 94
33366426 415454 87
4948644 1203275 87
28388895 576457 67
30788819 1203275 22
30221396 374546 99
33432917 415454 65
5024454 576457 25
33533432 794158 40
10330762 676868 64
10330763 678112 54
33580552 1203275 64
33580553 1203275 77
14910487 415454 46
1478824 186928 97
33580557 1203275 90
33580554 1203275 21
33583997 219737 64
28763609 364344 42
33588873 704102 44
34293994 1203275 91
34344017 259978 13
34345325 576457 51
34350099 794158 19
30600599 415454 31
34390681 676868 59
34396529 364344 53
34400724 576457 4
34405569 374546 8
34405915 794158 62
34414246 374546 9
34439820 415454 97
34450879 415454 26
34452472 364344 81
34479424 219737 23
34479999 1203275 23
34481633 374546 71
34482641 676868 7
3088672 415454 86
34497606 704102 44
30792063 374546 68
15042022 219737 10
4434268 415454 17
35334925 415454 9
15158309 704102 38
35335159 415454 89
35335217 576457 39
35335219 186928 80
35335221 374546 10
35335227 219737 79
35335322 219737 61
1968220 374546 70
35335465 676868 86
35335468 219737 90
35335499 186928 44
35335685 794158 8
35335753 186928 24
35335757 676868 58
35335769 415454 95
35335774 374546 67
35335778 1203275 42
35335791 364344 74
35335825 186928 33
35335829 415454 20
35335833 186928 28
35335839 186928 48
35335845 794158 62
35335848 794158 97
35335850 794158 77
35335852 794158 71
4773419 794158 17
35335860 374546 29
35335864 415454 59
35335935 676868 4
3034633 704102 79
35335979 1203275 59
35336067 186928 36
35336147 794158 46
35336151 186928 92
35336154 364344 27
35336160 576457 15
35336173 415454 25
35336176 186928 14
35336202 794158 42
35336223 676868 53
35336250 364344 10
35336253 219737 91
35336259 1203275 6
35336288 415454 58
35336291 794158 57
35336297 219737 27
30789674 219737 61
2902505 259978 35
35336334 415454 72
35336347 1203275 34
35336403 794158 71
35336586 576457 34
35336590 186928 23
35336594 364344 56
35336598 1203275 24
35336616 576457 28
35336631 186928 100
35336638 186928 48
35336698 415454 46
35336708 794158 1
35336712 704102 29
35336717 576457 44
35336729 794158 77
35336736 219737 68
35336744 186928 67
35336749 704102 19
35336831 794158 18
35336850 415454 26
35336860 704102 50
35336873 219737 60
35336934 186928 75
35336936 186928 64
35336943 186928 99
35336945 186928 38
35336950 186928 44
35336963 415454 53
35336975 576457 100
35336982 415454 55
35336986 676868 88
35336999 676868 47
35337033 186928 59
35337079 1203275 44
35337094 576457 87
35337105 794158 62
35337219 219737 86
35337241 259978 76
1969516 576457 59
35337327 704102 12
35337333 364344 21
35337416 704102 79
35337419 374546 5
35337439 364344 95
35337451 186928 33
35337457 576457 8
35337483 219737 51
35337487 415454 54
35337563 678112 52
35337580 415454 7
35337628 364344 35
35337640 1203275 25
35337643 415454 32
35337719 794158 16
35337726 576457 43
35337748 219737 62
35337773 219737 96
35337802 186928 29
35337807 219737 10
35337813 186928 32
35337831 576457 44
35337845 186928 14
35337848 676868 36
4434319 219737 61
35337970 186928 46
2898088 283436 63
35337986 1203275 27
35337989 259978 88
35338033 374546 54
35338134 576457 13
35338140 1203275 74
35338153 219737 27
35338157 704102 33
35338161 704102 9
35338182 364344 43
35338205 186928 56
35338234 415454 95
35338289 186928 40
35338440 219737 21
35338458 186928 64
35338482 186928 71
35338503 219737 50
35338589 576457 100
35338637 576457 40
35338694 1203275 89
35338696 794158 28
35338698 704102 43
35338710 374546 92
35338729 794158 80
35338745 186928 51
35338759 374546 72
35338781 1203275 68
35338798 676868 64
35338805 186928 72
35338852 415454 66
35338887 364344 46
35338924 1203275 76
33265476 259978 70
35338265 676868 58
35339098 794158 26
35339171 704102 12
35339210 415454 49
35339277 415454 98
35339350 219737 55
35339353 676868 48
35339394 676868 99
35339397 794158 47
35339402 794158 24
35339404 794158 56
35339421 219737 83
35339425 1203275 80
35339432 374546 93
35339485 676868 52
35339499 415454 57
259876 219737 2
35339589 364344 53
35339639 794158 80
35339677 186928 16
35339681 704102 2
35339741 794158 24
4273602 186928 44
35339753 576457 28
35339757 576457 38
35339785 1203275 2
35339797 676868 31
35339800 704102 41
35339800 259978 96
35339817 576457 96
35339890 576457 50
35339914 576457 55
35339920 1203275 5
35339939 186928 11
35339944 576457 16
35339951 186928 73
35339969 364344 2
35339973 364344 39
35340007 1203275 21
35340084 219737 68
35340119 219737 85
3819322 415454 81
35340247 374546 68
35340337 576457 76
4755506 576457 24
35340353 186928 81
35340422 576457 3
35340428 364344 15
35340484 364344 5
35340487 704102 98
35340490 794158 12
35340503 576457 9
4730540 1203275 21
35340573 704102 22
35340990 219737 41
35340994 676868 66
4728548 415454 67
35341311 1203275 52
35341407 1203275 85
35341446 219737 6
35341475 186928 61
35341528 186928 51
35341546 186928 53
35341549 364344 22
35341571 186928 57
35341590 1203275 20
35341622 1203275 42
35341643 576457 25
35341692 794158 84
35341715 219737 95
35341792 219737 27
35341795 794158 86
35341832 676868 37
35341850 364344 59
35341886 1203275 71
35341893 364344 48
35341919 704102 41
35342014 186928 3
35342042 576457 34
35342061 374546 22
35342117 576457 80
33532075 259978 70
35342280 676868 75
35342310 364344 38
35342352 219737 76
35342415 186928 61
35342463 1203275 24
35342463 704102 50
35342570 794158 91
35342584 794158 61
35342587 374546 3
35342888 704102 75
35342978 704102 63
35342998 576457 42
35343002 364344 25
35343065 576457 58
35343108 415454 90
35343147 219737 95
35343166 576457 47
35343169 704102 2
35343173 576457 15
35343192 415454 56
35343199 576457 67
35343205 704102 2
35352497 415454 80
35352616 576457 93
35352618 1203275 6
2395943 415454 93
35670882 415454 94
35830776 415454 53
36066523 364344 74
36066524 374546 40
36067658 364344 54
36108520 259978 6
36108565 794154 17
30790348 259978 100
2901069 1203275 44
36655856 374546 53
36660434 1203275 46
4279169 374546 71
3361239 415454 55
36873512 415454 23
37831420 186928 73
37833187 186928 38
37835383 186928 35
37835646 186928 31
37835699 186928 50
37835752 186928 22
37839325 186928 10
37839436 186928 48
37839464 186928 94
37850185 415454 28
38035346 794158 86
38039960 415454 1
38046530 1203275 78
35879950 415454 92
3187667 794155 33
38643447 364344 81
38647236 259978 3
38697052 676868 20
38728397 186928 22
38730592 1203275 20
39464287 186928 13
2727591 678112 98
39470779 364344 27
39134811 415454 85
36017929 415454 8
39495597 364344 49
39503336 794158 76
35881457 415454 94
30223817 704102 4
39523788 364344 84
39527056 259978 62
39527060 704102 13
30221280 259978 46
39592422 678112 24
33284972 704102 21
33257190 364344 20
40076946 676868 67
40076986 364344 18
40077025 364344 51
12026762 794155 89
40080391 364344 62
40080397 364344 11
30797885 364344 87
40086838 374546 45
40086841 704102 5
33267025 259978 79
40086748 704102 50
35910317 415454 50
40087841 678112 52
40088187 415454 17
40088215 1203275 86
40088354 415454 77
40088840 415454 86
40088947 704102 21
40088954 364344 90
30792084 219737 28
40088334 794154 44
40088049 364344 63
40089766 364344 70
40089801 415454 51
40089852 704102 92
36035073 364344 98
40089593 1203275 98
30796575 415454 36
40090786 794154 12
40090795 678112 45
4123530 415454 18
36017766 704102 19
4434312 576457 41
40609092 186928 42
40609094 704102 59
40609096 364344 64
40609098 415454 39
40609099 704102 45
40609101 704102 100
40609103 794154 13
40609105 415454 46
40609112 1203275 18
35963657 576457 57
30795976 704102 80
40609118 1203275 12
40609121 678112 78
35337544 676868 54
40609138 364344 53
40609141 704102 56
30798661 259978 95
40609145 794158 2
40609152 364344 89
40609155 1203275 31
40609157 794158 64
40609162 576457 58
40609164 219737 74
40609167 794158 98
40609170 415454 22
40609172 415454 65
40609183 415454 23
40609187 1203275 39
40609211 364344 62
40609217 415454 76
30792197 794158 22
40609231 678112 85
30799651 219737 30
30231968 676868 18
40609235 704102 68
40609237 364344 71
40609238 186928 92
40609246 374546 20
40609249 219737 93
40609258 374546 77
40609261 186928 32
40609267 374546 49
40609268 186928 40
3920655 676868 58
40609272 678112 6
40609273 704102 68
40609274 259978 31
40609277 415454 58
40609283 415454 43
40609285 415454 7
40609287 364344 14
40609288 186928 93
40609289 576457 95
40609290 186928 27
40609292 794154 34
40609295 576457 68
24377228 364344 90
40609307 676868 41
40609312 704102 13
40609340 676868 77
40609343 576457 55
40609345 374546 41
40609353 1203275 24
40609354 186928 32
40609355 576457 19
40609375 794158 15
40609376 794158 55
40609382 794158 88
40609383 794158 79
40609384 794158 83
40088875 704102 69
40609389 1203275 47
40609391 374546 19
40609394 794158 52
40609398 794158 10
40609399 704102 53
32819707 678112 96
40609412 1203275 50
40609424 794158 68
40609431 1203275 9
40609434 1203275 93
40609440 219737 92
40609442 576457 43
30797765 576457 41
40609450 219737 14
40609457 415454 29
40609458 364344 3
40609477 259978 6
33551070 259978 84
40609483 676868 57
30225200 1203275 97
40609499 576457 92
40609514 374546 96
40609536 186928 14
40609559 364344 32
40609562 1203275 17
40609563 1203275 1
40609568 415454 65
40609573 364344 24
40609578 794158 3
40609580 576457 17
40609587 1203275 59
40609590 364344 47
40609609 186928 30
40609618 364344 26
40609627 374546 23
30796602 1203275 89
40609629 1203275 91
30792129 219737 79
40609636 576457 26
35902428 676868 66
40609663 576457 39
40609668 364344 76
33540545 186928 15
40609686 259978 46
40609692 415454 91
40609700 186928 94
40609702 186928 3
40609703 186928 84
40609706 415454 96
40609708 186928 27
40609713 186928 68
40609716 364344 82
4586881 794158 99
30799716 374546 33
40609732 259978 40
40609734 1203275 20
2818386 704102 32
40609737 1203275 85
40609738 364344 94
40609740 364344 98
40609743 259978 92
40609745 259978 14
40609746 576457 32
40609750 794158 42
40609755 364344 9
40609756 219737 44
40609766 415454 72
40609769 415454 58
40609781 186928 2
40609782 1203275 32
40609783 794158 21
40609803 364344 5
40609805 1203275 88
40609807 186928 61
40609818 415454 24
40609820 186928 32
40609830 678112 82
40609842 678112 96
40609844 186928 31
40609846 374546 77
40609870 794158 87
40609873 794156 100
40609874 186928 42
40609875 374546 24
40609877 704102 35
40609886 794158 30
40609893 576457 44
40609903 259978 86
40609909 364344 39
40609922 1203275 22
40609923 1203275 53
40609924 1203275 11
40609928 186928 41
40609930 415454 8
40609933 364344 53
40609934 364344 88
40609937 364344 23
40609938 364344 60
40609939 364344 53
40609941 364344 77
40609946 364344 19
40609947 364344 6
40609948 364344 18
40609949 364344 30
40609950 364344 7
40609951 364344 25
40609952 364344 13
40609954 364344 12
40609955 794155 65
40609958 364344 14
40609959 364344 79
40609967 576457 83
40609969 794156 79
40609970 1203275 54
40609971 186928 75
40609975 676868 40
11693438 364344 85
11693438 794158 32
40610007 1203275 84
40610011 1203275 4
40610015 704102 70
40610021 415454 39
40610035 415454 7
40610042 576457 78
40610053 704102 52
40610058 186928 8
40610059 219737 71
40610067 364344 26
40610092 576457 38
40610101 704102 100
40610123 259978 55
40610133 576457 79
40610140 794158 95
40610144 676868 100
40610146 415454 67
40610163 186928 6
40610195 374546 96
40610215 676868 83
40610216 1203275 68
40610224 576457 95
40610230 1203275 55
40610236 678112 13
40610237 576457 61
40610243 415454 91
40610245 794158 74
40610252 364344 52
40610255 1203275 28
40610261 704102 83
40610264 364344 50
40610270 374546 68
40610271 704102 36
40610275 704102 34
40610279 678112 35
40610280 364344 48
40610282 704102 41
40610305 794158 36
40610308 415454 61
40610311 364344 58
40610314 374546 51
40610317 186928 28
3576333 415454 95
40610323 415454 78
40610330 415454 47
40610332 576457 26
40610334 704102 4
40610335 704102 23
40610338 1203275 77
40610342 415454 28
40610347 704102 20
40610348 259978 54
40610349 704102 69
40610350 219737 50
40610352 576457 97
40610366 259978 92
40610372 364344 67
40610380 794158 58
40610384 576457 3
40610385 219737 12
40610389 794158 13
40610397 704102 83
40610409 704102 2
40610410 704102 90
40610414 186928 21
40610426 364344 5
40610427 364344 82
40610428 364344 4
40610429 364344 51
40610430 415454 50
40610431 415454 32
40610432 364344 69
40610433 364344 61
40610434 364344 63
40610435 415454 60
40610440 415454 23
40610441 415454 1
40610442 364344 14
40610443 415454 47
40610444 1203275 60
40610446 704102 16
40610449 704102 80
40610453 186928 84
40610455 364344 12
40610469 704102 80
40610481 415454 73
40610486 794158 26
40610491 576457 41
40610504 678112 57
40610508 364344 20
40610510 1203275 5
1969519 415454 85
40610512 219737 60
40610520 415454 23
40610530 576457 41
36040889 794158 61
40610533 576457 35
4017069 794158 35
40610535 364344 18
40610536 676868 20
40610539 704102 77
40610543 186928 2
40610545 704102 63
40610551 1203275 46
40610561 186928 22
40610563 186928 21
40610570 415454 28
34893685 186928 15
40610595 704102 31
40610600 794158 25
40610601 283436 12
40610602 704102 11
40610603 704102 91
40610604 704102 13
40610605 704102 66
40610606 704102 87
40610607 704102 14
40610608 704102 89
40610609 704102 85
40610610 704102 8
40610611 704102 24
40610612 704102 6
40610613 704102 96
40610614 704102 62
40610615 704102 52
40610616 415454 86
40610624 283436 24
40610625 283436 84
40610626 678112 48
40610630 676868 11
40610633 676868 83
40610634 415454 76
40610637 364344 47
40610645 186928 41
40610647 576457 93
40610662 415454 95
40610669 374546 48
40610677 186928 85
40610680 364344 98
40610682 415454 10
40610688 676868 95
40610700 415454 12
40610705 374546 87
40610708 1203275 55
40610714 415454 89
30242069 704102 75
40610721 364344 28
40610722 415454 64
40610725 374546 43
40610728 219737 13
40610735 219737 92
40610745 794158 41
40610750 364344 67
40610754 1203275 22
30222972 415454 29
40610764 676868 61
40610769 1203275 64
40610775 794158 3
33539938 364344 81
40610794 415454 52
40610795 676868 40
40089650 364344 15
40610797 676868 86
40610812 676868 52
40610831 794156 46
40610833 678112 4
40610847 576457 75
40610852 364344 99
40610873 1203275 36
40075493 704102 91
40610884 219737 15
40610893 415454 93
40610902 374546 1
40610904 186928 22
40610909 794158 77
40610927 794158 58
40610928 415454 66
40610930 374546 57
40089491 415454 84
40610945 415454 11
40610947 1203275 17
40610952 364344 79
40610954 374546 64
40610960 415454 54
40610961 415454 78
40610964 704102 63
40610967 364344 4
40610974 1203275 3
40610977 704102 24
40610988 576457 52
40611007 364344 74
40611021 704102 36
40611026 576457 1
40611027 576457 65
40611029 219737 62
40611035 415454 69
40611036 415454 80
40611041 219737 23
40611042 364344 15
40611067 415454 97
40611068 259978 69
40611070 374546 9
40611072 794158 99
33581213 374546 68
40611091 704102 20
40611094 1203275 93
30237359 374546 30
40611107 704102 39
40611114 186928 2
40611122 794158 55
40611123 794155 63
40611126 676868 7
40611154 259978 22
40087002 704102 68
40611156 415454 63
40611184 364344 80
40611193 364344 81
40611196 676868 38
40611208 219737 50
40611210 576457 85
40611211 794158 51
40611212 186928 58
40611213 1203275 57
40611225 186928 41
40611226 415454 10
40611230 678112 99
15149448 219737 65
36109986 374546 76
40611231 415454 12
40611235 374546 70
30232424 576457 2
40611264 704102 51
40611269 704102 19
40611271 364344 11
40611283 794158 61
40611284 794158 98
40611287 794158 74
40611288 794158 32
40611290 794158 86
40611294 794158 84
40611299 576457 9
40611302 1203275 81
40611325 364344 55
40611468 364344 1
40611503 219737 3
40611512 704102 57
40611516 219737 69
40611539 364344 96
40611541 364344 2
40611549 374546 19
40611558 219737 77
40611565 704102 41
40611569 794156 53
40611571 219737 56
40611574 364344 68
35881689 186928 57
33256476 704102 59
40611580 186928 66
40611589 259978 17
40611597 374546 100
40611603 704102 59
40611606 576457 82
40611644 186928 2
40611645 415454 44
40611666 704102 80
40611667 704102 15
40611669 364344 13
40611670 364344 36
40611671 704102 30
40611672 704102 68
40611673 704102 13
40611684 364344 15
40611685 374546 84
40611687 364344 89
40611692 576457 16
40611695 1203275 23
40611696 576457 15
40611697 1203275 64
40611699 364344 57
40611700 186928 78
14931228 364344 81
40611703 704102 2
40611706 576457 11
40611726 364344 10
40611729 415454 83
40611753 415454 80
40611758 704102 75
40611761 259978 20
40611766 676868 93
33538574 374546 58
40611787 219737 85
40611809 364344 78
40611811 576457 45
40611813 704102 93
40611823 1203275 66
40611825 794158 67
40611826 374546 44
40611841 364344 13
40611866 219737 63
40611867 704102 73
40611869 794158 60
40611870 364344 42
40611874 794158 80
40611877 1203275 44
40611952 576457 88
40611955 415454 75
40611963 364344 99
40611965 259978 29
40611966 219737 75
30795109 364344 27
40611982 374546 97
40612100 364344 84
40612135 219737 74
40612136 364344 45
36110000 576457 20
40612206 576457 7
40612223 186928 13
33532343 364344 82
40612373 364344 80
40612375 576457 5
40612381 794154 17
40612382 794154 44
40612384 794154 25
40612385 794154 28
40612387 794154 5
40612389 794156 2
40612390 794154 79
40612395 259978 32
40612397 259978 26
40612404 219737 91
40612405 259978 9
40612407 576457 70
40612408 704102 15
40612411 1203275 76
40612412 704102 75
40612413 283436 92
40612414 283436 30
40612415 704102 76
40612417 364344 56
40612430 704102 90
40612431 364344 32
40612432 364344 80
40612433 576457 68
40612434 704102 95
40612435 259978 82
40612436 704102 28
40612437 794154 59
40612439 794154 5
40612447 364344 37
40612449 794154 21
40612544 186928 56
40612571 364344 88
40612597 576457 41
40612603 794154 32
39458656 219737 3
40612620 415454 87
40612623 576457 31
40612625 704102 95
40612629 186928 75
40612630 364344 27
40612631 364344 67
40612632 364344 87
40612633 219737 48
40612642 186928 6
40612644 364344 27
40612652 374546 75
40612654 364344 86
40612657 364344 48
40612661 364344 29
40612663 364344 39
40612667 259978 74
40612668 259978 65
40612671 364344 20
40612678 676868 60
40612679 676868 42
40612680 676868 77
40612682 576457 15
40612683 576457 24
40612684 676868 81
40612690 1203275 18
40612697 219737 15
40612721 219737 92
40612734 415454 68
40612750 1203275 56
33539951 374546 85
40612773 415454 34
40612777 576457 18
40612790 364344 65
40612815 1203275 60
40612822 259978 98
40612828 576457 74
40612838 219737 85
40612856 415454 56
40612905 1203275 25
40612906 1203275 24
40612910 186928 99
40612911 415454 86
40612928 794158 27
40612929 186928 64
40612933 415454 1
40612934 186928 18
40612935 259978 54
40612936 608835 18
40612939 1203275 18
40612951 576457 27
40612967 576457 76
40612969 794158 2
40612991 364344 14
40613031 576457 69
40613032 1203275 35
40613033 1203275 4
40613034 794154 38
40613095 364344 79
40613146 186928 59
40613251 186928 62
40613262 186928 10
40613277 364344 56
40613279 364344 44
40613284 186928 95
40613332 576457 86
40613380 794158 96
40613423 415454 58
40613453 704102 29
40613514 1203275 35
40613569 219737 73
40613611 259978 67
40613612 704102 69
40613941 364344 67
40613953 364344 78
40613955 704102 16
40613958 704102 80
40613959 704102 31
40613961 704102 41
40613962 704102 15
40613963 704102 49
40613966 364344 39
40613968 704102 15
40613970 364344 34
40613971 364344 70
40613972 364344 55
40613974 364344 20
40614003 576457 69
40614027 374546 46
40614048 364344 90
40614071 415454 21
40614075 415454 54
40614076 364344 53
40614125 364344 66
40614128 794158 80
40614205 576457 96
40614208 678112 8
40614228 374546 93
40614229 374546 29
40614237 704102 89
40614240 364344 71
40614258 415454 97
40614281 415454 30
40614454 794158 19
40614465 1203275 5
40614469 704102 34
40614475 219737 11
40614489 794158 72
40614494 374546 24
40614530 374546 4
40614531 576457 30
40614533 415454 59
40614536 576457 52
3976543 676868 31
40614560 259978 48
33545053 259978 49
40614565 576457 6
40614578 1203275 15
40614597 1203275 92
40614600 415454 35
30790408 186928 61
35879493 374546 24
40614618 374546 67
40614623 794158 7
40614640 364344 80
35870842 794156 5
40614644 219737 28
40614649 186928 71
40614659 364344 29
40614676 576457 45
40614680 415454 72
28738653 1203275 45
40614685 576457 14
36021339 415454 77
40614701 576457 7
40614707 1203275 48
40614715 1203275 23
40614728 676868 37
40614737 374546 62
40614753 794156 77
40614765 364344 37
40614772 704102 32
34405572 374546 29
40614802 415454 65
40614818 219737 20
40614855 678112 72
36011724 219737 60
40614863 415454 17
40614888 364344 76
40614895 415454 88
40614900 364344 82
40614915 364344 19
40614917 364344 67
40614919 794158 20
40614927 794158 13
40614944 794156 15
40614945 374546 3
40614947 678112 95
40614948 576457 87
40614951 794154 74
40614953 415454 24
30798826 676868 58
40614957 704102 99
40614959 415454 35
4760723 219737 77
40614966 186928 56
36001072 364344 82
38045066 1203275 84
40614981 259978 55
40614983 415454 32
40614989 415454 93
1968222 794158 43
40615005 374546 66
40615008 219737 49
40615016 186928 53
40615018 186928 68
40615019 415454 59
40615020 794154 35
40615022 576457 27
30604937 676868 96
40615035 219737 69
40615038 1203275 61
40615042 415454 77
40615044 415454 83
40615050 794158 81
40615053 364344 58
40615058 415454 29
40081319 704102 59
40615069 364344 8
40615072 186928 45
40615074 364344 91
40615078 364344 84
40615084 1203275 72
40615090 576457 56
40615092 219737 1
40615094 364344 15
40615100 186928 40
36013944 374546 27
40615101 186928 35
40615106 1203275 40
40615109 1203275 69
40615111 364344 6
3784060 704102 70
40615120 364344 14
40615123 704102 53
40615124 415454 36
40615129 794158 22
40615130 219737 34
40615148 415454 48
40615153 794154 5
40615161 374546 46
40615166 415454 93
40615176 259978 62
36042452 186928 16
40615204 374546 61
40615208 676868 56
40615215 415454 30
40615217 794158 65
40615228 576457 89
40615231 415454 20
40615243 704102 41
40615249 415454 40
40615268 576457 33
40615270 186928 56
36020118 794158 35
40615273 794156 2
40615278 364344 8
40615292 374546 89
40615293 576457 72
40615294 415454 32
40615296 186928 17
40615298 374546 84
40615299 415454 15
40615304 364344 34
40615309 415454 85
40615324 794154 35
40615362 678112 11
40615363 415454 79
33320586 364344 19
40615399 704102 73
40615415 1203275 40
40615419 678112 90
40615421 374546 69
40615423 1203275 36
40615426 374546 70
40615451 415454 21
40615454 794154 59
33538183 374546 41
40615468 576457 13
40615484 415454 64
40615486 794154 17
40615488 374546 87
40615522 1203275 78
40615525 259978 74
40615528 259978 52
33543435 704102 17
40615529 794158 32
40615531 219737 60
40615550 415454 100
35888724 415454 11
33545567 219737 100
40615556 576457 13
40615568 794158 66
40615585 219737 100
40615590 415454 27
40615593 1203275 14
40615594 794156 56
40615602 704102 92
40615609 704102 16
40615615 364344 29
40615619 259978 10
40615628 374546 51
40615633 364344 41
40615640 1203275 9
40615648 1203275 95
30796580 374546 35
40615665 1203275 70
40615679 1203275 70
15220807 186928 30
40615704 219737 58
40615706 364344 11
40615712 374546 67
40615723 364344 9
40615729 794155 87
40615735 676868 14
40615780 1203275 58
40615808 794155 43
4586882 576457 35
40615846 374546 38
33287375 794155 39
40615877 374546 1
40615893 576457 68
35963659 704102 65
40615904 794156 84
40615913 794155 89
40615921 794158 38
40615922 794156 6
40615925 794156 99
40615926 794156 6
33556998 794158 67
40615996 794155 35
40615998 576457 37
36067661 364344 39
35944868 678112 95
40616035 704102 57
40616051 704102 85
3590086 676868 3
40616102 186928 92
40616143 374546 43
40616157 794155 52
40616159 794155 56
30798193 676868 60
40693276 364344 43
40660624 704102 93
40665930 364344 8
40665910 364344 57
40665928 364344 96
40665917 364344 30
40665912 364344 67
40665905 364344 21
41966437 676868 1
43404931 678112 65
40660953 364344 80
43434338 364344 43
43438534 364344 52
43438723 794154 87
43438742 678112 67
43467854 219737 47
43530749 219737 36
33548811 704102 82
40660579 704102 67
43604825 676868 44
40705424 283436 75
40661653 704102 86
43615090 219737 27
40667531 704102 58
43622941 219737 17
43623617 415454 96
43623893 704102 6
43635104 415454 81
40662438 219737 47
43641069 186928 80
43642184 794158 6
43647007 186928 49
43654308 704102 25
40699154 374546 92
43668288 794158 72
40694611 704102 88
43695255 186928 84
43704719 704102 17
43657014 219737 95
33283323 704102 24
40669674 704102 20
43810765 704102 26
43811946 678112 26
43814749 1203275 49
43822436 364344 64
40661632 364344 83
45228866 364344 26
45228889 374546 76
45228959 576457 98
35904454 364344 59
45230493 15143835 84
45230737 259978 60
40088780 704102 9
33548816 364344 76
30798358 704102 14
33548023 364344 34
45238703 364344 13
47967299 676868 65
47967300 676868 21
47967301 676868 3
47967302 219737 87
47967304 219737 43
47967305 186928 34
47967307 186928 60
47967308 186928 80
47967309 186928 2
47967310 186928 65
47967311 186928 17
47967312 186928 63
47967313 186928 57
47967314 576457 39
47967315 576457 60
47967316 576457 12
47967317 576457 18
47967318 576457 52
47967319 576457 13
47967320 794158 63
47967321 794158 80
47967322 794158 72
47967323 374546 12
47967324 374546 17
47967325 374546 95
47967326 415454 82
47967327 415454 26
47967328 415454 61
47967329 415454 15
47967330 415454 100
47967331 415454 86
47967332 415454 44
47967333 364344 43
47967334 364344 44
47967335 364344 1
47967336 364344 21
47967337 364344 18
47967338 364344 44
47967340 364344 46
47967341 364344 75
47967342 364344 69
47967343 364344 56
47967344 364344 15
47967345 364344 66
47967346 364344 90
47967347 364344 82
47967349 364344 97
47967350 704102 41
47967351 704102 82
47967352 704102 80
47967353 704102 79
47967354 704102 68
47967355 704102 35
47967359 704102 26
47967360 704102 20
47967361 704102 69
47967362 704102 13
47967363 704102 100
47967364 704102 8
47967365 704102 68
47967366 704102 99
47967367 704102 49
47967369 704102 16
47967370 704102 75
47967371 704102 23
47967372 704102 42
47967373 704102 29
47967374 704102 36
47967375 704102 90
47967376 704102 31
47967377 704102 36
47967378 259978 71
47967379 259978 69
47967380 678112 37
47967382 678112 35
47967384 794154 19
