10888315 1253043 38
10888315 1253050 90
721333 173497 25
11671698 1556138 16
11940477 121928 88
173493 535652 55
173493 535653 74
173493 535654 71
173493 535655 58
173493 535656 2
173493 535657 74
12225018 12225020 46
173417 534993 26
173417 173494 70
173417 535000 51
173417 121928 86
173417 173508 69
173417 535030 29
173417 535031 5
173417 535032 97
173417 535033 50
173417 535034 23
773018 721338 78
773018 173498 85
773018 1556310 57
721336 173497 45
236538 721338 98
236538 173497 71
236538 721339 32
173418 535087 68
173418 535091 39
173418 535092 17
173418 360030 68
1251322 173494 76
1251322 173497 60
1251322 173499 64
1251322 535087 15
1251322 535092 12
1251322 173508 32
75664 4366 9
75664 270350 96
173496 535699 29
173496 535700 49
173419 173494 91
173419 535087 94
173419 535138 31
173419 42184 54
173419 535143 66
173419 535145 50
173419 535030 98
173419 535146 19
173419 535147 4
173419 535148 30
173419 535149 52
236539 721385 93
13231116 173501 23
13232864 173499 31
13232864 3345599 21
536002 1253009 70
173420 173499 51
173420 173505 93
173421 413976 51
13450135 13450137 4
13457159 13457161 53
13459299 2416493 86
721340 721338 94
173423 534993 65
173423 173492 3
173423 121928 4
173423 535087 34
173423 535246 25
173423 535247 7
173423 173513 82
173423 535249 71
173423 535250 11
1565287 535373 63
779106 535372 97
772957 173494 68
772957 1556015 54
13490424 13490427 31
14218478 3046210 79
536004 1253024 33
413975 173512 51
773020 1556326 57
772958 42182 88
772958 173546 4
772958 173548 82
772958 1556036 75
535136 535149 77
15121061 535145 27
779107 173499 57
779107 173505 58
779107 1251859 89
1251324 173499 57
15290174 3104048 58
15311035 15311037 20
535822 535820 98
773022 1556345 87
1251881 535820 90
15334225 15334228 54
15334461 2416357 90
1251325 173494 83
1251325 2129851 63
1251325 2129852 29
1251325 1251720 43
1251325 535145 86
15337474 1556878 87
173426 42184 32
15395087 173495 4
15395866 15395868 21
15396189 1556832 46
15443640 3104048 63
15447286 1556763 91
536006 1253043 20
536006 1253050 88
536006 1253053 19
536006 374549 38
536007 173510 19
15477132 721483 35
536008 535933 41
536008 1253099 39
536008 1253100 75
1481665 535820 76
15517672 15517674 72
15518565 15518567 13
535826 535820 70
15648514 15648516 44
536080 1253379 16
535777 173500 3
721501 173500 71
721501 1481668 45
536009 1253122 23
536009 1253123 16
536009 1253124 78
536009 1253125 71
536010 173500 18
536010 1253138 93
536010 1253139 5
536010 1253140 7
536011 173500 47
536011 1253125 14
536011 1253154 19
773023 1253009 52
173427 535314 77
173427 535315 43
236543 535314 86
236543 535315 65
773024 1253099 97
173428 535333 20
772960 1556050 46
772960 173515 59
15722726 15722728 29
15723047 2878456 72
15723047 121928 39
15723047 15723054 3
15723047 15723055 37
773025 1251859 92
536013 1253173 26
536013 1253174 77
15732325 15732327 76
173429 535087 3
173429 535091 12
173429 535092 98
173429 360030 43
15860288 535448 15
2622284 535087 16
2622284 360030 52
2622284 1251630 78
15892625 15892627 98
535094 1251630 97
2417164 173515 56
28188862 1556647 17
28188862 28188864 32
28201935 2879066 80
762367 173507 97
29334492 29334495 83
29334932 29334934 74
29334932 535933 91
29334494 29334495 68
29335847 535933 85
29336023 1481458 70
3700609 535933 41
29338829 535933 6
536014 1253184 48
29340537 29334934 88
2130479 535820 48
173504 535820 92
173504 535138 79
173504 535821 62
173504 535823 93
173504 535824 57
173504 535827 65
2131974 1253198 49
2131974 1253207 74
173430 535372 24
30325545 1959666 17
535830 549940 87
173431 173507 96
535430 535429 16
535312 1252004 69
576422 1292259 17
28492877 1556550 66
772961 1253262 87
6608790 6608803 29
6608790 2877380 4
6608790 2877381 52
1251326 2129864 26
1251326 535246 54
1251326 173513 51
1251326 535249 99
2131891 1253207 65
30353552 173508 42
8896197 1253326 82
173432 535404 3
536015 535333 87
536015 1253197 98
536015 1253198 41
536015 1253203 28
536015 1253205 1
536015 1253207 75
30363784 1556262 43
30309757 2878457 72
536016 1253043 60
536016 1253053 29
536016 374549 84
30304989 535820 3
2424186 3109683 18
2424186 1565324 68
762374 173507 86
30388838 30388840 78
772962 535471 73
772962 535472 40
772962 535474 45
772962 535476 47
773027 1556416 34
3587344 3918593 13
772963 1556095 68
772963 1253203 64
772963 1556096 56
772963 1253207 70
173433 535429 6
28476382 15601254 9
773028 721542 87
30403588 30403589 8
30404158 535474 60
576424 374549 92
535831 549940 5
1252002 1252004 60
773030 443733 73
30745735 30745736 71
762025 535448 31
762025 762026 34
536017 1253231 34
773031 1252004 72
30747209 535000 57
536018 1253024 12
3101630 2416602 67
270347 773149 61
1252816 549940 70
30757664 173505 34
773032 1556450 9
773032 1556451 29
30761381 535473 59
30761381 535474 27
30761381 535476 91
30761748 535146 60
30761751 30761752 32
30761751 1481731 86
30761751 30761753 72
30763283 173512 67
772964 535250 7
536019 1253260 15
536019 1253198 25
536019 1253203 34
536019 1253262 80
536019 1253207 20
1093701 1959666 8
30764894 30764896 81
4606419 4616616 45
173434 535448 31
30769001 30769002 16
30769001 30769003 63
30769001 374549 100
1481667 1481668 42
773033 1556457 80
773033 173510 82
773034 1253099 77
773034 1556465 52
773034 1556466 32
773034 1556467 30
773034 173514 61
773034 1556468 64
30772587 30772589 8
772965 1556114 24
30777230 30777231 7
30777375 1556457 1
30777375 1556050 92
173435 535448 52
30778756 30220864 34
2877234 721525 59
773035 1556476 92
773035 1556477 20
773035 1556478 47
773035 1556479 31
773035 1556480 23
773035 1556481 1
773036 42184 22
30735851 1253099 12
30735851 1253100 16
30735851 1717220 61
1252523 534993 6
773037 535429 97
173436 535470 45
173436 173512 85
173436 535471 69
173436 535472 52
173436 535473 81
173436 535474 25
173436 535476 99
30801792 30801793 44
30801797 30801798 40
30739753 30739754 69
30801802 30739754 10
30801805 30739754 52
30801807 37865 36
30801809 30801810 1
30801822 30738639 31
30801826 30801827 2
30801832 2878158 67
30801833 2878158 9
30801836 2878158 59
30801838 2878158 44
30801843 2878158 60
30801846 2878158 73
30801850 2878158 74
30801853 2878158 91
2130964 2878158 56
2130964 2878159 53
2130964 535657 5
30801857 2878158 35
30801860 30801861 77
30801868 30801861 8
30801871 30801861 94
30801874 30801861 37
30801879 30801861 36
30801881 30801861 23
30801883 30801861 30
30801887 30801861 37
30801890 30801861 95
30801894 30801861 79
30801897 30801861 64
30801900 30801861 80
30801901 30801861 28
30801903 30801861 90
30801907 30801861 36
30801907 30801908 70
30801926 30801861 45
30801928 30801861 32
30801929 30801861 10
30801932 30801861 93
30801936 30801861 9
535101 535091 49
2130604 535486 56
30801940 535486 92
30760224 535486 49
30801946 535486 38
30801948 535486 21
3426695 535486 40
30801951 535486 100
1252088 535486 38
1253318 535486 78
30801954 535486 59
30801957 535486 13
173437 535486 10
30801961 535486 18
30801964 535486 12
30801965 535486 35
30801967 535486 55
30801971 535486 42
30801977 1556476 66
2416319 1556476 55
2416319 1556481 43
30801980 1556476 41
30801985 1556476 27
773038 1556476 56
773038 1556481 60
1556506 1556476 24
30801988 30745736 4
30801990 30745736 78
30801995 30745736 56
30801997 30745736 19
30802000 30745736 77
30802004 30745736 64
30802008 30745736 44
30802012 1565311 29
779108 1565311 75
30802018 1565311 24
30802021 1565311 16
30802024 30403589 31
30802027 30403589 72
30802032 30403589 11
30802035 30403589 51
30802038 30403589 60
30802041 30403589 74
30802043 30403589 65
30802046 30403589 56
30802051 30403589 21
30802054 1481766 31
30802056 1481766 20
30802058 1481766 78
30802060 1481766 73
30802064 1481766 20
721538 1481766 49
30783391 1481766 15
30802065 1481766 43
30802067 1481766 76
30802070 30802071 52
30802074 30802075 53
30802081 30802075 23
30802084 30802075 98
30802086 2909373 58
2417444 3104213 82
29048082 2416652 24
30802090 2416652 1
30802092 2416652 33
30802096 2416652 16
30802100 2416652 71
30802105 2416652 21
30802109 2416652 51
30802114 2416652 38
30802117 2416652 34
30802121 2416652 23
30802129 2416652 46
30802133 2416652 56
1556068 1253260 62
1556068 2416350 37
1556068 2416351 50
1556068 2416352 81
1556068 2416353 65
1556068 2416354 66
1556068 1253262 7
1556068 2416355 41
1556068 2416356 7
1556068 2416357 70
1556068 2416358 95
1556068 2416359 82
1556068 2416360 6
1556068 2416361 66
1556069 1253260 60
1556069 2416351 69
1556070 1253260 59
1556070 2416351 4
1556070 1253262 95
30802137 1253260 15
1253378 1251557 79
30802138 1251557 55
30739571 1251557 69
30802140 1251557 57
30802142 535652 10
30802145 535652 45
30802147 535652 19
30802150 30802151 34
30802158 30802151 81
30802162 30802151 4
30802164 30802151 19
30802167 30802151 64
30802172 30802173 22
30802181 30736880 49
30736881 30736880 37
1251900 2129864 63
2878376 534993 43
2878376 173492 81
2878376 535000 25
2878376 2129864 13
2878376 535145 63
2878376 173513 33
2878376 535147 39
2878376 535249 19
2878376 535148 75
30802186 2129864 48
30227628 2129864 58
30802187 30802188 46
30802191 30802192 43
30802201 535699 72
30802207 535699 48
30802209 535699 93
30802216 30802217 86
30802225 30738001 13
30802231 30738001 40
30802233 30737878 23
30802234 30737878 28
30802236 30737878 74
30802239 1556515 17
30802242 1556515 30
30802245 1556515 57
1556236 1556515 51
773039 1556515 7
30802248 1556515 99
30802251 30737089 85
30737227 30737089 7
30802254 30737089 62
30802257 30737089 37
30802262 30741211 50
30802265 1556519 68
773040 1556519 65
30802268 535246 79
30802272 535246 80
30802276 535246 57
773041 1556528 95
30802279 1556528 40
30802285 1556528 89
30802287 1556528 79
30802289 1251640 6
30802291 1251640 81
30802295 1251640 29
30802297 4366 93
30802297 18296 88
30802297 43385 52
30802297 773149 4
30802297 30736153 37
30802297 30802298 44
30802297 1556590 24
30802305 30802306 70
30802313 30802306 33
30802314 30802315 17
30802318 30802315 72
30802323 30736435 6
30802327 30736435 84
30802328 30736435 98
30802339 30736435 88
30802342 30741996 29
773042 1556533 21
773042 173508 71
773042 1556534 84
773042 1556535 47
773042 1556536 17
773042 1556537 8
1481705 1556533 78
773043 1556533 8
30802343 1556533 13
30802346 1556533 85
30802347 1556533 82
30740645 1556533 40
30802351 1556533 5
30802355 1556533 24
1556859 1556533 10
30802359 1556533 15
30736405 1556533 87
30802362 1556533 68
30802364 30802365 66
30802373 30802365 39
30802376 30802365 75
30802376 13377922 58
30802380 1556552 13
30802383 1556552 65
30802387 1556552 61
773044 1556550 99
773044 1556552 17
773044 1556553 90
773044 1556554 46
773044 1252402 17
773044 1556555 49
773044 1556556 20
30802390 1556552 96
30802392 1556552 13
30802394 30742282 96
30742283 30742282 95
30802398 30742282 88
30802401 30802402 8
30736360 1556126 36
772966 1556125 54
772966 1556126 75
772966 1556128 19
772966 1253138 50
30802407 30739899 85
30802413 30802414 76
30802417 30802414 20
30802421 30802414 23
773045 1556565 43
773046 1556571 47
1556449 1556450 71
30802423 2416351 4
30802426 30802427 19
30802434 30802435 39
30802444 30802445 97
30420202 4492201 6
30802451 30802452 79
30802458 30802459 51
236544 721483 1
10888319 1253050 73
1061891 1253050 13
30802467 1253050 84
30802472 1253050 57
30802475 1253050 58
3618982 1253050 14
30802479 1556140 21
772967 1556138 66
772967 1556140 62
30802482 3104048 55
30802487 3667862 15
30737193 3667862 2
30737193 30737196 91
30739561 4060010 24
3818313 4060010 88
30802493 4060010 8
30802496 1556095 95
30802498 30802499 18
30802510 30802499 44
30802511 30802512 20
30802516 30802517 85
30802520 30802517 41
30802524 30802517 93
30802529 1251900 9
2416508 2877339 30
2877339 534993 35
1251403 1251404 64
1251404 535032 60
30802536 1556451 97
30802541 7812951 42
30802545 29046695 31
30802547 30802548 16
30802554 30802548 74
30802557 1252401 82
773047 1251630 4
30802560 30802561 18
236545 721488 11
236545 721489 47
30802570 721488 40
30802571 2129885 1
1251352 2129885 16
30802577 30802578 51
30802582 30802578 97
30802584 30802585 55
30802592 30802585 88
30802596 30802585 52
30802598 30802599 91
173438 535500 84
173438 535501 33
173438 535502 42
173438 535503 57
30802603 1556478 16
30802606 4405718 71
30802611 30802612 62
30802617 4902149 81
30802620 4902149 40
30802624 30802625 61
30802630 30802631 85
1481706 173508 60
1481706 1556114 37
15722737 173508 1
15722737 535143 88
30802634 173508 15
30802637 173508 49
30802639 173508 62
30802641 173508 93
30802644 173508 43
30742008 173508 6
2877340 173508 19
1251405 534993 28
1251405 173494 37
1251405 535000 67
1251405 173508 39
1251405 2129851 52
1251405 535030 33
30802648 173508 79
30802651 173508 70
30802654 173508 88
30783954 173508 91
30802657 173508 16
4269901 173508 3
30802660 173508 9
30802669 173508 2
30802673 1556114 98
30802674 1556114 71
30802678 1556114 14
30802681 1556114 7
30802684 1556114 12
30802688 1556114 42
30802692 1556114 52
30802696 1556114 56
30802699 1556114 63
1556115 1556114 53
30802701 1556114 62
1557052 2417454 67
30802702 2416493 71
1556141 2416493 37
30802706 2416493 63
30802709 2416493 29
30802712 2416493 52
30802715 2416493 21
30802719 2416493 89
30802721 2416493 21
30802725 2416493 97
30802731 2416493 73
30802733 2416493 86
30802737 1253268 75
30738960 1253268 37
1253269 1253268 6
536020 1253268 85
30802738 1253268 41
30802740 1253268 84
30738962 1253268 12
30802744 1253268 78
30802747 1253268 77
30802748 1253268 97
1556142 1253268 32
30741997 1253268 67
30802751 1556554 82
773048 1556550 18
773048 1556554 73
773048 1556555 3
30802755 1556554 62
30802758 4260911 76
30802762 4260911 22
30802764 4260911 97
30802771 30802772 91
42187 42182 9
42187 173546 81
42187 173548 88
30739277 173546 32
30739277 30739279 28
30739277 173548 29
30802777 173546 64
30802778 3918534 13
30802778 721339 98
30802783 721339 95
721348 173497 56
721348 721339 44
30802785 721339 64
535183 721339 69
30802788 721339 69
30802790 721339 31
30802792 721339 26
30802794 721339 50
30802794 1481458 67
30802798 721339 82
30802799 30802800 63
30802802 30802803 64
30802807 30802803 54
30742722 15006454 18
30736607 30736609 31
30736607 30736610 77
30736607 1556946 36
30736607 1556590 73
30736607 773167 41
30802808 28997254 3
30802813 28997254 15
30802816 30802817 58
30802824 30736610 65
30802824 1556589 76
30802824 1556590 76
30802829 30802830 51
1252441 535653 64
1252441 535654 70
1252441 535657 38
30802836 535653 38
30802840 30802841 46
30802848 773149 4
30802848 1556589 100
30802848 30802849 41
30802848 3918599 28
30802861 1556589 99
773049 773149 74
773049 1556589 39
773049 1556590 57
773049 270350 6
773049 773198 79
30802865 1556589 56
30802869 30802870 98
30802877 30802870 92
30802878 4403512 75
1253122 536009 94
1253122 2131770 35
1253122 2131771 53
1253122 1253126 92
2131770 1253125 13
30802885 30802886 84
30802895 2131653 14
30802899 2131653 22
30802901 30802902 46
30802907 30735358 62
30802909 30735358 98
1556410 2416767 75
30802912 2416767 84
30802917 2416767 62
30802920 2129851 1
30802923 2129851 93
30802925 2129851 1
30802926 2129851 18
30802928 30802929 53
30802934 30802935 56
30802934 30802936 89
30802946 2416352 31
30802946 1253262 23
1556071 2416352 44
30802949 2416352 50
30802951 4994791 63
30802952 4994791 7
30802955 30802956 22
30802960 1253123 74
30802963 1253123 17
30735886 1253123 97
30735886 1253154 47
30735886 1253140 58
30802971 30802972 4
1253151 2131830 46
30802977 30802978 11
30802984 30802978 57
30802986 30737196 84
30802989 13377974 97
13377952 13377974 88
30802995 13377974 72
30803001 13377974 47
30803002 13377974 34
30803007 13377974 14
30803008 13377974 35
13377953 13377974 86
30803010 30803011 12
29052273 29052282 37
30803022 29052282 95
30803023 4113279 83
30783604 4113279 87
30803025 4113279 77
30803027 4113279 20
30803031 30735880 35
30803034 30735880 64
30803037 30803038 75
30803042 30803038 62
30803046 30803038 26
30803050 30803038 98
30803052 30803038 59
30803055 1253124 3
30803059 1253124 74
30803062 1253124 29
30803066 263298 23
773050 1556601 67
30803069 30803070 84
30803076 30803070 65
536021 1253277 58
2349056 3046210 34
30803080 3046210 7
30803082 30803083 22
30803089 30803090 8
30803097 30803090 85
30803100 30803101 22
30803109 30803110 64
15723048 2878456 63
15723048 15723054 44
30803117 15723054 7
1252120 2129852 87
30803123 2129852 12
30736925 2129852 40
30803127 2129852 6
30803131 15219913 8
30803136 2878456 39
30803139 1253197 29
2132024 1253197 10
2132024 2879076 82
2132024 1253205 94
2132024 1556096 22
30803142 1253197 86
2879024 1253197 87
30803143 1253197 32
30735724 30735728 97
30803156 30803157 68
30803159 30803160 51
30803166 30803167 4
30803169 30803167 73
30803172 30803173 31
30803179 30803173 80
30803182 30803173 88
30803184 1252408 42
30803186 1252408 77
30803187 1556926 59
30803188 30803189 45
30803193 30803189 23
30803195 30803196 55
30803200 30803201 95
30803207 2416127 81
30803209 30803210 32
30803215 4616616 31
30803217 4616616 29
30803219 4616616 94
30803222 30803223 23
30803230 30803231 17
30803236 535820 74
30803236 30803231 91
30803236 30803237 11
30803236 30803238 2
30803262 30803263 44
30803274 30803263 15
30803277 30803278 62
30803293 30803278 49
30803296 30803297 71
30803303 30803304 80
30803312 30803304 2
30803315 173509 4
30803320 173509 62
30803325 173509 77
30803329 173509 61
30803331 30803332 22
30803335 30803336 37
30803342 30803343 16
2417074 3103895 39
2417074 1556607 81
2417074 1556608 28
30803348 15153289 78
30803348 1556607 14
30803348 1556608 6
30803352 30737600 73
30803357 30803358 77
30803368 30803358 91
30803373 30803358 48
30803376 30803358 79
30803377 30803378 8
30803384 30803385 21
30803390 30803391 55
30803399 30803400 66
30803407 30803408 38
30803415 30803416 36
30803422 30741315 99
30803425 30803426 71
30803432 30803426 28
28409748 28409754 2
28409748 8085461 66
773132 1556946 54
30803433 1556946 22
30803436 13506289 55
30803438 2416613 12
30803441 2416613 82
30420228 2416613 62
30803445 30803446 54
30803451 535654 55
30803458 535654 89
30803462 1253173 41
30803466 30803467 81
30803475 30803476 31
30803480 30803476 35
30803484 30803476 26
15725330 15725340 41
30803487 15725340 87
30803490 30803491 20
30803498 30803491 57
30803502 30803491 23
30803507 30803508 33
30803514 30803515 19
30803519 173547 60
30803526 173547 85
30803532 173547 67
30803534 173547 68
30803536 173547 67
30803538 173547 32
30803540 30803541 70
30803548 4958666 74
30803551 173505 21
30803551 549941 31
30803551 30803553 34
30803562 15299765 43
30803565 15299765 81
30803567 15299765 2
30803569 30803570 40
30803586 30803587 67
30803592 30803587 41
30803594 30803595 26
30803608 8853068 62
30803611 30803612 83
30803617 30803618 58
30803623 30803618 45
30803626 30803618 3
30803630 30741980 30
30803631 30739279 56
30803632 30739279 27
30803633 30739249 69
30803633 773198 91
30803634 30739249 93
30803638 30803639 89
30803649 30803639 24
30803650 30803639 74
30803652 30803653 39
30803658 30803653 14
30803660 1251538 100
30803661 1251538 17
30803676 1251538 31
30803681 30738441 58
30803684 30738441 35
30803685 30738441 46
30803688 30738441 74
30803690 30738441 70
30803691 1556607 91
773051 1556607 76
773051 1556608 82
773051 1556609 87
30803694 30803695 9
30803699 30803700 93
30803714 30803700 63
30803717 30803718 16
30803723 30803724 59
30803732 30803733 75
30803745 30803733 100
30738738 30738739 38
30803747 30738739 100
30803750 30738739 77
30803754 30737649 69
30803754 30736372 7
30803756 30803757 49
30803762 15144665 56
30803766 15300082 72
30803768 30803769 38
30803773 30803769 74
30803775 30803776 63
30803782 30803783 94
30803790 30803791 38
270348 773158 73
30803797 30803798 21
30803803 3104041 59
30803806 15039696 40
30803808 15039696 91
1557070 2417497 52
30803810 2417497 24
30803813 413976 74
30803813 30803814 29
536022 1253283 82
30803819 30803820 26
30803824 30802298 38
30803826 30802298 89
30803830 30803831 68
30803835 30803831 42
30803838 30803839 12
30803845 30803846 46
773052 1556617 42
773052 1556618 24
773052 773198 28
773052 1556622 6
773052 1556623 22
29052274 29052288 55
30803850 30803851 11
30803857 1355816 64
30803861 30803862 12
30803873 30803874 39
30803881 30803874 29
30803883 30803884 46
30803890 30803891 57
30803897 30803891 67
30803901 30803891 4
721349 1481468 28
30803904 30803905 39
30803910 30803911 96
30803918 30803919 65
30803932 30803933 69
30803943 30803944 42
535142 121928 67
535142 1251720 62
535142 535146 95
30803949 30803950 87
30803955 30803950 68
30803957 30803950 68
30803960 30803950 60
30803962 30803963 28
773053 535143 97
30803968 535143 96
535144 535143 30
30803970 535143 78
30803972 535143 14
773054 535372 41
1556215 535372 18
1556307 535372 62
535377 535372 98
535378 535372 99
30803976 535372 10
30803980 14989872 7
30803983 30739762 82
30803984 30803985 92
30803990 535501 27
30803990 30803991 66
30803990 535502 13
30803997 535501 94
30803998 535501 51
30804001 535501 57
3103963 535824 6
535835 535824 54
30804004 535824 53
30804008 1556639 49
3426277 1556639 93
773055 1556639 45
13377942 1556639 24
1556116 1556639 5
30804015 1556639 79
3046211 1556639 42
30804018 30804019 7
30804027 30804019 44
30804029 30804030 47
2416509 1251406 19
1251406 535000 46
30804038 535373 30
773056 535373 11
1246613 535373 70
30804040 9461078 88
30804042 5016693 96
30804042 1481458 58
30804046 1481458 1
30804046 30804047 40
30804049 1481458 69
30804051 1481458 80
30804053 2943549 8
30804060 11704391 89
30804064 11704391 62
773057 1556647 66
773058 1556647 15
30804065 1556647 75
30804067 1556647 95
30804067 28188864 53
30804068 1556647 95
30804070 1556647 97
30804074 1556647 15
30804075 30804076 64
30804085 30804086 45
30803734 30803739 61
773133 1556952 21
30804095 30804096 72
30804101 30804102 12
30804108 30804109 39
30804113 30804114 97
30804121 30804122 58
30804126 30804127 9
30804133 24339620 75
30804136 1253024 95
30804139 1253024 13
30736394 1253024 87
1253027 1253024 16
30804143 1253024 47
30500345 1253024 6
30804147 1253024 22
30804149 1253024 11
30804158 1253024 49
30804162 1253024 78
30804153 1253024 16
30804165 1253024 76
30804168 1253024 28
30804171 1253024 75
30804173 1253024 78
30804176 1253024 35
30804179 1253024 94
30804181 22205 99
30804185 30804186 61
535029 1251471 36
30804191 1556660 4
30804196 173497 76
30804196 1556660 77
3103964 1556660 48
773059 1556660 3
3103965 1556660 55
30804198 30804199 29
30804204 30804205 6
30804212 30804213 61
30804218 30804219 27
2131771 1253122 59
30804222 781 23
30804229 30804230 6
30804235 30804230 16
30804237 30804238 57
30804244 2878457 77
30804247 30736583 42
30804254 30736583 67
30804258 30736583 82
30804262 30736583 17
30804266 30736583 19
30804269 30736583 29
30804273 30736583 90
15456016 15456018 90
30804276 15456018 50
30804278 30227637 55
30804281 30227637 50
30804285 30227637 74
30804287 30804288 28
30804292 30804293 84
30804298 1253198 33
2131975 1253198 45
30804301 1253198 49
1253199 1253198 71
1253200 1253198 40
1253201 1253198 2
30804305 2879076 79
30804308 2879076 51
236546 535404 64
30804311 535404 28
30804317 535404 69
535411 535404 40
535412 535404 18
30804322 535404 58
30804325 535404 5
1253137 2131801 31
30804329 30804330 12
30804336 30804330 1
30804338 30804330 63
30804340 30804330 59
30804344 30804330 70
30804347 30804330 6
30500339 1253009 82
30804349 1253009 39
30804352 1253009 15
30804355 4359 15
30804357 30804358 7
30804357 1253174 41
30804363 30804358 37
30804365 13227062 7
30804368 13227062 9
30804371 13227062 81
30801811 13227062 61
30804375 30804376 80
30804382 30804383 56
30804389 30804390 58
30804393 30804390 22
773060 1556671 26
30804396 30804397 33
30804402 413976 80
30804402 30500340 22
30804406 413976 99
30804408 413976 55
30804412 413976 39
30804416 148708 89
30741886 30741890 18
30804420 30741890 24
30804423 30804424 95
30804429 121289 96
30804433 1556590 59
3918591 1556590 95
30804435 1556590 72
30804438 1556590 35
30742661 1556590 60
30804447 1556590 2
30804457 1556590 75
30804460 1556590 87
30804463 1556590 33
1556237 1556590 26
30736611 1556590 54
30804464 1556590 39
1253073 173510 41
1253074 173510 73
30804466 173510 7
30804469 173510 56
30804471 30804472 38
270349 270350 98
270349 773167 35
270349 773168 55
270351 270350 13
30804475 270350 16
30804483 270350 6
30740673 270350 44
30804486 270350 46
270352 270350 37
3918592 270350 72
270353 270350 56
2417269 270350 11
15721586 270350 29
30804490 30804491 64
30804498 30804491 16
30804502 30804503 28
30804508 30804509 46
30804515 173507 34
30804518 173507 8
30804520 173507 54
30804524 173507 29
1253202 535087 30
1253202 360030 84
1252109 360030 75
30804526 1252369 34
535487 1252369 21
30804528 1252369 74
30804534 1252369 78
30804539 1252369 73
30804543 1252369 35
30804547 1252369 62
30804549 1252369 68
30804551 1252369 43
30804555 1252369 10
30804559 1252369 11
30804562 1252369 28
30804566 1252369 36
30804568 1252369 44
30804570 1252369 100
2131976 2879066 59
30804573 2879066 27
30804578 30804579 91
14218487 1253290 85
773061 1253290 51
30804585 1253290 19
7813025 1253290 60
30804590 1253290 45
536023 1253290 76
30804593 1253290 82
1556117 1253290 66
30804596 1253290 51
30804598 1253290 73
30804601 1253290 81
2349285 1253290 23
30804603 1253290 37
30804606 1253290 83
30804610 1253290 68
30804612 1253290 24
1556127 2416465 38
30804614 30804615 12
30420203 535092 54
30741864 535092 24
30804621 535092 67
30804625 535092 71
30804631 535092 77
30804634 535092 60
30804639 30804640 92
773062 535933 30
30804643 535933 20
2130480 535933 18
173511 535138 54
173511 535933 29
173511 173512 68
173511 535934 9
173511 173516 24
30804644 535933 52
30804645 535933 24
2131752 535933 100
2131753 535933 80
30804646 30388840 27
30804650 30388840 65
30804655 30388840 85
30804656 30388840 78
30804658 30388840 23
30804663 30388840 32
30804667 30388840 15
30804671 30388840 52
30804674 30388840 74
1252402 773044 1
1252402 2130941 55
1252402 2130942 98
1252402 2130943 36
2130941 1252402 6
30804677 30804678 96
30738467 30738466 12
30804685 30804686 58
773213 1557092 62
30804696 174440 44
30804699 80803 86
30804701 535314 76
4360841 535314 22
721466 535314 44
1252043 535314 38
1252043 535315 96
29335233 29335240 62
30804703 1253099 21
2131754 1253099 94
30804706 1556550 92
30804710 1556550 14
30804713 1556550 20
30804716 1556550 34
30804720 1556550 82
30804722 1556550 83
30804725 1556550 51
30736396 1556550 26
30804729 1556550 82
30804733 1556550 83
30804736 1556550 77
30804739 1556550 78
30804742 1556550 63
30804745 1556550 29
30804749 1556550 86
30804752 1556550 11
28492878 1556550 43
30804755 1556550 84
30804758 2409 19
30804764 2409 6
30804766 37276 1
2416510 534993 93
15725331 534993 56
15725331 173492 71
15725331 1253174 76
15725331 535032 72
15725331 535034 93
30736840 534993 74
30736840 173492 6
30739061 534993 33
1253051 18177 40
30736322 535145 52
30804767 535145 59
1251529 535145 39
1251529 2130125 57
1251529 2130126 63
1251529 2130127 55
30804770 535145 93
30804057 535145 49
30804773 721385 70
30804775 721385 11
773063 721385 65
30804778 721385 97
30804781 721385 16
30804785 721385 73
30804788 721385 80
30804792 30804793 63
30804800 30804793 62
30804801 30804793 91
30804804 30804793 65
30804807 30804793 19
30804809 30742613 93
30804814 30742613 12
30804816 30742613 8
30804819 30742613 57
30804825 30742613 22
30804829 30742613 56
30804833 28648513 49
30804834 28648513 59
30804837 28648513 72
30740732 28648513 33
30804840 30804841 15
30804851 30804841 93
30804854 30804841 52
30804855 30737001 84
30804855 30735182 23
1253291 2132047 91
30804859 30804860 91
30804864 30804865 72
30804871 30804872 66
30804877 30740742 84
535184 535820 64
236547 535820 29
2417165 535820 86
535185 535820 46
30804879 1253100 72
30804882 1253100 93
30804887 1253100 22
30643234 1253100 52
30804889 1253100 97
30804896 1253100 92
30804901 1253100 2
30804904 1253100 13
30804907 1253100 29
30804909 1253100 54
30804912 1253100 4
721387 1253100 69
30804913 1253100 2
30804917 30804918 76
30804924 30804925 79
30804929 30804930 63
30804936 16438 42
30737787 30737788 65
30804939 30804940 2
773134 1556618 86
30804944 30804945 21
30804951 30804952 7
30428493 30428495 26
30804954 1251535 34
30804439 30804442 81
30804957 30804958 30
2417077 3103906 98
30804961 30804962 35
30804966 30804967 8
2417485 3104241 98
30804971 30804972 91
30804977 30742515 96
30804980 1556465 87
30804983 1556465 73
30804987 30804988 75
30804992 1253043 90
30804996 1253043 12
30805002 1253043 5
30805004 1253043 29
1253052 1253043 66
30805006 30805007 19
2130942 1252402 87
30420229 30420235 91
30738605 30738608 86
30805015 30805016 59
30805015 10012352 53
30740944 30740941 5
30805023 30805024 9
30805031 30299170 82
3143961 1370 14
30805034 30735202 80
30805037 30735202 65
30805040 30805041 29
30805048 30805049 10
30805056 13292650 82
30805059 30805060 10
30805062 23840 56
30805066 30805067 93
3587345 3918593 7
30805075 30741931 90
30805076 30741931 5
30805078 30805079 28
30805084 8085461 51
30805087 8085461 35
30805089 8085461 80
30805099 30805100 64
30805102 2710487 86
30805106 25447523 77
30805108 25447523 98
30805109 30805110 68
30420230 30420239 78
30805117 30805118 27
30805122 30805123 13
30805126 4269158 72
30805130 4269158 84
30805132 4269158 41
30805134 4269158 42
30805137 4269158 68
30805138 30805139 48
30805144 30805145 98
13377892 13377922 51
30805150 30805151 59
30805157 30805158 100
30805168 30805169 41
30805175 30805176 80
30805183 37443 22
30805185 30805186 8
30805191 2131662 92
30805193 2131662 52
30805197 1114084 45
30805210 30805211 31
30805215 30805216 36
30805222 30805223 98
30805224 30805223 55
773064 1556690 61
30770146 1556690 34
30805230 1556690 18
30805232 1556690 65
30805240 1556690 90
30805244 30805245 79
30805251 30805252 28
30804087 773198 36
1556238 773198 7
30805259 773198 57
30805264 773198 82
30805266 773198 78
270354 773198 53
30805271 773198 69
3587143 773198 99
30735210 773198 42
773135 773198 80
30740532 773198 86
30805274 773198 45
30805276 773198 98
30805279 30805280 3
30805288 30805289 86
30805293 30738789 71
30805298 30738789 56
30805303 30738789 85
30805306 30805307 79
30805311 30805312 35
30805317 1556697 74
30805326 1556697 64
30805320 1556697 72
30805318 1556697 84
30805328 1556697 98
30805329 1556697 43
773065 1556697 42
30805319 1556697 9
30805330 1556697 99
30805333 30805334 1
30805340 30220864 37
30220859 30220864 14
30805342 1556608 71
30805351 1556608 74
30805355 30805356 58
30805358 30805359 59
30805364 30805365 44
30805367 30805368 92
30805375 6216 3
721350 173512 57
30805378 173512 87
30805382 173512 83
1052763 173512 91
30805386 173512 97
30805389 173512 48
30805392 173512 24
30805402 173512 78
773066 173512 63
30805403 173512 72
30805405 173495 60
30805406 173495 70
773067 173495 42
30805407 24287 28
30805412 30805413 37
30805418 4523007 53
30736674 30736675 87
30805424 30805425 81
30805432 30805433 11
30805440 30805433 19
30805445 30805433 72
30805447 30805433 93
30805449 30805433 81
30805452 286550 17
30805457 2878955 60
30805458 2878955 61
2131755 2878955 46
30805159 2878955 79
30805460 30805461 63
30805468 30735620 55
30805470 30735620 75
30805471 30740750 58
30805473 30740750 86
30805477 30740750 95
30805481 30740750 45
30805484 30740750 64
30805488 30740750 70
1556308 2416685 13
30805491 2416685 96
30805493 2416685 63
30805498 28188864 78
30805499 28188864 45
30738200 535030 56
30805502 535030 32
30805505 30805506 61
30805509 1253053 5
30805512 1253053 32
30805514 1253053 97
30805517 1253053 30
30805520 1253053 52
535336 535333 41
30805522 535333 20
535337 535333 93
535338 535333 58
30805527 535333 46
30805532 535333 14
30805535 535333 68
30805541 173500 92
1253152 173500 47
1253153 173500 2
1253153 1253125 21
1253153 1253138 16
30805542 30805543 87
30805546 30805547 9
30805553 30805547 21
30805555 15138632 34
30805556 15138632 40
30805558 30805559 31
30805565 30805566 49
30805565 535148 45
30805570 7812916 77
773068 1556715 17
30805574 1556715 46
30805578 30805579 61
30805582 10012352 9
30805585 10012352 28
30805586 10012352 8
30805587 10012352 21
30805589 10012352 73
30805592 10012352 23
30805597 10012352 45
30805599 10012352 73
30805602 10012352 58
30805606 10012352 92
30805609 10012352 38
30805612 10012352 31
30805615 10012352 22
30805617 10012352 72
30805620 10012352 45
30805622 10012352 12
30805624 10012352 60
30805627 10012352 9
30805629 10012352 27
30805631 535429 9
30805634 535429 11
30805637 535429 92
772968 535429 50
772969 535429 39
30805638 535429 18
1251831 535429 15
721351 535429 74
721351 1481482 43
30804487 535429 78
772970 535247 30
2416511 535247 37
30805641 535247 13
2130443 535247 87
30805646 721338 15
30805646 30804047 68
30805650 721338 76
30805650 30804047 73
30805651 30805652 63
30805657 30805652 88
30805660 30805652 13
30805664 30805652 4
30805669 30805652 31
30805671 5428 70
30805674 30805675 67
30805679 30805680 59
2877341 3426047 83
30805686 3426047 91
30805690 30805691 25
30805699 30805700 2
30805703 30805704 6
30805706 30805707 89
30805711 969 73
30805713 1253125 80
1481669 1253125 96
1253126 1253125 16
30805717 535087 44
1252110 535087 35
30805723 535087 44
773069 535087 78
30805727 535087 55
236548 721515 88
30740902 30740905 97
30805730 30740905 3
270355 773167 72
30805733 773167 37
1556619 773167 12
30805736 3918534 94
30805739 3918534 89
30805742 3918534 86
3587184 3918534 91
3918535 3918534 8
30805744 3918534 70
30805747 535827 25
30805752 15255 67
30805753 30805754 3
721523 1481731 55
3808142 1481731 20
30805759 1556262 33
773001 1556262 41
30805763 30805764 30
30805769 26057 33
30805772 7812917 16
30805775 721524 93
30805778 721524 8
236549 721520 62
236549 721524 29
236549 721525 33
30742105 30740958 89
30742109 30740958 61
30742110 30740958 98
30805782 30740958 6
30741139 30740958 21
30805787 30740958 82
30735887 1253154 87
30805790 30737171 43
30805793 30738454 25
30805795 535471 63
30805796 30805797 29
30805807 30735742 80
30735729 30735742 97
30805810 30805811 78
30805815 30805811 27
30805821 30805822 83
30805825 30805826 76
30805830 30805831 49
30805836 30805837 25
30805846 30805847 93
30805854 30805847 15
30805857 30805858 61
30805863 1556166 1
772971 1556166 100
772971 1556167 74
772971 1556168 43
30805868 1556166 91
30805872 1556166 9
30805873 1556166 36
3426383 1556166 4
773070 1556166 26
2877780 1556166 90
1556620 2417096 66
30805876 15334228 90
30805879 15334228 86
30805883 15334228 50
30805884 15334228 71
30805887 15334228 12
30805890 15334228 10
30805891 15334228 40
30805893 15334228 28
30805895 1253122 3
236550 721539 27
236550 721540 41
236550 721541 26
236550 721542 25
30805898 30805899 47
30805905 1252448 81
535547 1252448 39
30805908 13350213 88
30805908 30805909 13
30805910 13350213 99
30805910 30805909 23
30805914 30805915 43
30805919 71822 17
30805921 30736828 40
30805925 30736828 37
30805927 30736828 54
30805931 30805932 70
30736133 1253305 88
30805939 1253305 21
30805942 1253305 58
536024 1253305 100
30805945 1253305 59
30805948 1253305 72
30805951 1253305 83
30805954 535448 73
30805958 1253138 52
30805960 30805961 88
173439 535510 3
30805968 535510 5
2131977 1253203 14
15762504 1253203 23
30805971 1253203 18
30805983 1253203 37
1253204 1253203 9
1253204 1556096 35
30805986 1253203 70
30805987 12185963 39
285101 796133 98
30805988 535000 56
30805990 535000 61
30735253 535000 2
30805992 1253205 91
1253261 1253205 96
1253206 1253205 49
30805995 1253262 28
30805998 1253262 91
30806001 1253262 21
30806003 173497 10
3918536 173497 8
721352 173497 49
721353 173497 95
1252456 173497 73
30806005 173497 56
30806008 173497 14
30806010 173497 66
12005682 173497 87
30806013 173497 24
30806016 173497 53
773071 173497 82
773072 173497 56
30806018 173497 62
30806019 535521 60
30806021 535521 30
535522 535521 75
30806023 535521 32
1252429 535521 7
30806025 535521 13
30806030 535521 71
30806032 535521 83
536025 535521 30
30806034 535521 55
30806036 535521 12
30806037 535521 36
30806039 535521 35
173440 535521 54
30806042 535521 73
1252430 535521 33
773073 535521 95
30806045 535521 40
30806048 535521 29
30806052 535521 25
30500346 535138 32
536026 535138 10
30806054 535138 54
30806058 535138 72
30806062 535138 37
30806068 535138 13
30806075 535138 28
1556325 1556326 20
2130526 1556326 47
30806077 1556326 48
30806080 1556326 43
30806081 1556326 61
30806086 1556326 23
30806087 1556326 96
30806090 1556326 41
30806096 1556326 66
773074 173513 79
773075 173492 2
773075 173513 83
30806100 173513 43
30806104 173513 88
30806107 173492 61
30491597 173492 50
30806112 173492 25
30806116 173492 72
30806120 173492 75
30806121 30806122 53
30806129 30806122 6
30741083 28377389 82
30806133 535502 37
30806134 535502 80
2129912 2877343 59
30806135 1556096 61
30806140 1556096 62
30806143 1556096 46
30806146 30806147 12
1556621 1556609 68
30806150 1556609 45
30806150 2416502 7
30806151 1556609 22
30806153 1556609 12
30806155 1556609 73
1557053 1556609 57
30806158 1556609 85
30806160 1556609 52
30806165 1556609 83
2417075 1556609 33
10012353 1556609 13
773076 721540 21
30806168 721540 50
30806173 721540 17
30806177 721540 74
30806177 721542 16
30806181 721540 24
30806185 15648516 57
30806189 15648516 4
30806194 535315 58
30806202 535315 33
30806205 30806206 25
30806219 30806206 73
1557054 2417467 49
30806223 30735182 45
30806227 30806228 22
30806237 42182 30
536027 42182 99
30806240 42182 96
1252442 42182 24
30806244 42182 63
30806247 42182 12
30806251 1556138 41
30806253 1556138 80
30806254 1556138 56
30806258 1556138 98
30500347 1556138 96
2130527 1556138 32
30806261 535472 69
30806263 535472 89
773077 535472 85
30806267 535473 23
30806270 535473 13
30806274 535473 4
30806276 535474 82
535548 1252455 96
535548 1252457 11
535548 1252458 38
30806282 1252455 40
30806287 421880 20
30806291 421880 85
30806292 421880 55
30806294 421880 36
30806298 421880 79
133542 421880 26
30806300 421880 62
30806303 421880 34
30806306 20235 26
30806308 535031 79
1251407 535031 28
1251407 535032 35
1251407 535033 49
1251407 535034 62
30806313 3109683 68
3109684 3109683 97
30806318 3109683 81
30806320 3109683 91
30806325 3109683 86
30806326 3109683 76
30806327 3109683 58
30806331 3109683 6
30806335 3109683 31
30806338 3109683 54
773078 1556763 84
30806342 1556763 26
30806343 30806344 77
30806352 30806353 89
30806364 30806353 58
30806367 30806368 67
30806374 30806368 93
30806375 30806368 84
30806378 30806379 91
30806383 30806379 51
30806387 30801908 6
30806390 30801908 63
30806395 2131848 94
1253155 2131848 97
30806400 8329729 51
30806405 8329729 47
30806410 8329729 5
30806412 8329729 54
30806418 2132053 19
30806422 2132053 40
30806425 2132053 45
30806427 2132053 5
1253292 2132053 14
30738316 1253174 63
30806428 1253174 68
30806431 1253174 13
15725332 1253174 87
30806434 1253174 44
30806435 1253174 2
30806438 1253174 80
30806439 1253174 23
30806442 1253174 81
30806444 1253174 22
30806446 30806447 22
30806455 30806447 63
30806457 30806447 80
30806465 30806466 2
30737380 2132059 99
1253293 2132059 40
30806475 30737532 41
30806478 30806479 24
3587027 2130125 16
14339957 2130125 67
2416512 2130125 98
2416513 2130125 77
30806481 30806482 73
30806487 30806488 48
30806491 13396723 12
30806493 13396723 4
30806494 15105747 76
773079 1556535 26
1253294 1556535 69
30806497 1556535 61
30806498 1556535 70
30806501 30806502 70
30806503 30806504 49
30806511 30806504 90
30806515 30806516 13
30806524 30806525 49
30806527 30806528 80
30806535 30806536 89
30806540 30806541 87
2131756 1556178 65
30806547 1556178 82
28388052 1556178 20
1251832 1556178 85
772972 1556178 77
30806550 3426282 79
30806553 3426282 59
30806556 3426282 58
30806562 30806563 15
30806569 30806570 97
30806574 30806570 60
1538576 2397736 39
30806577 721338 31
30806585 721338 89
30806586 721338 2
30806587 721338 15
2416690 721338 4
30806591 721338 67
30804448 721338 33
30806602 721338 18
30806604 721338 24
30806607 721338 60
1556309 721338 26
30806609 30737610 75
30803920 13443237 32
30806617 1052488 91
30806619 1052488 53
30806623 1052488 87
30806626 1052488 70
30806628 1052488 59
30806630 1052488 41
30806633 1052488 4
30806637 721489 97
30806641 721489 74
30806644 1556536 38
30806646 820630 71
773080 1556772 12
30806649 30741865 85
30806654 30806655 7
30806671 30806655 11
30806673 30806655 46
30806676 30806655 8
30806679 30806655 24
30806683 30806655 78
30806686 30738348 23
30806689 30738348 42
30738346 30738348 71
1251408 535032 11
30735243 535032 89
2129913 535032 7
173441 535539 57
30806691 535539 62
30733387 535539 18
30806695 535539 24
30806697 535539 78
30806700 535539 23
30806703 535539 69
30806706 30806707 66
30806711 30806712 57
30806717 30806712 66
30806719 1357009 59
30806722 30518685 59
30806723 30518685 61
30806724 30518685 23
30806728 30806729 82
30806734 30806729 75
30806738 30806739 6
30806744 30806739 42
30500337 30500340 61
30806747 30500340 39
30806751 1252465 38
535549 1252465 20
30806754 6608803 82
30806758 13490427 92
30806761 13490427 76
30806764 13490427 13
30806765 13490427 69
773081 1556050 85
773082 1556050 42
1253075 1556050 50
30806768 1556050 57
1253076 1556050 89
773083 1556050 90
4360847 1556050 52
773084 1556050 96
30806770 2877380 40
30806774 2877380 25
30806776 2877380 26
30806778 2877380 67
30806780 2877380 43
30806784 2877380 93
30806787 2877380 93
30806789 2877380 3
30806792 2877380 3
30806795 2877380 6
30806799 2877380 19
30806803 30736372 13
30738717 30736372 54
30806808 30736372 27
30806812 30736372 42
30806816 30736372 77
30806820 30736372 53
30806822 30736372 32
30806824 30736372 59
30806826 30736372 12
30806829 30736372 13
30806834 30736372 8
30806837 30736372 82
30737650 30736372 82
30806841 30736372 44
30806844 30736372 91
30738713 30736372 67
30742314 1253379 53
30806848 235374 30
1556624 1556623 1
30806850 1556623 52
30806855 443733 16
30806859 1556467 10
30806861 1556467 6
30738002 30738009 89
30806865 30738009 7
30806868 30738009 85
30806869 30738009 54
30806871 30738009 28
30806872 30738009 86
30806875 30806876 89
30806879 30806880 90
30806886 1253326 10
536028 1253326 90
30806888 1253326 9
30806891 30735315 61
30806893 30735315 82
30806899 30735315 92
30806905 30735315 49
30806907 30806908 23
30806918 1556015 66
30806922 121928 54
30806922 1556015 62
30806922 2877335 22
30806922 2130126 19
30806927 1556015 25
30806928 1556015 46
3549971 1556015 91
30806930 1556015 24
30806933 1556015 15
30806934 1556015 80
30806938 30806939 41
30806946 30806939 3
30806948 30806939 14
30806950 30806939 56
30806952 30806939 91
30806956 30806939 34
30806958 30806939 93
30806959 30806939 50
30806964 30735621 68
30806965 30735621 89
30736341 30735621 23
30806967 30735621 36
30806969 30735621 75
30806972 1556167 97
30806973 30806974 90
30806983 30806974 31
30806987 30806974 3
30806987 1251544 70
30806987 15395868 40
30806992 30806974 52
30309758 30309761 21
3587346 1253231 42
30806995 1253231 42
30807000 1253231 97
30807002 1253231 6
30807007 535700 93
30807009 535700 15
30807011 535700 33
30807013 30807014 43
30807017 30807014 26
30807020 30807021 52
30807026 30807021 33
30741932 15311037 80
30807028 15311037 57
30807030 15311037 63
30807032 15311037 98
30807033 15311037 78
30807036 15311037 9
30807038 15311037 57
30807040 173548 8
30807042 173548 89
30802661 30802665 72
30807044 30807045 9
2417480 4366 33
30807052 4366 10
30807055 30807056 58
30807064 30807065 10
30807072 535823 89
30805202 30805203 54
30805198 30805203 44
30807075 30807076 54
30807082 30807083 73
30807087 30807088 35
30491605 535147 57
30807095 30807096 14
30807100 30807101 10
30807105 30807101 86
30807114 30807101 16
30807118 30807101 16
30807120 30737194 10
30736567 1252402 13
773085 1252402 100
30807124 1252402 20
2130943 1252402 41
30807126 30807127 39
30807134 30807127 13
30807136 30807127 38
30807138 30807127 54
30807141 30807142 87
30807148 30807142 2
30807150 1820745 41
977170 1820745 41
30807153 1556310 63
30807155 1556310 79
30807159 1556310 93
30807161 1556310 45
30807165 1556310 25
30807168 1556310 3
30807169 1556310 60
30807171 1556310 32
30807172 1556310 22
30807175 30761753 62
30807177 30761753 58
30807180 30742383 99
30807183 30807184 54
30807186 30807187 59
30807190 30807191 15
15722738 15722756 6
30807196 15722756 12
15395089 13426769 97
30807197 30807198 24
30807202 2286961 27
30807206 2417144 55
30807206 173501 27
1556652 2417144 65
30807210 2417144 98
30807211 30807212 6
30807220 30807221 23
30807226 30807227 95
30807233 30807234 40
536029 1253330 18
30807240 1556185 65
30807242 1556185 4
30807243 1556185 56
30807246 1556185 48
30807248 1556185 25
30807251 1556185 78
772973 1556185 1
721354 1326395 29
1251353 1326395 12
2349057 1326395 24
779109 1565320 74
30807255 30807256 88
30807263 30807264 63
30807270 13457161 71
30807272 13457161 41
30807275 13457161 13
30807277 13457161 51
30807281 13457161 75
30807286 13350213 4
30807286 13402988 80
30807289 30807290 81
535248 535033 22
30807294 3825178 38
30807296 4113280 51
13360176 13360183 99
30807299 13360183 57
30807304 13517910 25
30807306 13517910 5
30807309 13402988 17
30807309 30807311 65
30807319 13402988 39
30807310 13402988 71
30807321 30807322 70
30807327 13399351 6
30807328 13399351 94
1556239 773149 36
30807331 15456021 13
30807334 173499 69
30807334 15456021 22
30807337 15456021 94
30807338 15456021 71
30807339 15456021 92
30807341 1556480 72
30807344 1556480 44
30807346 1556480 72
30807350 1556480 15
30807352 13379043 93
30807354 1481482 79
13335414 1481482 14
30807359 30807360 77
1253248 2131968 34
30807365 1556801 100
773086 1556801 58
30807367 13509803 73
30807369 13439570 7
30807371 13513361 10
535449 762026 53
30807375 762026 82
30807379 30807380 43
1867932 2667235 99
30807384 2131314 85
30803149 714639 13
30807385 13424968 84
28409933 28409934 45
30807386 15517674 39
30807387 15517674 31
30807388 15517674 42
30807389 15517674 22
30807390 15601254 19
30807393 15601254 100
30807398 15601254 43
30807401 15601254 64
30807403 15601254 37
30807406 15601254 48
30807409 15601254 55
30807412 15601254 37
30807415 30807416 18
30807424 30807416 34
30807429 30807430 89
30807435 30807430 82
30807439 30738455 28
773087 1252457 19
30740018 1252457 23
30807443 1252457 39
30807446 15031314 35
30807449 173514 37
30807453 30807454 14
30807461 1253207 95
30805972 1253207 8
30807463 1253207 50
30807467 1253207 2
1253208 1253207 13
30807470 30807471 19
30807477 721525 36
30807479 721525 62
773088 721520 84
773088 721525 63
773088 1481756 41
1556818 721525 15
779110 1565324 5
30741627 1565324 51
30807482 1565324 22
30807485 1565324 26
30807488 30232879 54
30807491 30807492 44
30807499 374549 95
772974 374549 37
30807502 374549 4
30807505 374549 55
30807508 374549 18
30807511 30807512 28
535836 549940 39
1252817 549940 20
30807517 549940 33
30807520 549940 9
30807523 30807524 32
30807534 30807535 31
30807541 1959666 5
1093702 1959666 89
30807543 1959666 100
30807546 1334668 25
30807550 1334668 85
30807556 30807557 48
2130965 535657 24
30807561 535657 97
30807565 535657 47
30807567 535657 14
30741183 535657 48
30807570 535657 26
30807573 535657 63
30807576 535657 58
30807580 535657 1
30736096 535657 75
30807583 535657 77
2877781 535657 21
30807585 535657 76
30807590 535657 26
1556037 535657 91
30807592 535657 43
30807593 535657 64
30807598 535657 8
30807601 2416563 63
30807604 2416563 49
1556216 2416563 35
30807605 2416563 18
30807607 2416563 43
30807611 30807612 35
30807617 30807618 76
30807624 30807618 7
30807626 30807618 11
30807627 30807618 86
30807630 30807618 83
30807634 30807618 76
30807637 30807618 93
30807639 1717220 20
30735854 1717220 44
30807641 1556537 80
3046212 1556537 16
30807643 1556537 37
30807646 1556537 10
30807648 1556537 66
270356 773210 47
30807651 30807652 47
30807657 30807652 86
30807661 15723055 35
30736299 15723055 51
30807664 15723055 24
30807668 15723055 7
30807671 15723055 76
30807674 15723055 84
30807678 15723055 88
30807680 15723055 15
30807684 15723055 17
30807689 30807690 39
30807695 30807696 2
30807700 30807701 82
30807705 15518567 61
30807706 30807707 58
30807714 30807707 33
30807717 423155 24
30807720 423155 47
30807725 423155 62
134185 423155 24
30807729 30742077 45
30807732 30742077 79
30807735 30742077 47
30807738 30742077 34
30807741 30742077 74
30807744 30742077 1
30807748 30807749 25
1253156 2131853 89
30807758 1253140 20
30802964 1253140 60
30807761 1253140 60
30803662 132099 26
30803668 132099 90
30807766 132099 80
30530 132099 62
30807768 30807769 100
15477134 15477139 90
30807774 29048756 49
29048755 29048756 11
30806656 30806663 27
30807778 30806663 76
30807781 30806663 97
30807784 30807785 69
30807789 30807790 25
30807794 169410 97
30807798 30807799 83
1556742 1556827 53
773089 1556827 27
30807802 43017 33
30807805 30807806 36
30807811 30807806 80
30807813 2877381 82
535475 535476 73
772975 535476 8
30807816 535476 14
30807818 535476 23
30807821 535476 76
30807824 535476 33
30807826 535476 4
30807827 535476 100
30807829 535476 7
30807831 1556832 24
30807832 1556832 3
30807835 1556832 54
30807839 1556832 56
30807844 1556832 91
30807848 1556832 61
30807852 1556832 44
30807855 1556832 56
30807859 1556832 19
30807862 1556832 6
30807864 1556832 44
30807869 1556832 9
773090 1556832 33
30807871 1556832 84
30807874 1556832 39
30807878 1556832 74
30807881 1556832 56
30807884 1556832 81
30807106 1556832 11
30807886 1556832 51
30807888 1556832 31
30807891 1556832 22
30807894 1252458 54
30807894 264157 17
30807898 1252458 71
30807901 1252458 60
30807905 1252458 22
535432 1252261 82
30807911 1252261 33
30807917 1252261 38
2130528 1252261 98
30807918 1252261 69
30807922 1252261 1
30806953 1252261 90
30807924 1252261 11
30807927 1252261 36
773091 1556839 85
30807931 1556839 4
30807934 30807935 95
30807939 1556844 47
773092 1556844 23
30807940 1556844 43
30807943 1556844 28
30807946 1556844 59
30807952 1556844 41
30807954 1556844 62
30807956 1556844 73
30807958 1556125 78
30807961 1556125 58
30807964 13377928 98
13377893 13377928 64
30807969 13377928 76
30807972 30807973 14
30807980 30807973 89
30807984 30807973 55
30807987 30807973 42
30807989 30807990 82
30807995 30807990 100
30808001 30807990 19
773093 1556847 46
30808003 1556847 65
30808007 1556847 16
30808012 1556847 93
30808014 1556847 69
30808018 1556847 87
30808022 1556847 13
30808026 1556847 72
30808029 30808030 43
30808036 30808030 60
30808040 30808030 51
30808043 1556852 53
30808045 1556852 74
773094 1556852 56
30808048 1556852 69
29334935 1556852 36
30808050 1556852 2
30808053 1556852 30
30808056 1556852 68
30808060 1556852 80
30735332 30735334 100
30808062 30735334 78
30808065 30808066 83
30808072 3046200 56
30808074 3046200 78
2131703 2148398 81
30808077 2877335 15
30808079 2877335 23
30808080 2877335 4
30808081 2877335 1
2129894 2877335 92
30808087 2877335 46
30808089 2877335 35
30808092 30808093 92
30808100 30808101 50
30808106 30808101 65
30808108 30808101 35
1556240 2416602 55
30808110 2416602 35
30808114 2416602 24
30808117 2416602 43
30808118 2416602 32
30808123 2416602 36
30808126 2416602 75
30808130 2416602 58
30808133 2416602 4
30808137 2416602 55
30808138 30808139 31
772976 1251544 27
1556118 1251544 54
30808143 1251544 8
30808146 1251544 97
1556860 1251544 81
773095 1251544 49
30808148 1251544 93
772977 1251544 51
30808151 1251544 37
835026 1251544 35
30808153 1251544 2
30808156 1251544 57
30808162 1251544 34
30808165 2416606 5
1556241 2416606 36
13377923 1481756 11
30808168 1481756 77
30808170 1481756 27
721526 1481756 23
1556038 1556481 77
30808172 1556481 20
30808174 1556481 76
30808176 1556481 45
30808179 1556481 54
30808182 1556481 39
30808185 1556481 31
30808190 1556481 55
30808191 1556481 7
30808194 1556481 72
30808198 1556481 31
30808201 264157 96
30808203 264157 95
30808205 264157 8
30808214 264157 53
30802210 264157 78
30808215 264157 43
30808216 264157 59
30808220 264157 12
30808221 264157 96
30808222 264157 72
30808225 264157 25
173442 264157 67
30808228 264157 19
30808232 264157 51
30808236 264157 51
30808237 264157 53
30805343 264157 97
30808238 264157 30
30808243 264157 71
30808244 264157 42
30808247 15162192 30
2878377 535148 20
173443 535148 97
30808248 173494 29
30739572 173494 37
30808253 173494 53
30808258 173494 25
30808261 173494 77
30808264 173494 72
30808265 173494 78
30740580 535250 35
721355 173499 40
30808269 173499 86
30808273 173499 19
30808275 173499 64
30808277 173498 99
30808277 173505 90
30808277 1251859 76
30808283 1251859 34
30808287 1251859 23
30808289 1251859 47
773096 173505 89
773096 1251859 32
773096 1556871 58
773096 173515 56
773096 1556872 67
2417166 1251859 91
2417167 1251859 37
30808291 173505 72
1556051 173505 59
30808293 173505 98
1252443 173505 48
30808294 173505 43
1556375 173505 95
1556889 173505 74
30808297 173505 17
30808300 173505 68
1556287 173505 23
30803552 173505 94
21766289 173505 28
30808302 173505 62
535186 173505 75
535187 173505 77
30808304 173505 22
30808310 173505 2
1251851 173505 46
30808312 173505 23
30808320 173505 72
30808328 173505 39
21766286 173505 92
30808330 173505 74
30808331 1556878 74
30808334 1556878 5
3918594 1556878 20
30808337 1556878 42
30808339 1556878 15
30808341 1556878 45
773097 1556878 66
535188 173515 95
773098 173515 44
30808344 173515 89
30808349 173515 92
30808352 173515 24
1556143 173515 81
30808354 1556872 59
30808356 1556872 85
2416668 1556872 17
30808357 30808358 17
30808369 30808358 92
4269902 1556416 3
30808377 1556416 8
30807314 1556416 79
30808379 30808380 65
30808387 121928 20
30740528 121928 20
1079142 121928 67
30808389 535149 33
30737696 535149 42
30808392 535149 10
30808395 535149 22
536030 1253336 51
30808400 30808401 19
30808406 3046216 84
30808408 3046216 38
30808410 3046216 64
30808412 3046216 86
2349058 3046216 85
30808415 30739102 76
30808416 30808417 72
30808424 30808417 55
30808425 173516 94
535189 173516 40
30808429 30808430 54
30808434 30739310 43
30739308 30739310 27
30808437 30808438 54
30808445 30808438 15
30808446 30808438 10
30808448 30808438 63
30808450 30808438 73
30808453 30803553 59
30808453 30424531 47
30808456 30808457 47
30808464 30808465 32
30808470 30808465 61
30808472 30808465 42
30424528 30424531 29
30808475 1556398 70
30808478 30808479 74
30808485 30808479 48
30808489 1251872 69
30808491 1481760 5
30808493 1481760 20
721527 1481760 78
30808496 1481760 93
30808498 30801917 21
30808500 30801917 21
30801909 30801917 45
30808501 30801917 61
30808502 143577 6
30808505 30737067 11
30808510 30737067 50
30808514 30737067 91
30808518 30737067 65
30808519 30808520 18
2132038 721520 11
30808533 535503 34
30808536 535034 9
1556242 37231 26
30808540 30808541 27
30808542 30808541 29
30808550 5151 77
30808552 30808553 68
30808564 30808553 40
30808564 1252004 40
30808566 2130126 1
30808568 2130126 26
2129809 2877237 22
30808570 15395868 43
30808573 2452389 15
30808577 15174066 39
30808580 2416502 75
1556144 2416502 45
30808582 2416502 46
30808583 2416502 17
30808587 2416502 29
30808590 2416502 40
30808595 30808596 99
30643239 30643244 8
30808604 30808605 23
30808616 30808617 59
30808623 30808624 97
2129914 2130127 89
30808629 30740800 62
30808633 30740800 67
30808634 15734037 97
30808638 30808639 8
30808644 1556345 35
30808645 1556345 30
30808646 1556345 4
30808648 1556345 82
30808662 1556345 52
30808664 1556468 51
1253157 2131857 45
30808667 5016693 60
30808668 173498 24
30808669 173501 15
1556217 173501 56
30808670 173501 58
30808673 173501 35
772978 173501 96
30808679 173501 92
30808681 173501 75
30808683 3247861 17
1251968 42184 86
30808685 42184 55
30808687 42184 47
30808690 42184 24
535289 42184 17
30808692 42184 64
30808696 42184 6
1556411 42184 92
773099 42184 100
30808702 30808703 73
30808707 30808703 36
30808710 30808703 68
30808712 30808713 25
30808715 30808716 55
30808720 30808721 30
30808725 30808721 92
30808727 150029 3
30808732 30808733 53
30808739 30808733 17
1252003 1252004 96
30808740 1252004 23
30808745 1252004 64
4000231 1252004 40
1556119 274168 97
1556376 274168 61
274169 274168 87
77280 274168 81
30808747 274168 25
