323944 875975 92
5011730 5011733 20
5012812 5012815 19
4739465 4740705 14
4384610 4441420 68
5026010 5026014 42
4033091 4202297 3
5074474 5074484 72
140781 441199 17
5089902 5089916 16
5187776 5187793 77
700217 1457788 87
5318184 5318197 38
5341754 5341783 86
5384935 5384951 23
1001066 1850091 87
343553 932932 19
223491 691201 55
45148 191211 99
282355 792972 82
5512506 5512517 88
4295612 4378963 28
5515508 5515524 68
269779 772219 44
5564609 5564637 54
135371 424808 67
5662221 5662251 18
2215445 2949333 2
5694074 5694084 5
192493 587317 16
45168 192581 79
5866673 5866717 37
5893800 5893819 78
5898548 5898559 37
5923450 5923487 13
789658 1576242 2
4367175 4428934 60
1353021 2226921 65
6145488 6145502 66
772166 1555059 32
6182536 6182559 62
191117 585381 85
6212797 6212815 76
4275863 4366217 91
6215555 6215575 53
337194 923486 11
120098 385894 21
6270112 6270124 47
326641 886433 14
934887 1761698 82
1846723 2650091 59
2647038 3267409 29
121127 398080 88
84081 289187 30
120115 386837 85
4717582 4719937 95
512971 1209871 100
4734380 4735823 92
2883502 3430124 66
6532896 6532902 80
6536629 6536642 82
3712923 3998834 56
6555421 6555444 64
6574542 6574561 19
6585099 6585114 22
6616443 6616482 12
216797 659746 16
536581 1254770 2
6764293 6764320 88
4538450 4558192 60
6806230 6806245 29
6806303 6806316 17
6834244 6834254 48
790083 1577569 35
702021 1460031 28
6880635 6880671 88
120596 396152 43
6922588 6922596 65
120520 393301 88
2083 22026 81
6941586 6941595 93
6970877 6970885 13
2734527 3324420 16
6979781 6979805 98
1671790 2510692 44
18570 95137 20
7047615 7047653 54
7059701 7059735 75
7073602 7073622 85
7077181 7077212 51
7095071 7095085 55
7107070 7107098 22
319096 860070 44
7111059 7111078 12
7197226 7197244 92
7207425 7207436 39
7267579 7267585 26
7268598 7268618 26
2650500 3269897 7
7294498 7294506 14
7336232 7336254 63
7345531 7345551 59
7187065 7187158 50
7370056 7370062 20
7388528 7388537 25
320738 867621 50
7401198 7401225 76
120182 390071 5
219361 674198 9
120184 390168 64
7533392 7533407 66
7543878 7543892 63
7550949 7550961 84
7564487 7564503 10
7577326 7577349 84
7578291 7578316 92
7618570 7618600 75
936100 1766612 76
140303 438422 59
7642802 7642838 72
7647999 7648027 82
1733672 2567717 90
7662942 7662961 45
4637389 4645445 63
7664186 7664209 17
7722459 7722478 61
120195 390629 46
7019692 7019723 86
7769450 7769474 9
7769933 7769946 59
585668 1316046 34
337398 925907 85
7777651 7777672 7
4255616 4351953 14
3135015 3610560 46
339383 929595 57
7813953 7813966 42
7873333 7873359 78
7906280 7906287 51
7907860 7907873 74
587490 1318796 84
7976256 7976264 5
2148542 2890633 33
8013644 8013657 37
8021363 8021378 19
8042402 8042413 58
8066370 8066385 35
8070777 8070795 20
1593945 2451177 100
8176040 8176054 11
8206032 8206043 6
8219470 8219481 54
8291743 8291758 24
8306469 8306481 96
8354594 8354608 53
8354725 8354744 9
8427617 8427627 15
8453501 8453525 98
8500672 8500692 2
8523401 8523417 88
223534 692997 66
8531130 8531148 98
8539252 8539260 98
8579246 8579264 9
8599799 8599810 42
8645152 8645161 37
8646464 8646477 10
8650313 8650343 2
8665020 8665045 36
7520631 7520669 88
587118 1318593 47
217788 665200 63
8733596 8733611 38
4730933 4732595 95
216816 660355 87
8751539 8751551 20
8767133 8767144 15
6696057 6696088 10
8808643 8808652 32
8832639 8832665 45
8650315 8650356 82
8843635 8843651 4
8846310 8846330 36
8909070 8909086 98
3029024 3535305 28
8992532 8992540 6
9000865 9000879 92
9011327 9011351 50
770250 1553124 7
9093016 9093027 1
9103582 9103599 49
9143144 9143153 61
9148675 9148687 10
9194049 9194075 60
9197822 9197833 29
9220995 9221007 34
9227813 9227827 63
9240776 9240802 32
9314144 9314162 30
9354431 9354438 36
9358008 9358018 44
9402356 9402364 61
9411281 9411304 91
9461327 9461339 88
9479535 9479548 17
3684893 3980307 56
2807517 3377395 69
190379 584241 2
9533831 9533845 99
935100 1765180 31
3288093 3719960 22
9568622 9568631 59
9650866 9650885 42
63678 246465 13
110716 356325 62
9675257 9675271 59
17220 88182 2
661132 1402527 35
381996 991200 72
8297929 8297944 62
444928 1095805 89
162975 513196 6
2827 35989 99
2828 36033 1
9693943 9693953 81
973085 1813475 31
2354080 3051667 41
39472 162049 56
758013 1540387 75
847264 1661390 74
426789 1070979 7
9700148 9700154 66
268760 770941 40
727282 1496855 29
1469111 2338078 91
239507 726966 31
9718787 9718794 72
9719564 9719570 16
1967578 2736381 62
173758 536679 35
112060 367582 87
1565836 2425316 49
277371 784343 59
408863 1045333 41
9754997 9755006 60
9770690 9770707 42
9826687 9826713 100
9841904 9841915 87
807450 1608215 80
302833 830822 65
607665 1344202 47
10002163 10002187 87
10032403 10032415 25
39772 163085 32
3103 39102 2
281889 792175 43
3113139 3593929 71
10221273 10221281 2
438491 1085508 79
691158 1446062 99
2944952 3476317 60
10228868 10228871 31
716558 1475615 67
1838501 2643958 97
1006486 1856752 33
10239206 10239209 87
1701930 2533237 23
2033343 2795326 40
10278356 10278377 78
10286409 10286422 53
4733717 4735210 75
10288984 10288996 33
10288984 10288997 11
10289963 10289974 22
1607297 2457314 30
10299179 10299187 70
10299459 10299477 45
10347929 10347944 8
10350302 10350320 37
10367353 10367372 57
10372494 10372499 81
10387165 10387179 38
10387299 10387310 39
10389663 10389670 2
10390070 10390082 94
10393502 10393508 40
10398012 10398025 93
10399891 10399901 7
10400426 10400441 71
10415762 10415772 57
7990769 7990814 2
10389445 10389479 85
10434372 10434387 80
1001067 1850107 18
10459316 10459322 59
1827512 2636385 8
691161 1446083 55
10483391 10483398 35
10506422 10506428 92
5866676 5866731 12
10663562 10663573 70
10668018 10668025 23
10668511 10668522 68
10669749 10669757 7
10672133 10672137 31
2734548 3324668 19
10679016 10679024 46
10682915 10682921 26
2944940 3476278 41
2405351 3094518 19
10699467 10699476 84
789665 1576503 66
5016658 5016678 43
2226896 2957231 11
1006537 1856863 8
10750322 10750332 14
10771171 10771178 80
1774367 2589698 61
10779473 10779482 50
1251741 2130320 99
10782240 10782247 66
732291 1503594 83
3846987 4084118 53
10813688 10813696 47
10817548 10817563 43
10834238 10834245 28
10847053 10847065 46
10854252 10854262 63
10860411 10860420 22
10868834 10868843 70
10878907 10878917 24
10895986 10895994 78
10900583 10900592 48
10917884 10917897 19
10948620 10948628 13
10954504 10954510 64
10955175 10955182 67
10976678 10976685 76
10983496 10983501 17
10983534 10983545 34
10983754 10983761 23
10986597 10986605 78
10987976 10987988 79
10993987 10993997 41
10770035 10770052 47
382705 992775 46
10987298 10987351 29
3766654 4029079 3
11012550 11012556 13
935123 1765391 62
11016510 11016516 57
11022090 11022100 93
77351 274595 63
11032809 11032815 84
11039951 11039961 32
11051515 11051521 44
587075 1318551 27
11052253 11052259 11
11055248 11055262 88
11063405 11063412 70
11063453 11063459 25
1006506 1856818 2
11068262 11068269 68
11070772 11070777 63
11079917 11079927 38
11083721 11083734 5
11084432 11084440 64
9461342 9461365 21
382708 992823 9
1565765 2424968 13
2020 21554 37
11114932 11114942 93
11115103 11115111 95
11120342 11120353 60
11132707 11132714 82
11135290 11135297 78
11136486 11136502 89
11138172 11138179 11
11144958 11144964 63
11149485 11149494 54
1565774 2425098 19
11152138 11152148 69
11155312 11155319 90
1416814 2290153 31
11157086 11157093 25
11161162 11161167 54
1856719 2657625 92
11175376 11175383 51
11176792 11176801 84
11183107 11183116 79
11183173 11183180 28
11188740 11188749 34
11199183 11199192 31
3724897 4005513 21
11202315 11202329 73
11203133 11203140 11
11216561 11216567 55
11217755 11217771 25
11219087 11219098 93
11219300 11219311 78
11228696 11228717 26
11231684 11231691 50
11236446 11236456 15
11236458 11236464 56
2657571 3275127 1
11236503 11236511 36
11236531 11236542 76
11236830 11236837 41
1856960 2657879 41
11237071 11237077 19
11237429 11237437 30
11237502 11237510 84
11237512 11237517 98
11237536 11237540 3
11237541 11237549 69
11237551 11237559 79
11243807 11243821 78
11246813 11246818 29
120632 397512 53
11258462 11258474 49
11259953 11259959 43
11265467 11265472 75
11269489 11269497 12
11273796 11273805 55
11277518 11277525 75
11278048 11278058 57
3295771 3724917 42
11278061 11278068 16
2734555 3324743 92
11287444 11287448 85
11289272 11289276 83
11291437 11291445 60
11292788 11292794 79
986179 1832926 28
11300373 11300382 5
11301130 11301145 25
11303549 11303555 62
11304395 11304406 64
11305569 11305578 15
2008136 2775106 71
6629557 6629587 100
2361578 3057896 37
2734642 3325103 23
11326259 11326267 47
11344552 11344562 95
11347050 11347059 34
3846982 4084112 96
11348400 11348409 17
1856831 2657724 32
11363336 11363343 29
2762125 3349415 56
11366150 11366155 90
11366209 11366221 90
11368317 11368330 93
11369354 11369364 17
11372405 11372422 82
11380081 11380094 14
2923952 3462311 37
11382030 11382041 94
11382941 11382950 26
11388908 11388917 76
2944931 3476238 33
2058712 2818105 41
11395394 11395404 36
11397708 11397719 4
11404177 11404191 74
3275062 3712826 1
4738052 4739464 25
11409449 11409456 75
11417004 11417021 68
11417990 11418000 77
11418998 11419005 14
11426480 11426489 19
2405548 3094831 59
11428817 11428821 22
11437455 11437461 4
11448880 11448889 21
11449967 11449973 11
337386 925510 67
11457067 11457077 59
11458568 11458578 50
11459980 11459991 37
8354825 8354858 1
11472672 11472679 75
2477890 3152051 35
11477737 11477745 60
11481781 11481789 60
11489606 11489613 78
11490220 11490229 8
11492086 11492096 48
11496104 11496112 62
11501294 11501306 88
11501788 11501793 76
11511221 11511233 29
11512693 11512703 20
11514680 11514686 49
11522627 11522638 6
2367440 3061637 10
11525903 11525912 32
11528736 11528745 41
11532014 11532025 63
11532165 11532176 91
11535597 11535603 12
11547839 11547845 65
11551105 11551112 67
11553458 11553466 14
3476247 3846973 94
11558461 11558469 62
11564737 11564743 30
11568811 11568829 7
1446041 2315041 37
11574625 11574631 83
11581639 11581654 20
11583275 11583281 64
11584213 11584218 86
137063 428901 64
11595044 11595052 16
11596233 11596239 48
11597757 11597765 18
11605099 11605104 8
11608622 11608632 8
11611585 11611595 65
11615000 11615012 67
11616233 11616243 9
11620313 11620319 6
11625382 11625386 100
11627937 11627943 54
11629678 11629694 85
11630405 11630415 25
11633637 11633652 11
11639175 11639183 91
11639529 11639535 94
1097348 1964369 20
11643217 11643223 36
2082736 2837118 40
11653550 11653570 80
11653719 11653725 72
408540 1045045 97
2129884 2877305 53
3255726 3698339 47
11802233 11802240 97
11882245 11882271 97
132547 419857 73
2923972 3462372 31
120048 383511 89
11995237 11995243 52
318788 857890 96
12294672 12294676 55
10362869 10362883 92
12558262 12558265 53
12620507 12620515 56
12819991 12820003 70
12843628 12843645 76
12880062 12880069 27
4612262 4622156 40
13154750 13154758 68
116426 374922 10
173419 535168 34
259942 754775 34
190827 585033 60
84724 290836 24
5621019 5621047 16
13262716 13262726 29
10387168 10387201 41
4967218 4967281 95
2394389 3087174 22
8385322 8385355 77
1672230 2510820 20
2316 23068 50
3119647 3598621 64
21966 120777 18
200363 600334 53
123138 404036 46
281383 789714 31
13321975 13321991 98
62416 243984 35
779709 1565973 75
459425 1122034 87
1591842 2448724 36
465799 1132199 24
1006487 1856770 92
530418 1240907 39
292952 811760 51
1281489 2158895 32
993160 1838646 10
1935395 2710573 43
3476283 3847021 11
2885950 3431620 29
2723737 3315480 68
2208696 2944983 54
13432935 10483398 100
13443839 13443846 27
4631166 4639640 13
322978 874359 35
807456 1608351 70
823697 1631954 77
429562 1073631 17
326610 885536 3
2697970 3295730 22
2315043 3023517 82
13484727 13484740 20
4213464 4324763 31
1503607 2367397 27
2657618 3275175 86
3023554 3532570 24
2657747 3275224 92
397754 1006470 34
536875 1255757 88
87725 298933 14
13525670 13525692 19
13554825 13554830 17
13554840 13554846 49
13555329 13555334 39
13674012 13674015 88
13675306 13675312 66
13688804 13688809 54
13689430 13689436 97
13728425 13728430 53
13772952 13772958 8
3057933 3554127 32
691164 1446087 44
14209562 14209565 98
14243256 14243260 26
14251019 14251023 85
9558051 9558059 88
14294101 14294106 85
14300201 14300206 9
1100896 1971474 86
111910 367267 7
379966 986211 41
3086323 3574052 60
2315044 3023527 34
13554842 13554852 44
2657651 3275191 15
587406 1318748 60
14340276 14340281 88
3023520 3532499 74
1631943 2477888 27
14407539 14407542 23
14407629 14407632 52
161900 510884 30
14492086 14492089 77
14542162 14542168 56
14543105 14543112 34
14559896 14559899 47
14564474 14564482 52
14573746 14573749 66
14573946 14573949 59
2734566 3324838 52
14573950 14573957 99
14573958 14573969 69
2529104 3188293 91
14573970 14573974 15
14573975 14573981 73
14573983 14573991 33
14588391 14588397 6
14610015 14610019 51
14648355 14648361 25
14652436 14652439 28
14652521 14652528 64
1538144 2397164 57
14657656 14657659 26
823698 1631968 95
779698 1565967 72
14637260 14637281 15
14762431 14762441 10
1072685 1934475 72
14766524 14766530 42
36369 143359 62
14818052 14818058 27
14821881 14821884 77
14843137 14843141 87
14882540 14882548 70
274298 779441 93
87636 298019 77
2657748 3275241 98
14412910 14412923 83
4125760 4267552 22
10274056 10274067 13
217093 661210 2
3023555 3532582 17
15157871 15157875 66
15288737 15288745 32
428890 1072810 53
823699 1631987 36
925470 1733501 48
15484942 15484949 74
15616513 15616518 70
885142 1701240 19
11079921 11079930 66
15675979 15675987 11
15676031 15676035 10
15676088 15676093 13
15676707 15676712 81
15677482 15677487 44
3540164 3888797 59
15683295 15683304 13
607668 1344233 15
12069755 12069800 11
15685316 15685324 47
585007 1314607 43
585008 1314613 70
2753653 3344347 34
823700 1631999 22
15690927 15690931 24
14469001 14469011 71
8561165 8561199 4
15692068 15692073 39
93586 318609 14
823701 1632013 33
823702 1632029 27
15695829 15695833 33
15697685 15697690 40
823703 1632038 100
6515801 6515820 85
15698521 15698524 56
823704 1632049 23
15208049 15208060 42
15724510 15724514 13
15725730 15725734 21
15727890 15727894 22
3462359 3835062 20
879229 1695464 51
274581 779695 17
1457764 2328655 73
3144996 3619673 49
8650349 8650366 43
5008891 5008902 65
7016200 7016220 20
13688806 13688815 12
243968 732308 42
585386 1315144 47
3135352 3610671 48
1006473 1856733 83
397755 1006483 6
1006488 1856787 18
397756 1006502 91
1856961 2657894 65
9074071 9074092 59
15736722 15736728 76
2810981 3379694 8
21610534 21610541 88
11220048 11220057 75
11552498 11552510 29
21722586 21722589 31
21763978 21763984 99
21815973 21815977 6
21819746 21819751 90
21832355 21832358 38
21841930 21841934 34
22028477 22028482 44
22480964 22480976 46
24338813 24338816 5
24351598 24351600 45
24353139 24353141 72
24392612 24392616 35
24425678 24425680 59
25573487 25573497 78
732293 1503604 65
1006538 1856873 99
2923936 3462267 90
2657967 3275392 81
1006574 1856969 51
3766664 4029116 21
388410 999336 57
3295732 3724891 65
388411 999350 96
3766655 4029091 35
397757 1006516 46
2657683 3275201 89
732294 1503619 36
120741 397775 49
1006460 1856696 92
1856777 2657678 12
2657548 3275072 15
3349459 3762313 57
1856722 2657648 93
2367419 3061608 44
371016 971029 24
11039956 11039972 72
1856832 2657735 36
2657549 3275080 37
1503637 2367464 42
3834993 4076345 68
3462343 3835034 47
3275064 3712834 26
3724865 4005498 70
2367389 3061564 99
1943807 2717231 70
1006588 1857009 32
2923953 3462318 27
1006589 1857020 70
1006508 1856828 54
397759 1006533 96
2367429 3061628 22
1856711 2657597 57
1856699 2657556 50
3061568 3556418 11
1006590 1857036 9
28177021 28177029 3
2367408 3061598 67
3724827 4005477 44
1006575 1856986 95
21548 119535 71
1503648 2367485 53
3061644 3556466 95
2944941 3476290 77
1857003 2657953 78
3738342 4012530 44
397760 1006546 25
732295 1503634 5
274617 779705 56
1856700 2657567 13
1006491 1856796 2
1856712 2657608 53
1857025 2657963 100
397761 1006556 9
2567690 3207440 23
2657919 3275344 62
3061612 3556448 10
3349417 3762287 43
386683 997903 90
77361 274610 18
11305572 11305579 56
28194531 28194533 22
28194536 28194538 81
77363 274614 99
28194542 28194544 87
10286413 10286425 40
28224259 28224265 98
2320533 3025521 94
28361325 28361329 10
11393752 11393760 1
28378763 28378764 41
14505202 14505209 65
191145 585452 29
28415939 28415943 100
28491349 28491351 70
28531984 28531986 30
28554252 28554253 68
28556893 28556895 52
28556923 28556925 40
28557721 28557724 93
28560259 28560260 81
28560292 28560293 54
1251742 2130322 85
28563968 28563969 84
28568956 28568957 100
2928182 3464320 99
28593373 28593375 64
3476253 3846985 67
28617961 28617963 61
1246606 2125784 91
14573986 14573993 86
8007020 8007064 50
28888315 28888324 73
28934900 28934903 80
28979127 28979130 64
29029701 29029705 12
1525826 2384159 31
29039289 29039290 86
29045985 29045994 30
3305035 3730067 49
3885629 4108889 31
1503624 2367427 90
1006521 1856844 21
1856778 2657691 57
1857027 2657978 88
2697980 3295755 56
1991364 2762136 35
2208685 2944938 76
2944933 3476252 34
3295685 3724817 4
397765 1006572 88
2697972 3295740 77
2923945 3462302 97
1006564 1856950 68
2657920 3275353 6
11122380 11122388 98
2657932 3275374 59
2697936 3295684 39
397766 1006586 78
2367458 3061648 36
3023511 3532487 96
2186385 2923942 61
2186386 2923951 40
3476293 3847031 9
1006522 1856852 55
2923937 3462279 60
3275302 3712916 40
3023544 3532545 66
1006476 1856744 1
2923983 3462387 74
2657591 3275134 37
3532574 3883883 19
2657560 3275100 56
3023530 3532520 39
1503626 2367438 58
3357723 3766652 14
2944942 3476299 56
1503627 2367447 81
3295721 3724863 43
3357724 3766661 23
1856723 2657658 45
3295678 3724804 18
1503597 2367386 73
3476254 3846996 39
1006461 1856708 5
3295686 3724826 74
3295734 3724904 81
3349438 3762300 87
3061603 3556430 83
3061613 3556459 74
2657900 3275321 31
2315045 3023541 47
1503639 2367472 11
29603895 29603898 76
3357725 3766668 85
1006578 1857000 17
2923954 3462328 60
2367421 3061619 80
2657551 3275091 13
1503609 2367406 58
1856791 2657699 38
397768 1006597 93
1006463 1856718 92
2944954 3476326 22
2425089 3110141 83
3315473 3738340 24
2186387 2923961 70
1856724 2657666 64
3349280 3762205 6
1503628 2367455 47
3275415 3712964 39
3315474 3738349 77
1503610 2367414 55
2944934 3476262 34
2367380 3061554 97
1856993 2657929 21
2944978 3476344 79
2923938 3462286 61
3532514 3883835 76
2186388 2923970 37
3275304 3712929 61
2762140 3349465 49
600318 1336891 38
1006565 1856959 33
2315046 3023552 48
2186389 2923981 30
3479078 3848526 37
3476257 3847011 100
2762128 3349422 40
1856702 2657579 13
9983336 9983347 84
2343733 3042107 13
1315134 2186397 93
1856963 2657909 8
1336885 2208694 42
2762129 3349429 35
732299 1503646 48
3476327 3847051 1
2697937 3295692 70
2367460 3061654 39
30029079 30029084 62
1857028 2657985 14
3462322 3834998 44
1921174 2697987 54
1856834 2657745 5
3295688 3724833 57
3846988 4084125 12
3462297 3834990 96
1446046 2315054 17
3295722 3724870 69
2762130 3349435 92
2186391 2923988 18
264919 763730 34
3295669 3724796 98
3724857 4005488 17
1336886 2208703 80
2923964 3462347 65
2762131 3349442 96
2208687 2944950 75
1856994 2657940 27
30137356 30137360 90
2762132 3349449 67
2657970 3275424 44
3042101 3544566 7
3275305 3712936 2
1921176 2697997 38
1857030 2657992 54
2208688 2944962 63
732300 1503656 69
2923965 3462356 15
2367391 3061576 60
3275306 3712943 72
2923956 3462337 5
2697991 3295776 69
2657922 3275359 59
3023546 3532555 93
3349424 3762295 54
2657934 3275380 21
1991365 2762145 41
2775092 3357732 73
2657872 3275313 18
2186392 2923995 16
2944956 3476334 58
3462333 3835028 82
2315048 3023560 28
1856835 2657755 52
3023532 3532528 49
3462283 3834982 6
192526 587480 49
5631276 5631292 76
900873 1711123 91
28360174 28360177 89
30370737 30370738 37
1318780 2190019 98
9162055 9162060 96
7427254 7427260 10
823705 1632055 81
1952985 2724873 39
823706 1632062 40
2186208 2923856 10
10993990 10994000 25
191151 585468 26
192529 587496 65
3616370 3939861 31
14677587 14677594 25
30419432 30419433 23
30754460 30754465 74
15616515 15616520 77
30776670 30776671 20
30782254 30782255 4
30786150 30786154 24
535145 1251750 84
30735243 30735252 31
30811833 30811836 23
30863993 30863997 11
2367392 3061583 25
1185179 2058706 42
2796497 3370719 54
30882076 30882078 71
30882080 30882081 75
30884023 30884027 26
28935513 28935531 7
31091770 31091773 51
31102930 31102933 73
2172997 2913284 34
31167241 31167243 42
13418231 13418234 75
31767207 31767210 9
10668003 10668016 59
11088911 11088919 40
31767942 31767945 41
2335667 3036540 1
191159 585477 8
4652623 4659401 68
5866690 5866733 22
6634390 6634404 48
4202925 4318120 10
31925236 31925239 42
31948420 31948426 63
32001371 32001375 77
32202960 32202965 55
32551368 32551370 13
32551733 32551735 24
32556371 32556374 92
32557352 32557359 31
32559126 32559132 31
32559222 32559225 76
32690961 32690964 37
28409374 28409383 37
32796418 32796422 18
32808325 32808327 45
298912 823717 75
32815434 32815435 38
1207898 2084353 25
2928244 3464342 47
30879320 30879324 9
30774374 30774376 31
17315 89326 29
89321 305307 36
32126563 32126571 66
32958258 32958262 43
32974451 32974452 87
33109744 33109745 87
10944334 10944356 47
33173379 33173380 46
9182 67674 27
33251288 33251291 90
10081628 10081636 69
443185 1092399 56
12258514 12258525 54
33468485 33468487 70
33874139 33874140 17
34223786 34223788 90
34232130 34232131 30
960449 1797287 41
34240551 34240553 22
34262728 34262731 14
29355338 29355342 43
34291473 34291476 20
3532550 3883849 61
269 2027 74
34455944 34455947 24
34476178 34476179 44
34669247 34669248 25
196902 592094 8
1058472 1920232 64
762243 1545308 51
28557663 28557667 33
1318847 2190042 75
14265903 14265911 15
592922 1327576 46
1460022 2330195 98
15733601 15733608 63
10277627 10277634 13
34777270 34777272 93
5180990 5180996 76
34873583 34873585 100
34895375 34895379 72
35006670 35006672 83
823707 1632068 35
823708 1632075 93
7744350 7744356 19
35017888 35017890 5
35043602 35043604 72
35044182 35044187 35
35044473 35044475 10
35044509 35044512 41
3094669 3580715 73
35046460 35046462 5
35046512 35046514 27
35046719 35046721 2
35047856 35047859 72
35051938 35051940 56
35061907 35061913 10
35066724 35066726 10
35068007 35068009 22
35075542 35075544 29
35075977 35075980 49
35076159 35076161 41
32737064 32737072 31
35084038 35084041 84
35091271 35091277 36
35093862 35093864 37
35102496 35102498 55
35385605 35385607 1
34048771 32001375 58
35537134 35537136 46
35571637 35571638 98
33774826 33774827 17
35725576 35725579 100
35816051 35816054 31
36283711 36283712 44
36294108 36294110 75
36318624 36318626 11
36339058 36339059 5
28849945 28849965 96
35537504 35537529 93
36426025 36426029 45
36433377 36433378 60
36442860 36442862 46
15943230 15943236 94
36461598 36461601 95
36485479 36485480 33
36486180 36486183 51
1608197 2458132 97
4412917 4460845 75
36707949 36707950 63
584232 1311966 90
36758954 36758955 90
36758957 36758958 51
36758960 36758962 31
36758963 36758964 40
37088117 37088119 100
14412911 14412925 21
37465847 37465849 49
37698039 37698040 74
37699158 37699159 43
37853044 37853045 48
37857087 37857089 88
823709 1632082 27
38005210 38005213 43
823710 1632089 64
35537514 35537534 47
823711 1632096 87
35537515 35537539 92
8176048 8176061 47
38005219 38005222 50
38005224 38005229 69
38005232 38005235 98
35537516 35537543 66
38005237 38005240 99
823712 1632101 94
28520667 28520673 77
15202834 15202859 19
35537517 35537547 66
38005251 38005253 77
38005255 38005258 6
28311904 28311910 59
28533713 28533725 15
35537519 35537553 61
35537520 35537557 28
35537494 35537507 39
35537521 35537560 37
38005267 38005269 55
35537522 35537565 10
35537523 35537569 91
38006747 38006749 61
38006830 38006832 65
38006834 38006836 56
38006860 38006863 61
823713 1632107 34
38071377 38071379 83
38261414 38261418 30
38266362 38266365 78
38268818 38268821 91
38380354 38380358 99
38660246 38660247 65
38755270 38755273 63
33550996 33550998 71
39463000 39463003 22
39463006 39463009 79
39463026 39463028 6
39501674 39501676 15
39504330 39504332 97
39517414 39517417 13
39525127 39525133 50
39525559 39525561 6
39527696 39527698 63
716564 1475621 68
40047487 40047489 56
40047766 40047767 9
40111068 40111069 21
40150895 40150896 78
40150936 40150937 54
40150943 40150944 23
40150953 40150954 43
11561566 11561571 18
40186208 40186210 36
40186537 40186538 61
40189826 40189829 46
40217477 40217479 97
40602482 40602483 74
40624810 40624811 62
192409 587190 45
40721118 40721121 8
33173338 33173345 28
41208482 41208486 50
32991589 32991595 94
41213731 41213734 72
41220357 41220359 43
41223967 41223970 53
41229110 41229112 35
41250412 41250415 68
41251941 41251943 59
35537525 35537572 71
41262338 41262341 7
28311905 28311915 58
28311905 28311916 34
35537526 35537576 52
35537527 35537580 60
41736810 41736811 37
10928418 10928423 7
36724547 36724548 77
41974152 41974153 8
41999468 41999469 48
42110906 42110908 5
31160858 31160861 21
42118704 42118705 81
24379729 24379731 59
42155907 42155909 42
42184533 42184534 91
43233167 43233169 55
43309091 43309093 84
43445145 43445146 53
43534673 43534674 37
12896161 12896174 54
43701002 43701003 61
8806713 8806722 28
43759438 43759439 29
43799511 43799512 92
45145634 45145636 59
45154816 45154818 99
45155821 45155823 88
45164681 45164683 10
11234938 11234943 67
45167870 45167873 74
45172651 45172653 26
45181604 45181606 65
885868 1701495 17
45191316 45191318 17
45196294 45196297 1
45198061 45198063 37
45202859 45202861 35
45204368 45204370 69
30493691 30493693 90
45215912 45215914 91
30494979 30494982 55
45581222 45581224 60
45774603 45774604 93
2659691 3276414 80
45881982 45881983 36
45896793 45896795 86
45902027 45902029 36
46348837 46348838 4
47879563 47879565 23
48113219 48113220 50
48125436 48125437 66
48131407 48131408 22
48137645 48137646 46
48137647 48137648 8
48137650 48137651 76
48137652 48137653 51
48137654 48137655 4
48137656 1555059 90
48137657 48137658 78
48137659 48137660 38
48137661 48137662 48
48137663 48137664 16
48137665 48137666 32
48137667 48137668 7
48137669 48137670 47
48137671 48137672 30
48137673 48137674 24
48137675 48137676 26
48137677 48137678 95
48137680 48137681 22
48137682 48137683 50
48137684 48137685 55
48137686 48137687 11
48137688 48137689 46
48137690 48137691 6
48137692 48137693 90
48137694 48137695 94
48137697 48137698 48
48137700 48137701 31
48137702 48137703 34
48137704 48137705 83
48137707 48137708 66
48137710 48137711 53
48137712 48137713 72
48137714 48137715 53
48137716 48137717 29
48137718 48137719 85
6191456 6191458 60
28388430 28388432 51
48137720 48137721 60
48137722 48137723 76
48137724 48137725 51
48137726 48137727 60
48137728 48137729 41
48137730 48137731 29
48137733 48137734 2
48137735 48137736 92
48137737 48137738 87
48137740 48137741 20
48137742 48137743 44
48137744 48137745 92
48137746 48137747 79
48137748 48137749 77
48137750 48137751 3
48137753 48137754 46
48137755 48137756 73
48137759 48137760 19
48137761 48137762 18
48137763 48137764 43
48137765 48137766 58
48137768 48137769 90
48137770 48137771 2
48137772 48137773 54
48137775 48137776 64
48137777 48137778 70
48137779 48137780 71
48137781 48137782 40
48137783 48137784 49
48137785 48137786 76
48137787 48137788 60
48137789 48137790 3
48137791 48137792 76
48137793 48137794 91
48137795 48137796 17
48137797 48137798 33
48137799 48137800 94
48137801 48137802 94
48137803 48137804 87
48137805 48137806 82
48137807 48137808 55
48137809 48137810 86
48137811 48137812 15
48137813 48137814 79
48137815 48137816 100
48137817 48137818 51
48137819 48137820 4
48137821 48137822 31
48137823 48137824 70
48137825 48137826 50
48137827 48137828 88
48137829 48137830 44
48137831 48137832 9
48137833 48137834 39
48137836 48137837 46
48137838 48137839 52
48137840 48137841 37
48137842 48137843 23
48137844 48137845 96
48137846 48137847 64
48137849 48137850 13
48137852 48137853 23
48137855 48137856 54
48137859 48137860 29
48137861 48137862 27
48137863 48137864 48
48137865 48137866 90
48137867 48137868 43
48137869 48137870 13
48137871 48137872 78
48137873 48137874 92
48137876 48137877 48
48137878 48137879 95
48137880 48137881 33
48137882 48137883 50
48137884 48137885 34
48137886 48137887 99
48137888 48137889 62
48137890 48137891 46
48137892 48137893 60
48137894 48137895 91
48137896 48137897 7
48137898 48137899 96
48137901 48137902 78
48137903 48137904 97
48137905 48137906 80
48137907 48137908 29
48137909 48137910 98
48137911 48137912 2
48137913 48137914 79
1348146 2223017 17
48137916 48137917 37
48137918 48137919 87
48137920 48137921 87
