4976222 4976229 5
4976222 4976230 48
4976222 4976231 81
4976222 4976232 1
4976222 4976233 23
4976222 4976234 48
4976222 4976235 10
4976222 4976236 28
4975425 4975426 53
4975425 4975451 47
4975425 4975452 2
4975437 4975414 20
4975437 4975445 1
4975437 4975446 98
4975426 4975425 60
4975426 4975451 75
4975426 4975452 48
4975414 4975437 65
4975414 4975445 70
4975414 4975446 25
48131417 48131419 15
48131419 48131417 37
48131443 48131445 3
48131443 48131446 65
48131443 48131447 53
48131445 48131443 58
48131445 48131446 50
48131445 48131447 50
48131446 48131443 80
48131446 48131445 61
48131446 48131447 95
48131447 48131443 26
48131447 48131445 26
48131447 48131446 27
48131449 48131451 20
48131449 48131452 69
48131451 48131449 85
48131451 48131452 84
48131452 48131449 98
48131452 48131451 18
48131458 48131459 5
48131458 48131460 82
48131458 48131461 62
48131458 48131462 26
48131459 48131458 70
48131459 48131460 25
48131459 48131461 31
48131459 48131462 96
48131460 48131458 89
48131460 48131459 2
48131460 48131461 28
48131460 48131462 1
48131461 48131458 49
48131461 48131459 46
48131461 48131460 82
48131461 48131462 14
48131462 48131458 17
48131462 48131459 32
48131462 48131460 8
48131462 48131461 48
48131464 48131466 10
48131464 48131467 11
48131464 48131468 57
48131466 48131464 46
48131466 48131467 85
48131466 48131468 69
48131467 48131464 90
48131467 48131466 44
48131467 48131468 6
48131468 48131464 6
48131468 48131466 75
48131468 48131467 76
48131471 48131473 7
48131471 48131474 98
48131473 48131471 54
48131473 48131474 11
48131474 48131471 73
48131474 48131473 68
48131486 48131488 72
48131488 48131486 82
48131496 48131498 44
48131496 48131499 60
48131496 48131500 95
48131498 48131496 31
48131498 48131499 3
48131498 48131500 9
48131499 48131496 90
48131499 48131498 69
48131499 48131500 43
48131500 48131496 89
48131500 48131498 90
48131500 48131499 93
48131505 48131507 85
48131505 48131508 78
48131505 48131509 82
48131507 48131505 27
48131507 48131508 91
48131507 48131509 30
48131508 48131505 36
48131508 48131507 31
48131508 48131509 17
48131509 48131505 3
48131509 48131507 98
48131509 48131508 63
48131532 48131533 61
48131532 48131534 69
48131533 48131532 8
48131533 48131534 17
48131534 48131532 25
48131534 48131533 93
48131535 48131537 84
48131535 48131538 99
48131537 48131535 82
48131537 48131538 62
48131538 48131535 24
48131538 48131537 46
48131544 48131546 37
48131544 48131547 37
48131546 48131544 49
48131546 48131547 75
48131547 48131544 79
48131547 48131546 32
48131560 48131561 15
48131560 48131562 17
48131561 48131560 55
48131561 48131562 98
48131562 48131560 64
48131562 48131561 86
48131567 48131568 96
48131568 48131567 80
48131572 48131573 55
48131572 48131574 55
48131572 48131575 62
48131573 48131572 56
48131573 48131574 33
48131573 48131575 19
48131574 48131572 10
48131574 48131573 44
48131574 48131575 12
48131575 48131572 23
48131575 48131573 71
48131575 48131574 2
48131593 48131594 17
48131593 48131595 84
48131594 48131593 61
48131594 48131595 51
48131595 48131593 82
48131595 48131594 63
48131609 48131610 3
48131609 48131611 26
48131609 48131612 26
48131609 48131613 74
48131609 48131614 26
48131609 48131615 93
48131610 48131609 70
48131610 48131611 98
48131610 48131612 32
48131610 48131613 66
48131610 48131614 58
48131610 48131615 30
48131611 48131609 61
48131611 48131610 64
48131611 48131612 23
48131611 48131613 99
48131611 48131614 84
48131611 48131615 34
48131612 48131609 84
48131612 48131610 24
48131612 48131611 95
48131612 48131613 36
48131612 48131614 75
48131612 48131615 8
48131613 48131609 78
48131613 48131610 60
48131613 48131611 9
48131613 48131612 56
48131613 48131614 39
48131613 48131615 84
48131614 48131609 90
48131614 48131610 30
48131614 48131611 14
48131614 48131612 61
48131614 48131613 68
48131614 48131615 46
48131615 48131609 46
48131615 48131610 49
48131615 48131611 30
48131615 48131612 95
48131615 48131613 87
48131615 48131614 90
48131638 48131639 14
48131638 48131640 15
48131638 48131641 79
48131638 48131642 73
48131639 48131638 10
48131639 48131640 76
48131639 48131641 11
48131639 48131642 10
48131640 48131638 14
48131640 48131639 43
48131640 48131641 25
48131640 48131642 19
48131641 48131638 63
48131641 48131639 21
48131641 48131640 92
48131641 48131642 2
48131642 48131638 13
48131642 48131639 22
48131642 48131640 97
48131642 48131641 60
48131653 48131654 79
48131653 48131655 71
48131654 48131653 100
48131654 48131655 53
48131655 48131653 53
48131655 48131654 31
48131663 48131664 99
48131664 48131663 34
48131673 48131675 60
48131675 48131673 34
48131681 48131683 50
48131681 48131684 84
48131681 48131685 14
48131683 48131681 48
48131683 48131684 28
48131683 48131685 88
48131684 48131681 33
48131684 48131683 90
48131684 48131685 29
48131685 48131681 42
48131685 48131683 94
48131685 48131684 53
48131690 48131692 84
48131690 48131693 27
48131692 48131690 62
48131692 48131693 94
48131693 48131690 11
48131693 48131692 16
48131696 48131698 49
48131696 48131699 18
48131696 48131700 5
48131696 48131701 53
48131696 48131702 47
48131698 48131696 10
48131698 48131699 93
48131698 48131700 14
48131698 48131701 31
48131698 48131702 6
48131699 48131696 78
48131699 48131698 23
48131699 48131700 92
48131699 48131701 63
48131699 48131702 44
48131700 48131696 74
48131700 48131698 75
48131700 48131699 81
48131700 48131701 14
48131700 48131702 46
48131701 48131696 86
48131701 48131698 89
48131701 48131699 96
48131701 48131700 68
48131701 48131702 2
48131702 48131696 40
48131702 48131698 83
48131702 48131699 16
48131702 48131700 19
48131702 48131701 40
48131705 48131707 17
48131707 48131705 58
48131711 48131713 55
48131713 48131711 62
48131750 48131752 85
48131750 48131753 42
48131752 48131750 78
48131752 48131753 43
48131753 48131750 68
48131753 48131752 86
48131756 48131758 10
48131758 48131756 44
48131764 48131766 4
48131766 48131764 79
48131769 48131771 1
48131769 48131772 68
48131769 48131773 49
48131771 48131769 72
48131771 48131772 66
48131771 48131773 62
48131772 48131769 17
48131772 48131771 71
48131772 48131773 94
48131773 48131769 33
48131773 48131771 45
48131773 48131772 23
48131788 48131790 47
48131788 48131791 39
48131788 48131792 82
48131788 48131793 45
48131788 48131794 24
48131790 48131788 52
48131790 48131791 72
48131790 48131792 81
48131790 48131793 58
48131790 48131794 91
48131791 48131788 5
48131791 48131790 15
48131791 48131792 53
48131791 48131793 53
48131791 48131794 77
48131792 48131788 96
48131792 48131790 70
48131792 48131791 89
48131792 48131793 90
48131792 48131794 60
48131793 48131788 51
48131793 48131790 19
48131793 48131791 62
48131793 48131792 11
48131793 48131794 37
48131794 48131788 49
48131794 48131790 75
48131794 48131791 10
48131794 48131792 77
48131794 48131793 34
48131799 48131801 69
48131799 48131802 29
48131801 48131799 98
48131801 48131802 80
48131802 48131799 69
48131802 48131801 42
48131805 48131807 97
48131805 48131808 8
48131807 48131805 93
48131807 48131808 61
48131808 48131805 48
48131808 48131807 5
48131835 48131836 72
48131835 48131837 67
48131836 48131835 70
48131836 48131837 53
48131837 48131835 26
48131837 48131836 65
48131843 48131845 80
48131845 48131843 80
48131851 48131853 20
48131851 48131854 9
48131853 48131851 30
48131853 48131854 7
48131854 48131851 27
48131854 48131853 21
4975445 4975437 50
4975445 4975414 4
4975445 4975446 99
4975446 4975437 12
4975446 4975414 49
4975446 4975445 9
48131891 48131893 5
48131891 48131894 25
48131893 48131891 99
48131893 48131894 47
48131894 48131891 1
48131894 48131893 71
48131897 48131899 88
48131897 48131900 74
48131897 48131901 14
48131897 48131902 13
48131899 48131897 46
48131899 48131900 53
48131899 48131901 20
48131899 48131902 21
48131900 48131897 43
48131900 48131899 2
48131900 48131901 67
48131900 48131902 7
48131901 48131897 44
48131901 48131899 44
48131901 48131900 33
48131901 48131902 43
48131902 48131897 11
48131902 48131899 7
48131902 48131900 45
48131902 48131901 90
48131924 48131926 48
48131924 48131927 67
48131926 48131924 27
48131926 48131927 12
48131927 48131924 88
48131927 48131926 91
4975451 4975425 19
4975451 4975426 45
4975451 4975452 43
4975452 4975425 21
4975452 4975426 22
4975452 4975451 37
48131940 48131942 46
48131940 48131943 81
48131940 48131944 93
48131940 48131945 53
48131940 48131946 71
48131942 48131940 88
48131942 48131943 97
48131942 48131944 37
48131942 48131945 83
48131942 48131946 82
48131943 48131940 20
48131943 48131942 89
48131943 48131944 1
48131943 48131945 4
48131943 48131946 54
48131944 48131940 79
48131944 48131942 90
48131944 48131943 87
48131944 48131945 27
48131944 48131946 94
48131945 48131940 79
48131945 48131942 7
48131945 48131943 85
48131945 48131944 67
48131945 48131946 33
48131946 48131940 15
48131946 48131942 80
48131946 48131943 16
48131946 48131944 40
48131946 48131945 69
48131960 48131962 44
48131960 48131963 48
48131960 48131964 77
48131962 48131960 5
48131962 48131963 54
48131962 48131964 56
48131963 48131960 44
48131963 48131962 2
48131963 48131964 69
48131964 48131960 15
48131964 48131962 77
48131964 48131963 75
48131970 48131971 19
48131970 48131972 6
48131970 48131973 41
48131970 48131974 3
48131971 48131970 80
48131971 48131972 27
48131971 48131973 17
48131971 48131974 96
48131972 48131970 27
48131972 48131971 65
48131972 48131973 16
48131972 48131974 37
48131973 48131970 9
48131973 48131971 67
48131973 48131972 11
48131973 48131974 9
48131974 48131970 24
48131974 48131971 23
48131974 48131972 93
48131974 48131973 63
48131976 48131978 68
48131976 48131979 15
48131978 48131976 63
48131978 48131979 23
48131979 48131976 10
48131979 48131978 98
48131986 48131987 70
48131986 48131988 89
48131986 48131989 31
48131986 48131990 100
48131987 48131986 81
48131987 48131988 100
48131987 48131989 30
48131987 48131990 4
48131988 48131986 39
48131988 48131987 7
48131988 48131989 50
48131988 48131990 72
48131989 48131986 51
48131989 48131987 61
48131989 48131988 92
48131989 48131990 65
48131990 48131986 78
48131990 48131987 4
48131990 48131988 74
48131990 48131989 76
48131998 48132000 81
48131998 48132001 3
48131998 48132002 13
48132000 48131998 87
48132000 48132001 60
48132000 48132002 75
48132001 48131998 83
48132001 48132000 63
48132001 48132002 82
48132002 48131998 10
48132002 48132000 15
48132002 48132001 41
48132017 48132019 1
48132017 48132020 37
48132019 48132017 44
48132019 48132020 43
48132020 48132017 1
48132020 48132019 32
48132032 48132033 11
48132032 48132034 66
48132032 48132035 52
48132032 48132036 3
48132033 48132032 32
48132033 48132034 35
48132033 48132035 90
48132033 48132036 89
48132034 48132032 55
48132034 48132033 52
48132034 48132035 63
48132034 48132036 33
48132035 48132032 19
48132035 48132033 47
48132035 48132034 96
48132035 48132036 65
48132036 48132032 67
48132036 48132033 73
48132036 48132034 83
48132036 48132035 27
48132043 48132045 52
48132043 48132046 72
48132045 48132043 94
48132045 48132046 49
48132046 48132043 42
48132046 48132045 83
48132048 48132050 64
48132050 48132048 94
48132053 48132055 21
48132053 48132056 6
48132053 48132057 30
48132053 48132058 20
48132053 48132059 78
48132053 48132060 10
48132053 48132061 79
48132053 48132062 63
48132055 48132053 26
48132055 48132056 13
48132055 48132057 95
48132055 48132058 60
48132055 48132059 73
48132055 48132060 70
48132055 48132061 73
48132055 48132062 5
48132056 48132053 95
48132056 48132055 36
48132056 48132057 76
48132056 48132058 32
48132056 48132059 11
48132056 48132060 90
48132056 48132061 40
48132056 48132062 23
48132057 48132053 13
48132057 48132055 54
48132057 48132056 98
48132057 48132058 74
48132057 48132059 32
48132057 48132060 16
48132057 48132061 88
48132057 48132062 21
48132058 48132053 71
48132058 48132055 7
48132058 48132056 68
48132058 48132057 63
48132058 48132059 10
48132058 48132060 72
48132058 48132061 30
48132058 48132062 88
48132059 48132053 76
48132059 48132055 84
48132059 48132056 85
48132059 48132057 28
48132059 48132058 59
48132059 48132060 77
48132059 48132061 93
48132059 48132062 49
48132060 48132053 15
48132060 48132055 53
48132060 48132056 73
48132060 48132057 4
48132060 48132058 3
48132060 48132059 55
48132060 48132061 9
48132060 48132062 8
48132061 48132053 19
48132061 48132055 63
48132061 48132056 18
48132061 48132057 98
48132061 48132058 83
48132061 48132059 78
48132061 48132060 30
48132061 48132062 48
48132062 48132053 65
48132062 48132055 99
48132062 48132056 29
48132062 48132057 53
48132062 48132058 64
48132062 48132059 20
48132062 48132060 66
48132062 48132061 60
48132100 48132101 29
48132100 48132102 34
48132100 48132103 92
48132100 48132104 100
48132101 48132100 82
48132101 48132102 34
48132101 48132103 23
48132101 48132104 30
48132102 48132100 22
48132102 48132101 75
48132102 48132103 41
48132102 48132104 43
48132103 48132100 19
48132103 48132101 42
48132103 48132102 8
48132103 48132104 67
48132104 48132100 79
48132104 48132101 84
48132104 48132102 45
48132104 48132103 73
48132111 48132113 58
48132113 48132111 98
48132133 48132134 53
48132133 48132135 3
48132133 48132136 53
48132133 48132137 81
48132133 48132138 45
48132133 48132139 66
48132134 48132133 50
48132134 48132135 5
48132134 48132136 46
48132134 48132137 86
48132134 48132138 76
48132134 48132139 100
48132135 48132133 17
48132135 48132134 5
48132135 48132136 12
48132135 48132137 24
48132135 48132138 24
48132135 48132139 85
48132136 48132133 11
48132136 48132134 35
48132136 48132135 91
48132136 48132137 81
48132136 48132138 50
48132136 48132139 100
48132137 48132133 93
48132137 48132134 80
48132137 48132135 18
48132137 48132136 4
48132137 48132138 86
48132137 48132139 88
48132138 48132133 84
48132138 48132134 7
48132138 48132135 29
48132138 48132136 30
48132138 48132137 77
48132138 48132139 85
48132139 48132133 7
48132139 48132134 93
48132139 48132135 23
48132139 48132136 6
48132139 48132137 46
48132139 48132138 98
48132154 48132155 35
48132154 48132156 81
48132154 48132157 72
48132154 48132158 74
48132154 48132159 66
48132155 48132154 46
48132155 48132156 96
48132155 48132157 81
48132155 48132158 57
48132155 48132159 54
48132156 48132154 82
48132156 48132155 35
48132156 48132157 8
48132156 48132158 29
48132156 48132159 90
48132157 48132154 6
48132157 48132155 56
48132157 48132156 98
48132157 48132158 57
48132157 48132159 54
48132158 48132154 29
48132158 48132155 99
48132158 48132156 97
48132158 48132157 82
48132158 48132159 7
48132159 48132154 78
48132159 48132155 90
48132159 48132156 44
48132159 48132157 57
48132159 48132158 93
48132165 48132167 55
48132165 48132168 88
48132165 48132169 42
48132167 48132165 87
48132167 48132168 67
48132167 48132169 64
48132168 48132165 39
48132168 48132167 68
48132168 48132169 11
48132169 48132165 8
48132169 48132167 91
48132169 48132168 20
48132175 48132176 50
48132175 48132177 50
48132175 48132178 12
48132176 48132175 43
48132176 48132177 50
48132176 48132178 41
48132177 48132175 13
48132177 48132176 54
48132177 48132178 78
48132178 48132175 70
48132178 48132176 76
48132178 48132177 12
48132183 48132184 97
48132183 48132185 96
48132183 48132186 83
48132184 48132183 4
48132184 48132185 72
48132184 48132186 33
48132185 48132183 93
48132185 48132184 18
48132185 48132186 49
48132186 48132183 66
48132186 48132184 90
48132186 48132185 24
48132191 48132193 48
48132193 48132191 59
48132200 48132202 1
48132202 48132200 19
48132214 48132215 25
48132214 48132216 56
48132214 48132217 100
48132214 48132218 11
48132215 48132214 52
48132215 48132216 24
48132215 48132217 18
48132215 48132218 93
48132216 48132214 58
48132216 48132215 98
48132216 48132217 50
48132216 48132218 56
48132217 48132214 38
48132217 48132215 35
48132217 48132216 46
48132217 48132218 18
48132218 48132214 76
48132218 48132215 35
48132218 48132216 14
48132218 48132217 20
48132221 48132223 89
48132223 48132221 37
48132226 48132228 88
48132228 48132226 29
48132232 48132234 33
48132234 48132232 80
48132253 48132254 99
48132253 48132255 80
48132253 48132256 65
48132254 48132253 70
48132254 48132255 64
48132254 48132256 25
48132255 48132253 9
48132255 48132254 89
48132255 48132256 88
48132256 48132253 76
48132256 48132254 1
48132256 48132255 25
48132278 48132279 35
48132278 48132280 85
48132278 48132281 12
48132279 48132278 21
48132279 48132280 22
48132279 48132281 18
48132280 48132278 85
48132280 48132279 44
48132280 48132281 56
48132281 48132278 48
48132281 48132279 95
48132281 48132280 83
48132283 48132285 20
48132285 48132283 56
48132302 48132303 2
48132303 48132302 98
48132325 48132327 97
48132325 48132328 39
48132327 48132325 89
48132327 48132328 89
48132328 48132325 37
48132328 48132327 27
48132335 48132336 24
48132335 48132337 42
48132335 48132338 2
48132336 48132335 58
48132336 48132337 31
48132336 48132338 51
48132337 48132335 74
48132337 48132336 75
48132337 48132338 50
48132338 48132335 70
48132338 48132336 79
48132338 48132337 84
48132342 48132344 58
48132342 48132345 44
48132342 48132346 18
48132342 48132347 53
48132342 48132348 77
48132344 48132342 41
48132344 48132345 50
48132344 48132346 48
48132344 48132347 90
48132344 48132348 49
48132345 48132342 14
48132345 48132344 72
48132345 48132346 90
48132345 48132347 55
48132345 48132348 18
48132346 48132342 81
48132346 48132344 3
48132346 48132345 52
48132346 48132347 24
48132346 48132348 28
48132347 48132342 62
48132347 48132344 71
48132347 48132345 57
48132347 48132346 63
48132347 48132348 54
48132348 48132342 76
48132348 48132344 91
48132348 48132345 29
48132348 48132346 5
48132348 48132347 64
48132354 48132356 25
48132356 48132354 17
48132359 48132361 32
48132359 48132362 88
48132359 48132363 99
48132359 48132364 23
48132359 48132365 30
48132361 48132359 67
48132361 48132362 90
48132361 48132363 18
48132361 48132364 42
48132361 48132365 94
48132362 48132359 33
48132362 48132361 56
48132362 48132363 34
48132362 48132364 58
48132362 48132365 61
48132363 48132359 81
48132363 48132361 13
48132363 48132362 16
48132363 48132364 62
48132363 48132365 85
48132364 48132359 90
48132364 48132361 69
48132364 48132362 80
48132364 48132363 67
48132364 48132365 68
48132365 48132359 5
48132365 48132361 5
48132365 48132362 12
48132365 48132363 22
48132365 48132364 3
48132405 48132406 90
48132405 48132407 16
48132405 48132408 82
48132406 48132405 26
48132406 48132407 20
48132406 48132408 53
48132407 48132405 32
48132407 48132406 15
48132407 48132408 39
48132408 48132405 57
48132408 48132406 97
48132408 48132407 35
48132416 48132418 45
48132416 48132419 91
48132416 48132421 31
48132418 48132416 3
48132418 48132419 79
48132418 48132421 71
48132419 48132416 34
48132419 48132418 99
48132419 48132421 52
48132427 48132428 30
48132427 48132429 37
48132427 48132430 59
48132428 48132427 34
48132428 48132429 56
48132428 48132430 36
48132429 48132427 73
48132429 48132428 7
48132429 48132430 34
48132430 48132427 73
48132430 48132428 54
48132430 48132429 8
48132442 48132443 91
48132442 48132444 40
48132443 48132442 38
48132443 48132444 88
48132444 48132442 66
48132444 48132443 6
48132468 48132470 6
48132470 48132468 40
48132476 48132477 44
48132477 48132476 56
48132482 48132483 76
48132482 48132484 88
48132483 48132482 2
48132483 48132484 48
48132484 48132482 29
48132484 48132483 19
48132487 48132489 90
48132487 48132490 44
48132489 48132487 82
48132489 48132490 2
48132490 48132487 89
48132490 48132489 91
48132495 48132496 46
48132495 48132497 81
48132495 48132498 7
48132496 48132495 19
48132496 48132497 9
48132496 48132498 13
48132497 48132495 74
48132497 48132496 12
48132497 48132498 54
48132498 48132495 98
48132498 48132496 92
48132498 48132497 74
48132502 48132504 66
48132502 48132505 67
48132504 48132502 25
48132504 48132505 21
48132505 48132502 46
48132505 48132504 63
48132508 48132510 37
48132508 48132511 60
48132508 48132512 17
48132510 48132508 87
48132510 48132511 46
48132510 48132512 73
48132511 48132508 19
48132511 48132510 46
48132511 48132512 40
48132512 48132508 75
48132512 48132510 57
48132512 48132511 36
48132518 48132520 34
48132518 48132521 50
48132518 48132522 26
48132520 48132518 25
48132520 48132521 23
48132520 48132522 88
48132521 48132518 49
48132521 48132520 87
48132521 48132522 62
48132522 48132518 99
48132522 48132520 19
48132522 48132521 97
48132530 48132531 51
48132530 48132532 66
48132530 48132533 24
48132531 48132530 78
48132531 48132532 33
48132531 48132533 27
48132532 48132530 81
48132532 48132531 39
48132532 48132533 99
48132533 48132530 23
48132533 48132531 27
48132533 48132532 20
48132536 48132538 47
48132536 48132539 24
48132536 48132540 69
48132536 48132541 69
48132536 48132542 13
48132538 48132536 98
48132538 48132539 32
48132538 48132540 9
48132538 48132541 33
48132538 48132542 9
48132539 48132536 3
48132539 48132538 4
48132539 48132540 42
48132539 48132541 36
48132539 48132542 75
48132540 48132536 56
48132540 48132538 95
48132540 48132539 59
48132540 48132541 61
48132540 48132542 36
48132541 48132536 3
48132541 48132538 65
48132541 48132539 41
48132541 48132540 1
48132541 48132542 47
48132542 48132536 49
48132542 48132538 96
48132542 48132539 4
48132542 48132540 36
48132542 48132541 14
48132562 48132563 89
48132563 48132562 48
4976229 4976222 44
4976229 4976230 2
4976229 4976231 94
4976229 4976232 66
4976229 4976233 92
4976229 4976234 10
4976229 4976235 40
4976229 4976236 45
4976230 4976222 94
4976230 4976229 22
4976230 4976231 5
4976230 4976232 14
4976230 4976233 79
4976230 4976234 39
4976230 4976235 63
4976230 4976236 30
4976231 4976222 54
4976231 4976229 35
4976231 4976230 70
4976231 4976232 52
4976231 4976233 20
4976231 4976234 1
4976231 4976235 28
4976231 4976236 16
4976232 4976222 3
4976232 4976229 2
4976232 4976230 52
4976232 4976231 23
4976232 4976233 46
4976232 4976234 60
4976232 4976235 9
4976232 4976236 9
48132590 48132591 34
4976233 4976222 36
4976233 4976229 59
4976233 4976230 16
4976233 4976231 61
4976233 4976232 3
4976233 4976234 25
4976233 4976235 86
4976233 4976236 8
4976234 4976222 91
4976234 4976229 18
4976234 4976230 8
4976234 4976231 45
4976234 4976232 59
4976234 4976233 27
4976234 4976235 97
4976234 4976236 39
4976235 4976222 83
4976235 4976229 3
4976235 4976230 5
4976235 4976231 98
4976235 4976232 97
4976235 4976233 43
4976235 4976234 8
4976235 4976236 29
4976236 4976222 59
4976236 4976229 58
4976236 4976230 51
4976236 4976231 100
4976236 4976232 91
4976236 4976233 13
4976236 4976234 23
4976236 4976235 78
48132591 48132590 64
48132606 48132608 90
48132606 48132609 100
48132606 48132610 56
48132608 48132606 61
48132608 48132609 63
48132608 48132610 93
48132609 48132606 84
48132609 48132608 87
48132609 48132610 9
48132610 48132606 38
48132610 48132608 95
48132610 48132609 78
48132623 48132624 6
48132623 48132625 1
48132624 48132623 71
48132624 48132625 17
48132625 48132623 22
48132625 48132624 53
48132627 48132629 19
48132627 48132630 90
48132629 48132627 62
48132629 48132630 44
48132630 48132627 22
48132630 48132629 98
48132636 48132637 30
48132637 48132636 4
48132648 48132649 13
48132648 48132650 24
48132648 48132651 79
48132649 48132648 97
48132649 48132650 7
48132649 48132651 23
48132650 48132648 19
48132650 48132649 78
48132650 48132651 88
48132651 48132648 24
48132651 48132649 94
48132651 48132650 60
48132658 48132660 52
48132660 48132658 44
48132664 48132666 24
48132666 48132664 66
48132680 48132681 16
48132680 48132682 71
48132680 48132683 21
48132681 48132680 71
48132681 48132682 44
48132681 48132683 49
48132682 48132680 28
48132682 48132681 25
48132682 48132683 22
48132683 48132680 4
48132683 48132681 79
48132683 48132682 43
48132698 48132700 47
48132698 48132701 83
48132698 48132702 33
48132700 48132698 95
48132700 48132701 5
48132700 48132702 37
48132701 48132698 38
48132701 48132700 78
48132701 48132702 90
48132702 48132698 7
48132702 48132700 88
48132702 48132701 46
48132704 48132706 80
48132704 48132707 38
48132704 48132708 75
48132704 48132709 31
48132704 48132710 77
48132704 48132711 4
48132706 48132704 49
48132706 48132707 47
48132706 48132708 12
48132706 48132709 47
48132706 48132710 67
48132706 48132711 77
48132707 48132704 98
48132707 48132706 98
48132707 48132708 91
48132707 48132709 43
48132707 48132710 35
48132707 48132711 67
48132708 48132704 43
48132708 48132706 64
48132708 48132707 81
48132708 48132709 32
48132708 48132710 21
48132708 48132711 52
48132709 48132704 42
48132709 48132706 88
48132709 48132707 45
48132709 48132708 79
48132709 48132710 67
48132709 48132711 48
48132710 48132704 24
48132710 48132706 47
48132710 48132707 24
48132710 48132708 65
48132710 48132709 27
48132710 48132711 12
48132711 48132704 55
48132711 48132706 6
48132711 48132707 35
48132711 48132708 96
48132711 48132709 54
48132711 48132710 65
48132719 48132721 79
48132719 48132722 87
48132719 48132723 15
48132721 48132719 58
48132721 48132722 54
48132721 48132723 73
48132722 48132719 25
48132722 48132721 32
48132722 48132723 8
48132723 48132719 100
48132723 48132721 94
48132723 48132722 16
48132726 48132728 11
48132728 48132726 51
48132741 48132742 66
48132741 48132743 33
48132742 48132741 22
48132742 48132743 33
48132743 48132741 97
48132743 48132742 97
48132746 48132748 29
48132748 48132746 99
48132755 48132756 90
48132755 48132757 47
48132756 48132755 82
48132756 48132757 73
48132757 48132755 30
48132757 48132756 81
48132766 48132767 29
48132766 48132768 84
48132766 48132769 33
48132767 48132766 81
48132767 48132768 74
48132767 48132769 70
48132768 48132766 90
48132768 48132767 62
48132768 48132769 61
48132769 48132766 41
48132769 48132767 24
48132769 48132768 56
48132421 48132416 26
48132421 48132418 80
48132421 48132419 33
48132773 48132775 77
48132773 48132776 100
48132773 48132777 89
48132775 48132773 51
48132775 48132776 34
48132775 48132777 37
48132776 48132773 66
48132776 48132775 91
48132776 48132777 65
48132777 48132773 78
48132777 48132775 17
48132777 48132776 57
48132785 48132786 90
48132786 48132785 56
48132792 48132793 98
48132792 48132794 16
48132793 48132792 96
48132793 48132794 54
48132794 48132792 40
48132794 48132793 83
48132798 48132800 58
48132798 48132801 13
48132800 48132798 96
48132800 48132801 3
48132801 48132798 97
48132801 48132800 2
48132834 48132835 59
48132834 48132836 27
48132834 48132837 24
48132834 48132838 76
48132835 48132834 48
48132835 48132836 23
48132835 48132837 54
48132835 48132838 31
48132836 48132834 77
48132836 48132835 67
48132836 48132837 59
48132836 48132838 72
48132837 48132834 83
48132837 48132835 63
48132837 48132836 50
48132837 48132838 71
48132838 48132834 64
48132838 48132835 11
48132838 48132836 67
48132838 48132837 3
48132859 48132861 1
48132861 48132859 60
48132871 48132872 24
48132871 48132873 11
48132871 48132874 56
48132871 48132875 24
48132871 48132876 85
48132871 48132877 97
48132871 48132878 99
48132871 48132879 92
48132872 48132871 59
48132872 48132873 59
48132872 48132874 9
48132872 48132875 91
48132872 48132876 62
48132872 48132877 32
48132872 48132878 44
48132872 48132879 36
48132873 48132871 33
48132873 48132872 41
48132873 48132874 54
48132873 48132875 52
48132873 48132876 36
48132873 48132877 72
48132873 48132878 63
48132873 48132879 67
48132874 48132871 52
48132874 48132872 19
48132874 48132873 31
48132874 48132875 17
48132874 48132876 21
48132874 48132877 57
48132874 48132878 51
48132874 48132879 10
48132875 48132871 57
48132875 48132872 22
48132875 48132873 65
48132875 48132874 29
48132875 48132876 16
48132875 48132877 78
48132875 48132878 45
48132875 48132879 72
48132876 48132871 52
48132876 48132872 96
48132876 48132873 14
48132876 48132874 34
48132876 48132875 73
48132876 48132877 31
48132876 48132878 2
48132876 48132879 32
48132877 48132871 64
48132877 48132872 73
48132877 48132873 33
48132877 48132874 71
48132877 48132875 36
48132877 48132876 26
48132877 48132878 45
48132877 48132879 61
48132878 48132871 35
48132878 48132872 92
48132878 48132873 29
48132878 48132874 38
48132878 48132875 73
48132878 48132876 69
48132878 48132877 82
48132878 48132879 90
48132879 48132871 87
48132879 48132872 98
48132879 48132873 44
48132879 48132874 96
48132879 48132875 58
48132879 48132876 85
48132879 48132877 90
48132879 48132878 60
48132890 48132892 25
48132890 48132893 99
48132892 48132890 80
48132892 48132893 51
48132893 48132890 84
48132893 48132892 74
48132903 48132904 2
48132903 48132905 17
48132903 48132906 61
48132904 48132903 78
48132904 48132905 14
48132904 48132906 97
48132905 48132903 97
48132905 48132904 52
48132905 48132906 18
48132906 48132903 29
48132906 48132904 74
48132906 48132905 35
48132909 48132911 77
48132909 48132912 86
48132911 48132909 4
48132911 48132912 78
48132912 48132909 78
48132912 48132911 90
48132921 48132923 93
48132921 48132924 28
48132921 48132925 88
48132921 48132926 8
48132921 48132927 18
48132923 48132921 82
48132923 48132924 54
48132923 48132925 14
48132923 48132926 8
48132923 48132927 79
48132924 48132921 18
48132924 48132923 67
48132924 48132925 59
48132924 48132926 37
48132924 48132927 22
48132925 48132921 68
48132925 48132923 79
48132925 48132924 80
48132925 48132926 48
48132925 48132927 29
48132926 48132921 59
48132926 48132923 100
48132926 48132924 46
48132926 48132925 89
48132926 48132927 16
48132927 48132921 3
48132927 48132923 59
48132927 48132924 60
48132927 48132925 80
48132927 48132926 8
48132956 48132957 53
48132956 48132958 72
48132956 48132959 44
48132957 48132956 4
48132957 48132958 63
48132957 48132959 84
48132958 48132956 27
48132958 48132957 96
48132958 48132959 88
48132959 48132956 21
48132959 48132957 19
48132959 48132958 84
48132964 48132965 15
48132964 48132966 65
48132965 48132964 33
48132965 48132966 54
48132966 48132964 69
48132966 48132965 43
48132969 48132971 22
48132971 48132969 71
48132984 48132985 10
48132984 48132986 23
48132984 48132987 51
48132984 48132988 10
48132985 48132984 42
48132985 48132986 58
48132985 48132987 28
48132985 48132988 73
48132986 48132984 95
48132986 48132985 97
48132986 48132987 96
48132986 48132988 43
48132987 48132984 2
48132987 48132985 37
48132987 48132986 84
48132987 48132988 18
48132988 48132984 58
48132988 48132985 23
48132988 48132986 67
48132988 48132987 39
48133001 48133002 9
48133001 48133003 44
48133001 48133004 78
48133001 48133005 98
48133002 48133001 47
48133002 48133003 82
48133002 48133004 4
48133002 48133005 47
48133003 48133001 92
48133003 48133002 61
48133003 48133004 3
48133003 48133005 89
48133004 48133001 39
48133004 48133002 58
48133004 48133003 36
48133004 48133005 37
48133005 48133001 29
48133005 48133002 84
48133005 48133003 36
48133005 48133004 80
48133030 48133032 14
48133030 48133033 40
48133030 48133034 14
48133030 48133035 2
48133032 48133030 79
48133032 48133033 29
48133032 48133034 50
48133032 48133035 88
48133033 48133030 34
48133033 48133032 71
48133033 48133034 78
48133033 48133035 27
48133034 48133030 21
48133034 48133032 27
48133034 48133033 62
48133034 48133035 69
48133035 48133030 70
48133035 48133032 45
48133035 48133033 92
48133035 48133034 99
48133047 48133048 22
48133047 48133049 37
48133048 48133047 95
48133048 48133049 25
48133049 48133047 61
48133049 48133048 95
48133057 48133058 11
48133057 48133059 70
48133057 48133060 95
48133057 48133061 21
48133057 48133062 66
48133058 48133057 45
48133058 48133059 60
48133058 48133060 93
48133058 48133061 7
48133058 48133062 91
48133059 48133057 45
48133059 48133058 4
48133059 48133060 57
48133059 48133061 100
48133059 48133062 12
48133060 48133057 56
48133060 48133058 83
48133060 48133059 14
48133060 48133061 14
48133060 48133062 3
48133061 48133057 31
48133061 48133058 74
48133061 48133059 37
48133061 48133060 7
48133061 48133062 30
48133062 48133057 82
48133062 48133058 33
48133062 48133059 20
48133062 48133060 38
48133062 48133061 65
48133076 48133077 3
48133076 48133078 51
48133076 48133079 75
48133076 48133080 4
48133077 48133076 12
48133077 48133078 54
48133077 48133079 3
48133077 48133080 14
48133078 48133076 90
48133078 48133077 54
48133078 48133079 87
48133078 48133080 80
48133079 48133076 57
48133079 48133077 66
48133079 48133078 52
48133079 48133080 94
48133080 48133076 6
48133080 48133077 23
48133080 48133078 66
48133080 48133079 31
48133085 48133087 85
48133085 48133088 80
48133085 48133089 34
48133085 48133090 49
48133087 48133085 34
48133087 48133088 70
48133087 48133089 72
48133087 48133090 44
48133088 48133085 24
48133088 48133087 67
48133088 48133089 23
48133088 48133090 54
48133089 48133085 98
48133089 48133087 14
48133089 48133088 9
48133089 48133090 28
48133090 48133085 77
48133090 48133087 63
48133090 48133088 20
48133090 48133089 5
48133102 48133103 76
48133102 48133104 30
48133102 48133105 1
48133103 48133102 78
48133103 48133104 57
48133103 48133105 20
48133104 48133102 16
48133104 48133103 71
48133104 48133105 91
48133105 48133102 62
48133105 48133103 67
48133105 48133104 96
48133119 48133121 32
48133119 48133122 11
48133121 48133119 66
48133121 48133122 20
48133122 48133119 69
48133122 48133121 37
48133125 48133127 23
48133125 48133128 62
48133127 48133125 52
48133127 48133128 17
48133128 48133125 54
48133128 48133127 39
48133133 48133135 20
48133133 48133136 80
48133135 48133133 75
48133135 48133136 45
48133136 48133133 57
48133136 48133135 9
48133142 48133143 48
48133142 48133144 5
48133143 48133142 15
48133143 48133144 81
48133144 48133142 33
48133144 48133143 89
48133149 48133150 1
48133150 48133149 28
48133152 48133154 34
48133154 48133152 99
48133163 48133164 32
48133164 48133163 39
48133165 48133167 82
48133165 48133168 59
48133165 48133169 35
48133167 48133165 37
48133167 48133168 3
48133167 48133169 56
48133168 48133165 73
48133168 48133167 95
48133168 48133169 5
48133169 48133165 42
48133169 48133167 8
48133169 48133168 40
48133178 48133179 22
48133178 48133180 73
48133179 48133178 47
48133179 48133180 96
48133180 48133178 79
48133180 48133179 44
48133181 48133183 86
48133181 48133184 24
48133183 48133181 72
48133183 48133184 40
48133184 48133181 50
48133184 48133183 6
48133193 48133194 12
48133193 48133195 61
48133193 48133196 18
48133194 48133193 64
48133194 48133195 97
48133194 48133196 37
48133195 48133193 47
48133195 48133194 57
48133195 48133196 40
48133196 48133193 62
48133196 48133194 87
48133196 48133195 90
48133201 48133202 49
48133201 48133203 35
48133201 48133204 77
48133201 48133205 84
48133202 48133201 81
48133202 48133203 41
48133202 48133204 85
48133202 48133205 11
48133203 48133201 28
48133203 48133202 56
48133203 48133204 69
48133203 48133205 66
48133204 48133201 42
48133204 48133202 49
48133204 48133203 4
48133204 48133205 73
48133205 48133201 80
48133205 48133202 62
48133205 48133203 7
48133205 48133204 97
48133214 48133215 8
48133214 48133216 50
48133215 48133214 72
48133215 48133216 31
48133216 48133214 89
48133216 48133215 45
48133218 48133220 95
48133220 48133218 1
48133223 48133225 55
48133225 48133223 17
48133233 48133234 58
48133233 48133235 26
48133234 48133233 2
48133234 48133235 22
48133235 48133233 57
48133235 48133234 95
48133240 48133242 44
48133240 48133243 4
48133242 48133240 27
48133242 48133243 85
48133243 48133240 58
48133243 48133242 71
48133245 48133247 43
48133245 48133248 55
48133247 48133245 31
48133247 48133248 17
48133248 48133245 57
48133248 48133247 63
48133257 48133258 25
48133257 48133259 29
48133257 48133260 2
48133257 48133261 83
48133257 48133262 64
48133257 48133263 41
48133257 48133264 34
48133258 48133257 65
48133258 48133259 1
48133258 48133260 47
48133258 48133261 22
48133258 48133262 13
48133258 48133263 42
48133258 48133264 11
48133259 48133257 12
48133259 48133258 93
48133259 48133260 5
48133259 48133261 13
48133259 48133262 91
48133259 48133263 41
48133259 48133264 45
48133260 48133257 83
48133260 48133258 37
48133260 48133259 49
48133260 48133261 69
48133260 48133262 54
48133260 48133263 7
48133260 48133264 73
48133261 48133257 39
48133261 48133258 35
48133261 48133259 89
48133261 48133260 41
48133261 48133262 92
48133261 48133263 62
48133261 48133264 18
48133262 48133257 4
48133262 48133258 26
48133262 48133259 3
48133262 48133260 52
48133262 48133261 15
48133262 48133263 30
48133262 48133264 73
48133263 48133257 38
48133263 48133258 2
48133263 48133259 43
48133263 48133260 30
48133263 48133261 2
48133263 48133262 2
48133263 48133264 91
48133264 48133257 90
48133264 48133258 32
48133264 48133259 57
48133264 48133260 17
48133264 48133261 20
48133264 48133262 50
48133264 48133263 24
48133281 48133283 89
48133281 48133284 38
48133281 48133285 7
48133283 48133281 52
48133283 48133284 80
48133283 48133285 33
48133284 48133281 13
48133284 48133283 24
48133284 48133285 61
48133285 48133281 82
48133285 48133283 58
48133285 48133284 80
48133293 48133295 54
48133295 48133293 84
48133308 48133309 24
48133308 48133310 3
48133309 48133308 28
48133309 48133310 34
48133310 48133308 98
48133310 48133309 97
48133311 48133313 63
48133313 48133311 4
48133316 48133318 6
48133316 48133319 75
48133316 48133320 38
48133318 48133316 68
48133318 48133319 42
48133318 48133320 26
48133319 48133316 93
48133319 48133318 93
48133319 48133320 43
48133320 48133316 10
48133320 48133318 86
48133320 48133319 46
48133327 48133329 21
48133327 48133330 81
48133327 48133331 67
48133327 48133332 42
48133327 48133333 60
48133329 48133327 25
48133329 48133330 96
48133329 48133331 91
48133329 48133332 56
48133329 48133333 46
48133330 48133327 5
48133330 48133329 50
48133330 48133331 10
48133330 48133332 8
48133330 48133333 58
48133331 48133327 28
48133331 48133329 35
48133331 48133330 56
48133331 48133332 19
48133331 48133333 42
48133332 48133327 10
48133332 48133329 66
48133332 48133330 84
48133332 48133331 15
48133332 48133333 47
48133333 48133327 99
48133333 48133329 49
48133333 48133330 14
48133333 48133331 50
48133333 48133332 76
48133339 48133340 25
48133339 48133341 30
48133340 48133339 83
48133340 48133341 39
48133341 48133339 1
48133341 48133340 52
48133344 48133346 16
48133344 48133347 90
48133344 48133348 28
48133346 48133344 43
48133346 48133347 6
48133346 48133348 73
48133347 48133344 40
48133347 48133346 84
48133347 48133348 45
48133348 48133344 21
48133348 48133346 18
48133348 48133347 47
48133353 48133355 69
48133355 48133353 59
48133363 48133364 88
48133363 48133365 78
48133363 48133366 20
48133363 48133367 38
48133363 48133368 14
48133363 48133369 16
48133364 48133363 2
48133364 48133365 81
48133364 48133366 10
48133364 48133367 19
48133364 48133368 1
48133364 48133369 11
48133365 48133363 20
48133365 48133364 30
48133365 48133366 13
48133365 48133367 46
48133365 48133368 17
48133365 48133369 12
48133366 48133363 84
48133366 48133364 28
48133366 48133365 63
48133366 48133367 13
48133366 48133368 18
48133366 48133369 31
48133367 48133363 34
48133367 48133364 56
48133367 48133365 2
48133367 48133366 34
48133367 48133368 88
48133367 48133369 32
48133368 48133363 38
48133368 48133364 99
48133368 48133365 8
48133368 48133366 34
48133368 48133367 6
48133368 48133369 10
48133369 48133363 71
48133369 48133364 28
48133369 48133365 14
48133369 48133366 48
48133369 48133367 62
48133369 48133368 15
48133383 48133385 72
48133385 48133383 78
48133395 48133396 20
48133396 48133395 47
48133403 48133405 84
48133403 48133406 25
48133405 48133403 68
48133405 48133406 76
48133406 48133403 81
48133406 48133405 86
48133413 48133414 68
48133413 48133415 26
48133414 48133413 98
48133414 48133415 13
48133415 48133413 72
48133415 48133414 1
