120060 383534 98
327264 447805 31
329812 338722 2
5235487 361363 63
1298377 5159 89
312616 848596 85
2908755 1472773 34
312572 662281 64
5426776 5426791 57
223986 549917 47
356534 505679 68
5459526 297987 16
313678 100512 12
54364 222335 39
685130 333568 43
105997 103447 43
5882 50514 1
696606 345070 45
255509 749941 75
336004 918914 71
201719 13475 8
18696 101170 83
5573511 1898447 49
136608 426827 63
94671 320899 81
1281008 682349 12
1663457 2503677 82
213038 648933 47
18555 94297 4
5884 50715 54
592181 391820 83
5669139 5669150 65
217250 648520 18
393538 35771 36
22069 120912 63
91883 312774 92
225413 465149 3
87995 301077 44
773534 776716 29
106030 269786 6
111419 355576 5
216777 659048 57
16259 83424 13
18635 97967 58
5889 51072 44
5757531 5757536 41
120552 393563 19
318971 857997 14
111333 51593 27
120073 384364 18
5892 51277 100
384135 485085 81
18697 101274 62
5893 51363 57
202014 606444 66
5894 51431 10
216779 463345 4
5896 51589 29
5897 5469 18
3884815 12223 13
120078 384674 11
857978 407823 96
5898 51719 92
3986822 425033 92
3706036 3994589 5
18698 101382 42
297 2048 51
318972 97811 22
106059 342727 37
202015 52287 7
18556 94381 48
5999430 230762 28
301320 163844 30
6014940 6014961 9
218637 671605 76
5900 51839 2
120589 395841 29
1189129 1693731 45
672288 352400 85
120590 17046 47
120084 385008 83
5901 51908 2
874333 1690821 88
332752 582710 45
330115 899837 40
99562 329410 42
326188 883683 27
332773 876752 69
1692343 1663673 85
807471 353551 19
1594440 100354 81
214148 651224 12
111375 362658 79
534625 43216 62
298 2196 99
319050 582190 27
6153378 333948 70
95405 16633 81
319051 859051 81
2291455 2998283 22
1607448 901833 94
218625 236593 35
364478 107219 49
111424 330818 98
6220721 515386 84
337194 35773 81
120095 385662 71
120097 385817 5
299624 515733 75
6232199 6232204 73
217252 58040 69
18557 94439 77
87951 1623 69
398015 235131 94
120099 251737 65
111426 284694 18
141419 445641 44
4105369 2869682 78
120100 19072 14
18808 105187 57
101633 333206 13
120485 94380 3
3963173 396212 38
4704033 949022 70
111335 350445 76
51039 82235 54
6300549 1478877 31
1002827 321688 58
874334 229135 49
120486 281986 26
862805 877435 23
897087 141377 20
6308369 94298 73
6312972 2686982 92
120553 394197 64
1416952 137262 33
534626 684482 33
961777 830017 39
111336 162950 22
111337 98090 77
3014550 109651 29
326189 883723 90
216786 366035 75
18643 98443 4
111428 364995 12
334783 92649 79
6375417 908283 86
120487 196363 49
876098 338586 90
120554 324929 34
2719913 921897 42
6383364 41515 89
94422 320152 22
327265 78119 65
876810 118456 75
120525 330400 82
18646 98599 94
18647 98662 25
1002828 523692 44
5909 52150 1
120114 341833 87
18558 94518 45
302877 779204 37
334784 85522 50
6409997 162849 86
1633283 1566223 33
94487 132378 58
327266 612552 71
362849 384675 67
111339 6683 37
120116 361304 32
319091 61894 43
6454980 985841 59
111431 109741 71
318709 275721 41
120118 328944 6
858042 349089 10
120517 5545 52
1676228 1413 3
302878 831607 23
120488 226885 60
319092 80515 63
120119 387019 10
120489 328945 59
337215 649935 16
2667005 3176540 67
536398 668045 16
111381 363009 67
111434 312624 55
35324 140189 86
111435 365384 84
1390586 672767 76
6527992 443469 4
876099 308523 13
96515 143626 8
3529113 1513485 59
2513652 739059 68
120555 174013 12
319093 859951 87
5913 52285 50
218622 671051 39
2270676 272093 86
6539463 98378 95
51040 215786 45
18653 98936 12
18792 15333 74
6540219 228337 17
18703 101650 54
6541353 135379 27
848718 90337 24
1662686 35767 53
1450897 2321545 37
915581 1724304 38
2535475 51774 11
111382 363064 27
120556 394366 53
302729 208771 31
120490 392054 71
5915 52395 82
96807 24216 32
334785 912675 35
18655 99045 99
111341 361082 83
318710 857575 79
116935 92948 22
120528 308684 90
337195 923503 86
217746 144456 98
6616443 2803055 31
219416 200005 81
1293358 224261 37
94781 321149 5
3861893 351962 93
93575 318511 54
3196477 293393 60
286626 148093 53
18793 104318 71
329707 216359 93
302879 226588 25
4389596 429194 11
120559 341128 23
6640289 2382134 40
94423 320183 91
320691 253961 34
326193 343181 43
329819 751624 46
6656681 365478 87
384995 915713 71
120560 384761 100
120561 23007 37
18704 101710 28
202018 5598 64
846193 217719 98
1448123 2316478 11
120132 33336 13
52983 5455 3
120133 387688 51
87996 301151 30
857059 485086 83
120593 111083 68
18561 94691 30
120137 111505 80
334787 172188 85
18658 99244 44
872008 340412 1
846194 461364 15
120518 180683 71
1662745 1198847 92
335453 899741 76
2990132 590021 48
6689583 510666 56
4495475 1303871 79
18659 95103 7
356848 952960 1
902584 217490 11
790715 1579290 56
111384 130163 82
6743976 1612123 96
6744973 95634 96
6744999 669426 31
87997 301225 38
96181 251126 17
18563 94808 83
1700622 1196352 46
319075 1932 68
6759663 365153 41
2934042 1207174 67
220298 670868 70
96652 95421 55
18809 105231 22
223523 692614 9
5919 52567 41
332755 907036 22
1594020 2451236 44
302730 95949 42
318615 856962 39
318973 11107 45
6781342 105275 98
318616 62374 23
4538450 2217141 12
320726 155362 27
202020 606651 100
6800791 213174 70
96140 308708 74
6806386 6806394 79
334788 339199 30
1640409 98275 80
6580717 1245268 63
100665 331028 44
5920 52665 41
335454 916851 66
96983 326289 1
5921 52727 48
4858200 354791 19
1723073 275799 25
302731 98988 88
120145 388374 4
6839727 6839747 45
120495 104679 60
6841211 31611 29
6841438 1746121 15
679414 128212 76
120146 388412 58
2132390 1640667 99
4313379 51910 4
790083 1577555 65
1723140 341572 23
6859864 6859888 57
111343 306140 83
3192628 1250707 42
337983 295773 4
3034206 585333 74
6900694 51361 10
2082 21877 46
6902952 2992945 20
680486 1112594 95
1659087 331780 12
302732 273155 11
322939 874270 33
120563 223002 42
18661 99468 22
1004403 343396 87
111345 361305 29
976416 1819541 75
87999 195507 94
120564 394718 99
318976 60116 35
120520 393256 60
336811 133512 2
6933621 2276514 50
6934301 98442 32
302733 84855 27
120151 56034 87
5363605 94850 17
385158 651 32
18662 2861 23
94093 319302 32
329865 68083 37
6964690 586273 81
302880 677311 15
321814 788822 96
122437 111742 22
6249923 1098549 57
120153 388745 29
120155 388850 69
4676460 2402793 46
332757 91379 77
111346 110598 31
4301923 336159 100
6976076 4075165 38
299808 86012 47
1674096 1035256 60
202024 74176 38
5355519 1425178 46
889507 57415 96
334954 349125 21
120597 171403 10
18565 94892 73
398017 60164 86
6982950 809516 3
324402 17881 2
18568 95001 96
19523 110841 58
99220 328586 94
6985213 396561 2
534628 1249671 11
218088 13706 65
22071 25767 15
51698 217005 18
18794 104402 31
1298327 360990 84
202025 5463 93
332775 16118 82
302735 133581 8
120156 2509 5
5925 52922 36
120598 219860 3
326195 883990 74
831683 338062 52
3005442 128023 88
318617 49570 8
6994094 98895 46
536585 322951 7
6996614 3510422 83
876087 1692527 50
1365 17126 95
859425 697261 45
448138 1103161 85
335457 158897 13
4628356 93660 34
2734970 322138 32
318618 152564 44
2989782 86011 40
2435597 312323 74
672163 86208 48
120496 219573 36
923820 1732693 27
678266 654268 95
319094 859986 53
334955 613918 50
3529111 83208 79
7025336 32428 21
2214365 386610 78
106157 346400 37
727214 18113 50
873843 189500 19
1416803 344038 60
111347 361415 25
3464274 678401 98
120600 396297 29
302736 538838 73
902586 770847 43
870506 276154 58
360861 51065 98
318620 341432 34
320730 21707 70
1448127 2316584 38
2351788 5393 86
3502080 156684 44
3917671 42806 56
3917672 869819 30
405223 1034507 19
94265 92350 44
398028 219109 75
3270797 640674 18
680470 25134 79
2993074 12865 55
18570 95098 100
219419 50850 90
111348 188722 59
336788 831766 32
322884 226965 86
120529 2049 27
319078 859474 53
2271041 7713 76
18571 95155 5
18572 95192 99
100666 133348 19
18706 16182 24
861370 511955 82
18573 95258 10
318621 352063 91
337199 393191 42
202028 550374 82
319054 459674 5
398019 378676 35
664769 1407042 10
18574 95292 49
331305 649690 66
6761861 345400 29
337240 172846 62
158624 93434 64
679616 405085 82
393828 97573 69
336806 665645 45
7056895 1265302 1
319139 148029 90
326196 884026 69
18665 99703 18
861371 976946 49
337379 171315 37
354161 341033 36
320692 761292 52
18810 105276 37
3934972 3525318 96
328166 889171 13
7077487 158613 60
18666 99775 86
218610 5287 11
219501 51272 59
7080812 106800 84
828394 212417 66
330113 470596 49
217750 1339 87
3171430 867804 23
3197260 189077 25
88001 301557 69
332776 218797 41
18683 100560 80
828427 242331 27
876089 1692580 87
7087284 858723 91
328167 153366 3
332759 829759 12
1450898 253463 53
95528 322359 42
332760 907236 99
7096788 301017 37
3861261 725460 98
335458 142424 99
319096 226726 4
7109599 165133 2
104581 280821 63
120167 389368 15
827745 1194834 98
337217 296538 9
120566 316683 87
362984 571385 7
18667 99838 70
859973 1674584 42
333095 40899 95
398021 1407 17
877478 1694542 95
337419 417049 67
3505073 443292 16
120530 393697 100
327272 353158 94
2033625 608831 82
18576 95373 24
2325248 54561 84
62065 243079 28
380225 987592 19
2335 23137 13
18668 99899 11
7138369 4266284 21
866112 64013 72
1416597 1340187 17
319130 334613 37
120601 29920 44
2033626 2796795 95
356850 448313 20
319079 54315 75
1394263 741004 29
7148576 765060 5
4973749 4881875 74
120567 394860 55
214223 62878 79
856995 1060069 24
7174338 944246 33
95406 322105 1
446247 449374 61
320254 328908 84
94873 134469 88
3148475 1518959 24
302881 90010 8
7183074 57930 54
7183121 2718308 35
321483 710237 63
3197023 755521 34
319080 193784 41
18795 104471 64
18577 95425 79
866113 863818 38
7186150 185072 97
874337 399326 56
1299794 1537911 86
3179605 706552 82
319055 37363 65
3200492 3659594 98
337200 221741 69
1417476 665641 69
7193082 1304538 73
547729 955841 61
120604 145319 80
1421106 2296395 17
219358 674088 35
654835 1397468 84
1345357 219935 4
111350 215182 85
7211424 978865 80
7215537 389770 30
120173 389620 15
329820 895997 58
337985 927792 75
18796 104532 88
120175 336503 85
120605 212156 52
4718395 179103 22
326199 884143 95
120176 389771 15
302737 339734 27
1707790 1813742 52
120569 132493 43
219420 164479 56
960499 149069 100
120497 54189 18
331307 109743 19
18811 105326 79
82158 284147 75
18578 95477 100
109234 121016 93
1434969 311572 82
321484 345589 9
962992 390689 51
1390923 88202 20
100546 330880 58
116936 376284 17
302739 42805 28
401659 339993 63
335460 917040 25
7290585 2177627 87
7297534 52726 34
1641651 128705 49
328169 252908 67
5929 35921 12
95087 321768 48
662964 1405656 37
2214367 675513 81
4372677 5466 51
398022 412388 37
7308049 608195 87
7312068 597202 70
319140 861399 84
318711 333406 53
7318513 1056661 15
18822 105740 69
388359 710127 98
4340580 219894 56
52893 218111 60
120607 364582 97
111351 39292 49
120608 142372 25
120571 287978 9
536587 1198848 8
322247 264250 64
1695519 325609 44
120609 161170 98
302883 831794 30
910959 945604 36
7351117 84107 93
52985 219513 15
1417300 2291438 77
302741 234767 81
218623 549880 84
4090474 339517 28
120181 389991 45
1775677 166167 9
334959 135338 52
7399379 110840 49
1694029 353247 27
320738 867596 17
7406251 1482073 70
445751 371900 69
393067 1003234 72
337383 49103 68
7447084 1287778 42
1434426 1390661 8
3507954 39565 11
202035 559207 81
3270771 495284 70
7477682 58833 59
18797 41925 41
120185 47040 92
334960 672222 66
870507 137390 86
827746 110235 74
999858 474040 58
4153036 352026 26
7508271 1256688 90
319104 860291 10
326597 885101 88
111451 53235 58
7538184 7538187 50
1421264 217935 50
2158118 93320 37
7541182 4094456 47
18518 48130 9
111352 208220 90
1662761 518933 81
671416 549949 55
853533 392222 29
18710 102046 39
111452 160956 34
7559860 665440 93
2555133 41921 7
318980 858402 84
322880 214971 67
3598224 666574 53
319081 53549 53
18580 2860 62
337421 926587 26
104583 336869 75
99564 158339 36
319105 243744 48
99565 329507 51
18519 93665 82
3877975 332251 20
7614137 44312 65
321280 385820 46
302884 36588 45
123667 345652 60
866115 80893 25
91884 312860 77
120573 77552 14
111394 150268 40
363657 92865 93
111453 366033 26
45206 194474 44
1799054 862480 21
316693 95633 24
18714 54269 84
1581520 201428 93
320739 64154 49
332674 906763 69
302743 350851 7
18582 95670 100
3863979 1122264 90
302744 386173 98
18583 26574 67
104584 336932 24
319106 836125 57
18715 102300 99
354162 23039 17
326650 886652 87
319141 232404 89
329991 49392 86
511947 363944 52
2595219 248617 93
120194 390551 1
1971521 2743329 66
912506 393502 31
3201759 886606 27
872009 1649678 14
320740 867669 69
18684 9725 44
4283403 4371157 90
2580063 3219015 65
18733 102919 59
320741 38525 73
300700 36475 44
3636730 98990 71
326146 882909 76
339559 586931 11
903398 127306 31
120499 91341 94
923300 189168 95
7766790 36989 10
1001101 708044 66
846196 1657726 65
326201 884240 19
18585 95799 22
3029023 325373 52
5931 53190 68
120574 51588 35
1581521 2154320 66
120612 218486 100
120521 393320 18
1097253 316282 54
3606651 309048 72
1749180 99252 47
18587 95895 89
18671 48179 93
321488 869891 4
120198 390740 71
319098 144988 99
336807 888011 10
302745 828013 7
218611 670654 64
891648 570657 13
319082 859622 40
7138978 890114 7
95461 322225 78
1692179 868153 88
96182 79193 39
322324 342244 62
7845243 507859 41
7075852 70132 6
214224 651994 92
534438 261516 61
120500 226493 58
302748 398052 61
846198 962402 86
1015069 1432860 96
2325065 389158 10
216810 1628 48
2502935 332216 43
18734 19408 43
217803 665578 75
319083 127551 62
3119458 1965558 47
318624 721922 52
302749 828128 94
1000554 922379 14
94425 320268 40
7890347 913631 92
7895688 688359 10
1450870 396002 47
335445 41178 68
334789 760150 97
5932 53242 59
334790 294299 27
120280 391490 39
323728 447987 56
302751 307295 47
5933 53309 55
3955356 736153 3
7910837 2822459 49
302885 131449 61
18588 95958 3
325160 878564 96
7914065 299643 84
120575 395220 44
2304911 2553219 4
302752 157140 80
18589 45819 68
302886 41526 97
2934043 339070 73
1524913 999649 25
8034323 1256581 29
8113942 8113954 33
302753 828258 92
302754 828299 75
1249886 307633 84
4952276 1038875 21
18798 104678 60
2161493 1852473 60
319166 649652 73
1034494 338313 6
353602 944080 72
102946 256851 14
120501 392485 27
18590 96040 73
8034325 651770 32
120201 390874 51
3325471 253352 3
302755 169267 25
3034209 2746548 8
752409 1533370 13
910993 316202 9
2502153 1345771 43
1778534 162199 43
218613 27790 52
2934754 1756083 18
8214781 592953 12
534441 325408 15
18673 63824 93
2460970 108716 16
302756 28807 13
8237476 337865 37
218614 236895 79
791417 306272 3
18520 93718 81
8246641 4143984 66
8270792 8270800 49
331376 268828 81
846199 1052487 3
319142 4412 83
3325821 334527 81
4558059 519960 87
1731576 1787460 30
319167 6967 35
1433287 1398427 30
302758 622225 55
352521 465257 35
2990223 781258 57
334964 242693 21
960500 332654 72
876920 1694084 77
18685 100677 8
318556 671233 27
8306187 4377182 45
2667105 340531 24
8307797 72563 5
2132756 386691 26
352734 612425 14
1002833 189037 39
8315714 671896 81
8325159 620406 35
8330149 195751 61
963680 216934 58
608271 904630 27
7902796 311201 44
334965 328138 23
218615 395956 44
321749 329929 72
1407553 487030 18
332779 86902 21
111399 322260 32
876103 208417 64
4559377 376224 51
8350002 1401519 71
19204 33860 69
351732 365873 1
323296 431509 59
395207 222330 89
319084 170469 12
8362288 15136 100
2270979 554111 76
322886 229559 10
912664 1723154 53
2531535 83296 37
18799 104745 46
925399 888774 99
331314 381839 16
18813 105379 32
18800 104822 49
8406071 506676 5
322248 871199 73
4114037 4259604 71
322325 355535 44
3469207 138858 5
325013 52923 18
302759 827715 99
8415575 695381 28
8416536 2351752 28
111357 87925 16
353956 946551 43
18521 93768 63
318712 39950 14
1455607 2324961 59
337204 923780 14
111400 363943 89
313839 850120 29
1525190 2382327 27
322334 871652 57
302760 828530 53
999861 1296143 9
329993 899479 2
104385 334912 86
1675087 325509 60
215767 254766 73
173561 536097 61
8440238 1633628 81
916599 1724883 39
6313012 6313023 78
302761 828566 42
218616 319750 55
857248 313076 14
18736 103059 97
18522 93817 62
1450872 5087 37
219421 664125 20
1416954 97001 86
336748 667124 76
8461451 301653 97
329951 634725 53
2132786 944122 77
8467372 1427329 100
2291820 95479 52
791479 1055224 66
104805 337265 74
214214 487422 93
102947 110318 90
4752404 901444 28
96142 323414 47
8492040 8492081 65
8492125 1070494 63
328173 494119 86
227231 701940 72
912507 589732 73
302763 544375 17
8500558 52003 7
319107 301468 36
8506294 8506308 33
8509210 135453 95
8509927 1685818 55
8510242 8510250 60
217786 109873 35
18674 67340 55
18814 60295 86
18593 96197 75
3468812 325169 61
727052 1496057 97
826812 1638276 53
331315 213509 7
302764 371696 97
18594 96240 100
328174 422196 85
318985 321641 52
363382 92194 76
120615 350409 49
220441 120290 44
846201 219106 52
8529911 511545 23
2393018 249923 64
8539817 2480125 99
120502 392537 6
1455608 2324997 31
8545074 2086740 25
120503 392580 94
8548879 83126 100
899340 123242 86
2731543 961052 63
302765 828685 75
903399 1021925 17
902590 213504 95
326482 323778 98
319085 251768 48
218630 489184 9
319154 98711 31
963681 511735 21
1674946 51639 29
302766 828721 95
318986 173026 16
2543140 800543 41
111456 102809 35
398025 385571 75
334968 913670 28
302767 170726 28
319086 346357 91
8573367 251767 37
1004644 195927 94
302769 225050 24
302770 173059 71
8575213 675852 58
302771 61140 87
791597 120744 93
218968 53079 16
335491 512855 45
876104 129187 38
3469158 98277 47
301325 235921 66
2656510 282560 52
1299795 692273 95
323297 321762 14
18686 96827 4
18595 96284 46
8609707 3961078 68
1434883 250169 81
8615812 323327 79
18596 63684 2
2270178 387077 53
1674599 120696 75
18815 105474 78
3469235 624595 72
219321 507009 34
846202 1657882 91
331117 688857 93
8634565 375907 7
1417198 355455 11
807459 1598819 20
120616 396956 84
846203 348804 45
8641944 1037711 65
846204 283933 39
336789 82906 87
827540 867301 51
870632 118455 2
8649713 420075 4
93915 99399 86
8654764 47116 91
872010 342104 80
109857 353764 52
302773 126396 95
322335 5394 71
8664380 491130 16
214215 54618 66
960501 164248 70
19131 107608 91
2271042 2992765 39
353850 889947 17
2441188 58289 97
217763 251545 43
18687 100777 51
218617 670867 44
319108 252943 82
1582443 46803 50
302775 313488 38
846205 1293365 71
608728 502143 51
320693 102721 61
319109 810181 77
334970 288401 36
8687496 637466 9
217787 665152 77
323298 227537 13
3180224 3643954 78
8694756 6037 80
807460 1608521 1
319110 397489 54
2991531 2084702 4
141007 443094 28
1704009 213276 36
1417135 687344 3
202501 399280 11
8711263 14343 4
18598 96439 1
19777 112103 97
2992184 261582 86
217764 399147 25
4925406 2014375 11
8722971 5687637 44
120617 65897 94
217788 35682 44
320699 602274 53
214216 651809 58
334791 66403 77
120504 314780 36
8735033 19571 16
302888 52568 28
3511237 503442 28
8737229 181521 50
534645 312767 21
846206 1657989 54
8740157 553440 27
8741291 8078 7
949219 1778801 93
337241 119839 67
319111 793424 55
120577 395332 67
3124967 107977 12
2991391 173965 91
120531 393742 94
52530 82978 49
217789 101934 47
846207 1101223 4
120505 144989 82
8750485 912093 41
302889 218185 13
534646 1249931 53
8755103 361705 56
337989 107441 35
319168 72776 50
328176 422301 48
8764752 799798 18
2573746 35782 33
1854823 659373 35
8769336 108438 58
8769378 2804028 99
3085540 1308463 25
18801 67999 48
2276185 448919 22
323784 875726 12
302777 276691 12
219422 675856 9
8785137 49571 100
335465 917183 27
8787142 8787151 66
120532 393786 39
323402 521134 64
218091 51643 59
2295241 162732 81
315937 25484 27
3158155 1823800 41
8795559 93664 50
8785060 823945 12
324492 95948 48
334792 261556 22
829541 1019275 28
1733739 556219 8
4740542 630332 38
1713058 2353250 73
319155 572575 53
336790 922298 86
120506 392706 56
18600 96569 23
8810634 38527 83
18601 96662 23
8810920 4410537 25
2270680 123474 8
184240 568564 38
319143 126762 24
136760 427353 2
319169 125483 34
120578 130949 78
1406779 63522 93
331378 699007 64
8824682 539020 13
8825387 1578623 80
111360 104605 43
8833462 6897094 60
8835547 63457 84
2989649 3504974 78
331318 98164 27
320700 866701 94
8840537 598581 54
8842797 924640 63
2989403 3060797 13
18676 100270 4
1458565 445273 45
2308885 3019124 31
337223 258101 58
302780 644665 86
2460971 379899 94
3245810 719895 73
859561 1674321 63
334972 913771 67
202636 608579 95
8855963 103857 72
8858123 442889 25
318557 278515 11
120507 14013 83
8859778 345396 95
302890 832042 10
3219074 99400 60
217766 664543 79
319099 2142 97
867218 1535064 13
1852935 926756 99
8865853 733379 8
323299 875039 57
328177 35962 93
1713685 42697 97
2995968 399701 51
326615 885651 37
96144 70659 94
8872709 698447 46
2290202 1197738 92
829322 1641293 30
1420674 1342036 31
336791 922336 98
391948 144725 84
3662487 998418 96
18602 96709 68
18688 99329 30
1682320 1631 15
1000556 46681 87
302781 63866 77
95873 100092 67
960502 107282 32
101360 99472 24
328573 829463 33
302782 829159 88
320694 396291 53
337205 58039 98
8896077 868343 21
968867 1808239 66
334695 180246 18
319170 858428 12
1724293 395088 47
302783 500438 93
337206 319014 36
319112 824469 9
2198229 109599 14
8908469 1581949 46
2230921 224624 14
826226 1239294 60
331379 48930 95
319171 862266 87
1455609 2325023 96
1321487 181041 100
1581522 1834246 11
1709122 2539694 8
8920089 324801 42
1641586 1358851 67
47013 202651 83
120579 395419 20
3680134 39298 7
334973 913813 47
961257 252486 65
8933234 313239 31
302784 112245 18
318713 446342 34
319113 807202 91
324403 165791 12
944717 238362 100
321816 16994 92
8943553 8943563 92
949221 1423849 74
949222 734317 62
398030 682014 44
322881 701273 7
335466 892485 95
120580 395473 40
8859169 242209 82
302891 199288 27
1852479 1260420 80
217806 665686 74
8952909 8163746 30
999843 219984 23
218970 486600 37
319156 861843 27
2517364 400699 56
302785 380372 32
3058985 59467 53
2270180 10923 16
3534057 1741489 14
325099 878411 38
2934044 259044 62
7604249 1401190 89
4737609 57007 20
184890 120746 38
100158 171265 10
8969187 442287 68
2656055 3273875 86
217807 665715 34
333170 126905 68
1662887 402705 33
3123032 1042107 9
2653864 996733 97
8980091 626592 49
846211 53113 73
22686 123616 36
8982757 792040 76
8983496 993016 8
2993108 340661 91
8985590 4538310 70
202039 418041 39
302786 215784 85
93577 256094 44
8992241 8992254 84
903401 448746 33
8993248 8993259 59
1450944 897267 75
1641739 1709661 17
302787 396055 66
319172 504136 65
328179 889582 71
319114 427029 17
302788 121061 43
8997667 8984021 59
8997725 386329 99
859203 423710 13
1733098 2566470 38
914473 397493 72
220446 679070 65
18604 96826 26
1704346 1075111 87
663901 1254999 77
9006724 2724582 83
1343851 1021521 11
302789 829422 46
876106 109197 79
322326 871456 71
3842763 661992 28
4698005 192368 5
302790 122363 6
9024146 623262 21
2439168 1428074 72
1002841 51717 27
3624117 875007 97
1407554 54827 27
323786 875779 53
302791 829498 27
88003 301663 72
9038346 3284833 43
676617 270658 41
9040350 995633 50
9041997 946121 84
9042118 520489 16
1455610 951868 16
94783 174161 96
3642298 3322140 2
336812 104193 8
9046605 64945 36
2512447 2272149 14
9051715 899680 12
860671 242293 2
301901 826592 83
302793 299988 50
320748 580616 32
9054828 1735968 3
2743388 104686 94
111361 192468 44
324404 876853 77
2170977 671398 34
2425334 975803 18
123605 154096 12
319115 213940 19
302795 168952 71
9064179 292428 84
140896 145605 30
100159 330444 41
9065748 2509242 63
1576796 249738 35
2989856 457808 16
104889 337484 86
334974 321148 72
2555223 1323477 15
302796 53112 52
1674947 1085155 80
328180 422225 49
326176 883557 97
12049 73701 71
2583342 545420 69
9078544 481344 95
3469119 34593 17
319158 329411 88
1344077 292288 1
335493 113073 48
218618 98165 53
534689 521241 4
326177 883610 5
534442 52284 45
6932927 981892 36
319087 114870 29
9087592 427950 54
9088129 9088138 87
9090479 4589967 14
120582 61341 25
336808 548284 13
9092855 9092869 47
2989572 395222 89
679439 986897 4
9093455 2656352 53
846213 82576 39
334975 913873 6
319116 860732 10
607216 1344051 7
3201664 349911 51
2460972 322055 18
3863981 1208059 50
9104641 606980 7
846214 1658186 58
9104915 2509480 63
9105743 165681 52
2952588 3481048 10
949300 203358 88
3179840 40038 29
4241625 790429 54
9113748 890774 7
2271127 645501 11
9116385 201485 99
9116434 8971749 31
846215 1658208 77
9122014 361713 88
9125756 541460 26
3158086 3628980 18
1407594 614315 48
860804 448310 60
9129723 2011034 8
9129769 9129775 22
1771121 216889 31
302892 832123 39
324880 128949 87
2271043 1140919 66
872012 445642 24
322889 874028 81
791455 146084 85
9137874 55339 55
9138437 220957 4
302798 86009 21
9141152 1573862 17
9144065 2503320 14
608265 995629 42
19175 108681 63
319101 711574 35
214225 202483 15
42197 173695 30
328181 889648 37
484693 1161936 82
334976 913893 25
9151893 9151905 65
328182 121014 50
1357210 2230984 32
319145 861554 29
319173 493681 24
4594620 180832 69
446264 1098911 8
900989 307239 83
9158270 26075 100
2525290 3186035 67
98918 328100 73
18689 100866 75
18690 65259 1
96273 78379 2
3013920 895930 2
9170202 440865 63
9170993 162845 62
876921 525755 5
302799 634370 20
94426 320317 44
18523 93878 82
302800 261785 26
9177100 4824132 18
2458528 636921 57
398031 909554 66
302801 52444 43
1249973 90106 76
9182856 1690964 6
846216 1658241 14
9184050 3954819 17
9184347 56302 94
120583 395597 50
680675 156940 45
1690491 535736 91
3653960 328475 27
995980 1843944 61
320701 866737 62
4175513 2651658 16
534443 792313 10
18803 105022 60
394184 1004298 6
1344078 454255 13
680631 199577 55
1657744 2499357 35
910995 1009808 36
9202710 369848 69
3398090 2869529 63
3481272 3850053 73
3017506 175434 66
120508 392220 93
1060468 457039 67
1582435 489634 15
319174 34680 20
1579456 590689 61
18679 100407 8
218619 670947 14
9214715 833400 8
2667006 300221 45
9216170 76395 10
334977 615570 53
334978 913951 15
1692344 35045 66
1710546 1106488 35
318497 856656 83
791481 1581299 8
2983578 1939608 3
3119841 199475 18
1751755 2574850 42
9233207 2050919 20
963683 24809 91
9237101 3243561 87
2214357 209102 77
9240534 1423072 34
9241460 154173 90
18804 105052 54
1581523 1425221 41
9245014 9245032 17
9245824 408579 25
903378 1706127 10
217792 665327 34
182244 556921 7
202040 607255 93
1002842 267323 69
2289560 1357682 45
202093 500334 50
2651897 844222 33
337226 924364 7
1681232 108436 63
1415700 425442 74
337208 94288 89
3205767 1000069 66
9261767 2507 12
202041 607303 45
88004 301732 77
9263858 344859 25
913992 405151 100
866119 373573 50
9265885 2160201 46
9265934 3803270 90
9266970 167266 21
870508 257302 70
335494 347877 34
5947 45764 1
9271045 1788484 65
9271255 871653 99
9273923 260541 35
1581524 224946 71
302894 21101 44
9276415 896250 91
331381 248616 36
392525 1002963 72
9280594 97671 13
9282871 1203636 97
484624 332284 98
9292763 998932 100
3523753 56033 60
9293986 1933064 32
846217 1081386 61
354164 19415 74
903402 80691 24
9297866 2693716 63
9299597 2197651 10
9300367 96047 44
1802759 1992346 49
334981 914030 48
331472 143215 11
120509 361578 12
302804 604421 48
9305397 96483 74
2990225 878380 39
9306874 273078 1
320751 410386 25
9307325 2528126 34
9308028 1461017 87
319117 721224 30
9309821 2733753 97
331473 902787 82
9311625 911366 37
9315246 9315251 43
6464524 665919 81
319175 57676 30
319176 54134 89
846218 1658299 97
912508 857817 51
1771123 946077 22
4304716 3109620 41
96469 324047 72
9324721 3539301 87
3120862 362110 84
334983 95190 73
9329301 406681 40
319118 860789 19
9330914 1451768 5
9333765 9333774 70
302895 832224 75
536596 922201 14
302806 582426 73
9334940 332709 25
3273692 3712102 57
9336528 870138 99
3119883 353529 43
1695632 1445712 29
618783 880778 27
6932969 1722149 25
9343844 55524 53
1771951 1375350 19
2270940 1562782 26
9348131 7353694 62
2543039 1292698 54
3013921 1907715 75
1581525 1918259 43
322890 36005 30
1000557 210914 86
3085429 171404 55
912509 360822 69
9358808 379319 32
328185 889773 43
302808 387830 52
1686212 93715 7
2528084 3187488 21
1577088 524622 20
18805 105095 78
2275370 2995794 62
9364068 76284 78
219330 673729 78
2993159 2867143 65
7032347 698260 99
9374543 664211 65
3124972 324697 68
862322 1675934 71
9377921 357777 26
9378807 5459987 12
9379386 316453 96
352737 942043 63
334984 914105 48
9381892 7138295 78
88006 301875 53
324407 107012 36
319134 105332 85
302810 830078 61
4090538 185092 98
319147 63325 98
1001359 343990 19
9388299 668745 69
395406 1005102 67
923302 1438899 62
331568 903016 30
337227 694379 48
9393222 254800 18
2198290 1149511 41
650592 467880 79
337242 924635 58
9395166 402604 16
319148 53114 68
3124977 873684 15
4090540 84104 39
319177 862444 74
2439169 3121117 73
3197024 469649 18
9399105 2128882 43
3140016 3328948 25
301902 826674 27
1712834 367589 96
9404674 596698 45
2270537 54105 47
9409442 215612 2
3621844 3943468 39
9409896 1347273 95
334793 199357 34
8536794 1531291 88
18806 63649 75
675801 858693 12
1455611 1538743 81
9418675 1989126 10
302811 369452 67
320756 868206 45
328186 342045 14
318559 37582 90
5533768 325721 39
1703954 2534839 49
325162 335325 39
19178 108787 55
9426823 142065 53
319119 456961 6
9427391 1918090 51
9428416 3049983 37
3573292 931902 19
336793 103862 62
336794 782545 25
1417138 2020796 44
2990583 3506160 10
9431994 3414563 96
140500 440325 73
18691 100978 69
18819 105604 9
1577091 2436186 73
18741 103218 32
334986 914157 72
398027 374294 71
2656223 95428 61
1667233 1929276 6
3742587 1695304 61
334987 333075 25
1966994 181817 98
334988 624347 66
727105 850207 33
902741 1712123 55
9445849 790677 6
9446919 2482885 78
1641740 577921 92
9449136 9449141 25
335472 884435 59
2986864 679291 53
9452010 93546 86
336795 922515 14
9453180 1003929 82
352522 387628 94
353931 946008 9
876111 686815 99
9456900 390875 10
9457529 198200 80
323683 392707 5
219423 602961 54
4291072 1804884 54
3863983 4093342 1
319178 667059 80
6847143 199766 12
97065 326445 14
791483 862790 69
302812 389827 12
9461545 856757 32
1577092 2436218 13
947833 879762 74
18723 102633 23
82159 284190 29
876093 1692701 88
876107 100613 62
9464528 2820717 15
3013923 299782 77
9464645 4376030 70
846219 386756 41
3222628 416771 71
3015295 3075701 25
9465877 891632 80
328188 889869 67
9470001 332661 32
337244 924683 46
547732 109954 25
319197 663095 74
260337 756002 97
9474842 1546795 61
859455 313242 38
9476254 791824 69
9477058 890210 91
3506366 1519458 8
3469578 3430864 13
9480175 998180 21
2652891 3271460 64
18524 93980 87
846220 1658342 82
9481768 2438539 2
846221 1658366 16
3029025 221975 45
220666 680752 89
18692 832 71
9485339 806793 11
1659793 2479468 81
5948 22602 9
334989 914228 94
2480654 249873 89
337228 924420 32
9492557 4691494 34
18525 94020 11
9493428 1155527 10
9494360 468045 68
2274283 1968172 72
319179 353430 99
964015 1803749 89
3662843 379548 90
321818 93595 70
2266353 355126 87
2934428 3468951 66
1681438 288567 92
9498193 2220468 40
3863984 141977 45
301837 826502 82
95701 68623 72
9499349 1003390 11
337245 43895 61
335498 918017 57
405074 1034460 45
9501092 1346410 72
846223 358419 78
18693 101039 6
1662888 84824 51
326178 218521 14
18694 70130 27
2276181 2996480 21
18609 97044 69
9504481 319312 62
887507 1701522 7
2270569 2311694 52
2987008 981812 3
1634439 101070 64
336809 913929 69
322891 430715 32
9528446 325037 28
334990 190414 51
331474 902825 82
3024148 3532964 17
100428 330670 47
903397 206934 68
7934462 2761479 83
184636 220047 57
120510 290225 48
2992169 338909 60
9533509 22250 93
120511 392886 34
320757 559717 67
18695 101103 24
2393019 2857265 19
2198216 1539909 2
3884415 659849 43
321496 870078 69
1001103 859767 60
9537888 904209 9
6989045 6717910 74
2655943 572486 30
2270183 2989062 1
9540109 3294020 83
9540183 328982 64
9541703 4987152 44
334991 68554 91
925126 1510266 10
9543424 4383783 91
3469028 1545583 8
332783 669374 13
2382309 3073331 13
3272312 3710945 42
1001145 1850324 96
3740709 884233 95
9546571 9546584 29
9546683 299542 75
94008 319221 50
9546925 882116 34
328189 889898 97
2989323 108435 87
323788 202903 18
219424 52341 73
860717 116901 98
9549755 313863 59
2325067 1093541 95
9551426 2776038 95
9553005 6899531 94
846225 1658458 49
328190 346532 12
2585362 2505914 24
6292275 1220636 44
9554791 2759456 69
302815 830250 47
302816 136191 33
328191 889955 92
1250105 2127935 86
9556179 6399069 79
9556259 9556271 39
2478169 800165 52
9557330 9557346 91
2522450 3184703 37
1434358 1373363 28
2270718 1569101 75
1731168 829862 100
866191 1680988 86
9563699 9563714 92
95462 322262 32
331475 868298 8
302819 830364 30
3929649 343036 63
1846693 2650043 86
18610 97078 14
9568297 490398 88
9568559 881071 7
892895 964061 18
9568664 186151 76
2298279 892488 49
18820 105655 89
328193 28719 81
3469480 3842669 45
1775913 45502 28
1713388 2543248 26
9572117 2179218 21
1694115 349071 18
846227 95546 96
9573147 58192 72
9573232 1593619 48
9573291 2488387 23
334993 453808 39
9573546 9573549 93
9574233 7364495 35
302820 830410 49
9574648 9574658 53
3085430 1494392 87
941938 342994 27
9577198 9577214 81
334994 914373 92
1421658 2296870 19
4154988 1086401 5
910997 618341 90
1002836 720437 54
790414 345527 20
1771124 1058666 35
356857 782923 51
9582353 1597319 98
9582422 5148805 11
9582492 5490032 36
302821 402670 1
9585608 9585628 51
337246 924776 82
1405870 2279419 39
9585843 2435810 88
9586187 948600 29
9586487 3132591 13
9587006 207959 99
331569 99170 82
9587808 9587815 78
9588126 9588130 53
202042 607335 12
2992164 2462590 12
870823 1612148 59
846228 1658525 90
9588366 9588383 99
9588907 9466414 2
2270629 1419195 91
9589191 1995822 23
846229 1293857 13
9589354 9589361 63
912510 341071 69
949301 457201 35
302824 830532 44
322097 638756 62
9590857 292725 55
2731545 3322077 76
302825 149714 62
1687841 1596720 77
2985772 3501993 14
9591759 9591775 76
319135 861262 90
337916 86920 83
9594008 9594015 50
334794 913006 32
9595879 1345273 92
1536948 2395810 65
868229 904587 19
846230 1658593 64
2437830 707280 32
18526 94068 22
9597816 926556 78
9598358 4392043 24
329966 898881 78
2989783 2274797 44
328195 147632 10
100721 331133 72
9599081 325765 26
3013924 884161 72
9599473 2786398 74
328197 87156 51
319181 862620 90
334996 914413 72
2990917 3506341 27
9604927 41905 64
9605369 9605380 89
9605466 891631 39
9606889 791291 57
334997 914436 57
319120 428791 40
9607388 9607406 14
9607438 269315 72
9607459 1963046 51
903360 1713699 47
3598726 3925501 58
334998 914459 59
3499970 2247993 84
9609586 9609598 32
829543 578945 3
1321490 756261 56
4637106 4645186 93
534445 776658 43
2485119 1303489 69
2513552 3166038 35
1345607 2220581 11
1344079 2218432 60
9611230 659145 58
336796 801241 96
328199 890173 22
9611609 9611615 65
680473 316338 94
9612613 675860 33
9612629 5546806 55
1587663 2327929 44
9613795 9613803 34
9613917 965645 98
319121 860890 97
678970 1421637 6
9614667 3015070 1
352524 941806 11
9615937 9615940 40
328200 890212 48
9616241 1152406 28
9616262 5345798 10
9616848 1613331 69
9616930 998470 39
9617852 22007 28
979344 1823081 2
2743396 1296104 3
35328 140519 64
9619083 1392791 42
335833 918582 92
1581469 18936 40
9620547 9620556 14
846235 279687 87
534446 1249303 57
319182 862667 99
9621903 1830371 77
3029026 3535339 23
4291074 3687474 57
320703 866796 47
18823 105780 5
120205 390996 89
9623076 8386601 62
3029027 3535365 28
93578 318570 17
9624211 9624222 54
9624387 9624392 8
846236 1658715 76
534692 1250370 31
1579427 2437728 49
9626000 3837409 50
335001 914522 25
9626362 5810643 14
99973 8613 81
3508749 2540128 99
9595881 9595903 79
335002 914548 45
9628026 9628032 20
924800 1167662 70
120513 392963 75
9629100 340762 13
335003 914582 65
9629667 5828 53
2952595 2376028 50
335004 780040 45
1003088 339926 40
861373 1675547 53
3034212 261897 77
2197859 98720 93
829026 1641201 48
9630875 8141685 85
328201 516196 87
9631124 448560 36
4998975 1599256 82
335006 914658 50
2989404 104100 43
9632284 220197 28
9632667 5480887 42
337423 926638 64
302827 830625 17
9635092 9635111 28
9635121 9635128 69
608813 1006165 28
319122 860921 85
2534711 1922352 14
846237 1658735 94
9636626 793706 27
9638200 3320016 63
1636506 435285 19
862644 1676138 1
99307 329125 95
336797 345043 31
9640701 602729 88
1582418 96999 64
9640806 2476158 69
141136 443893 53
9641039 9641043 20
2565519 3206159 100
335009 455313 35
1581472 50954 8
9643027 6043801 63
9643860 3984788 81
9643951 1659811 40
9644109 98377 61
337247 924815 62
9644857 9644867 44
9645109 2441272 87
9645127 215198 11
949302 908779 72
9646137 9646146 38
9646358 428657 72
3962283 4157137 21
9647429 9647433 68
9649754 2464164 41
2996289 17044 18
9650221 9650224 92
9650550 9650554 90
337248 924849 76
9651125 610262 86
2991814 3507181 23
3507254 3862496 63
100722 331168 78
9651514 3772959 62
2989699 1805220 3
862526 1676026 25
2438016 176542 93
2989893 216938 72
2270768 2991722 95
9655133 127232 25
9655145 1950451 65
5428228 898730 50
9655930 7005664 26
302828 108652 66
2935200 3469564 74
9657839 48011 94
9233264 2502595 30
9658042 9658048 28
9658178 1209859 34
3015286 675706 72
3508400 3863291 24
4291073 1357004 25
9659784 9659799 83
9660244 9660252 22
2934598 755529 29
846238 458094 41
4960825 2809268 32
914359 1618658 78
3927258 4134454 36
3930171 4137225 60
319183 257279 72
9761863 9761868 76
9762442 716342 32
9762945 9762950 4
2742091 216892 47
336825 922927 32
1675916 788440 12
2565659 1611861 12
18527 94108 97
9770077 4376563 33
9770992 4030437 44
391282 1001857 32
9777000 9777018 72
671566 48859 37
3463672 3835726 74
120537 393973 73
9784253 8638165 34
2989372 495864 52
2538898 1316951 74
846240 1442173 63
2458527 433725 25
9788019 9788033 66
302829 830686 92
9788582 3475782 71
2993197 2213687 37
9189455 3327789 50
9790056 9790077 10
9790622 2071100 9
335013 914827 90
9791594 9791611 9
18615 97307 41
326621 116955 63
2543633 1692885 20
9799190 9799205 1
9799902 918139 16
3469579 3842712 21
9800627 4256638 12
9801996 9802001 46
862825 1676274 7
9802778 9802788 60
534675 1250166 46
9810099 9810104 64
9810382 5775701 80
4600162 2542375 10
202526 608353 25
9814178 2049289 79
9814391 3330278 29
9814410 3652780 46
321819 870778 86
9820145 2539897 62
3119874 2074842 67
9825111 8995206 53
3636748 3121177 80
9826687 433670 28
1094680 1960568 88
9829920 3071775 20
4081084 4212261 23
2270980 2992479 32
9832341 9832347 69
2459245 3138028 44
8812471 815387 59
9842817 9842821 91
9844639 158675 43
2511182 49531 1
9442679 690504 20
9859724 215188 81
322892 76283 34
9862128 142913 34
302831 830735 8
337211 91625 65
862051 532480 76
4116624 291478 86
9871859 590745 46
9872969 1776132 15
9872986 4241294 54
860627 532555 20
9875032 72775 90
319124 860963 3
8556064 140459 55
9876807 913589 3
9877103 306883 40
4508913 371996 48
536598 655449 3
319125 325650 63
6698181 340058 92
1709578 688669 48
9894277 95551 53
335016 54866 41
9896449 9896457 85
321498 87585 52
319126 861025 33
2993280 333016 36
9910035 1419970 34
302832 288091 14
9911761 1707772 60
9911761 300549 70
4278211 1538633 68
2961165 677965 63
18821 105693 78
1004822 1855661 77
3118330 63025 58
302833 361086 29
335502 918102 49
1854850 100314 58
2440940 165464 53
922761 670830 62
2983580 50868 46
320704 866824 100
9953979 171614 77
3029029 1414284 14
9963964 902854 36
325164 878691 76
9966528 9966548 38
1733629 2567290 40
1415547 649080 92
1420046 2295287 14
878720 1695368 21
10004180 2755821 4
10017145 51998 74
10020583 260658 48
7496750 2153801 18
3226791 400462 73
10269916 983866 28
4559553 917527 93
3863988 1246431 8
10283210 3413770 56
120584 329221 6
10291414 10291418 87
1281013 104232 24
10293782 1237509 53
10294094 10294106 94
10298703 347813 14
2033549 2796315 85
826830 1638690 79
302834 830839 66
2276147 2996342 18
1664821 2504637 16
3997205 4181684 40
3184817 3645504 1
10310187 7525323 16
776160 1561163 25
5953 46129 66
782676 1569105 20
10318817 6347301 35
1738428 208597 78
10326669 10326672 6
18724 102667 58
2996290 3511526 50
10333089 10333096 82
10337339 10337341 14
10338574 10338576 51
13301 76242 32
94493 320568 32
326656 200830 26
3135932 2614915 68
10346889 204475 18
326625 886027 18
10354881 877440 49
184250 568725 89
10365137 103166 62
7048478 275622 17
10422013 10422021 71
536399 372719 76
10675767 10675772 80
10675779 10675787 28
10706618 6873047 10
10716957 198605 82
10722744 2928500 86
1005879 108841 89
6155257 1444654 26
10734339 1513549 5
900397 1710661 73
10760420 10760425 71
1662757 487359 70
10763664 280576 7
1843227 97461 74
902592 76810 53
354166 5084 61
10798934 85829 69
2300405 997779 45
10803329 10803332 69
10803385 3626796 53
10803905 44232 54
10805178 784420 47
2230702 108246 5
302836 220555 41
227233 701965 81
10809708 242365 92
2263796 2983516 77
1641180 156267 92
3678301 2466169 90
324409 36337 19
1429063 131166 74
335020 105328 32
3955363 1210854 71
1606478 1381300 81
302838 51438 66
3335873 109024 87
10831232 2160010 2
337426 53520 70
326156 858522 45
10835321 4027887 65
3598227 1397172 8
4750523 3263682 64
4397776 1110001 25
1002708 142276 99
2482634 1306734 13
10838448 931602 25
10839031 884724 8
10840367 316734 87
10844622 882781 59
10844998 482995 56
335023 343993 29
335024 773387 98
2276163 2461587 11
335025 915103 74
1417483 2292042 80
10849263 57932 55
10849838 6565326 23
10855259 4654926 30
10859071 10859074 89
10861079 403971 77
10861847 2441242 97
1837873 11373 81
10871228 2758829 69
10882591 8681723 94
10886695 10886704 74
846251 446123 19
351736 497615 96
214231 597888 58
10894269 5803747 1
1671965 438817 8
10898803 1944646 7
4933677 3454436 27
2299962 226732 6
10912805 100822 22
1189116 2063562 55
2554684 240047 81
534694 1250421 45
1484099 692014 22
9427394 1215910 78
326159 883298 84
963136 105688 37
4933556 831701 57
4604222 1842366 80
928042 1735064 93
9641260 6624755 35
10993245 372467 27
11008456 3332763 96
11022724 11022730 45
11025304 11025307 46
9776046 1433847 25
11031925 7428837 28
870511 376076 100
218096 299708 26
11038141 195704 77
326209 93596 29
11038924 302325 25
9812589 384163 21
329752 103865 4
8986802 814902 54
11112211 631111 5
2270683 95585 46
328213 333073 24
877492 1694784 74
2214368 899789 32
11125107 3748594 4
328216 890610 25
846254 322454 69
534632 868205 8
10452978 4895839 72
11134618 336600 59
10772900 318443 88
11141109 568144 39
96987 164655 48
10852496 262045 83
11153060 11153065 64
11163072 1291864 96
11164436 11164440 8
11168597 1626647 46
11171764 11171767 27
11180407 1192640 97
11189689 92140 37
3120351 1963294 43
335477 453143 61
11249092 3096834 73
1097337 1964201 66
11298054 201816 87
11307171 3927 86
11329220 2250950 13
9876832 9876851 75
125665 409845 77
11340232 3181634 25
11349365 3033527 27
320766 93544 60
1003895 94815 24
11383416 99840 36
890538 329063 18
1662878 75159 60
328217 51650 45
1281017 2157976 98
11416677 76693 91
11419094 932128 12
2270358 691068 92
2220804 765690 50
846258 791074 10
11442695 7125765 6
679622 112011 36
861761 1675739 13
337386 19410 93
4914402 146505 56
2264193 2735270 6
3204196 153227 13
11040643 221971 15
2525192 1600770 15
1857448 2658416 79
11478590 1637553 11
846260 1659254 35
3507667 3605873 84
219426 344034 81
335034 86646 64
120540 394069 10
11522061 7852946 84
324410 877023 1
11541203 4350361 56
11547259 1733820 5
1772972 976641 11
351796 341567 73
2478142 103213 36
3119459 108306 26
111365 167684 69
11686622 5310611 39
3724031 293250 31
11687453 871240 60
3507247 102619 11
328218 890671 91
319127 190406 66
11694567 831058 81
335040 317844 10
2447649 1604168 76
335041 361311 75
11715165 6209859 17
790098 120404 72
11720912 543915 38
113501 370338 5
2993168 2198574 42
3712268 1993943 26
2270305 2990062 24
846262 1075563 16
862529 1676062 48
11725703 665803 92
11726861 11726867 56
608826 1345790 36
11727152 11727156 81
2989437 573799 89
3015287 2276930 31
11731050 3329568 1
11731068 11731076 69
11736190 351922 31
2568918 3122910 37
11741986 3389610 72
2989907 2419062 91
2270189 390450 53
3029031 657745 41
11749216 2560868 30
4442377 4483827 67
915823 1116414 99
11754436 3199560 43
11759193 4264462 73
333858 807213 58
8912925 155012 37
846265 500374 22
11762568 4058992 56
11765221 101825 61
11766392 874892 72
3642276 925883 13
11769132 2759625 29
2986946 3502745 47
11773499 2068566 24
302844 206276 40
11774192 1285358 8
11774652 332018 92
11775509 154372 42
9804892 1973057 37
534649 122868 41
11779864 4454857 76
608784 1345709 43
2270608 2110209 20
11785984 92394 69
1344081 2092546 17
302845 831096 91
8548882 658382 16
11788964 11788971 25
11798258 635879 28
11801612 6392562 30
3325414 502221 95
11805264 691013 95
11808061 1065234 86
11810212 325659 27
11810232 104544 9
9613935 932670 79
11813180 910938 70
11813909 769993 71
2425341 1966697 79
2742083 292400 41
3029034 3535474 52
11821389 5166099 7
219427 676005 85
11825132 11825135 8
3900550 4117041 72
11832567 650301 24
4700106 760151 15
11839644 11839652 45
11839710 11839715 83
11839842 11839849 54
11841202 11841204 89
11851427 2337824 72
1161723 878077 63
9602280 678584 94
11861491 315399 33
8214785 620264 31
11863447 4193374 73
10849840 2114861 45
11863474 86550 44
11863831 909739 97
11868119 11868131 76
2742066 1598233 72
11875911 3222367 57
11878811 859514 28
846269 414989 84
11884984 668569 24
11903363 11903365 99
2990535 2797222 93
2271047 1191155 19
11911540 580419 19
104588 336995 11
11915321 344868 86
11916248 2281971 26
11916751 9549655 36
9233210 628982 67
334795 891428 51
11922510 1001120 49
11944240 9435577 91
302846 831129 19
11951206 85240 15
11952235 5696999 83
11959915 3433125 38
11963548 646933 47
302847 831149 99
964017 220670 29
11965088 11965090 9
11965088 11965098 2
828325 1640940 85
2542903 3196327 35
11967268 11967275 5
11967280 11967282 89
887704 199164 79
861200 1675366 10
7898425 571306 75
11972050 2917249 82
11973898 900147 45
11975516 11975519 32
11975959 11975966 28
1455621 2325233 33
11986028 8669107 85
11992467 11992469 98
11613323 3544304 28
7032327 6397784 16
12012629 5596363 34
12022439 52840 18
12026445 5844468 41
3507641 3862692 17
12063333 902924 59
12065632 4193157 97
2220187 339739 2
2993047 857321 46
2511175 669664 51
866125 1680803 82
12076989 3057232 30
12078346 9538527 9
2270609 2990863 44
335049 915519 59
5005543 3324632 72
2989405 476432 100
2270686 10348 95
12085350 506947 72
12086262 8493703 56
9084156 9084167 2
9380480 1010104 43
12087632 989882 34
4254406 4351010 25
12089374 323992 19
12090569 12090573 40
12091192 6730919 53
12092566 325997 7
12093298 12093301 73
12093445 2433944 99
12093752 12093754 53
337917 927324 60
12096077 4890916 21
12097121 2991473 88
12097737 1752909 75
12097844 2286572 4
12097964 2737454 77
12098200 1046787 27
12098466 65225 79
12098796 12098799 24
12099143 12099145 11
2539657 3194863 16
328223 890749 95
3170831 173629 84
12101089 12101092 85
9079170 1403260 99
3125239 954210 18
12102900 362168 31
12103358 3580203 40
1002712 192155 74
3862582 991790 60
7068341 1456809 34
12105390 3508858 80
12106188 1207444 45
12106811 2290807 89
354168 180781 73
3878400 1642637 89
12111548 234835 99
4753353 395226 89
12112280 12112285 5
12112470 3209092 30
12112572 12112575 26
850390 1665201 62
12115241 287154 77
12116075 237894 42
12117147 12117155 8
12118102 12118107 46
335051 636674 32
846272 98173 14
12118547 12118552 29
7967210 891082 4
12118847 221561 37
12119449 330019 1
10849860 10287782 28
12120263 12120270 89
12121224 2803547 82
12121476 3105748 73
12121808 6310475 10
3121328 157952 68
12122695 12122697 84
4743826 2223889 78
9651517 4206020 28
12123710 12123712 21
923106 1731791 2
12124410 558458 40
302850 831200 77
12124812 348154 38
12127025 4674847 60
12128488 325027 51
2438896 362235 83
12129027 12129029 2
12120578 1039793 37
12129918 1483639 37
12130037 1783434 32
319186 862746 6
12131473 2331224 14
336799 922608 38
1808344 2438922 28
12132757 8511769 1
8032105 878006 59
2270610 1579668 38
12134003 1496714 68
9876847 785962 79
12134162 12134164 98
12134770 12134775 49
12137922 12137930 31
12138848 472078 33
12139516 12139519 21
12139706 12139710 87
12139948 12139950 67
12140223 314744 65
12140299 598715 80
12141342 5349603 69
12141425 1344414 67
12141433 2611632 82
3180166 524082 32
12142617 12142625 5
12143261 2989208 99
2528826 813361 55
12145129 5763083 17
2170980 1142849 79
12146997 8107905 88
319187 862773 52
12147007 1989810 31
99311 329134 92
2439173 560632 82
12149748 3094566 52
3647580 3958467 100
322337 871745 95
2220568 2952871 6
608781 1331079 93
12155552 12155555 89
4291078 4376012 99
3084465 3572600 86
846274 1659497 42
12162199 5370349 31
3029036 1937324 25
3158438 3629830 14
12170692 2561631 65
12171237 2300955 80
2621679 1305898 9
12177762 5726123 3
12180350 3257633 57
12181501 858077 83
328224 890775 48
12186542 10391367 4
12187007 239298 31
3927550 4004846 92
2499348 393908 64
12188885 103634 72
12193024 1510733 37
12193528 541437 51
123556 405133 62
12194353 3643698 55
12195944 1969003 92
12215701 385925 15
3110350 220384 68
12218358 10214192 82
12218911 12218915 87
902600 625426 16
12221825 12221837 35
4981011 1660175 8
12236002 1501276 30
351738 940327 50
12240034 4560672 70
12240558 908465 84
3624136 3271856 29
12245692 1303494 66
12246296 4311887 71
830210 1641711 88
12250303 1072981 22
3861413 1707979 11
12252991 2474144 23
2270761 2105669 29
846277 1659547 71
12195545 6389634 57
846278 1659565 22
12262107 12262110 9
12265282 12265303 31
12273778 12273790 1
12273869 2497771 19
12277249 7717284 19
12277262 2378517 91
2292344 131310 82
12277626 2457546 12
12278080 780281 4
12278876 589043 47
12281626 2478456 77
12285336 887390 31
12286333 12286344 78
12287892 12287896 91
944733 197100 28
335053 915608 32
12291974 12291978 90
3273661 3712090 30
2220116 2952529 49
3204192 3231535 5
12302925 12302927 30
12313847 603301 13
2879291 3427584 82
12317118 2574810 7
1561141 2420966 91
12322377 1604575 84
8170112 8170138 73
12325338 1700353 92
12332738 908954 9
335057 200724 70
7132688 1810060 93
1433775 2303938 45
12336131 12336133 89
2952556 333688 68
890820 335393 80
12339695 7073595 53
3507143 3368818 10
12341058 12341070 82
12341241 3485610 2
534678 430033 17
2992170 1180000 15
2502535 53830 8
3196453 324888 51
12346052 12346055 54
12346411 6888352 91
856646 1671685 95
2667027 3107669 79
12348130 12348132 63
1435708 2305240 85
46972 202314 81
12351584 12351593 56
336680 398483 24
12353776 340097 96
12358510 1706712 69
22199 121503 33
12373106 5732603 38
4105056 4254491 62
12382675 12382680 49
12395656 12395659 96
12401112 3221302 9
12431825 1193953 21
678234 135080 14
1391292 528987 70
10576062 349429 24
12509168 381250 100
12510434 890894 32
12511966 12511971 68
12513278 1730478 11
12557878 84856 51
12573796 35308 47
12573803 384178 74
12585022 940372 37
1281044 1487595 51
12589692 98856 15
1281045 2158195 90
12603185 1447666 11
12618783 327032 26
12140240 341947 47
12620923 2070316 30
4241628 889479 50
3188251 389456 18
12632553 12632561 17
12635122 108907 66
12638274 12638277 23
12662930 1518583 55
790825 970687 80
12680358 12680360 85
12680850 972759 32
12687273 503233 64
4317032 2207329 95
12694643 343828 63
12695272 42613 93
12697382 2892673 20
12697754 3642328 82
846283 50953 19
10800481 101007 79
12716489 874199 100
12719232 100904 86
4614446 3219970 82
12720336 3152024 39
12729797 12729799 15
12735395 12735398 50
12738718 2090613 71
12740009 10605673 35
12740118 963291 40
4530030 1235569 33
12743390 12743393 12
12744193 3187221 34
12745175 1062204 1
859729 324378 27
10849842 10849876 34
944738 342606 90
266952 768561 6
12763553 6557198 87
12766397 476299 61
12768699 352200 19
12770871 290917 2
12773724 3088685 86
12777387 3042538 30
12778597 423769 52
1535061 530844 25
12736471 217868 54
12787767 12787774 62
12790121 657846 28
12797562 12797573 27
12820753 286534 27
12826050 7137254 58
12120924 961059 9
846285 148294 4
6523136 6523145 23
12860086 887593 20
12867362 12867365 39
302854 479884 4
328227 73235 73
12913519 3282393 95
1804351 7260 75
12929450 12929454 59
9309824 78188 75
322339 871797 57
3152128 1431216 42
12939506 12939509 18
335060 915733 48
12944381 5808107 55
5795248 64613 70
82163 284244 50
12961188 204623 33
302855 623849 15
1712110 1706416 71
12969485 849864 75
11525813 1775661 99
12976982 221303 68
12984005 680869 61
12984026 914369 60
19184 108953 69
4590851 46804 42
4148957 254689 32
3158241 1677113 93
2484315 3158092 52
12994940 77582 36
3709662 1496420 5
12603171 2152048 68
328938 322139 67
1854766 2634478 53
13011802 13011822 9
336800 803754 22
3629192 827854 55
2612825 764529 2
13039829 3184483 88
4477956 3468556 80
2989895 367138 24
13041914 2881123 7
9905159 9599336 35
324544 873599 86
11249662 11249686 26
13051974 1397197 21
13053196 83547 100
2989432 212615 51
13055640 2737978 2
3158354 354802 47
318997 222475 18
328228 890850 86
903404 124986 53
2613124 1299298 3
1700361 696403 69
13070520 236343 73
328229 560968 94
12334684 2411780 64
1674757 1618268 90
13071547 8360 71
13071909 592995 1
13072070 3984730 17
13072129 6956058 23
903405 1714134 96
13072964 52126 73
13075469 3508047 95
2270964 2992308 43
328230 890891 24
13076442 13076451 16
13076969 189553 84
13077174 2036854 97
13077226 353308 35
13077263 1671067 84
13077767 3454943 83
13077990 2706314 56
8260395 363451 69
13078472 2734348 85
13079354 13079358 15
1853535 1252965 91
13080437 3330943 66
337250 924887 8
13082490 385819 95
1561770 2421340 88
13082619 444637 70
2934427 1113134 62
13083290 1308534 64
674438 223130 33
13085137 3717262 39
3119884 827244 30
2990482 3505980 39
331395 821819 81
13086627 831731 14
846291 1659802 4
13087562 7647302 92
3504058 1842150 31
1001329 185059 46
13091135 46802 20
3398092 1005204 99
3526148 199854 90
13092020 2766321 62
13092521 586075 26
328232 890933 40
13096110 4768003 90
2440935 616661 30
1641601 722969 78
13097628 1536225 90
2667054 288723 91
1641602 1831489 29
13101843 999652 90
12129957 163078 12
913475 1723701 6
104590 337024 13
13105434 13105436 97
12090504 343185 98
13106379 335755 93
3653244 340924 70
13106884 3550460 54
104726 337116 76
13107311 6278263 49
3862222 3997700 20
335062 915768 69
13108118 1890128 31
885333 1701302 22
1641822 291558 62
328234 890983 52
13111341 126763 18
13111521 7087297 88
1326466 1040816 47
13112025 1223709 69
13112036 3738670 69
319188 351860 49
13113965 3136663 77
2198344 830794 85
2440941 117483 50
13123086 801193 32
846294 1659874 45
13130092 3790152 100
923239 705328 28
831995 1642401 19
13135584 664023 53
335065 915830 98
13136957 1388511 23
2440133 3120527 76
1674100 2512270 4
4031038 1855106 96
3984399 4171616 50
13138333 3182248 9
11780009 1084476 29
13140521 2182816 11
3508973 1118320 12
1662874 393885 22
3744773 4016468 49
13193662 488275 61
3179493 535579 22
1416745 360876 66
13201102 1801090 27
13201209 870491 92
11871676 233078 13
13201773 1896012 14
14212567 701105 31
11488970 6371647 89
328237 891049 34
14220160 2729449 40
12120133 12120142 28
1857451 289228 87
14228885 5278940 6
13080439 3475411 16
14229335 2648600 30
903406 1714154 17
1417144 2130042 98
3642301 3955259 65
3740724 3142919 68
10887953 1851004 92
14239404 14239406 79
14241827 1442084 54
14242890 14242892 34
14243281 14243283 44
3110351 3468045 24
14263115 1280026 85
14265109 556733 47
14265162 1737406 43
14265889 1722037 45
14266547 14266549 40
14266572 2509232 37
2745702 1417380 92
14267974 2680287 2
3511107 394941 49
14272003 1401526 5
14272446 532466 58
12265304 12265346 84
12265327 12265367 47
3863134 673248 23
14277343 4017843 35
395749 1005485 30
14283594 8519055 81
2478144 3152173 26
10638133 10638157 8
14288393 1720561 50
14298356 359538 30
329971 898983 21
1321505 321367 98
1580675 72843 48
1417310 2291545 98
14412737 1755811 84
14418677 14418681 61
679611 295621 34
3644775 1700955 37
680634 1433394 81
14438629 14438632 48
14443528 6317566 89
14450526 6231073 45
14455593 14455595 84
14468357 2921130 91
14468623 849763 100
2986979 3119355 78
14469470 1790987 1
3463678 3835762 54
14471439 220544 27
14473346 2959420 46
1723037 401153 83
14476141 5075631 97
14476344 1968232 87
2542284 2730991 28
1098901 1742230 73
14476817 225528 64
14477278 97571 26
14477972 438117 52
14478912 828684 68
14478972 3180438 71
14480460 5095190 51
14480849 14480853 10
1321506 213173 31
14483072 960516 97
14483188 1704747 55
846302 1659978 71
2270197 2989313 45
3859028 2620717 24
14487552 2725079 7
1321508 609431 66
14490831 332552 36
14491152 4806451 17
14491883 4193061 95
4153037 933007 85
14493241 1807317 15
82166 175541 56
3629195 3948117 96
4984217 345147 29
14496026 412238 10
2523380 2303774 16
1189127 2063609 34
14497276 336592 81
14497831 2231074 5
13490163 1106852 3
14179879 1561340 74
302857 336221 50
6375422 2063658 59
351953 940805 94
14502164 323816 36
534696 987693 99
1854380 749177 29
14504214 1516064 91
846305 1660027 78
1458569 92262 47
1416747 306713 44
2989908 2680314 8
14505056 1146952 87
3863998 1625202 74
14507168 1279961 97
14507195 296411 4
13413251 4767 13
1712151 2542178 93
13413243 1557456 47
3029040 500660 24
14509084 406216 5
3119880 105280 54
862103 208623 6
14510286 649081 12
1686985 598938 44
2991543 1506666 44
921878 274126 72
903407 102149 20
14513057 224308 97
14514086 11808252 19
846310 857730 42
14515609 14515613 94
14515935 946741 18
2511178 27590 37
302859 831385 3
14516902 1005138 33
2989417 316814 53
14518517 126829 96
14522724 14522727 81
14522878 1930474 48
14523143 1430985 25
3864000 1681678 28
2478145 345620 22
14525126 1723946 92
14525347 14097415 24
14526263 2214421 55
14526677 2199683 8
302860 831417 83
14526920 830162 42
14527386 5297191 68
885033 1701176 58
14529349 584984 75
14529365 3847139 23
14530332 14530336 66
9125123 684500 33
3245384 1007515 20
3120772 3086532 59
14532821 14532825 44
4496697 4525193 12
14536449 388110 37
2991394 625122 58
14538191 1820569 25
10485548 513242 96
14543899 105104 36
4090466 2301255 11
14545064 633712 87
14545450 3116821 66
14547585 2687012 52
3507683 3862806 79
14548439 4106534 59
14548541 209342 81
2543638 1210577 63
14549939 4883781 69
1640814 2483823 54
14552012 10113858 67
14552872 4020471 53
2437879 1686628 58
14557040 14557044 46
14557939 270893 64
14558026 318540 40
3653092 2885200 61
13515413 50857 44
4093777 383940 28
14565349 1070618 51
14566859 2735704 45
4291081 1566015 31
328242 891123 37
14568879 2916062 91
14569559 2601970 91
14569694 3480775 91
14569969 507844 55
1580437 297207 10
14571619 14571622 42
14572485 14572500 49
14572850 14572859 92
14573087 5822368 17
846321 1660230 74
14575881 481629 3
4554044 4570967 75
2934435 2803033 32
14576273 344644 12
14576679 3215402 3
4144169 870776 6
10472002 10472033 27
13515364 1619442 68
337251 867606 48
3602316 3927611 67
10849267 999321 41
14582542 4433015 26
857633 696429 33
11892887 5071227 60
14584028 87094 74
11892888 904136 72
14584738 2313606 17
2930023 2875970 72
1674409 2512396 13
14587636 3197042 80
2437881 2097993 82
352006 749005 41
14590758 7925551 68
9474846 6321367 88
14591754 3331938 81
2535019 3191519 90
2332342 3034294 55
14593086 46219 83
14593535 8278608 50
14593571 14593581 7
1577896 2436929 20
14595730 4028600 69
14595772 2275416 51
14595905 2986821 23
14595911 14595913 31
14596075 329090 61
14597866 2723249 76
2058669 1615579 89
14598682 1448048 28
4182568 335233 84
14599037 5933483 43
14599423 1794697 79
9623274 526136 70
14599587 7841044 20
14600399 484225 41
14600558 36478 48
14601034 54015 7
14601049 5153999 26
14601094 918584 47
14601217 1968939 88
14601340 1007328 15
14601896 2871514 58
14602255 8111233 19
14602544 1039307 14
4495048 4523953 96
534653 267288 42
14605331 939136 12
14605944 3611227 87
14606832 3573042 45
1771933 2586799 7
14505711 14505729 29
14610402 1857398 34
14610428 14610431 99
14610453 606734 58
14610471 1676027 77
14610485 3439222 12
14610498 4417859 42
14611222 1077305 11
14611266 2005337 68
12045835 12045848 9
14612877 1307342 48
14613233 300553 58
14613595 1549485 98
320472 866216 9
14614787 14560909 99
2543304 3196521 3
11258256 2788936 54
14615357 5809306 90
14615367 2495726 51
4433349 179464 26
14616582 3775592 23
14617986 251568 42
14620572 14620574 89
14620634 2038711 36
14620761 6322771 76
14621042 12445718 4
14621246 893005 51
11603141 11603148 96
3602317 3927634 25
3118372 3597742 37
1000563 1849690 2
14623437 855007 52
14623453 1215253 24
14624209 2654591 29
14624282 14624285 59
14624564 1284968 77
3863135 1194144 10
14626241 3038323 30
9797031 4542157 96
14626675 14626683 15
2559749 1179278 31
2437613 402218 18
9418717 297427 53
14629667 14629674 41
329980 899156 79
2198149 2934648 32
1731407 2565461 93
14633108 399732 63
2393022 1657599 39
14633159 10322314 47
14634855 14634861 22
14635264 5686374 33
3123035 3600235 34
14641984 136672 6
14642375 14642379 64
329990 899392 12
14644944 13501205 29
14645340 14645351 90
14645370 14645373 35
14646109 14646115 72
14647167 4123058 8
1416620 392842 67
1460392 2330674 54
14649319 4588445 73
14651015 2690580 88
14651637 662985 22
22077 121157 6
14652202 5093950 4
14652566 810252 81
14652889 14652891 24
2542443 3196246 77
4984214 4984275 41
14653996 14654006 71
14654658 495091 49
14654705 1725481 100
14654931 14654934 77
352237 941435 18
14656129 1326111 35
14656189 2526788 85
14657397 25366 82
1771752 2409534 64
964193 1804002 24
1045627 1907833 21
14658173 14658182 93
14659071 1453495 20
2316766 3024164 42
14659585 14659587 22
14659632 14659634 95
14659898 14659900 73
2992092 2446400 50
924232 1732869 49
14661982 14661984 2
14663011 14663015 44
14663213 14663220 2
14663242 14663244 71
14665925 14665929 18
14665972 14665974 38
14666767 14666769 35
14668322 14668324 77
3504187 3861323 93
14669187 3685068 44
2270310 618320 4
14671996 14672001 47
14672257 14672261 81
14672713 10721345 2
14671059 10845958 49
14674914 14674919 99
14676776 6143448 70
14677374 6751890 68
14678157 14678159 71
14678164 14678168 64
14678466 670959 30
14679075 14679077 45
14683428 1267686 32
9963431 572691 33
14685948 14685951 86
14687568 5086249 81
14690849 237851 18
14691384 2560634 14
14694819 1180127 32
846330 94749 49
14699547 1314494 4
352739 942088 7
1417314 341605 49
14700352 458828 11
1416971 181478 68
1345582 395549 33
2276157 2618238 40
14708467 220612 74
846335 388657 6
14709335 1256830 56
7401585 36180 25
395165 232900 18
14713359 4030487 71
14714176 460478 44
3505368 2961603 10
3178568 94382 40
14720486 3144859 82
1434623 2304864 24
14722138 5041867 71
14722673 4115596 35
14724898 1708488 64
9876811 5884619 76
14725142 1673644 32
14726105 539688 37
14726851 3737406 55
14729927 2139154 30
14730155 2157585 47
14730283 7148165 88
3325441 1762082 47
14758882 5959989 90
14760872 3024854 53
14762145 14762147 12
2270762 2991690 25
15191591 15191597 50
15192127 4893686 89
15207528 15207530 30
15214487 15214495 59
15215977 15215982 22
15217332 15217353 61
15222322 15222329 36
15224034 15224041 16
15225244 15225251 70
3693870 3986773 85
15226461 15226467 6
15226791 15226796 34
14627433 14627474 5
15241097 11061556 58
15243996 15244002 89
15244009 15244014 46
15244395 10925655 44
15244893 15244903 28
15245410 15245415 26
15245758 15245765 29
15245983 15245985 75
15246575 15246578 14
15249131 1126151 15
15252321 15252325 49
15262427 15262429 87
15262869 5435705 80
15357135 15357138 85
15381787 15381790 12
15393162 13914119 81
15394821 870139 17
15398132 3164065 41
15398699 908228 8
15398713 15398716 47
15399450 5436328 20
15401927 15401935 10
15404289 669515 48
15405599 663913 75
15407260 144165 41
15407884 15407890 29
15408131 1709420 16
15408540 4942940 13
15409696 15409699 80
15409711 32732 58
15409849 906640 17
14231699 1618037 98
15410418 13596151 62
15410841 15410846 60
15410913 3708349 16
15411329 1233088 20
15411642 49227 46
15411651 670136 100
15411082 15411093 58
15412342 4751519 30
15413310 1909119 49
15413664 859833 82
15413691 67921 84
15414987 15414989 39
15414997 86690 58
3486755 1849427 53
15416359 5850628 16
15416982 857783 13
8126054 3208818 50
15422154 1216256 51
6563822 171266 16
15423385 15423392 12
15423651 383936 73
15423912 2129003 66
15423945 3352187 19
15424037 1222824 45
9202755 7275900 47
15425774 242453 58
3273920 860860 36
4128801 1785208 75
15429812 5403201 50
15430744 1940839 52
15431419 109789 10
15431904 7093830 89
15432082 15432084 71
15432173 10870353 49
15432492 3061710 89
15432524 1183890 88
15443360 4268867 41
15447996 3923813 10
15452112 11481468 12
15452672 1498969 88
15453871 202838 73
15455029 862892 18
15457700 15457702 32
1401200 231401 6
2305156 2792712 93
846340 1660475 84
15481040 674903 99
3197164 3162405 82
1771727 1529209 97
15487721 1104621 29
3927346 3860979 40
15489442 1860003 94
15500044 2162692 11
15502670 540147 68
1713392 225544 91
15512839 15512841 15
15515632 928133 31
15519391 650908 65
15522203 2158376 30
15522209 1476960 46
12150802 3961112 31
15527195 5123074 35
15527859 140758 31
15528295 51915 8
10277961 906569 77
15530620 963598 70
15534334 6517395 73
12235806 6187491 46
12581321 12581333 18
2295961 25994 43
15006808 5157357 35
1964921 349480 53
12594597 4016212 55
15546143 800671 95
15546151 15546153 55
15550354 11656327 4
15550437 531878 31
15554461 559227 5
15555223 15555226 25
14525744 3816407 63
2989651 3505000 21
15559593 12899003 5
15564767 362584 91
14669189 3534295 21
3510197 3864745 62
15568093 7017544 52
15568093 3288133 11
7944814 7910804 37
15570382 15570385 71
15575285 159441 57
15577870 1319636 90
15578814 870868 59
15580707 996238 53
15584249 501631 60
15586704 3975268 19
15591266 1580660 86
15591266 875147 39
14390441 624256 57
15641443 101035 21
14622183 14622193 40
15657108 15657117 38
831849 1642292 42
15741525 870608 50
4652767 3773512 60
15761247 15761249 27
1771662 2585955 18
15118199 13266518 97
351911 76285 34
15118045 2076176 36
351912 135706 29
351956 901512 37
15877682 3715619 70
15894733 15894739 19
15896581 436481 7
9284287 1362686 54
21613078 13828062 44
218109 30359 85
4077398 4231726 80
4147581 4282563 85
21626432 1401657 29
21658297 21658302 21
21661042 21661054 43
3325503 84862 81
21672275 12123857 13
21694233 21694235 99
21708340 21708350 91
21718555 21718557 89
21729340 21729342 96
21741739 21741744 43
21748489 21748492 99
3226796 3676975 43
2727779 3318626 18
351855 940616 44
21785292 21785294 13
1964918 1249463 31
21788591 6329232 32
21793778 3087251 57
3678934 3976121 92
21801169 20789830 92
21805081 11577107 38
3325506 299443 100
21823704 21823710 62
21829352 21829354 2
13077786 13077801 78
1587740 2445215 80
21860473 21860479 6
15016477 15016488 60
21868266 21868284 12
1771881 2020316 56
21889117 14222482 65
21892809 21892820 10
21908812 10238508 13
380914 989458 27
2513614 1222087 52
21928019 3644924 73
21929198 90114 2
14714593 6988480 26
21934100 3842809 35
10622551 10622625 88
969036 1808414 69
10622552 10622631 75
23735608 509638 65
23747832 1004927 68
23766217 755541 65
25412806 19095842 56
25418390 1388810 82
25419152 25419157 5
25419184 387286 16
1692693 2527165 18
25428227 25428230 63
25431312 2026556 34
25435385 270779 16
25439214 94973 97
25440522 8798083 18
25440899 16985953 68
1416629 2289583 9
25443405 6962181 3
25443752 1691608 5
3643747 3956400 3
25447864 896404 52
25448842 17612816 97
25448850 19399517 59
25449160 25449167 15
25452019 25452021 99
14647169 3556118 92
28361686 15074818 73
28367190 7449687 77
28435716 13075930 49
28505786 218721 17
3647743 3325510 66
28585679 17400147 82
28664762 28664763 16
28672424 6254962 30
14663013 8059908 62
28738567 28738579 21
28739273 28739275 91
28739966 28739973 99
28740041 20667359 6
28740689 28740697 76
7196728 1703968 29
28741165 17338044 52
28745823 1893569 70
28747166 20449331 20
28750654 1532679 15
28754744 20783734 82
28755192 3885592 7
28759496 3746665 10
28759867 28759873 77
28760052 25472638 100
28760172 28760183 12
28760508 17151110 7
28760686 891956 6
28761016 4866552 99
13874530 9623345 39
28763986 2501143 76
28764455 10295708 49
28767300 28767301 77
28768906 7641662 73
4370827 4431925 63
28774489 563461 95
28775133 20646187 26
28776031 17980148 3
28776069 3573737 90
28776078 28776083 93
28776086 28776090 29
28776348 28776353 24
28777306 279918 19
28777307 3310682 55
28777316 28777319 19
15432722 3469090 85
899988 1710484 15
28835157 20644259 64
28879092 28879101 96
28879681 28879684 74
15226488 3880933 49
29372690 20671109 16
29372691 20713378 30
30274942 30274944 33
30296881 30296883 53
30299071 930132 11
30306958 30306968 36
30308386 7046650 26
15607950 766453 93
30308388 2745712 51
30308390 2951473 91
30308392 20631708 28
30308570 27214759 72
30308576 2574273 35
30308589 10122975 17
30310704 4108256 20
30313598 16448002 7
30315136 811478 68
30315142 18699423 96
30315150 30315157 58
30315165 1590698 16
30317994 6523507 7
30319075 1834860 12
30322312 19551762 100
30322321 30322322 24
30329952 1787283 25
30330568 20087154 73
30353263 8251689 12
30354700 1205174 26
30354706 890520 83
30354710 3757097 42
30354723 8276929 48
30357042 4902530 15
30359770 652175 40
7904713 7904728 41
3692673 1718459 22
30383668 30383675 27
30389863 755890 73
30406909 30406910 62
14270836 14270852 68
30486718 5666446 95
30486749 11146138 68
30655124 1709676 92
29043634 1850802 53
15181106 15181132 65
15181667 15181679 40
11881918 2774018 48
31072246 56627 28
31085725 28328835 77
31085727 16084134 75
31085730 31085731 21
31085733 31085734 83
31088540 21417678 94
31089093 3445231 4
31089495 20234542 40
30612237 2827752 36
31094185 8194619 89
31096310 31096311 60
28777318 11930609 67
31164527 1390286 52
11974304 11011111 23
31184138 19421409 75
31763655 3059837 83
1680734 2516140 67
31763918 31763924 58
31940523 31940529 80
31940545 21436695 55
31940568 11133332 13
15186540 2653113 96
31940616 21489463 15
31940643 15867929 20
30682109 30682120 5
31940766 31940773 58
31940775 31940780 33
31940787 344765 45
31793989 3748099 83
31940813 20655151 45
31940813 20655247 99
31940813 6573716 58
15212995 314401 38
31940879 855907 100
15183314 4370227 10
31940911 20461349 84
15212996 1484255 70
31941001 31941005 15
31941006 20631586 12
31941030 31941033 88
31809139 704107 79
31806340 31726689 97
31941052 2800475 79
31941091 17558872 61
31941118 1771593 98
31941135 4003386 100
31941166 15198207 55
31941179 16539385 88
4376045 2507880 85
31941285 24007574 19
31941431 6058405 40
31941452 2639569 22
31941456 17659344 73
31941491 10833902 33
31941515 20586315 11
31941544 31941547 52
31941555 10982720 37
28962223 10349454 72
31818146 1853777 69
31941616 28959033 74
31941690 31941693 21
31941694 31398907 51
31781892 11820354 6
30643850 20592985 81
31941741 7056782 65
31941765 31941770 53
31941781 291555 4
15246049 15246053 29
31941786 31941791 99
30625642 30625650 77
31941822 31573550 43
31941831 31398909 75
5140331 5140444 43
31941120 11741003 78
31941901 31941907 52
25401997 25402009 71
31941915 5265661 30
31941996 222474 31
31941996 31660808 23
9376593 9376634 56
14231678 3258772 7
32552168 21126450 39
32552395 3035409 75
3421220 2941704 54
2460989 609041 68
15167684 1661590 39
32555762 715051 26
1045647 1782995 8
32555973 3359987 84
32556002 16344770 83
15416616 3379104 37
32556674 3435953 38
32557890 1886037 55
2983602 1941096 31
32558646 117021 100
32559212 1844959 97
31784235 7785034 100
3673906 1686367 26
32613589 2356817 83
32614293 32614296 76
32614946 28880803 17
28737328 6164854 27
32616249 1675211 94
32616396 5108727 67
30612174 930102 98
32138631 386769 51
32616759 20712852 25
32617113 9731038 94
1771735 1119318 55
2290207 3010252 4
32617892 28934170 60
32618439 3136944 47
32618455 20690261 92
32618458 32618460 43
32618796 2722604 38
32619027 3765773 52
13006332 3335985 70
31971181 166206 85
32619918 225242 92
32620112 931560 41
2198285 2935208 45
2656062 341310 56
32620804 4139676 46
32621287 2919410 75
1421671 2297025 79
32621524 246010 88
32622425 246723 34
5773012 5773037 91
32622638 336344 60
14605446 14605450 74
32021875 11114255 85
32623708 13293874 59
32623714 20674242 56
32623718 9763909 71
3509060 3863883 28
28576708 13935152 29
32625637 27105173 48
15432494 15432501 55
32626595 315396 62
32626616 1711594 84
32627507 6992741 8
32627601 32627602 79
32627616 32627621 81
28792125 26587574 71
28777308 3803798 25
32628728 352428 37
32628816 3526879 48
32628822 3660701 59
32628906 1391120 96
32629199 2623803 44
2271013 2992669 39
32629319 80898 62
32629345 20682454 29
32629347 1798569 89
32629598 3188513 62
32629949 999621 27
32629966 31247932 45
32630004 14601923 43
32630195 16229088 54
9597742 4265521 56
29713186 29713189 79
32631141 887649 52
32631543 26587563 83
1015083 1866489 50
32631982 6557359 2
32632002 922137 56
32632042 31280002 58
32632091 27012130 100
32632125 10954724 49
32632284 4562397 60
32632292 18698891 83
32632600 20227095 100
32591856 32591867 66
32124312 31408756 36
32633397 31251391 44
32634496 20713386 42
32634588 3565148 56
32634718 27367309 45
32634728 6825171 79
32634731 18412663 95
28892722 16285469 55
32635431 896067 70
30610524 20842069 13
32635892 20601270 53
32635926 20706868 86
3508706 3863545 19
32635964 9118692 18
32636211 18739254 98
32636236 1578443 55
32636296 5275711 68
32636311 8731177 76
32636326 2459608 61
32636354 32636358 62
32636477 1417760 96
28986282 10309486 48
4999068 4999128 54
32637127 18220459 32
32637180 31625621 84
32637510 4474730 31
32637586 16527949 48
32637602 18042482 62
3191520 3649683 49
32637809 32637812 98
32557546 2068846 49
32638061 20667262 73
32638326 2474249 39
32638561 20881241 12
32638949 32638953 37
32639099 18772963 55
32639229 31453903 25
2439905 3121984 21
3508707 3863559 19
13418958 13418984 69
3629680 3948390 68
30613037 30613046 28
32640267 31727720 28
32640725 3877172 48
32640836 20213779 42
32641048 15527300 74
32641143 7643402 87
32641162 8500130 15
32641185 32641190 12
32641328 32641334 55
32641977 28323150 73
32642002 32642007 76
32642038 32642044 30
32187543 5176343 65
2460996 525827 81
32642783 13112055 71
32874920 20188091 28
32877100 1677489 93
32877526 3168573 19
32877675 17601382 97
32878017 3221443 83
32878262 18878133 100
32878514 16220727 88
32879965 17422811 29
2316689 1513248 1
32881310 20432035 52
32882053 31655680 39
32882066 32882069 47
32989383 13050432 81
32629950 475883 88
33094890 20483642 75
33094899 33094904 13
33094929 16277624 37
33095160 18771297 91
33095201 21235971 22
33095218 28850750 37
33095306 28497457 50
33095351 3893356 77
33095364 2189366 37
33095396 2745106 12
33095461 2102928 90
33095473 4194984 18
33095521 813449 1
33095541 862276 84
28904749 5892030 35
33095580 4691430 86
33095641 19016039 35
33095765 27366699 46
33095918 32074241 46
33095946 9229525 40
33095953 269724 19
33096091 5671779 94
33096169 11935144 52
33096184 20652028 1
33096205 17710136 95
33096864 31248342 61
33097160 16610484 40
33097170 33097171 100
33097207 17624775 54
33097322 2104196 62
33097378 336599 42
33097393 17242151 70
33097429 33097436 57
33097517 21803108 39
33097525 29959476 9
33097600 2063310 50
33097648 7953156 1
33097733 30087758 92
33097792 21484203 47
33097902 20546032 14
33097921 33097924 61
33098042 19969360 48
33098050 18579983 59
33098057 464889 1
33098076 20546049 37
33098207 22487601 44
28904852 13785290 52
28904800 3937080 2
33098564 6617875 89
33098619 9199211 92
33098630 1218265 27
33098641 927855 59
33098731 31375088 92
33098740 16282658 75
33098768 19419397 69
33098918 31681831 100
33098923 33098927 57
33098947 33098954 80
33098997 26875137 90
33099011 10365921 10
33099372 660480 5
33099411 33099416 35
33099587 11899921 39
33099642 31402270 92
33099668 7840493 59
33099676 30109393 62
33100023 3951918 66
33100319 17690063 51
33100768 665521 62
33111782 6376990 100
33111888 11179800 93
33285583 806379 99
33481652 1957252 27
33490157 33490159 88
33507337 31690626 89
15554470 11692413 46
32005868 32005879 78
1854807 2656277 13
34006310 34006314 17
34652461 2309360 93
34747940 31577200 66
34749371 589809 38
34751426 6325386 56
14627436 14627486 23
34763953 14222979 73
34772695 34772704 3
34805468 34805472 41
34806105 1634640 41
34806201 31272331 22
34120453 13455340 68
32126785 16017574 24
34807014 1002246 100
34807379 31703879 55
34827548 813653 17
34839972 25585408 87
34840585 3686148 65
2989412 3504303 10
34863990 5625269 82
15198430 3569932 19
34867797 847130 6
34867831 5859424 69
34867981 12111448 61
34873714 31339650 18
31940655 10243876 31
34878089 1571863 50
34882052 20891349 81
34889530 31751585 41
34890334 251127 58
34893928 831131 68
34900360 17155617 78
15181107 15181137 69
34914250 5091121 73
28875309 28875320 25
34929111 4165578 23
34931676 34931680 71
34931689 19776828 95
28893224 16924158 15
14233880 14233884 85
34948033 8323290 26
34948387 27578631 80
34951253 753799 2
28842122 28842131 36
34968147 19468133 92
33697052 19493065 62
34988813 18210073 40
34993567 16449049 37
34993578 6709427 46
3230083 3679892 32
34993640 20672469 48
34993643 31260332 25
34993676 20693096 24
32152956 4610783 39
35404269 19806262 36
10634385 10634561 82
34005280 31537492 74
35404754 19522318 97
35404830 35404833 84
35405032 32587312 77
35405047 35405053 10
35405078 5706848 71
35358031 29994603 38
35537622 35537626 62
35540359 5223977 68
35540524 35540531 4
35541451 2408083 71
35679849 1491870 6
35718706 328156 48
35863140 8264310 27
35863339 2574689 28
35863362 35863366 55
1004379 1855050 50
3861743 4092155 27
35864496 6587394 61
35865303 21920339 66
35865501 14293576 28
35865955 31544764 32
36506271 2912140 61
15245273 15245302 89
33704689 1750381 82
33650013 33650019 47
14109422 14109427 50
28850653 20226368 74
6647735 6647801 16
15220067 15220073 49
34121733 6168000 62
31802407 3689262 47
32641120 21476684 49
33831509 12136613 17
36650064 11185498 54
36650100 2060907 60
36651948 31678439 44
36652189 36652194 76
36674157 20700395 94
36674159 2886207 68
36674161 19811515 94
36674163 20631629 40
8968986 6202436 93
36674165 18404729 92
36674169 4595923 61
36674172 1871214 38
36674174 20664966 4
15573639 1720048 95
36674196 20661048 34
36674203 16988761 18
36674208 31669445 6
36684606 1000492 21
30623558 13382293 69
36686628 19655120 64
28904753 3286755 62
36688781 10388484 91
36688803 9776459 94
36688944 25609792 70
36689136 9828666 6
21717133 3242346 65
36693832 1746120 18
36696732 31374743 7
36700058 8285930 54
36721719 26341168 71
36724246 10990877 33
36739350 31668823 61
15563511 15563574 55
36753869 597498 17
6210702 6210771 61
36756407 36756410 77
36759150 21182803 93
36762047 765010 14
36762404 36762406 88
28782134 27367334 59
36764760 20804549 86
36765918 21124864 7
36765962 897266 11
36765971 3087556 65
36765986 36765989 40
36765993 9250654 45
36766019 3327801 65
36766027 543573 58
36766042 19586297 37
36766048 675857 48
36766075 31548758 45
34807029 8940587 95
36766083 3195691 64
36766088 2773082 23
36766120 2296658 10
36766171 31391043 41
15009752 7663333 16
37683543 2101533 82
37683547 445993 69
37683597 28783446 46
37683773 37683775 45
37683803 4213622 12
37683863 20708309 81
37683911 20693128 74
37684206 14659942 98
37684361 1379907 98
37684915 10758876 35
37686649 3515034 43
37687331 37687334 56
37687613 16604652 62
37688449 30047232 6
37688834 3688363 45
37688848 908496 88
37692763 3162404 48
37693825 2694680 31
37693833 2726917 2
37695148 37695152 38
30621283 18343907 81
37695331 37695335 99
37695416 26943854 59
37695704 20547627 58
37697827 857263 49
37701348 12107164 26
37702049 1256496 16
37705370 1420337 92
37705751 95343 98
37311888 31617742 88
34005470 2912720 94
15263212 15263227 90
15263209 15263223 5
1001219 1303327 72
3196341 3652827 21
2198319 2935360 74
35369983 35369985 17
35368240 336641 70
35383757 225873 81
3505415 3861878 5
15263213 15263229 94
38073166 17127686 54
38073989 17811700 1
38079432 31251040 71
38081805 5580590 67
38101347 20813093 79
38102669 4235183 10
38109433 9776483 33
31986831 3329511 21
38160315 20566018 19
352841 942717 9
38180498 21438500 62
38182013 20795461 98
38185502 31548062 58
38190324 31594389 72
38196157 31552254 88
38201126 38201131 9
3647710 898657 84
38633657 18575694 93
38633793 5488115 78
38633815 14180679 52
38633851 3974842 32
38633880 19498591 89
38633904 11880755 11
38633951 38633958 58
38633996 1000912 15
38634001 4390894 25
38634008 7546209 28
38634023 13069704 79
38634077 7172537 5
38634157 11083257 93
38634172 2499696 45
38634221 1692077 88
38634442 19656554 82
38634545 26686432 69
33099375 11183772 73
38634604 6264981 40
38634744 5973284 86
38634751 25979152 53
38634756 3642798 57
38634761 1020884 37
38634780 21158903 37
38634803 10727561 61
38634819 8881465 7
38635092 29834528 79
38635144 394214 99
38635260 3970575 35
38635395 8547019 1
38635529 35162598 24
38635530 6651352 16
38635571 31602911 42
38635631 21013732 91
38635757 893441 63
38635766 5448222 90
38635773 434524 54
38635797 4987306 62
38636001 21122928 40
38636038 9844457 39
38636069 38636072 7
38636220 5448013 54
39190353 28497336 36
30673493 30673503 83
28937884 4105500 99
30686700 848735 21
33648454 19274722 36
32168678 32168682 23
34121748 34121755 54
32021895 1663542 26
15251327 1254543 5
39351705 16989892 99
39352121 1847821 11
39460342 31273867 19
39461251 20694783 27
39462185 31743138 69
39462195 31570812 26
32128787 31385232 83
39462891 39462894 20
39473840 20494444 59
39478527 31614859 45
39483476 39483479 89
39487003 6218573 2
39487805 18861442 88
39488036 39488039 89
39488572 2554500 46
39493288 39493291 77
39497780 28346917 30
39498250 7677719 61
39513583 19653955 93
2270525 2990686 40
39516753 39516759 27
39517136 39517144 70
39518513 8232826 28
39519591 29971185 24
39523478 643172 70
39523651 31674283 64
39530237 7520096 46
39534089 39534092 24
39535047 18687484 92
39536101 7732809 34
39536360 20926445 96
39537381 31663809 55
39537518 39537521 19
39538392 39538395 100
39539320 39539323 9
12265341 12265380 76
39579696 918293 68
15245012 5272058 58
39587219 1421532 10
39588831 39294432 86
39602460 20692902 20
39603009 1855384 54
39603227 19930190 61
39604547 19425434 37
39604764 2737507 24
39604942 1739833 24
39604988 20708326 32
39605529 3332881 53
39605567 16227968 94
39606006 3885765 50
39606635 7457231 69
39606717 10206492 19
34121067 19164283 48
39607606 31690770 22
39637109 18412663 90
39938639 31335830 3
36052906 11092231 61
39949191 9249232 21
40035604 3860947 47
40141089 28319831 73
40150977 27435477 27
33692937 28823104 50
40172330 16242673 83
11973905 11973912 23
40172331 31624733 39
40172335 31570771 70
40172338 40172340 71
30612234 16438168 34
40172365 16876477 94
40172367 19399404 63
14272432 14272437 37
40172373 1602746 28
32970972 31616971 99
40172422 21929361 28
12106421 12106427 81
40172474 8197945 36
40172501 31667649 63
40172510 20660405 88
40172628 20635902 76
40203966 1058436 62
40275974 2017503 37
40276362 20163818 67
40277840 31384141 1
40277864 18779017 7
32613592 1419356 28
11525818 527148 49
40630396 6563431 56
32635434 20516907 16
14620638 14620653 37
30623560 19274562 81
40630924 40630928 7
2316226 3024077 49
41177842 7797359 19
41178189 31537205 79
41332999 41333001 1
41333102 19581366 62
40630926 31621162 22
41333963 31553915 48
41334525 22207441 87
41334711 12844416 75
41334717 41334719 40
41334732 20682376 56
41334734 4087897 60
41334818 1235302 11
41334883 10627210 44
36087242 20624999 62
41334975 5323453 66
41335045 8516310 60
41335079 4529026 97
41335153 15450724 48
12665336 12665342 51
41646829 1947051 89
41668846 20840811 38
41668900 25399314 51
41668905 2353686 5
41668912 4145488 94
41669099 41669101 5
41670489 870865 32
41670696 31416870 32
41670810 29914049 90
41671165 41671168 51
41671182 9775087 95
41671222 7947570 10
41671480 20212084 36
41671503 9021809 42
41671513 28852802 59
41671601 31717376 4
41671703 31554911 99
34807790 1681443 3
41671924 9887306 80
41672044 10121061 44
41672274 41473713 64
41672551 31679670 80
41672574 41672576 30
41672593 41672597 64
41672618 41672622 39
41672634 41672637 67
41672679 28342382 10
41672695 38318558 84
41672718 19999913 65
41672779 41672782 19
41672783 41672787 50
41672788 8724097 5
41672795 11078521 82
41672798 41672801 37
41672802 41672805 92
41672806 41672809 68
41672810 17216562 41
41672820 20696878 79
12265334 12265375 51
41672878 41672881 19
41672970 8261838 63
41673273 1437978 2
12814508 12814511 46
41673408 22192599 51
41673410 41673412 49
41673794 31545594 99
15181687 15181697 3
41683883 17295973 12
41688896 1320887 70
9005267 3327189 50
21891770 21891774 50
30354712 20635995 34
11973910 7845540 95
32618442 8745066 21
40172505 895235 5
41721658 28340249 43
32633620 1909255 75
34809359 29916590 96
8997749 4292744 50
21904349 3204036 99
43838896 20356020 26
44958386 44958390 26
45103282 20214563 94
45104793 2300616 27
45104915 26954113 64
45104966 45104968 70
45104974 17533469 42
45105248 3841025 70
45105318 21688019 67
45105393 31591435 16
45105407 19996296 41
45105444 21013575 89
45105512 31691420 36
45105521 20814700 38
45105705 19327442 30
45119345 5427572 32
34878090 31335499 33
45241268 101651 70
45242457 31666252 61
45242614 1325891 93
45242634 31260316 18
45243377 20672451 93
45243471 41384530 7
45245412 31669013 63
28890540 21299764 34
45245730 43493225 60
45246306 30161006 8
45246909 1235389 94
45247750 1020003 59
45248169 15237444 68
45248237 7631259 44
28964377 5507342 75
45252338 6096335 46
45252557 20686916 38
45253363 18251283 67
45253464 20682515 18
45253470 9281699 93
45253541 14338455 73
45253725 510252 33
45253988 10789614 3
45254314 884276 27
45254533 10751589 18
45254666 45254668 64
45254677 45254680 1
45255048 16448089 93
45256134 20708344 92
45256573 21120370 89
45256634 8020936 44
45256738 7623916 29
45257042 20159126 40
45257944 3568160 67
45257950 17885896 65
45258663 20663447 8
45259012 45259014 87
45260877 14579746 50
45261113 31260345 26
45261249 1641242 61
45261457 45261459 87
45261581 45261583 73
45264018 31470063 85
45264609 6332122 73
45264685 4654837 56
45264706 45264708 25
45264709 17627672 20
45264959 45264961 29
45266823 20625109 19
45267039 31619045 90
45268385 20659242 5
45269439 792805 99
45269689 20656423 89
45270111 11117536 31
45271233 45271235 43
45274099 45274101 9
45274133 7142584 85
45274749 21123094 99
45275061 20670875 60
45275513 19834449 31
45277187 22290351 95
45277436 45277438 86
45277568 17337516 82
34808966 3935384 67
45278519 8817978 58
45280796 1230295 40
28837508 28837511 98
45282298 18268015 61
45283196 21415100 15
45283383 45283385 25
45283427 4786783 71
45284031 28324790 41
45284418 20691457 84
45285360 45285362 24
45286055 16672122 15
45286937 3431798 98
45287417 19810423 23
45288269 16448981 93
45288942 9435266 61
45290285 39577900 8
45290305 20628862 33
45290988 3241320 61
45293195 13416760 65
45294062 44532150 46
45295363 27795429 75
39921025 39921028 13
45297801 31590094 93
45298105 20665401 14
45298392 18970171 54
45298965 396452 43
45299881 8243072 80
45300120 27216751 94
45301276 12238025 49
45302609 44536747 70
45303971 6285122 43
45305741 17380836 33
45305907 9157114 10
45306042 45306044 94
45306493 10884574 47
33651387 33651390 15
12265325 12265359 92
45308255 45308257 75
45310816 20951758 18
45311204 45311206 62
28940286 28940289 56
45311838 28347035 58
45470825 19283586 60
45587738 21121207 45
45991646 7603893 26
45991650 140481 85
45991705 9199161 100
45991715 45991717 71
45991734 7279315 77
45991738 19181520 25
45991766 7612195 78
45991806 20755285 96
45991829 9553741 48
45991841 45991843 35
45991852 21234093 1
45991889 30170395 57
45991904 31662841 72
45991914 45991916 23
45991952 27441764 31
45991958 45991960 43
45992018 31274034 41
45992052 45992054 9
45992068 19856822 95
45992134 17970871 61
45992149 31701099 24
45992172 45992174 98
45992206 26979892 40
45992208 28936978 8
45992232 44565067 59
45992237 20222147 54
45992277 45992279 10
45992303 45992305 63
45992319 19472604 52
45992341 31664593 65
45992365 31274228 10
45992422 33696673 9
45992438 17342335 88
49035352 20824036 51
49035353 20708335 58
49035354 20678266 86
49035355 20704961 17
49035357 20706476 5
49035358 21332047 80
49035359 31407599 43
49035360 21593682 27
49035361 20587675 68
49035362 8826458 12
49035363 15762054 58
49035364 38335044 98
49035365 901704 93
49035368 42620769 46
49035369 17758633 14
49035371 44540933 75
49035372 11457931 73
49035373 49035374 21
49035375 49035376 78
49035377 6045314 21
49035378 16323856 39
49035379 49035380 14
49035381 49035382 17
49035383 14774540 38
49035385 365383 79
49035386 334359 59
