28729737 28729740 33
28958274 28958282 36
28958313 28958278 68
31002123 1836696 73
31002141 11447127 30
31002148 1836696 71
31002149 1836696 62
31002500 1836696 38
31002501 1836696 69
31004509 1836696 17
990781 1836696 42
31004533 1836696 81
31004534 1703441 67
31004611 1836696 73
31005074 1836696 1
31005076 1836696 37
31005079 1836696 59
31005139 1836696 84
31005176 1836696 89
31005179 31005180 93
31005181 1836696 79
31005257 31005180 64
31005273 1836696 81
31005311 1836696 30
31005357 1836696 3
31005368 1836696 86
31005770 1836696 75
31005941 1836696 13
31005969 1836696 81
31006060 1836696 77
31006101 1836696 76
31006103 28352984 4
31006122 31006123 36
31006151 1836696 63
31006184 28352984 72
31006190 1836696 11
31006192 1836696 77
31006259 1836696 17
31009620 1836696 34
31009687 1836696 51
31009727 1836696 55
31009728 1836696 14
31009729 28342966 95
31009732 1836696 7
31009752 1836696 32
31009768 1836696 33
31009821 1836696 1
31009824 1836696 67
31009866 1836696 85
31014410 28320551 3
31014433 28326226 11
31014441 28321153 17
31014452 28345345 70
31014456 28322422 46
31014458 28322342 32
31014468 28342748 93
31014476 28349751 54
31014481 28319681 77
31014489 28349691 14
31014491 28321938 63
31014494 28321081 57
31014500 28321938 2
31014534 28322477 39
31014536 28327136 82
31014540 28321938 8
31014542 28354181 37
31014551 28343290 58
31014560 28320428 61
31014562 28321938 83
31014566 28320155 33
31014566 28354181 67
31014569 28344497 10
31014571 28344303 95
31014575 28327190 42
31014579 28321352 64
31014583 28334383 7
31014591 4953017 91
31014595 28351748 85
31014603 28354181 16
31014640 28322268 7
31014645 28341037 72
31014661 28342748 86
31014667 4953017 44
31014678 10971562 30
31014682 28321046 44
31014690 28345412 48
31014699 28322477 8
31014699 28349743 9
31014707 28344131 13
31014715 28341211 22
31014736 28351467 54
31014740 28348551 79
31014751 28321589 42
31014757 28321081 38
31014760 28321046 22
31014766 28322648 95
31014768 5921691 27
31014771 28348165 29
31014775 28351758 19
31014777 28321938 95
31014781 12557834 64
31014795 28322648 32
31014823 28341211 40
31014825 28321759 32
31014836 28321938 45
31014840 28351748 28
31014844 28322422 23
31014846 4953017 35
31014853 28319920 51
31014855 28343290 44
31014858 28320236 13
31014858 28351423 26
31014863 28321046 71
31014865 28354181 25
31014873 28327190 56
31014877 31014878 62
31014881 28321148 3
31014902 28355066 69
31014906 28321837 85
31014908 28354181 12
31014910 28321938 23
31014912 28321938 65
31014916 28320418 97
31014922 28342966 5
31014924 8493387 96
31014926 28344303 13
31014928 28337590 39
31014930 4953017 50
31014934 28330722 100
31014934 28333343 33
31014942 28354805 67
31014950 28322268 41
31014952 28321081 78
31014956 28334383 78
31014956 28348770 58
31014959 28320493 93
31014961 28354181 73
31014971 28348551 37
31014973 28348551 95
31014977 28339459 50
31014980 31014981 49
31014985 28322648 60
31014987 28322422 63
31014991 28351467 32
31014994 28321938 39
31015002 28354650 12
31015007 28321938 37
31015015 28321081 55
31015024 28319803 79
31015024 28320953 56
31015026 28322856 78
31015026 28341553 68
31015028 28338986 40
31015028 28341834 52
31015028 28353176 66
31015041 28351748 32
31015047 28322422 17
31015049 28347688 81
31015060 31015062 6
31015074 28353454 53
31015081 8127909 49
31015089 28321837 56
31015098 28321938 50
31015108 28346839 14
31015111 28322118 23
31015116 28341211 56
31015121 28332418 13
31015127 28348551 80
31015131 28351467 74
31015133 28347848 83
31015135 28319920 42
31015142 28321589 9
31015146 28349847 20
31015150 28320157 72
31015154 7765676 7
31015162 4953017 47
31015168 28321148 5
31015176 28348770 83
31015176 31014841 29
31015192 8493387 90
31015198 28347486 82
31015202 28322422 91
31015204 28346930 47
31015210 28321987 63
31015217 28321938 2
31015230 28351423 3
31015258 28321153 71
31015266 28354761 84
31015276 28321081 92
31015278 28319920 4
31015289 6766203 1
31015297 28320650 28
31015314 28321081 83
31015320 28352746 25
31015327 28339955 60
31015347 28322422 72
31015351 28321938 11
31015355 5921691 47
31015355 4953017 73
31015393 28347486 65
31015406 28321938 9
31015412 28341037 67
31015414 28319920 10
31015417 28321987 37
31015424 28319920 85
31015424 28347698 68
31015440 28342966 94
31015445 28352969 49
31015447 5921691 65
31015447 4953017 54
31015449 28342748 4
31015455 28351467 99
31015462 28351467 64
31015464 28354066 52
31015472 10318055 70
31015476 31015477 26
31015480 28331990 42
31015490 28322294 61
31015494 28347486 20
31015504 28320551 35
31015504 28345191 17
31015537 28350970 5
31015555 28339051 40
31015565 28354760 17
31015569 28320157 97
31015577 28322176 52
31015597 28321899 12
31015609 28321938 46
31015612 28350050 86
31015626 4953017 85
31015628 28330722 95
31015636 28339057 31
31015636 28347486 22
31015639 28347486 41
31015646 28321938 17
31015650 28352746 19
31015668 31015341 78
31015670 28320588 62
31015674 28321938 61
31015680 31015681 21
31015732 28351159 82
31015739 28322268 61
31015751 28322554 16
31015751 28337162 66
31015751 28349701 6
31015753 28319748 86
31015753 28321912 2
31015755 28321352 24
31015761 28347486 88
31015804 28343931 77
31015821 28352746 89
31015857 28322220 46
31015857 28345302 82
31015860 28348770 26
31015879 11731993 56
31015882 28321987 72
31015892 28347848 22
31015898 28321938 93
31015902 28319920 47
31015912 28320626 80
31015927 28337590 76
31015929 28320157 54
31015941 28319920 35
31015941 28343374 89
31015943 28351159 62
31015945 28344497 85
31015950 28342966 81
31015962 28334383 35
31015977 28321081 40
31015979 28337590 49
31015986 28327190 80
31015988 2998469 38
31016003 28340482 52
31016013 28330722 91
31016052 28347486 36
31016056 28321938 73
31016060 9851708 79
31016060 11352985 2
31016060 12221965 60
31016062 28354181 13
31016068 28322176 34
31016073 28348693 76
31016082 4953017 21
31016092 28330722 55
31016342 28347698 80
31016344 28349092 61
31016407 28342980 78
31016411 28347486 14
31016415 28321081 23
31016421 7367373 35
31016421 10318055 10
31016487 28339459 57
31016499 28338937 13
31016506 28322632 20
31016510 28348399 44
31016514 28321148 64
31016516 28354650 50
31016518 28321352 72
31016521 28321938 53
31016525 28321938 81
31016537 28321148 98
31016542 28322632 49
31016563 28321153 28
31016567 31014459 28
31016573 28339459 12
31016577 28341037 95
31016597 28349264 8
31016641 28345345 92
31016648 28348937 91
31016665 28321899 78
31016669 28319920 64
31016669 28327136 99
31016693 28351467 55
31016697 28347577 77
31016707 28350137 33
31016709 28322862 70
31016719 28322300 83
31016721 28342305 56
31016743 28351467 13
31016747 28319923 41
31016747 28320261 70
31016749 28349092 62
31016757 7873361 97
31016765 28344441 65
31016777 28321081 73
31016779 28321938 87
31016785 28347471 28
31016790 28346995 32
31016792 28321046 17
31016804 28322422 21
31016828 28348533 40
31016843 28350970 65
31016845 28322856 21
31016845 28341553 48
31016849 28350050 35
31016851 28354181 58
31016856 28319920 5
31016858 28320913 8
31016862 7367373 35
31016862 28322342 9
31016867 28322294 100
31016871 28321081 40
31016892 28321938 97
31016919 28351159 64
31016919 28351236 33
31016921 28351467 81
31016923 28343298 82
31016929 28320588 24
31016934 28320626 4
31016934 28348770 89
31016936 28320626 49
31016938 28347471 11
31016940 28338848 54
31016942 28322421 67
31016951 28320404 82
31016953 28337162 3
31016966 28322422 73
31016976 28321938 35
31016978 28319920 46
31017022 28322856 61
31017022 28341553 78
31017025 28337162 77
31017029 28321837 30
31017033 7367373 17
31017033 10318055 52
31017035 28339951 8
31017035 28355175 83
31017037 28351467 42
31018075 28353279 2
31018088 28321938 24
31018090 28347471 10
31018108 28338963 29
31018114 28348384 41
31018114 28352510 80
31018400 28321938 71
31018406 28350878 55
31018408 28346048 58
31018426 28320626 33
31018426 28320858 8
31018445 8493387 90
31018451 31015341 26
31018455 28321081 34
31018457 7576867 95
31018457 28351001 48
31018469 28350137 70
31018473 28322294 25
31018477 28355042 66
31018479 28348077 89
31018491 28319920 7
31018493 28348384 76
31018499 4953017 17
31018515 28347471 94
31018523 10362734 44
31018523 31014459 74
31018530 28321987 57
31018536 28319920 52
31018536 28327136 45
31018546 7367373 93
31018546 10318055 48
31018550 28320748 93
31018554 28351467 38
31018598 31018599 73
31018603 28352746 12
31018605 28322422 62
31018662 28343986 4
31018662 31014459 97
31018664 7367373 49
31018664 10318055 32
31018678 28354181 70
31018687 31018688 48
31018746 28322422 80
31018762 28339955 39
31018776 7367373 86
31018785 28350970 22
31018789 28348508 81
31018801 28354326 88
31018829 28321081 81
31018848 28322422 70
31018856 28345820 29
31018864 28321938 63
31018866 28341786 89
31018866 28355036 56
31018868 28321938 33
31018868 31018869 77
31018877 10318055 12
31018879 28319920 22
31018879 28324974 35
31018884 28319920 92
31018904 28321837 54
31018917 28320404 42
31018917 28320951 81
31018917 28344102 76
31018917 28346015 98
31018934 28351467 100
31018938 2998469 50
31018950 28349615 52
31018956 28321081 96
31018965 28319920 70
31018967 28354174 32
31019003 28321938 46
31019013 28344836 19
31019015 28344836 29
31019028 2998448 83
31019034 28347021 20
31019042 28344617 17
31019054 28353066 4
31019068 28321899 59
31019082 28322422 6
31019089 28321938 31
31019089 2998469 29
31019097 8225082 100
31019097 28354650 26
31019100 28321938 23
31019110 28321938 45
31019131 28351159 20
31019155 28319920 14
31019163 28348770 91
31019165 28322268 51
31019173 28342748 69
31019184 28351748 93
31019194 28354326 17
31019196 28348508 19
31019208 28338963 32
31019220 28320626 37
31019222 28320626 63
31019224 28322554 16
31019224 28337162 15
31019226 28322554 5
31019226 28337162 83
31019236 929005 72
31019259 28321837 11
31019262 28322422 71
31019269 28321938 12
31019271 28321938 99
31019275 28321938 62
31019281 28339191 19
31019283 28339191 81
31019289 28345345 79
31019295 28322422 13
31019338 28319920 46
31019342 28321589 86
31019344 28348508 92
31019358 3240850 67
31019358 11449926 2
31019358 31019360 68
31019383 28346236 35
31019402 28319920 40
31019410 28319920 9
31019412 4953017 87
31019414 4953017 100
31019422 28321081 62
31019439 28321081 58
31019445 28321938 95
31019458 28351467 15
31019460 28351467 72
31019467 28320157 49
31019469 31015681 69
31019471 28320157 45
31019473 28322862 95
31019476 28322862 66
31019478 28346611 7
31019478 28351001 35
31019485 28351383 89
31019498 28321837 97
31019504 28319694 99
31019509 28319694 82
31019513 28322422 88
31019517 28321352 76
31019519 28321352 96
31019523 28348770 4
31019523 28350363 19
31019527 10818566 43
31019527 28348813 64
31019529 10818566 85
31019529 28348813 18
31019531 929005 77
31019535 28346365 87
31019589 929005 6
31019589 28344560 20
31019589 28354181 23
31019596 28350970 76
31019601 28341037 11
31019606 28343298 20
31019610 28321938 30
31019626 28343374 64
31019670 28348770 25
31019724 31016095 83
31019731 28322632 57
31019735 28322422 48
31019756 28340733 4
31019758 10275863 75
31019784 28341037 94
31019794 28354650 83
31019798 28340733 67
31019800 28354462 93
31019811 28322422 90
31019813 8054737 73
31019817 28321938 17
31019821 28342977 57
31019827 28321759 46
31019827 28348508 20
31019831 28321081 38
31019834 28343280 91
31019842 28349751 88
31019844 28339191 95
31019852 28319923 75
31019872 28319920 50
31019878 28341031 60
31019897 28322294 2
31019908 31014886 88
31019923 28321938 12
31019929 28321589 97
31019938 28322465 25
31019954 28338848 12
31019964 28341914 48
31019975 31015681 68
31019977 10275863 89
31019977 28320422 98
31019989 28321938 100
31020004 28351467 3
31020008 31015477 59
31020010 31015477 80
31020012 31015477 74
31020016 31015477 49
31020022 28354181 12
31020050 31014981 79
31020103 28321938 87
31020111 28319694 13
31020117 28349751 68
31020134 28321938 24
31020138 28347577 64
31020140 28347577 70
31020142 31015681 31
31020159 28319920 37
31020161 28321938 74
31020163 28319920 66
31020165 28338848 9
31020167 28338848 57
31020174 28331800 85
31020178 28331800 48
31020180 28350970 50
31020182 28350970 41
31020186 28348384 9
31020212 28346982 77
31020216 28349264 94
31020218 28321837 43
31020222 28346982 12
31020224 28349751 85
31020224 30611723 34
31020228 28322422 88
31020232 28321938 96
31020232 28342855 79
31020234 28321938 6
31020251 28333875 48
31020276 28322268 2
31020306 28319920 50
31020325 28320566 82
31020332 28322422 59
31020340 28322422 67
31020356 28326647 80
31020356 28355150 93
31020358 28326647 19
31020358 28355150 4
31020362 28337162 27
31020364 28337162 93
31020376 28322294 73
31020379 28354181 66
31020381 28321081 70
31020383 28321938 47
31020385 28323988 10
31020391 28322422 96
31020396 28350050 46
31020401 28326647 44
31020401 28339410 84
31020407 28350050 70
31020418 28321081 58
31020422 28322342 39
31020427 28354181 22
31020437 28321938 94
31020447 28320404 5
31020450 28320404 33
31020462 28321938 80
31020467 28321938 7
31020501 28320626 84
31020503 28320626 96
31020516 28348384 3
31020521 28319920 68
31020555 28339951 53
31020561 8127909 100
31020561 28342511 74
31020563 28349751 62
31020563 30611723 78
31020603 12329702 83
31020617 28321938 92
31020622 28321837 38
31020626 28321837 44
31020628 28354181 33
31020631 28354181 83
31020633 28320263 10
31020650 10275863 61
31020650 28353904 29
31020655 28346015 38
31020663 28354181 100
31020673 28319920 34
31020677 28351423 90
31020679 28322465 64
31020681 28322465 80
31020683 2585476 90
31020687 28334073 31
31020709 28342808 18
31020713 28340130 70
31020715 28340130 58
31020719 28321938 59
31020721 28351467 40
31020731 28341736 91
31020733 28341815 81
31020737 28341736 53
31020782 28322282 68
31020784 28322282 69
31020792 28320404 88
31020808 28320404 19
31020813 28320404 15
31020815 28320404 69
31020846 31015681 56
31020849 28322422 12
31020894 28320404 2
31020917 28350970 45
31020946 31018599 93
31020976 28319694 49
31020978 28339860 6
31020978 28349892 25
31020987 28322632 13
31020995 28321589 42
31021005 28319920 41
31021016 28325390 3
31021016 28350970 23
31021025 28320157 89
31021029 28321938 92
31021032 28321589 63
31021038 10318055 19
31021047 28340733 83
31021061 28321589 46
31021065 28344608 45
31021082 28320528 66
31021082 28321081 89
31021112 31018599 81
31021125 929005 29
31021125 28354181 34
31023476 31015477 53
31023480 28342977 67
31023484 28354181 16
31023491 28346982 74
31023493 28319785 88
31023521 28340130 33
31023523 28321081 5
31023529 28321938 61
31023529 28349092 80
31023535 28321759 62
31023539 28354181 85
31023543 28321938 57
31023573 28346015 5
31023575 28340733 64
31023577 28340733 23
31023583 12557834 49
31023595 28339459 90
31023612 28321352 12
31023622 28322632 28
31023642 28340481 46
31023642 28351001 99
31023644 28340481 78
31023644 28351001 81
31023676 28321589 53
31023679 28322282 5
31023681 28321589 41
31023730 28321589 30
31023732 28321837 93
31023744 28348384 85
31023795 28321938 75
31023801 28352677 52
31023805 28352677 18
31023821 28348384 18
31023823 28322422 95
31023840 10818566 17
31023840 28321987 48
31023853 28349264 24
31023855 28340729 60
31023861 28354181 81
31023863 28354840 56
31023865 929005 47
31023865 28348693 59
31023865 28351236 37
31023869 31018599 66
31023871 28341342 49
31023873 31018599 61
31023875 28341342 79
31023877 31018599 84
31023879 28321938 92
31023895 28322717 87
31023895 31023897 46
31023923 10318055 92
31023949 28330244 63
31023964 28331355 64
31023966 31018599 10
31023968 28341640 55
31023980 31018599 3
31023982 28341640 44
31023986 28321938 74
31023989 28350050 86
31023998 28321837 12
31024010 28320530 68
31024020 2998448 34
31024043 28321837 14
31024118 10283316 91
31024120 31018599 59
31024126 28322477 95
31024138 28321938 33
31024140 28321987 62
31024142 28321987 53
31024148 28322422 36
31024173 28341037 49
31024180 28345563 52
31024182 28345563 40
31024206 10818566 71
31024206 28321987 25
31024221 28321938 86
31024256 2998448 79
31024259 2998448 70
31024274 28321352 83
31024283 10318055 100
31024285 10318055 26
31024290 28353764 59
31024307 28354023 61
31024315 28340130 64
31024319 28322422 70
31024323 28340733 36
31024333 31018599 16
31024335 28338848 67
31024337 28349564 22
31024341 28322282 49
31024346 28321938 12
31024350 28352222 47
31024376 31024378 9
31024403 28349564 74
31024411 28321081 79
31024418 28321938 68
31024437 31018599 26
31024444 31014459 91
31024446 28342966 29
31024485 28346015 45
31024502 28331928 99
31024518 28322422 17
31024526 31018599 16
31024529 28327674 36
31024532 28354181 29
31024560 28319938 46
31024560 28340733 14
31024580 31014886 45
31024582 2998469 78
31024586 2998448 89
31024608 28321938 63
31024614 28354181 19
31024616 28340282 16
31024658 28321589 4
31024682 28351467 60
31024686 31018599 21
31024696 28321081 98
31024704 28354181 14
31024747 28320157 59
31024751 28320157 33
31024768 28322422 36
31024778 28322630 26
31024785 28320263 99
31024789 28320263 80
31024791 31014981 8
31024797 31014981 68
31024821 28319920 15
31024831 28340733 53
31024857 28321352 82
31024862 28331928 49
31024877 28320955 84
31024899 28321589 54
31024901 28342117 91
31024903 28342117 85
31024905 28322282 94
31024916 28323563 16
31024924 28344559 72
31024932 28321938 33
31024946 28342966 76
31024950 28325390 98
31024950 28350970 81
31024964 2998448 94
31024974 28319938 32
31024976 28338848 51
31024992 28346015 86
31024999 28320528 4
31025003 28340293 32
31025005 28320528 26
31025022 28340803 62
31025024 28331621 50
31025031 28340803 34
31025043 31014981 67
31025053 31014981 52
31025055 302823 33
31025060 302823 64
31025062 7367373 4
31025062 7481948 81
31025064 28351467 85
31025064 28355322 64
31025066 28351467 36
31025072 28320626 79
31025074 28320626 48
31025092 28321938 86
31025099 31018599 44
31025113 28321081 37
31025115 28321081 41
31025136 28321938 38
31025138 28321938 81
31025154 28354181 43
31025161 28334427 63
31025165 28334427 93
31025188 28341342 31
31025194 28337139 22
31025196 28340130 46
31025200 28340130 55
31025202 28319923 58
31025207 28319923 83
31025209 28322422 41
31025236 28347577 93
31025247 28320686 17
31025275 30611723 69
31025298 28321987 83
31025301 28321987 85
31025323 28322294 92
31025345 28351159 38
31025349 28353349 60
31025351 28353349 49
31025358 28321419 81
31025369 28322477 38
31025374 28321747 57
31025380 31015477 40
31025382 7367373 62
31025382 28321904 59
31025382 31015477 36
31025400 12329702 82
31025402 28346312 72
31025407 12329702 37
31025424 28321419 76
31025428 28321395 83
31025444 31025446 28
31025486 31014700 73
31025494 28321938 68
31025500 28326430 3
31025500 31025501 13
31025506 28331928 61
31025521 28340733 28
31025547 28322422 79
31025552 28340733 52
31025560 28319694 72
31025564 28321938 82
31025601 28322632 76
31025649 31018599 49
31025659 28348551 12
31025661 28320528 10
31025671 28321331 68
31025671 28346539 73
31025689 28346015 63
31025707 7367373 19
31025707 28321904 41
31025707 31015477 61
31025711 2998448 11
31025730 28321132 18
31025732 2998469 60
31025734 28334427 21
31025752 28319920 89
31025766 28321837 47
31025768 28348770 55
31025776 28348551 45
31025784 28321938 34
31025790 28346015 51
31025821 28321081 100
31025840 31014459 94
31025855 28322422 31
31025865 28322007 82
31026181 28341310 85
31026206 28320263 37
31026210 31014981 78
31026214 31014981 87
31026226 7367373 27
31026226 28322477 40
31026228 28325959 45
31026245 28339696 42
31026247 28340130 8
31026258 31014981 99
31026264 7367373 99
31026272 28320691 35
31026272 28341834 27
31026272 28344952 25
31026282 28349236 66
31026291 28348055 47
31026293 28321938 6
31026295 28354181 54
31026297 28321589 49
31026299 28322422 13
31026316 28354181 21
31026328 28319423 53
31026328 28321352 56
31026328 28354308 8
31026333 28319423 54
31026333 28321352 49
31026333 28354308 63
31026335 28321938 32
31026343 28320626 18
31026380 28350363 17
31026389 31014459 21
31026395 28338848 77
31026439 28323563 50
31026442 28323563 64
31026454 28354181 61
31026456 28321938 15
31026458 28354181 86
31026463 31014981 48
31026473 28341110 52
31026508 28346982 59
31026520 10359041 82
31026525 28348384 7
31026532 28332457 3
31026535 28332457 1
31026565 28321938 14
31026567 28321837 19
31026569 7828433 39
31026569 28348118 1
31026574 28322422 35
31026584 28336358 46
31026584 28339696 75
31026586 10318055 43
31026598 28354181 41
31026600 8975469 58
31026600 28347577 54
31026614 28321987 44
31026618 15458543 23
31026620 15458543 31
31026628 28342188 27
31026628 28349087 95
31026632 28340801 35
31026665 28322422 92
31026725 28322632 17
31026736 31015681 91
31026777 28321419 11
31026777 28350572 17
31026780 28320155 29
31026810 28339191 55
31026830 28337162 88
31026840 11731993 88
31026870 31015169 76
31026872 28321081 29
31026876 7367373 52
31026876 28321904 97
31026892 12329702 22
31026930 28322422 70
31026932 28339491 27
31026940 28348055 100
31026946 28321938 10
31026952 28349143 76
31026962 31018869 42
31026968 28345805 37
31026970 28354181 37
31027004 31027006 28
31027011 28323563 50
31027015 28354181 27
31027021 28323563 100
31027023 28346656 99
31027034 28337162 76
31027036 31015477 15
31027040 2998469 84
31027050 31027051 80
31027056 28349564 11
31027060 28351383 30
31027062 8973413 68
31027062 28348304 66
31027073 28354181 58
31027079 28321938 5
31027102 28352294 56
31027104 28321938 3
31027106 28353349 10
31027108 28353349 16
31027113 28351379 53
31027117 31014459 20
31027121 28329174 63
31027123 28321938 100
31027165 28321081 64
31027188 28321938 32
31027207 28343248 6
31027251 28346271 36
31027251 28349750 88
31027257 31027258 24
31027282 28320748 35
31027286 28339491 55
31027294 28320528 41
31027300 28320528 73
31027318 31014981 47
31027324 28321081 90
31027332 28346015 68
31027334 28321987 13
31027338 28338963 43
31027340 7367373 68
31027340 7481948 88
31027340 28321904 25
31027352 28321938 74
31027356 28319938 19
31027361 28349564 10
31027369 28354181 92
31027383 28321081 5
31027385 28321081 53
31027397 929005 56
31027397 28320155 44
31027415 2998448 92
31027419 28348055 2
31027423 31015681 74
31027429 31015681 98
31027461 28351574 71
31027580 28348055 64
31027591 31015477 49
31027593 28321081 95
31027611 28352969 20
31027613 28322422 92
31027618 28321132 49
31027629 28319938 63
31027646 28321938 48
31027670 28321352 76
31027688 28322342 65
31027724 28321331 61
31027724 28342511 70
31027748 28319694 34
31027755 28339903 17
31027757 28338327 32
31027765 28345422 21
31027788 28322834 80
31027792 28348384 10
31027800 28348768 36
31027802 28321759 67
31027817 28320530 52
31027817 31027051 83
31027821 31027822 57
31027847 28322422 39
31027852 28321970 77
31027852 28341037 45
31027854 28321331 64
31027890 6818283 80
31027890 28341697 25
31027896 28322342 81
31027900 28352969 38
31027902 28321081 6
31027907 28323093 80
31027918 28355127 11
31027925 31014459 72
31027933 28348055 98
31027942 2998469 30
31027953 28321081 42
31027957 28320155 93
31027960 28321759 86
31028005 28350927 23
31028009 28353349 12
31028014 28322176 87
31028025 14592732 100
31028029 28342977 56
31028042 28339528 13
31028050 28355307 6
31028050 31014543 2
31028058 28320263 7
31028079 31015681 32
31028081 28347577 3
31028087 28321352 83
31028104 28348055 36
31028116 28332059 92
31028120 28346060 9
31028181 28321837 66
31028187 28321331 78
31028187 28342511 11
31028189 28320528 61
31028195 28320448 87
31028203 28320448 77
31028228 28321938 51
31028252 28339491 90
31028256 28347285 16
31028260 28341693 21
31028265 28323563 7
31028334 28353863 56
31028342 28322342 15
31028344 28322422 65
31028344 28323563 54
31028346 28321419 77
31028354 28320566 55
31028376 28322477 79
31028392 28320261 40
31028404 11731993 87
31028418 28321425 23
31028446 28348055 95
31028448 28341037 12
31028462 28321081 15
31028470 28321081 2
31028474 6435514 5
31028481 28321987 16
31028485 31015681 69
31028491 28321938 31
31028501 28346982 70
31028507 31015681 46
31028509 28348911 97
31028509 28354181 46
31028512 28321331 50
31028516 28322098 49
31028520 28323563 98
31028522 28354181 46
31028528 28354181 73
31028536 28343220 51
31028552 28320528 12
31028554 28320528 76
31028560 28339491 23
31028587 28325497 85
31028587 28354738 33
31028591 28325497 11
31028591 28354738 24
31028598 14632987 13
31028622 28348683 37
31028622 28355066 68
31028636 28321987 57
31028644 28352238 85
31028649 28341037 86
31028651 2998448 81
31028761 28321987 34
31028763 28346292 58
31028792 28346164 81
31028801 28352969 73
31028815 31028816 60
31028832 31020809 98
31028836 31018599 57
31028849 28347437 73
31028866 28322163 87
31028894 28339491 68
31028896 28351227 75
31028905 2998469 48
31028926 28355127 65
31028934 2998469 67
31028941 28349564 100
31028952 28321081 31
31028960 28342511 60
31028962 28322477 91
31028964 28321938 64
31028989 28321904 10
31030749 28321249 80
31030754 28321249 77
31030758 28354178 37
31030766 28339491 42
31030771 28321589 62
31030804 28320382 53
31030804 28340422 78
31030813 28322632 9
31030815 28320528 49
31030817 15405305 57
31030817 31015477 63
31030821 28341037 46
31030843 28330031 36
31030857 28321837 74
31030861 28320263 75
31030867 28334389 14
31030887 28322422 15
31030889 28344325 62
31030898 28322477 25
31031164 28321837 99
31031166 28349564 54
31031173 28342511 24
31031178 28340558 95
31031190 929005 38
31031190 28354181 33
31031209 28339696 82
31031227 28321081 33
31031237 28346060 83
31031239 28319785 70
31031239 28343264 85
31031241 9412216 78
31031247 10283316 71
31031276 28347482 24
31031283 28342808 22
31031287 31015477 22
31031293 28344315 65
31031293 31031294 51
31031298 28346982 16
31031304 28321987 48
31031314 6435514 24
31031331 28340154 21
31031331 28348609 47
31031331 28348687 91
31031351 28350341 4
31033019 28322342 25
31033031 28349892 58
31033031 28352999 88
31033035 28342993 35
31033048 28343667 78
31033053 28322422 47
31033059 28340850 13
31033077 28352677 14
31033084 28344764 12
31033088 28352677 12
31033096 28351204 80
31033100 28320428 73
31033102 31015477 16
31033107 28321923 44
31033119 28340016 24
31033121 28344382 79
31033126 28348991 95
31033130 28348991 92
31033138 31033139 98
31033171 28321469 50
31033186 28325869 46
31033186 28353732 93
31033201 28345872 95
31033201 28348300 69
31033206 28344102 63
31033249 8127909 57
31033261 28353732 54
31033272 28319785 40
31033272 28353189 25
31033284 28345768 66
31033291 28347482 90
31033303 28339528 35
31033323 28321331 46
31033335 28321904 73
31033339 28321081 89
31033353 28344315 57
31033353 31031294 27
31033361 28346550 77
31033363 28321837 64
31033365 28321589 21
31033386 28321987 35
31033388 28321352 58
31033390 28348338 85
31033390 31020809 62
31033395 28341752 21
31033403 28349564 36
31033409 28321904 50
31033419 28355127 25
31033421 28322422 36
31033423 28322600 39
31033445 28352294 50
31033449 6780306 88
31033453 28321469 43
31033455 28322176 91
31033461 28321081 71
31033464 28320528 25
31033494 8405447 72
31033499 6435514 93
31033516 28343828 100
31033520 28322465 10
31033539 28321904 29
31033558 28352969 27
31033595 28354241 84
31033613 28341405 85
31033618 28322202 49
31033665 28343209 76
31033674 28345250 56
31033715 28330031 20
31033735 28347901 86
31033740 28321938 7
31033742 28320528 87
31033753 28339696 44
31033755 28321837 41
31033759 28322342 30
31033763 28321837 16
31033767 28350970 91
31033780 10283316 42
31033787 28320686 38
31033789 28340247 51
31033801 28322422 98
31033814 28346015 11
31033828 28319785 99
31033828 28353732 75
31033830 28321837 7
31033835 28321081 84
31033839 28349101 57
31033854 28321987 66
31033866 28354181 35
31034001 28322477 84
31034017 28321987 85
31034017 28346265 56
31034019 28321352 61
31034026 28349102 85
31034044 28341037 31
31034049 28320145 6
31034060 28347577 87
31034085 31014459 17
31034095 28321081 97
31034098 28321081 61
31034109 28322422 22
31034115 28352294 99
31034117 28345867 15
31034131 28326430 31
31034131 31028977 69
31034137 28349025 43
31034137 28349564 44
31034139 28321938 91
31034142 28346015 98
31034146 31033139 73
31034148 28322477 86
31034148 28348911 45
31035264 28354634 26
31035274 28342345 1
31035285 28343102 93
31035285 28351750 67
31035291 28341693 80
31035293 28321904 27
31035295 28321132 25
31035299 28320530 86
31035299 28346015 66
31035311 28345768 60
31035325 28321331 46
31035336 31015477 98
31035344 28332059 33
31035350 28329212 42
31035389 28321352 15
31035394 28318031 78
31035398 28321352 76
31035600 28325497 98
31035600 28343046 61
31035610 28343209 75
31035619 28321331 79
31035700 28340384 31
31035721 28322098 19
31035748 28348384 24
31035801 28320448 14
31035806 28349240 31
31035813 28322202 72
31035840 28340197 55
31035854 802967 99
31035867 28355127 18
31035882 28344513 71
31035884 31033750 16
31035925 28340801 92
31035929 28322202 84
31035929 28348770 23
31035931 31014935 83
31035931 31033367 31
31035933 28355127 87
31035939 28349101 85
31035945 28353863 53
31035957 28322118 53
31035968 28322477 61
31035976 28320528 8
31035996 28347859 24
31036004 28322422 30
31036051 802967 92
31036098 28328841 43
31036112 28321904 55
31036114 28322118 79
31036138 28352969 86
31036142 28321419 96
31036167 9811424 93
31036167 28346663 65
31036187 28321425 1
31036202 28319785 5
31036217 28322616 57
31036221 28322176 57
31036241 28341481 11
31036243 28348775 27
31036258 7765676 6
31036264 28349102 60
31036268 31033750 15
31036272 28320626 60
31036272 28354806 6
31036297 28322422 35
31036312 28321352 17
31036314 28319938 91
31036334 28320528 18
31036334 28340539 11
31036338 28341752 78
31036346 28340197 55
31036351 31014459 38
31036371 28321837 100
31036373 28349101 31
31036377 28349240 44
31036389 28321938 60
31036462 28321904 1
31036491 28340195 52
31036499 28346982 20
31036503 31033750 19
31036505 10283316 16
31036517 28352969 4
31036519 28321081 51
31036521 31014935 12
31036539 28352202 57
31036541 28330954 72
31036549 28339184 91
31036559 28348068 28
31036561 28321938 6
31036571 28346015 46
31036631 28322155 95
31036679 8127909 88
31036683 28341126 45
31036685 28341126 72
31036694 28319938 77
31037060 6818283 70
31037060 28341697 11
31037066 28320145 4
31037091 28328841 49
31037101 28321904 2
31037106 28321108 98
31037114 10318055 8
31037136 31033750 88
31037166 28321938 3
31037199 31015477 94
31037203 28320528 34
31037220 28322118 93
31037245 28321938 81
31037257 28341840 87
31037272 28322494 56
31037278 28353732 77
31037278 31020213 59
31037282 28321081 54
31037285 28326243 5
31037297 28321837 68
31037321 28346060 10
31037325 31015477 58
31037327 28343209 63
31037329 28319938 5
31037341 28332059 21
31037346 28349234 15
31037355 28339120 38
31037363 28352294 12
31037365 28322202 11
31037365 28348770 3
31037374 28340197 6
31037381 2998448 78
31037407 28353732 33
31037411 28321904 41
31037421 28348539 75
31037433 28343046 13
31037435 929005 47
31037435 28354181 35
31037439 28354514 91
31037446 28350970 20
31037458 28319785 77
31037485 28320852 94
31037485 28351516 7
31037491 28355127 81
31037501 28347577 2
31037505 28321904 14
31037547 28321938 31
31037549 28322202 14
31037549 28355217 72
31037555 28344102 13
31037559 6780306 39
31037559 2998448 96
31037755 28339491 49
31037761 28320382 45
31037768 28352969 78
31037770 28352969 81
31037807 28355127 66
31037834 28321818 71
31037834 31020793 99
31037846 28321759 39
31037858 6780306 55
31037858 2998448 2
31037874 28341736 45
31037900 28349002 68
31037934 28320528 83
31037942 28342550 77
31037947 28337414 95
31037949 6780306 96
31037949 2998448 37
31037954 28321759 2
31037977 28327640 81
31037977 31033750 25
31037981 28320528 94
31037985 28322477 79
31038006 31033367 62
31038008 28353732 6
31038010 28348867 53
31038014 28321938 76
31038020 28352294 27
31038022 28353863 31
31038038 28348384 72
31038040 28339491 75
31038056 28321830 56
31038058 28343209 55
31038060 8493387 10
31038084 28321081 87
31038086 28334560 51
31038096 28353732 91
31038098 28341037 19
31038144 28352294 85
31038150 28344315 36
31038150 31031294 82
31038165 31015477 42
31038171 28341037 82
31038177 28354514 32
31038183 28348575 37
31038203 28320056 84
31038225 28321987 41
31038229 28323988 94
31038235 28323563 83
31038247 28321249 28
31038251 28355400 99
31038257 28349101 64
31038265 28321938 27
31038271 28344764 84
31038275 28340801 33
31038289 28320727 37
31038321 11449926 32
31038321 28342111 82
31038363 28322465 26
31038363 28351750 36
31038368 28352294 6
31038377 28321938 11
31038388 28321108 49
31038403 31015681 83
31038471 28325512 72
31038478 28353732 56
31038503 28321352 77
31038507 28333506 94
31038749 28326243 51
31038753 28354181 89
31038780 28339491 39
31038801 28339870 14
31038807 28320528 30
31038825 28344411 86
31038838 28320056 44
31038838 28320434 69
31038853 28321904 14
31038855 2998469 24
31038880 28346015 71
31038882 28354514 28
31038884 28350970 11
31038892 28340389 40
31038903 28320428 50
31038918 28346015 32
31038944 28320382 97
31038956 28341736 74
31038970 28321987 21
31038972 8493387 8
31038988 28338327 88
31038992 28346015 31
31038994 28322477 96
31039003 28349240 60
31039036 28321904 19
31039041 28352192 98
31039058 28321830 67
31039067 28322465 100
31039067 28351750 78
31039071 28353732 38
31039073 28325738 61
31039077 28355127 17
31039079 28321938 58
31039085 28349240 31
31039093 28319753 12
31039098 28320155 82
31039102 28321589 44
31039118 28344102 82
31039120 28339491 50
31039126 28344315 36
31039126 31031294 27
31039139 31014981 25
31039147 28326243 29
31039163 28319785 71
31039167 28339184 41
31039179 28353732 7
31039187 31033139 55
31039232 12329702 42
31039244 28348539 100
31039255 28322477 20
31039259 31018599 41
31039270 28342966 42
31039274 2998469 84
31039317 28321830 89
31039327 28352969 91
31039334 10283316 61
31039360 28320074 95
31039360 28341481 25
31039360 31015477 73
31039371 28350979 99
31039380 28320240 87
31039390 28346015 96
31039417 31015477 90
31039425 28324341 21
31039425 28340539 94
31039434 28349850 16
31039436 28322202 3
31039436 28355217 44
31039448 28351673 78
31039455 28322421 70
31039455 28322422 66
31039469 28319942 23
31039471 28354514 82
31039484 28350500 42
31039525 28355127 77
31039529 28322155 60
31039531 28321081 96
31039535 28321830 29
31039703 28320428 21
31039705 28348577 50
31039713 28354181 92
31039722 28319830 70
31039724 28352294 55
31039746 28342117 1
31039748 31014981 64
31039790 28349850 60
31039794 28324341 28
31039796 28349101 96
31039798 28338327 5
31039835 28353732 43
31039846 28339491 33
31039860 28344102 55
31039871 28344753 93
31039873 28339461 65
31039875 28321987 36
31039878 28345867 41
31039884 28355160 78
31040579 28332190 11
31040579 28337263 27
31040587 28340197 69
31040596 28346015 77
31040604 28321086 69
31040615 28321086 49
31040619 28323988 80
31040640 28321938 53
31040679 28340539 9
31040679 28353762 12
31040687 28352294 16
31040700 28349855 95
31040704 28345024 86
31040716 929005 35
31040716 28354181 6
31040724 28347577 95
31040739 28351423 63
31040745 28340389 19
31040766 28320530 90
31040770 28349850 32
31040793 6435514 47
31040793 28341126 100
31040797 31033139 56
31040833 28330031 85
31040837 28321904 53
31040839 10818566 42
31040842 28321913 10
31040853 28346015 36
31040870 31018599 49
31041113 28320691 38
31041134 6780306 93
31041134 2998448 6
31041144 28333637 30
31041148 28345345 24
31041168 28321055 61
31041172 28349855 67
31041445 28320056 8
31041449 28321589 65
31041458 28355127 22
31041460 28321081 36
31041464 28347698 10
31041470 28344836 21
31041474 28349564 42
31041479 28320382 4
31041481 28322465 26
31041487 28352294 5
31041490 28322118 80
31041498 28322376 21
31041500 28349850 57
31041523 28321352 42
31041526 28321938 42
31041545 31014459 77
31041572 28322422 61
31041574 28321904 53
31041580 28349102 85
31041582 28345503 63
31041629 28349240 12
31041633 28353732 35
31041648 28321352 86
31041680 28344102 60
31041701 28322176 51
31041701 28347405 59
31041705 28350572 31
31041712 28320155 31
31041729 28340796 77
31041731 28342117 99
31041735 28348911 67
31041737 28320262 81
31041737 28350972 11
31041764 28346579 71
31041780 28343209 98
31041787 7481948 10
31041787 28344102 17
31041833 28321589 78
31041860 929005 93
31041860 28320155 14
31041869 28352294 44
31041872 28321007 10
31041878 28339491 70
31041887 28319938 77
31041893 28321938 20
31041922 31019263 65
31041928 2998450 51
31041934 28320393 67
31041934 28339020 33
31041939 28351204 15
31041951 28341509 54
31041953 28354514 99
31041957 28320056 12
31041965 28355127 31
31041973 28337263 39
31041979 28321904 67
31041985 28343530 18
31041987 28321904 99
31041991 28341037 88
31041993 28322477 45
31042017 28325201 32
31042023 28321904 22
31042034 28331389 84
31042038 28353732 94
31042051 4320267 92
31042055 28320559 86
31042059 28347285 73
31042061 28347577 49
31042077 28319887 2
31042091 31014981 97
31042095 28340067 58
31042097 28321352 71
31042117 28321830 71
31042138 28346982 36
31042151 28346015 15
31042184 28320240 74
31042188 2556949 22
31042202 28320727 19
31042234 28340801 75
31042254 31015477 31
31042258 31027051 2
31042271 28346934 93
31042281 28351134 98
31042292 28321321 40
31042308 28336329 75
31042318 28321904 58
31042540 28344764 25
31042571 28341175 21
31042607 28349240 31
31042645 28351134 10
31042661 28340389 2
31042666 28349850 62
31042668 7481948 58
31042668 28344102 43
31042767 28346015 81
31042831 28346579 45
31042833 28354514 84
31042906 28326243 96
31042933 28352294 30
31042937 28327640 12
31042940 28349850 97
31042944 28343603 83
31042949 28329386 31
31042951 28344753 1
31042953 28321352 76
31042957 28355127 27
31042965 28344102 67
31042972 28326243 1
31043021 28319887 54
31043029 28355127 57
31043047 28320056 38
31043078 28349101 45
31043084 28346934 37
31043096 28320626 12
31043141 28319785 34
31043167 28330031 50
31043182 28321352 46
31043195 28320727 2
31043195 2998448 29
31043205 28348118 55
31043211 28347285 39
31043219 28355127 63
31043248 28320549 25
31043250 28346579 36
31043306 929005 55
31043306 28354181 45
31043318 28321055 56
31043348 28321612 5
31043351 28342827 3
31043357 929005 65
31043357 28348663 74
31043361 28349240 69
31043434 28349053 33
31043455 2556949 37
31043457 28321904 74
31043459 28352294 85
31043483 28349002 29
31043483 31023712 92
31043505 28343603 86
31043542 28760001 76
31043552 31039264 24
31043554 28340067 10
31043558 28340539 17
31043587 28347901 63
31043673 28342653 48
31043678 13051766 10
31043678 28339516 25
31043682 31015477 85
31043709 28346982 100
31043713 28321132 32
31043715 28346015 91
31043717 28321904 75
31043723 28353590 26
31043731 28345867 8
31043737 28321938 55
31043745 28322494 66
31043749 28332457 56
31043751 28353732 96
31043753 28339184 82
31043777 28319938 86
31043785 28353709 88
31043787 31015477 77
31043791 21653562 41
31043797 12306513 96
31043803 28334928 43
31043809 28354178 75
31043819 28329212 72
31043819 28344102 75
31043825 28348155 77
31043831 28322118 3
31043844 28320549 32
31043854 28326243 61
31043875 28340503 74
31043882 28348155 48
31043886 28344102 79
31043888 28319887 28
31043914 28349850 26
31043929 28340389 92
31043935 28340539 9
31043952 28330031 12
31043956 28352294 30
31043958 28349850 46
31043962 28352294 63
31043965 28346982 24
31043989 28355127 97
31043991 28352294 68
31044000 28320626 75
31044023 6780306 76
31044023 2998448 13
31044027 28355160 14
31044035 28355127 15
31044037 13058551 91
31044049 31014981 21
31044057 28321837 84
31044059 6435514 72
31044066 7481948 72
31044066 28344102 82
31044082 28340085 33
31044256 28321904 56
31044281 28319830 87
31044303 28349855 53
31044315 28340441 55
31044317 28322176 70
31044335 28341537 58
31044340 28321938 40
31044342 28319987 63
31044344 28346015 64
31044346 28346015 72
31044348 28320240 37
31044348 28320727 99
31044348 28326257 76
31044351 28353732 67
31044374 28321904 1
31044381 28322122 1
31044383 28320648 37
31044383 28322567 86
31044389 28322122 75
31044391 28354661 65
31044393 28321081 70
31044395 28349234 67
31044400 28323769 40
31044402 9589318 40
31044402 28321904 58
31044408 28319811 45
31044412 28351848 37
31044444 28327640 26
31044446 28323988 18
31044450 28350537 57
31044459 28340398 51
31044467 28328867 4
31044467 28343098 62
31044469 28354514 89
31044478 8493387 73
31044480 13081433 14
31044480 28345208 32
31044488 28319942 6
31044494 28321904 55
31044496 13081433 81
31044502 28320303 48
31044516 28355513 55
31044522 31015477 4
31044524 28321904 85
31044526 28339491 25
31044530 28320448 87
31044530 28354806 72
31044532 14632987 10
31044534 802967 29
31044614 28321108 78
31044618 28321108 81
31044622 28352294 93
31044655 9445908 24
31044659 28340539 4
31044667 28320145 75
31044671 28349240 66
31044689 28352540 61
31044697 28351379 21
31044703 28321374 1
31044706 28326930 80
31044706 28354181 63
31044710 28353272 31
31044720 28352999 31
31044724 28321938 35
31044730 28320261 74
31044730 28325512 84
31044730 31026403 16
31044748 28340539 27
31044763 28349102 97
31044765 28344753 9
31044780 28321416 71
31044786 2998469 5
31044788 28321697 51
31044788 28345885 32
31044788 28351128 24
31044794 28321904 8
31044796 28320626 2
31044796 28340346 90
31044814 28320727 49
31044816 28354264 80
31044825 8034169 99
31044829 28346015 70
31044831 28319811 97
31044835 28322182 49
31044844 28349850 80
31045133 28326243 17
31045137 28344608 15
31045139 28352294 63
31045149 28355066 20
31045151 28353732 6
31045160 28339194 66
31045164 28321904 87
31045174 28340441 28
31045207 28322376 21
31045230 9549902 87
31045236 28320626 93
31045245 28353272 56
31045247 28354183 82
31045252 28320393 41
31045252 28321940 13
31045254 28353833 30
31045268 28320444 53
31045268 28354806 92
31045275 28347698 21
31045281 28345234 16
31045285 28340067 7
31045287 28319785 50
31045287 28324414 8
31045291 28338327 46
31045293 28320263 89
31045301 28337263 94
31045304 28347285 30
31045306 28346365 20
31045330 28349002 52
31045630 28321904 63
31045634 28323988 69
31045636 28322435 95
31045656 31015477 18
31045694 28322494 64
31045696 14523771 54
31045696 28322155 66
31045698 14523771 89
31045698 28322155 4
31045702 31045703 64
31045746 28341840 7
31045748 28341840 37
31045778 28319811 9
31045780 28320626 37
31045784 28352294 55
31045786 28340801 6
31045793 28349101 71
31045804 28340539 62
31045808 28353732 91
31045813 28353272 39
31045836 9589318 83
31045836 28321904 60
31045840 28320549 51
31045844 28340851 52
31045857 28323988 61
31045890 28353272 33
31045892 28359042 65
31045900 28330031 10
31045904 28326243 3
31045931 28349855 92
31046064 28320727 57
31046064 2998448 32
31046064 28323739 52
31046066 28320727 86
31046066 2998448 17
31046066 28340067 88
31046068 28321416 97
31046083 28321904 97
31046085 14632987 35
31046095 28359061 89
31046133 28321837 16
31046145 28321837 21
31046340 28340539 88
31046344 28354797 76
31046351 28352294 94
31046373 28321889 83
31046379 28321249 94
31046383 28354806 26
31046385 28349894 89
31046391 28321352 6
31046395 28321331 45
31046408 31046409 94
31046412 28321938 93
31046414 28321987 31
31046427 28347577 79
31046451 28344620 12
31046453 28336779 50
31046453 28346321 75
31046459 28344753 32
31046468 9872632 72
31046484 28348730 36
31046509 28351204 32
31046511 31027051 89
31046531 28351497 4
31046542 28353732 38
31046547 28320648 80
31046547 28322567 32
31046551 28336344 77
31046553 28320663 48
31046560 28320359 68
31046564 28322283 53
31046570 31015477 53
31046572 28349850 32
31046583 28344764 41
31046589 28349002 64
31046591 28341058 93
31046595 28349240 44
31046600 28343209 84
31046611 28353272 38
31046613 28320525 61
31046615 7615695 78
31046623 28354619 78
31046625 28344278 96
31046629 28349101 33
31046641 28339491 1
31046643 28321904 84
31046645 28321837 34
31046655 28329825 10
31046660 28340441 72
31046662 28321416 60
31046831 28344092 72
31046840 28342163 99
31046844 28320691 27
31046846 28354181 44
31046850 28326257 84
31046865 28340851 78
31046867 9013454 95
31046867 14253207 75
31046869 28348770 90
31046878 28347773 17
31046883 28354181 49
31046887 28320145 68
31046887 28340851 26
31046949 28354806 34
31046952 28353616 57
31046954 28321055 38
31046982 28326243 89
31046988 28321938 58
31046990 14632987 54
31047004 28320727 97
31047006 28322622 2
31047074 13081433 94
31047157 11732991 50
31047157 28332933 42
31047160 28328513 96
31047162 28323833 55
31047164 28322182 21
31047168 28349855 89
31047176 28321837 98
31047185 28345568 89
31047190 28352315 84
31047193 28321108 1
31047195 28323988 5
31047204 28354023 78
31047206 28346015 7
31047210 28344102 48
31047220 28321904 11
31047283 28352294 53
31047295 28323739 78
31047309 28319785 53
31047312 28321904 12
31047329 28344753 26
31047337 28347773 46
31047339 28346015 7
31047347 28320303 53
31047351 28321904 64
31047353 28340067 32
31047365 31047366 41
31047369 2556949 19
31047371 28355160 10
31047373 28353272 93
31047382 28348137 88
31047399 28351128 12
31047403 28322606 94
31047418 12557834 50
31047420 28321904 47
31047425 28342511 44
31047428 28354181 92
31047430 28353732 99
31047432 28343011 41
31047437 2998457 55
31047437 2998459 55
31047462 28340801 9
31047467 28341752 60
31047475 28341408 67
31047477 28321081 65
31047493 28322494 73
31047497 10989676 82
31047499 31015477 23
31047501 7615695 4
31047501 28326257 55
31047505 28349894 77
31047507 28322422 54
31047509 28353324 55
31047515 28342133 16
31047515 28346869 99
31047517 28320549 3
31047525 28348367 5
31047533 10818566 82
31047546 28328890 79
31047548 28322182 42
31047552 28348764 59
31047560 28349002 32
31047572 28343502 6
31047576 28323988 50
31047578 28339491 52
31047590 28344884 28
31047594 28342741 54
31047600 28319942 69
31047608 28322182 53
31047628 28348430 80
31047651 28351791 79
31047661 7615695 81
31047668 28349244 14
31047670 28321987 31
31047687 28327194 22
31047687 31047366 24
31047696 28343603 80
31047712 28351465 55
31047726 28349850 8
31047742 28352294 65
31047744 28326243 17
31047746 28322342 75
31047765 28326243 57
31047776 28340801 35
31047782 28349101 55
31047800 28321904 5
31047806 28326243 22
31047810 28320648 55
31047810 28322567 60
31047814 28343011 48
31047817 28349894 21
31047823 28322477 38
31047823 28355315 9
31047826 28320691 7
31047832 28354514 37
31047859 28323739 100
31047859 28352969 23
31047863 28354181 55
31047870 28346164 42
31047878 28342841 52
31047880 28340878 45
31047893 28339122 52
31047895 28321904 23
31047897 28339184 2
31047909 28348732 40
31047911 28344753 69
31047937 14523771 58
31047939 28318347 61
31047939 28325059 14
31047939 28340067 96
31047945 28346647 37
31047947 28339491 69
31047955 28351204 4
31047959 31046409 73
31047967 28350970 100
31047969 28319916 83
31047974 28322777 78
31047978 28349894 49
31047992 28342163 71
31048009 31015477 88
31048011 28349855 44
31048015 2998457 30
31048015 2998459 55
31048031 28321938 12
31048039 28354679 71
31048057 28320528 87
31048061 28349102 16
31048063 802967 7
31048070 12557834 87
31048072 28355152 100
31048074 21653562 46
31048080 28322713 44
31048085 28320663 1
31048091 28330954 34
31048101 14612209 63
31048111 28354181 95
31048113 28322494 11
31048126 28349850 96
31048128 28321904 21
31048142 28340289 59
31048158 28349894 75
31048162 28354514 97
31048175 28350927 17
31048188 28351128 54
31048192 28346015 42
31048204 28351204 70
31048209 28326243 45
31048209 28327612 13
31048213 28341840 91
31048218 28319987 42
31048221 7481948 91
31048221 28344102 65
31048230 28320874 6
31048240 28350927 15
31048627 28340790 93
31048629 28340441 56
31048632 28331499 22
31048638 28321904 41
31048640 28347698 28
31048645 28320727 55
31048647 28320641 45
31048647 28320853 77
31048649 28321352 68
31048661 28352315 43
31048663 28352294 94
31048666 28354181 5
31048668 28320393 37
31048668 28321940 57
31048674 28346015 18
31048676 28320428 66
31048680 28351848 68
31048688 28342511 52
31048693 28341537 98
31048702 28319942 3
31048721 14612209 90
31048727 28352294 24
31048731 28350188 66
31048735 28341537 77
31048737 28320438 96
31048737 28320727 80
31048737 28340398 36
31048747 9872632 75
31048825 28346982 34
31048828 28340851 86
31048832 28349102 40
31048834 28351673 76
31048836 28321837 40
31048838 28346579 57
31048840 28353788 71
31048851 28321589 1
31048862 21653562 25
31048870 28337263 63
31048872 28323988 57
31048874 28335450 51
31048876 28322122 72
31048881 28321904 57
31048883 28349855 71
31048887 28321904 96
31048890 28319830 78
31048894 28322494 10
31048983 28320528 69
31048997 28327663 23
31049001 28354181 97
31049003 14632987 2
31049005 28346634 9
31049022 28321904 21
31049026 28321695 71
31049044 28351359 96
31049147 28346015 54
31049149 28321331 78
31049151 28351791 77
31049153 28347773 47
31049166 2998448 78
31049166 28347698 12
31049177 28353732 15
31049188 28336344 98
31049202 28340851 20
31049216 31015477 3
31049225 8034169 76
31049234 28346982 64
31049238 28321904 58
31049240 28330422 54
31049244 28350927 31
31049248 28340539 65
31049250 28332610 55
31049254 28341608 76
31049256 28321416 27
31049270 28343603 11
31049292 28354181 82
31049314 28355160 99
31049318 31020793 12
31049320 14602757 7
31049322 28321081 99
31049344 28355307 100
31049346 28321913 16
31049350 28340067 8
31049357 28321904 19
31049361 28326257 40
31049382 28320648 20
31049382 28322567 61
31049390 28330018 74
31049390 28348344 25
31049392 28353272 63
31049404 2998448 37
31049404 28323739 81
31049406 28344753 70
31049410 28321987 13
31049413 28352294 63
31049430 28341608 26
31049436 28344216 94
31049444 28323988 79
31049452 28346982 52
31049459 28332329 90
31049461 28321132 97
31049471 15463342 85
31049473 12331784 69
31049473 28341840 60
31049475 28341851 47
31049475 28342565 47
31049477 28321044 86
31049481 28352540 2
31049485 28352112 14
31049498 28349240 24
31049500 10818566 64
31049502 28342763 31
31049504 31018599 44
31049506 28320155 96
31049511 28353732 24
31049516 28349002 88
31049516 31023712 25
31049518 28344102 61
31049520 28341815 73
31049522 28322421 90
31049522 28354734 14
31049524 28321904 24
31049540 28321341 97
31049552 28344216 75
31049558 28339491 60
31049560 28350792 64
31049562 28321904 56
31049569 28321416 2
31049576 28322283 47
31049598 28346669 62
31049600 28348314 53
31049600 28348372 43
31049605 28353272 84
31049614 28353026 6
31049618 28353933 91
31049631 28328890 86
31049678 28351265 100
31049690 28351265 100
31049701 28354025 2
31049709 28341608 70
31049711 28339783 18
31049729 28353324 77
31049737 28321044 93
31049748 28354181 65
31049750 28354181 41
31049763 28322494 1
31049769 28322192 97
31049775 28322494 75
31049784 28319887 34
31049787 28322622 75
31049803 28340851 34
31049830 28354877 33
31049835 28355307 15
31049851 7481948 77
31049851 28344102 42
31049889 28354181 31
31049895 28349894 34
31049907 28349294 8
31049915 28350537 26
31049921 28322342 46
31049934 28346669 7
31049961 28350927 100
31049970 28321849 35
31049984 28343858 45
31049986 28321331 57
31049988 28321987 93
31049992 28351204 72
31050001 28320874 48
31050005 28319785 25
31050007 28346579 84
31050029 10818566 32
31050033 28327194 96
31050033 31047366 25
31050035 28349240 98
31050037 28339491 72
31050047 28339615 53
31050059 28351359 1
31050061 28321132 97
31050066 28343589 77
31050070 28320727 60
31050075 31046409 20
31050084 28340481 49
31050098 28352540 80
31050104 28354514 94
31050108 28346167 91
31050115 31020793 4
31050117 28350655 33
31050121 28349002 85
31050123 28323739 36
31050125 28351791 68
31050127 28340305 27
31050135 28343603 65
31050137 28321589 6
31050152 28346647 45
31050165 28354181 39
31050169 28351848 23
31050171 28346636 65
31050175 28321904 29
31050177 28322494 53
31050181 28345930 32
31050203 28346982 2
31050205 28322494 77
31050207 28322606 90
31050427 28320528 56
31050437 28354181 90
31050447 28343603 40
31050447 28352984 97
31050450 28321904 27
31050463 28321416 66
31050479 28320641 27
31050479 28320853 18
31050487 28351128 68
31050489 28321352 27
31050497 28351423 67
31050499 28354181 18
31050534 28349894 81
31050536 28346015 13
31050540 28353272 6
31050542 28339430 31
31050544 31015681 11
31050550 28320580 54
31050550 28351204 28
31050554 31014459 44
31050556 28323988 71
31050712 28320549 45
31050718 28350668 57
31050720 28322494 86
31050722 28341851 56
31050722 28342565 37
31050726 28346634 85
31050728 28342511 8
31050730 28349850 35
31050736 28339962 68
31050736 28346771 17
31050742 28326243 62
31050749 28352110 95
31050765 28344102 26
31050787 28340801 63
31050795 28343209 24
31050797 28350537 32
31050805 28330422 32
31050810 28321987 5
31050815 28352785 7
31050817 28325746 2
31050833 28326257 60
31050835 28339022 35
31050851 28349894 48
31050853 28347495 75
31050857 28343791 77
31050862 28320727 75
31050862 28321904 52
31050870 28344975 93
31050879 28349102 3
31050883 28320641 73
31050889 28347698 63
31050893 28340441 68
31050907 28335258 57
31050907 28348302 56
31050912 28353933 82
31050916 929002 81
31050916 8225082 86
31050916 28344102 86
31050922 7481948 9
31050922 28344102 15
31050924 28342211 23
31050933 28347577 8
31050937 28321352 27
31050975 28354806 8
31050983 28342511 61
31050985 28339491 99
31050987 28354619 68
31050993 28321081 4
31050995 28355230 41
31051012 28340851 42
31051020 28354181 32
31051022 28345503 5
31051032 28340539 93
31051034 28323739 16
31051036 28340790 84
31051040 28350927 34
31051048 28341815 69
31051053 28339844 51
31051055 28321904 14
31051057 28335450 62
31051062 28352540 25
31051066 28319780 64
31051074 28346015 91
31051076 28353026 3
31051078 28340067 7
31051088 28348764 10
31051090 31045703 76
31051112 28319785 57
31051116 28319987 63
31051120 28321697 95
31051120 28345885 6
31051120 28351128 75
31051122 28332794 12
31051135 28321837 80
31051137 28353272 60
31051147 28342511 49
31051151 28339491 30
31051157 28320626 26
31051157 28340346 87
31051159 14632987 3
31051161 28340539 85
31051182 28320727 7
31051215 28320691 73
31051223 28349102 48
31051229 28355208 64
31051231 28321055 18
31051233 28322502 55
31051235 28352294 28
31051253 28350970 44
31051349 28327640 36
31051352 28337792 50
31051354 28339561 17
31051358 28322606 74
31051358 28339200 42
31051358 28353272 22
31051371 28343011 64
31051375 28351128 65
31051377 28343264 93
31051483 28344884 38
31051485 28339122 96
31051487 28321837 52
31051496 31051497 61
31051505 28321904 5
31051509 28354806 41
31051515 28345273 15
31051515 28346673 60
31051523 28321108 77
31051525 28324691 33
31051530 28321938 51
31051545 28353764 17
31051559 7615695 73
31051590 28354181 69
31051592 28342163 43
31051604 31051605 55
31051611 28342662 66
31051615 28342443 98
31051618 28342913 54
31051623 28352294 17
31051625 28337590 77
31051632 28326475 53
31051643 28320727 70
31051657 28349240 23
31051661 28339491 91
31051680 28343141 68
31051680 28347495 10
31051684 28349850 61
31051688 28321083 90
31051710 28334703 87
31051716 28349894 50
31051740 28320528 12
31051744 28321837 80
31051750 28321904 15
31051754 28320428 26
31051764 28349101 92
31051799 28331672 35
31051799 28337628 53
31051807 28349002 46
31051809 28349370 19
31051818 28348730 29
31051820 14632987 79
31051822 28320444 3
31051822 28354806 21
31051831 28321904 71
31051837 28322632 50
31051839 28322606 51
31051847 28352294 48
31051851 28350605 80
31051855 28320549 100
31051859 28347466 27
31051866 31047366 75
31051869 28319830 93
31051881 929005 88
31051881 28348663 24
31051885 28319785 94
31051885 28340926 58
31051893 28330954 89
31051901 28321904 72
31051910 28340441 63
31051914 28320727 25
31051916 9167532 53
31051918 28349855 8
31051920 28344875 4
31051920 28347746 93
31051925 28355160 71
31051935 28354181 22
31051940 28342431 20
31051947 28323988 40
31051949 28321904 91
31051957 28331503 22
31051963 28320530 92
31051966 28352294 66
31051972 28353933 100
31051979 28321790 73
31051979 28335279 73
31051983 28352578 90
31051986 28346074 70
31052007 28348772 67
31052015 28340346 86
31052020 8975469 20
31052020 28347577 40
31052027 8225082 13
31052027 10818566 59
31052029 28321904 80
31052031 28344764 59
31052037 28345507 8
31052041 28321249 100
31052046 28340851 75
31052048 28345087 35
31052051 28351359 6
31052053 21653562 94
31052055 28346982 90
31052069 28321987 2
31052083 28343153 5
31052096 28323573 54
31052102 28333419 86
31052111 28355208 57
31052113 28321803 50
31052115 28321774 62
31052120 28349921 60
31052123 28339844 27
31052131 28345345 91
31052135 31015477 60
31052137 28326243 5
31052163 28319785 83
31052169 28347773 30
31052171 28346365 84
31052173 28321695 61
31052175 28354181 86
31052198 2998448 18
31052203 28355230 77
31052212 28322182 60
31052224 28351265 23
31052248 28339844 50
31052283 28319785 94
31052298 28341851 100
31052298 28342565 15
31052307 28354181 46
31052318 28354619 83
31052341 28343603 59
31052344 28344295 14
31052344 28351423 68
31052349 28352110 11
31052352 31015477 46
31052367 28355307 3
31052369 28351423 30
31052379 28345345 46
31052389 28350485 31
31052403 28349102 65
31052407 28345087 81
31052409 28342808 31
31052411 8225082 100
31052411 10818566 8
31052431 28344764 69
31052433 28326243 32
31052441 28341840 11
31052451 28335450 2
31052464 28353102 78
31052469 28347495 29
31052476 28348242 40
31052480 28346636 57
31052488 28348214 59
31052490 28332095 65
31052490 28335066 90
31052493 28340851 33
31052501 28342443 46
31052511 28350927 25
31052516 28349921 92
31052518 28348902 23
31052555 28339122 51
31052559 28320145 6
31052575 28346579 77
31052583 28349850 28
31052587 31052588 96
31052604 28340539 16
31052606 28352294 47
31052613 28326257 87
31052619 28349850 39
31052630 28340851 7
31052632 28355230 62
31052635 28341815 64
31052647 31020793 91
31052649 28350792 33
31052651 28343791 75
31052654 8225082 14
31052654 28344102 30
31052660 28346015 49
31052662 28319785 53
31052668 28349240 13
31052682 28326243 52
31052687 28343603 7
31052691 28323988 60
31052693 28320549 70
31052701 8225082 92
31052701 28344102 4
31052714 28347744 29
31052718 9872632 25
31052726 28321695 60
31052728 28339430 57
31052730 28340539 99
31052739 28354181 71
31052761 28331672 63
31052761 28337628 53
31052765 28320727 51
31052765 28321904 38
31052771 28319887 3
31052792 28347466 17
31052812 28319830 41
31052815 28349850 36
31052817 28320691 71
31052821 28321904 7
31052825 28352294 9
31052831 28351791 71
31052846 28347773 46
31052851 28350655 13
31052859 12557834 19
31052869 28350304 69
31052871 28349240 68
31052875 28347577 99
31052880 28342833 82
31052887 28349240 52
31052891 28319785 9
31052895 28326243 58
31052911 2998448 83
31052911 28347698 77
31052919 28351359 5
31052925 28349855 32
31052933 28326243 76
31052933 28327612 53
31052942 28320626 73
31052942 28340346 74
31052946 28322376 76
31052949 28349240 90
31052951 28322182 52
31052953 28321341 78
31052962 28321108 12
31052964 28348430 34
31052979 28352294 2
31052987 28345273 18
31052987 28346673 78
31053218 28321108 79
31053220 31046409 86
31053222 28322502 44
31053224 28340305 24
31053230 28340801 72
31053232 28339491 96
31053235 28320727 45
31053237 28354806 96
31053241 28348772 63
31053268 28351465 43
31053274 28354023 30
31053278 28352294 29
31053281 28343485 8
31053285 28326475 33
31053289 28323573 50
31053305 10818566 26
31053313 28335258 77
31053313 28348302 35
31053320 31018599 67
31053334 28345234 71
31053341 28322622 70
31053343 28346647 23
31053350 28320588 13
31053362 28331503 16
31053364 28349002 2
31053366 28340346 71
31053368 28353732 81
31053371 28337062 67
31053380 3240850 41
31053384 28327194 57
31053384 31047366 39
31053392 28324691 63
31053397 28340130 34
31053405 28323573 74
31053405 28344102 78
31053409 28320263 63
31053436 28352192 29
31053446 28340067 87
31053448 28340878 33
31053456 28340851 94
31053462 28321081 56
31053472 28349850 18
31053478 28351848 57
31053480 28351128 51
31053482 28321416 75
31053511 28332329 62
31053515 28322606 76
31053525 28354344 74
31053537 28348511 10
31053549 28330018 4
31053549 28348344 91
31053568 28320428 58
31053574 28320626 62
31053574 28340346 76
31053582 28326243 20
31053589 28320549 36
31053591 28321352 84
31053597 21653562 29
31053605 28342511 15
31053639 28354181 67
31053643 14523771 39
31053656 28349894 16
31053674 7576867 90
31053674 28321987 99
31053678 28321774 16
31053684 28347983 84
31053684 28353569 9
31053688 28340851 36
31053690 28321987 59
31053694 28321695 5
31053697 28353732 62
31053712 28349894 21
31053719 28353272 6
31053722 28352294 61
31053732 28339491 46
31053738 28322606 89
31053744 28322494 26
31053747 28321416 19
31053760 12306513 51
31053764 28340801 34
31053769 28353026 7
31053772 31015681 41
31053776 28348730 44
31053797 28352350 72
31053803 28339844 15
31053805 28341704 52
31053810 28322176 46
31053816 14523771 56
31053816 28330954 68
31053843 28349240 59
31053851 28350972 91
31053872 28321904 70
31053879 28352294 3
31053883 28320263 18
31053887 28339634 57
31053896 28328825 70
31053896 28333414 80
31053898 28320727 94
31053906 28352419 31
31053908 28320641 86
31053912 28319780 84
31053930 28354806 10
31053932 28340336 48
31053938 28340539 81
31053945 28352294 22
31053967 28352063 23
31053974 28352999 3
31053978 28323573 19
31053981 28322155 58
31053984 28322155 60
31053988 28352017 77
31053993 28345930 47
31053999 28347495 4
31054004 28350605 45
31054007 28321849 82
31054013 28340067 21
31054015 28331499 40
31054046 28355186 91
31054050 21653562 72
31054056 31015681 73
31054061 12557834 8
31054067 28341126 94
31054079 28353590 91
31054090 28346015 10
31054097 28321904 53
31054099 28326243 12
31054101 28320874 22
31054105 28321249 27
31054107 28342211 86
31054163 28322862 14
31054173 28340539 71
31054175 28323573 52
31054185 28349240 80
31054190 28347698 53
31054192 2998448 38
31054192 28342511 58
31054220 28321904 2
31054227 28338327 26
31054231 28322294 41
2279525 2998457 59
2279525 2998459 32
31054235 31015477 14
31054244 28349002 58
31054244 31023712 42
31054253 28322376 83
31054255 10818566 3
31054257 28322862 58
31054261 28326257 77
31054266 28323988 51
31054270 28321416 32
31054273 28352294 84
31054291 31014981 81
31054302 28342511 45
31054304 28321416 94
31054311 28321331 66
31054313 28346015 13
31054315 28332610 56
31054319 28321904 53
31054323 28321083 99
31054326 28347466 23
31054329 28332275 80
31054329 28351107 47
31054331 28321904 41
31054333 28344102 40
31054341 28318347 24
31054341 28325059 85
31054341 28340067 77
31054347 28348372 53
31054360 28346656 47
31054372 28347577 49
31054376 28321987 6
31054378 28326243 51
31054385 28333287 62
31054385 28333786 27
31054389 28345963 58
31054394 28321374 57
31054398 28348842 44
31054401 28322606 37
31054406 28348476 64
31054414 28346015 3
31054418 31051497 56
31054422 2998448 77
31054422 28340248 12
31054422 28348772 62
31054442 28350970 11
31054444 28334624 21
31054446 14646846 74
31054446 28339122 33
31054454 28321245 52
31054456 28336344 25
31054459 28342511 94
31054461 28332457 95
31054461 28351359 17
31054467 28319887 14
31054473 2998448 57
31054473 28323739 62
31054517 28342662 98
31054549 28321904 28
31054554 28340441 78
31054561 28347744 41
31054570 28355208 81
31054572 28330537 87
31054575 31028977 81
31054577 8946356 31
31054579 28353732 1
31054581 28340539 76
31054583 28320641 21
31054583 28320853 61
31054586 28341714 13
31054588 28346015 49
31054620 28321904 6
31054630 28339634 51
31054632 28320428 4
31054635 28340067 47
31054644 28343209 28
31054647 31020793 74
31054650 28341537 89
31054652 28339312 17
31054652 28345220 34
31054665 28340336 98
31054673 28332794 24
31054677 28351359 40
31054684 28347698 30
31054707 28330031 91
31054711 28348137 32
31054715 28321352 60
31054718 28340539 23
31054722 28323739 87
31054722 28325390 41
31054738 28319811 42
31054746 28320867 92
31054746 28334039 40
31054746 28354181 97
31054748 28355307 83
31054750 28347773 37
31054760 28345700 10
31054762 28354181 40
31054771 28347698 34
31054778 6780306 2
31054783 31054784 99
31054788 31054784 96
31054796 28318347 22
31054796 28325059 69
31054798 28353272 76
31054804 28321830 29
31054822 28349102 68
31054830 28334230 26
31054836 28321803 74
31054840 28339022 95
31054846 12557834 50
31054862 2556949 1
31054868 28346020 57
31054872 28320438 18
31054872 28320727 38
31054872 28340398 82
31054877 28321612 84
31054879 28347773 46
31054884 28340441 45
31054889 28339634 51
31054891 28321904 79
31054893 28352294 40
31054907 28321904 86
31054914 28346365 1
31054925 28319785 34
31054927 28344102 21
31054935 28333744 46
31054943 28347036 6
31054945 28321436 79
31054998 28350927 12
31055008 28349002 28
31055008 31023712 94
31055014 28323988 78
31055018 28351128 84
31055021 31047366 1
31055025 28353152 31
31055027 28345707 58
31055039 28348372 57
31055049 28346669 49
31055052 8127909 68
31055052 28323573 53
31055054 28344216 74
31055054 28351335 24
31055086 28321987 5
31055088 28322494 96
31055141 28334836 17
31055164 28347495 13
31055193 28320648 75
31055193 28322567 89
31055195 28341815 1
31055197 28340708 84
31055201 28329557 73
31055201 28341491 2
31055204 28342431 88
31055208 28341815 5
31055211 28327640 44
31055214 28342808 75
31055216 28321904 42
31055221 28350927 39
31055224 28349002 10
31055230 28350927 16
31055232 28340495 91
31055232 28342645 19
31055234 28336232 88
31055239 28353709 58
31055243 28340851 91
31055247 31015681 58
31055252 28354181 13
31055256 28340851 79
31055290 28341529 48
31055296 28354181 1
31055303 28352033 32
31055315 28353272 24
31055322 28347901 25
31055324 28323573 67
31055330 929005 58
31055330 28321913 1
31055332 28319887 43
31055588 28321987 56
31055611 28349240 71
31055613 28326243 11
31055620 8225082 62
31055620 28344102 4
31055643 929005 100
31055643 28321913 87
31055645 7481948 33
31055645 28344102 8
31055663 28351423 4
31055668 28345707 20
31055672 28334230 45
31055676 28321081 85
31055684 28340346 69
31055688 28340851 5
31055690 28344102 95
31055693 28343345 88
31055698 28353152 18
31055711 28319785 88
31055713 28319887 67
31055718 28341815 7
31055720 28345234 38
31055722 28350537 42
31055732 28350927 19
31055735 28321331 61
31055749 28351423 96
31055751 28321331 66
31055753 28341397 32
31055759 28323573 91
31055763 28348902 72
31055784 28337062 27
31055789 28349850 24
31055821 28321695 17
31055823 28355307 57
31055836 28352063 73
31055841 28350058 70
31055851 28353590 44
31055861 28349102 26
31055868 28347466 31
31055910 28321695 38
31055930 28320428 7
31055939 28354181 8
31055947 28340851 63
31055950 28349894 32
31055956 28332457 53
31055956 28351359 42
31055959 8127909 84
31055959 28323573 96
31055962 28340495 63
31055962 28342645 42
31055967 28321904 96
31055987 28346636 25
31055991 28329557 83
31055991 28341491 70
31055994 28339312 62
31055994 28345220 78
31055996 28340539 67
31056001 28341840 30
31056012 28354181 57
31056018 6775741 60
31056018 28330962 52
31056018 28340022 1
31056020 28349855 77
31056028 28355307 73
31056034 28339844 92
31056038 28349102 68
31056040 28320549 98
31056042 28340796 43
31056045 28352350 61
31056051 28346015 80
31056053 28350304 35
31056075 28350668 52
31056083 28350927 69
31056094 28349002 78
31056097 28352192 80
31056103 28322606 32
31056109 28321904 86
31056111 28350927 49
31056206 28350211 54
31056208 28352110 91
31056212 28350655 77
31056214 28346579 28
31056221 28323739 22
31056223 28326243 1
31056242 28321108 88
31056247 28341815 13
31056250 28319780 83
31056262 28352294 25
31056269 28333287 99
31056269 28333786 1
31056277 7576867 64
31056277 28321987 8
31056282 28319785 40
31056296 28355230 100
31056298 28353102 76
31056302 28344764 67
31056309 28354023 90
31056315 28354181 68
31056319 21653562 27
31056324 28347901 77
31056331 28351673 7
31056335 28320648 1
31056335 28322567 72
31056341 28350927 95
31056344 28321904 98
31056348 28349850 90
31056352 28349240 16
31056358 28320626 77
31056358 28340346 98
31056360 28322122 58
31056378 28320874 4
31056394 28353189 81
31056396 14631743 12
31056407 28340346 69
31056413 6780306 47
31056415 28345087 90
31056421 28345345 23
31056423 28323988 99
31056426 8127909 15
31056432 28340067 55
31056438 28342833 9
31056444 28322494 89
31056474 21653562 25
31056477 28334953 71
31056485 28353272 27
31056489 28321774 6
31056489 28329212 71
31056491 28331859 16
31056491 28350363 42
31056493 28321987 90
31056498 28343198 93
31056508 28355208 41
31056514 28341704 7
31056518 28347744 28
31056520 28340539 6
31056524 28349002 7
31056524 31023712 57
31056526 28348511 67
31056536 28352294 16
31056538 28347698 13
31056545 28351128 85
31056549 28326243 96
31056557 28322606 3
31056581 28352999 2
31056583 28330031 63
31056590 28348772 57
31056592 28329212 31
31056599 8225082 23
31056599 28344102 1
31056601 28346634 94
31056603 28345673 2
31056616 28347744 7
31056618 28322502 59
31056622 28339634 52
31056626 31054784 81
31056641 28349894 98
31056651 8946356 37
31056657 28321987 16
31056663 28347744 62
31056674 28350485 38
31056678 28340539 62
31056683 28353732 71
31056690 28340677 41
31056695 28343209 48
31056701 28340481 93
31056707 28346647 39
31056709 28353423 22
31056713 28336232 81
31056715 28343209 30
31056717 28348137 41
31056719 28319785 42
31056721 28340336 97
31056730 28351204 6
31056739 28359042 57
31056741 28350792 51
31056746 28332610 97
31056750 28340539 66
31056754 28347495 15
31056763 28320641 9
31056769 28354301 47
31056776 28339634 95
31056790 28320263 17
31056799 28320580 14
31056799 28351204 94
31056803 28320393 45
31056805 28340481 55
31056808 28352999 65
31056816 4659009 23
31056818 28319971 8
31056822 28352294 91
31056842 28353732 94
31056861 28350541 96
31056883 28346015 4
31056885 28345613 32
31056890 28336344 7
31056911 28331732 67
31056911 28343603 80
31056911 28359061 5
31056911 31006123 3
31056913 28342808 64
31056915 929005 36
31056915 28348663 81
31056921 28350793 22
31056925 8225082 71
31056925 28354650 28
31056932 28341714 15
31056943 28349415 25
31056946 28344295 21
31056946 28351423 33
31056948 28341851 77
31056948 28342565 58
31056955 28351113 3
31057036 28322862 42
31057038 28342511 82
31057042 28355066 96
31057048 28320733 46
31057048 28325656 82
31057074 28321589 18
31057082 28328544 93
31057096 28319887 36
31057100 28348430 91
31057104 28320240 80
31057114 28351359 55
31057124 28320626 38
31057124 28340346 58
31057133 28347495 66
31057137 28340539 67
31057141 28342511 87
31057154 28319938 23
31057156 28322192 67
31057170 28348511 25
31057181 2998457 78
31057181 2998459 58
31057183 28342211 39
31057204 28346365 72
31057211 28343589 97
31057220 28326257 31
31057222 28346015 30
31057230 28322153 24
31057232 7481948 42
31057232 28344102 48
31057234 28347983 88
31057234 28353569 63
31057250 28334624 18
31057254 28321352 50
31057261 28330537 37
31057269 31018599 72
31057271 28347495 12
31057276 28320263 98
31057278 28344102 12
31057283 28348003 53
31057283 28355205 75
31057285 14612209 37
31057291 28352294 59
31057297 28353788 46
31057307 31047366 7
31057310 28347686 100
31057312 28345700 20
31057317 28354806 71
31057319 28332275 56
31057319 28351107 1
31057322 28330422 58
31057325 28320588 49
31057394 28326243 23
31057399 28320064 90
31057399 28345058 7
31057405 28349240 17
31057407 28340801 95
31057411 28322176 19
31057413 28339962 80
31057413 28346771 17
31057415 28321904 19
31057417 28346015 65
31057423 28339491 52
31057427 28320727 3
31057444 28354181 1
31057459 28351359 40
31057475 28350542 31
31057475 28351748 88
31057479 28355208 98
31057481 28348007 66
31057481 28354181 45
31057483 28354661 30
31057486 14646846 57
31057486 28339122 22
31057488 28322182 45
31057488 28355160 98
31057491 28347495 28
31057494 28354181 67
31057502 28320648 20
31057502 28322567 80
31057504 28322862 36
31057510 28354181 45
31057514 28335450 80
31057518 28353933 12
31057522 28352419 70
31057533 12557834 4
31057547 28319938 2
31057549 31015681 24
31057552 28326475 26
31057555 28345507 74
31057557 28323739 18
31057561 28323573 19
31057572 28340539 14
31057580 28348900 66
31057582 28320263 36
31057596 28342841 10
31057598 28350040 57
31057603 28349240 53
31057605 28343603 86
31057614 28321904 23
31057616 28340067 7
31057623 28352294 35
31057638 28349002 28
31057640 28340539 17
31057646 28339635 36
31057646 28345345 18
31057648 28341815 12
31057652 28320727 69
31057654 28340539 47
31057656 28321830 71
31057663 28320727 77
31057663 28321904 80
31057667 28342511 35
2279526 2998469 8
31057675 28330954 68
31057681 28351128 17
31057686 28327194 36
31057686 31047366 15
31057689 28352294 37
31057694 28345503 84
31057704 31015477 46
31057706 28329386 55
31057706 28330954 88
31057716 28330954 65
31057716 28347698 73
31057720 28322494 17
31057722 28341126 23
31057733 28338566 67
31057735 28336463 54
31057735 28354277 65
31057737 11282915 62
31057741 28348511 41
31057751 7615695 76
31057755 28354181 41
31057778 28321245 82
31057789 28340851 55
31057793 28321904 56
31057797 28319887 30
31057802 28345157 65
31057808 28320263 54
31057810 31028977 18
31057814 28321975 4
31057814 28344102 55
31057814 28353732 48
31057818 14602757 60
31057837 28355160 93
31057844 28348242 88
31057846 10818566 100
31057853 28350211 17
31057855 31051497 40
31057857 28321904 37
31057860 28346015 31
31057867 28320263 72
31057870 28343791 22
31057874 28350927 55
31057880 28350972 66
31057905 31015477 61
31057920 28343046 30
31057981 28341840 29
31057985 28321904 69
31057990 28345850 21
31057994 28326769 99
31057998 28346579 89
31058002 28349002 49
31058010 28352969 69
31058029 28326930 71
31058029 28330954 69
31058040 28327640 88
31058044 28321341 70
31058050 28347495 57
31058055 28340067 62
31058057 28354181 43
31058062 28329873 85
31058077 9013454 47
31058077 14253207 29
31058087 28340001 32
31058095 28354023 81
31058097 31015681 54
31058099 28354025 81
31058115 28351551 22
31058129 28322153 67
31058139 28332610 63
31058168 28342662 72
31058174 28354806 87
31058176 28321904 4
31058180 28321083 76
31058180 28322678 28
31058191 28321778 21
31058193 28320800 41
31058195 31033750 25
31058203 28353272 52
31058220 28321436 9
31058330 28342511 13
31058370 28321904 45
31058376 28342833 17
31058383 11854533 55
31058394 28345951 11
31058410 28341840 13
31058418 28345933 42
31058421 28338327 19
31058423 28340851 94
31058426 28334953 14
31058428 10818566 43
31058437 28326475 18
31058443 28351359 5
31058446 28341126 82
31058446 28355283 21
31058452 28320428 83
31058452 31058453 93
31058458 28326243 20
31058458 28327612 22
31058469 28339491 16
31058471 28352294 15
31058473 28332171 56
31058480 28351204 60
31058488 28346287 11
31058498 28342471 87
31058504 28322606 48
31058520 28334953 21
31058533 28347698 64
31058536 28340851 35
31058552 28353933 66
31058578 28354181 75
31058580 28350927 46
31058586 31015477 38
31058590 28350883 100
31058594 31015477 78
31058596 28319904 22
31058621 28322182 86
31058621 28355160 52
31058631 31015477 78
31058647 28355208 4
31058652 15442063 58
31058652 31058653 23
31058664 14632987 72
31058670 28328825 3
31058694 28323739 70
31058697 28319785 15
31058723 14632987 28
31058736 31015477 30
31058738 28352033 37
31058743 28328544 90
31058749 28354181 29
31058752 28321331 88
31058757 28337062 27
31058762 28355066 46
31058778 28332794 6
31058789 28319785 2
31058791 28354181 74
31058795 28345707 35
31058798 31058801 68
31058807 28321987 4
31058820 28321695 81
31058830 28354181 60
31058833 28350655 33
31058840 28341840 92
31058843 28352294 8
31058845 28342471 2
31058852 28343491 94
31058854 28352110 53
31058856 28326243 29
31058861 28319887 27
31058863 7481948 72
31058863 28344102 86
31058873 28340851 91
31058877 8127909 10
31058877 28323573 21
31058879 28341397 39
31058886 28319785 62
31058897 28355307 75
31058907 28349102 59
31058917 28347346 28
31058919 28343603 38
31058919 28344216 55
31058924 4659009 17
31058929 28319887 6
31058942 28339844 28
31058946 28322606 87
31058948 8225082 76
31058948 28344102 88
31058952 28320263 15
31058970 28350304 10
31058978 28345700 90
31058982 28326233 76
31058982 28351972 24
31058988 8225082 87
31058988 28344102 13
31058998 28346636 94
31059014 28354181 3
31059023 28350927 81
31059029 28352294 77
31059040 28340677 37
31059044 28334230 99
31059046 28340346 66
31059053 28322606 39
31059057 28349850 85
31059076 28347495 33
31059085 28347495 52
31059088 28322494 21
31059096 28320800 17
31059108 28350058 46
31059112 28320663 97
31059134 28353732 30
31059138 28351204 27
31059141 28352294 92
31059147 31033750 16
31059150 21653562 69
31059150 28350936 69
31059159 28348430 53
31059162 28340851 25
31059169 28332171 79
31059172 28349294 32
31059177 28354181 74
31059186 28353764 72
31059191 28335450 98
31059205 28355208 99
31059220 929005 59
31059220 28321913 5
31059229 28352294 72
31059249 929005 33
31059249 28348663 69
31059254 28323573 47
31059258 28331732 43
31059258 28343603 91
31059258 28359061 17
31059258 31006123 81
31059262 28350542 62
31059262 28351748 37
31059264 28320064 32
31059264 28345058 68
31059266 28339491 16
31059276 28341608 69
31059288 28326243 2
31059295 28346015 91
31059297 28347495 93
31059307 28342841 64
31059313 28346579 57
31059315 28351359 82
31059330 28345503 78
31059335 28348900 77
31059337 28353189 87
31059339 28353732 19
31059341 28349240 41
31059344 10818566 93
31059346 28344328 22
31059351 28322182 3
31059351 28355160 51
31059356 21653562 90
31059358 28344977 20
31059366 28319938 50
31059376 28346015 82
31059380 28353272 31
31059383 28346287 64
31059385 31015681 22
31059387 28340539 4
31059393 28321341 96
31059403 28349850 90
31059417 28340481 44
31059421 28322176 89
31059436 28340539 29
31059455 28346579 11
31059462 28350397 7
31059484 28349894 2
31059487 28344102 74
31059489 28344764 31
31059495 28344102 16
31059499 28351359 97
31059508 28319830 86
31059525 28353933 62
31059531 28343589 92
31059537 28346728 75
31059539 28340539 80
31059557 28321904 18
31059561 28352350 95
31059567 28350792 53
31059569 28326441 1
31059569 28340851 42
31059571 28354514 84
31059583 31015477 33
31059593 28321904 32
31059601 28321778 30
31059610 28347686 70
31059614 28354181 11
31059625 28321803 80
31059628 28351128 63
31059633 28349850 46
31059653 28349240 80
31059662 28340495 81
31059662 28342645 35
31059670 28322176 87
31059676 28353423 73
31059678 7615695 64
31059687 28338566 64
31059695 28354181 93
31059698 28325390 95
31059698 28327076 40
31059702 28334953 97
31059704 28321889 1
31059714 28342808 94
31059720 28341815 15
31059735 28329873 44
31059737 28354661 83
31059742 28349892 38
31059744 28332610 23
31059751 28321774 74
31059751 28329212 22
31059754 28338327 87
31059765 28320549 88
31059771 28321904 62
31059775 28320240 92
31059780 28340336 91
31059782 28352294 64
31059788 31033750 19
31059796 28328825 21
31059810 28329212 85
31059816 28335380 75
31059820 28340067 32
31059822 28351673 23
31059867 28341608 91
31059872 14602757 86
31059874 28330537 51
31059883 28346271 92
31059887 28343603 93
31059889 31018599 25
31059891 28345234 67
31059896 28340851 40
31059904 8406071 92
31059904 28343924 78
31059904 28350818 45
31059908 28320263 43
31059925 28352294 38
31059927 28343603 73
31059929 28353732 98
31059936 31047366 24
31059946 28353272 69
31059960 28329557 8
31059960 28341491 58
31059966 28320263 89
31059987 28339635 27
31059987 28345345 5
31059989 28348071 85
31059993 31015681 84
31059999 28347698 8
31060010 28320145 68
31060016 15442063 38
31060016 31058653 79
31060027 28352294 91
31060029 28340539 12
31060031 7481948 84
31060031 28344102 61
31060035 28319938 95
31060037 28349002 52
31060037 31023712 78
31060041 28353102 46
31060054 8946356 83
31060056 28354181 13
31060060 28352294 56
31060067 28319965 38
31060069 28354023 41
31060071 28321904 4
31060076 5155007 79
31060084 28352999 36
31060089 28347901 58
31060095 28339491 28
31060106 28350211 72
31060148 28354181 6
31060156 28347698 61
31060160 28341851 7
31060160 28342565 88
31060168 28349894 91
31060174 28332610 72
31060178 28346287 58
31060182 6818283 72
31060182 28344438 59
31060184 28340130 85
31060186 28320428 61
31060190 28321904 17
31060200 28326475 59
31060202 28346365 84
31060206 28344750 90
31060208 28320663 24
31060214 28322678 72
31060218 31018599 67
31060224 28320733 1
31060224 28325656 75
31060234 28348511 18
31060239 28340801 78
31060242 28342511 7
31060245 28349102 81
31060250 28351848 22
31060265 15233218 82
31060336 28340851 92
31060338 28319830 27
31060340 31015477 59
31060347 28321904 2
31060349 11282915 25
31060354 28760001 21
31060372 14612209 53
31060378 28326243 62
31060380 28355208 55
31060385 28339491 58
31060385 28348118 58
31060394 28331859 96
31060394 28350363 88
31060396 28347495 54
31060455 8946356 44
31060465 2998450 69
31060532 28341815 42
31060542 28323009 36
31060553 28322862 1
31060570 28326257 15
31060584 28323833 90
31060597 28352419 92
31060617 2998448 68
31060617 28347698 15
31060619 28347744 96
31060626 28346015 61
31060633 8127909 37
31060635 28326257 64
31060639 28346015 26
31060651 28341529 8
31060653 28320648 48
31060653 28322567 65
31060655 28326475 90
31060657 28324653 24
31060663 28355307 36
31060667 28340346 11
31060671 28340851 96
31060673 28326769 85
31060675 28334953 96
31060677 28355160 45
31060679 28322342 36
31060689 28354181 84
31060701 28350927 79
31060705 28341408 48
31060707 28349855 39
31060717 28353272 91
31060721 28355095 52
31060725 28347495 28
31060734 28330031 23
31060742 28351359 38
31060756 31047366 29
31060758 28340107 96
31060776 2998448 90
31060780 28339634 98
31060788 28326243 82
31060788 28327612 11
31060807 28321904 29
31060811 28344102 39
31060821 28349240 17
31060823 28330954 13
31060825 28346636 41
31060837 28340851 68
31060843 28321488 62
31060843 28321778 48
31060852 28355106 57
31060856 28348511 38
31060858 28348772 8
31060865 28349892 64
31060870 28321904 99
31060873 31060874 65
31060878 28329212 34
31060880 28343209 15
31060884 28321987 94
31060890 28349850 39
31060904 28340539 61
31060906 31015681 8
31060915 28355208 14
31060926 802967 31
31060928 28352192 20
31060944 28340539 63
31060948 28359042 72
31060952 28326453 96
31060958 28331732 62
31060958 28336196 98
31060958 28350621 78
31060962 28347698 95
31060964 28351837 2
31060964 28353933 27
31060964 28355120 85
31060968 28348511 14
31060970 28326441 99
31060972 28340539 1
31060983 14612209 81
31061009 28327316 61
31061011 28355208 5
31061019 2998469 25
31061036 28343209 71
31061044 28321083 30
31061055 28355522 87
31061060 28340539 74
31061066 28340346 87
31061070 28321904 100
31061074 28352294 58
31061078 31015477 63
31061084 28346120 81
31061100 28349002 47
31061100 31023712 95
31061102 28346015 44
31061107 28346579 43
31061116 28343752 9
31061118 10818566 32
31061130 28350605 92
31061139 28321975 88
31061139 28344102 73
31061139 28353732 95
31061142 28340582 40
31061154 28352315 59
31061156 28341752 92
31061158 28321987 91
31061164 28339844 34
31061166 28321987 25
31061173 28346579 17
31061179 28344102 99
31061182 28321987 39
31061193 28321987 48
31061197 28349214 6
31061199 28354514 59
31061201 28348900 4
31061205 28340851 100
31061210 28335621 92
31061214 28344608 97
31061214 28346734 92
31061216 28321987 27
31061218 28322182 52
31061218 28355160 99
31061224 28343603 11
31061226 28350035 91
31061240 28345527 29
31061242 28326243 23
31061259 28349002 45
31061308 28329212 74
31061317 28347495 84
31061319 28321249 12
31061324 5706106 32
31061324 28339014 71
31061337 28346015 9
31061339 6775741 34
31061339 28330962 51
31061339 28340022 3
31061341 28321904 58
31061357 15516439 60
31061357 28345867 77
31061381 28342741 56
31061383 28345058 86
31061385 28351423 9
31061397 28349415 1
31061403 2998457 17
31061403 2998459 77
31061410 28347495 43
31061422 28328544 61
31061424 28340107 69
31061431 28337062 16
31061435 28351423 59
31061439 28344328 88
31061441 28321987 85
31061443 28329873 22
31061449 28330954 68
31061451 31047366 55
31061460 28352033 73
31061467 28355307 31
31061474 28350655 94
31061484 15442063 92
31061484 31058653 73
31061499 28351204 68
31061506 28321249 13
31061508 28340346 16
31061518 28339635 42
31061518 28345345 62
31061528 31033750 45
31061552 28342471 58
31061554 28329212 81
31061561 28339844 29
31061565 28322622 100
31061568 2998450 50
31061570 28344102 82
31061576 28349102 86
31061580 31058801 63
31061582 6818283 7
31061582 28344438 13
31061585 28352350 58
31061587 28322494 35
31061589 28326475 45
31061591 28348900 42
31061602 28324653 10
31061631 28347698 75
31061634 28354023 58
31061649 28321488 18
31061649 28321778 40
31061657 7481948 54
31061657 28344102 27
31061663 28351128 62
31061673 28353272 100
31061687 28320800 4
31061691 28344102 74
31061693 28355522 82
31061695 28347698 86
31061705 28355106 98
31061710 28354181 72
31061714 28355208 100
31061718 28352294 73
31061720 31047366 79
31061729 2998448 7
31061743 28320145 74
31061745 28319887 87
31061749 28347495 11
31061751 28326441 36
31061755 8127909 57
31061755 28323573 48
31061757 28346015 25
31061768 28345527 81
31061778 28346120 68
31061784 28347495 50
31061788 28346579 77
31061790 28331859 91
31061790 28350363 46
31061807 28341815 80
31061815 28343491 8
31061820 28319887 48
31061822 28346810 57
31061827 28326243 83
31061832 28334230 47
31061839 28326441 35
31061839 28340851 19
31061841 28349240 50
31061843 28323833 96
31061847 28354023 72
31061853 28355208 12
31061856 28326257 8
31061859 28346287 84
31061872 28352315 17
31061878 28353272 5
31061882 28347744 2
31061889 28339844 59
31061900 28344102 26
31061902 28330031 43
31061904 28340851 69
31061924 28342841 8
31061926 28327316 47
31061945 28349415 69
31061952 28352294 98
31061954 28351837 22
31061954 28353933 48
31061954 28355120 1
31061965 28321987 41
31061965 28323769 49
31061965 28347897 35
31061970 28332171 91
31061972 28355230 13
31061975 28346579 100
31061978 28341851 1
31061978 28342565 72
31061980 28323563 15
31061982 28322678 59
31061998 28326769 19
31062022 28322606 64
31062046 28345503 36
31062046 28351359 67
31062050 929005 66
31062050 28321913 60
31062053 28354806 25
31062062 5155007 36
31062064 31060874 11
31062069 28342833 37
31062078 28323009 52
31062084 28346636 71
31062086 28339409 62
31062090 28348772 6
31062102 28355160 3
31062110 28336353 21
31062119 28351359 33
31062123 28343209 79
31062125 28349002 81
31062129 28349240 60
31062133 28322182 13
31062133 28355160 85
31062135 28320263 67
31062139 28352294 69
31062143 28347896 5
31062155 28333014 98
31062161 28344424 89
31062168 28321782 34
31062197 28320145 91
31062210 28353189 32
31062216 28353102 25
31062226 28340895 87
31062230 28346015 47
31062238 28354181 58
31062243 31018599 46
31062247 28351359 11
31062249 28341397 100
31062253 28321904 77
31062255 28349855 14
31062265 28352192 55
31062270 28346271 70
31062282 28346287 78
31062286 28340539 49
31062292 28343209 44
31062294 28354181 19
31062302 28344750 6
31062309 28359042 20
31062311 28331503 51
31062319 28326233 26
31062319 28351972 47
31062321 28350605 72
31062323 28321436 91
31062325 2998457 8
31062325 2998459 73
31062329 28331355 74
31062335 28321987 33
31062337 28319785 32
31062358 28354619 84
31062379 28345707 50
31062385 28349894 11
31062389 28344977 59
31062391 28349002 23
31062391 31023712 95
31062393 28340851 95
31062420 31018599 21
31062424 28341840 84
31062428 28320648 33
31062428 28322567 36
31062438 28342124 77
31062441 28323988 62
31062450 7481948 99
31062450 28344102 44
31062455 28339856 47
31062459 28352315 23
31062465 28354181 36
31062471 28319785 34
31062479 28319702 4
31062481 28353933 8
31062489 15516439 9
31062489 28345867 28
31062491 28340495 91
31062491 28342645 53
31062506 28322502 99
31062511 28354514 9
31062522 28346579 99
31062534 28320263 89
31062539 28349240 56
31062543 31015681 69
31062564 6775741 81
31062564 28330962 90
31062564 28340022 36
31062567 28321589 79
31062575 28320663 11
31062579 28339491 10
31062583 28351359 91
31062587 28345503 8
31062591 28347495 22
31062595 28340851 68
31062599 28347346 34
31062608 28355208 36
31062613 11773644 15
31062617 28344102 47
31062621 28330537 58
31062633 28340539 88
31062635 28320648 24
31062635 28322567 23
31062638 28341815 7
31062654 28346579 53
31062656 28340336 6
31062658 8225082 23
31062658 28344102 100
31062660 8127909 45
31062664 31033750 45
31062666 28339491 16
31062666 28348118 69
31062669 28321904 79
31062671 28321987 56
31062681 28319785 18
31062686 28359042 85
31062696 12323684 21
31062700 28342163 36
31062703 28340539 47
31062710 28351848 35
31062726 28347901 24
31062731 28326243 28
31062734 28329212 97
31062736 28320380 80
31062736 28351497 13
31062740 28341408 24
31062759 28352419 36
31062766 28353440 93
31062771 28340851 95
31062777 31062778 12
31062787 28351848 11
31062806 28319830 64
31062806 28348777 85
31062812 28321341 57
31062816 28340336 75
31062818 28343209 13
31062820 28340539 31
31062833 8946356 63
31062873 31045703 42
31062886 28340346 52
31062894 21653562 23
31062911 28322494 8
31062913 31014459 99
31062948 28331732 21
31062950 6780306 91
31062950 2998448 19
31062956 28349892 64
31062984 28355400 23
31062986 28322176 9
31062988 31015681 18
31062997 28351673 9
31062999 28321904 39
31063001 28354181 58
31063003 28321987 100
31063008 28321083 18
31063010 28355208 83
31063016 28349850 28
31063027 28341537 95
31063032 28321904 4
31063036 28319965 3
31063039 28355095 45
31063046 28352294 80
31063048 28348900 50
31063050 28319785 95
31063088 28321904 79
31063094 11444576 50
31063102 28341752 42
31063104 8127909 15
31063106 28319965 70
31063108 31015681 49
31063112 28340895 69
31063130 28346015 78
31063135 28338566 72
31063139 28349850 12
31063147 31015477 6
31063154 28352294 100
31063158 28354169 31
31063161 28352294 37
31063167 28339678 17
31063172 28344216 46
31063181 28351791 32
31063184 14646846 1
31063184 28339122 74
31063186 28354661 67
31063190 28321695 11
31063194 28342511 66
31063198 28349240 25
31063210 28351359 61
31063221 28323739 6
31063232 31015477 55
31063234 28341126 74
31063239 28345234 74
31063247 6780306 42
31063251 28349002 11
31063259 28354181 45
31063263 7615695 94
31063267 28353324 66
31063269 28351204 70
31063275 28347859 34
31063279 28344102 8
31063296 28345707 31
31063308 28353732 45
31063314 28320663 66
31063340 28347495 4
31063345 14631743 65
31063347 28335450 47
31063353 31028977 20
31063357 31063358 19
31063363 28354181 100
31063366 28320530 49
31063368 28336667 63
31063374 28348900 10
31063376 28320263 81
31063381 28350792 36
31063384 28332059 54
31063389 28353732 99
31063399 28352540 28
31063402 28321778 61
31063411 14602757 11
31063417 28346982 26
31063417 31063420 14
31063427 28354181 69
31063435 28340346 38
31063458 28339491 50
31063479 28354336 34
31063479 31050448 53
31063484 929005 4
31063484 28348663 49
31063490 28321904 11
31063504 28348902 25
31063504 31063506 17
31063522 28346579 53
31063539 31045703 30
31063565 31063566 51
31063581 28349850 74
31063594 28351204 47
31063603 28355208 5
31063614 28347698 27
31063616 31063619 31
31063622 28340539 59
31063624 2998448 99
31063629 28352033 7
31063635 28340851 26
31063641 28332171 41
31063649 28349002 89
31063651 28347285 81
31063674 28346579 2
31063676 28354991 65
31063680 28348900 19
31063685 28329557 12
31063685 28341491 92
31063717 28354181 2
31063723 28352294 100
31063725 31063727 51
31063732 28340801 83
31063734 28346982 43
31063748 31063750 47
31063752 31063754 95
31063757 31063758 8
31063767 28352554 2
31063777 28353026 3
31063795 28340677 26
31063801 28322182 70
31063830 28321331 6
31063830 31063832 38
31063871 28347577 6
31063878 8406071 94
31063878 28350844 34
31063917 28349002 22
31063917 31023712 53
31063921 31063922 53
31063924 28346015 70
31063928 28320269 45
31063934 28346015 40
31063936 28354181 60
31063939 28341126 96
31063949 28355230 73
31063955 28340289 55
31063960 28331672 37
31063971 31063972 26
31063987 28332171 12
31063991 28331672 16
31063995 28354181 94
31063997 28320269 63
31064005 28345707 88
31064011 15442063 14
31064013 28344102 80
31064021 28355522 2
31064051 28319887 92
31064053 28319785 8
31064055 28326243 14
31064057 28352033 53
31064071 28340677 25
31064086 28340851 37
31064090 28341126 92
31064092 28353189 78
31064125 28342471 84
31064127 31063750 26
31064133 31058801 56
31064149 31015681 86
31064151 28349002 19
31064155 28340346 41
31064175 11732991 55
31064192 28320145 43
31064196 31062778 61
31064205 28352294 5
31064209 28350927 57
31064211 31063922 41
31064223 31047366 82
31064234 31063566 56
31064240 28340107 66
31064243 31063754 60
31064245 28344102 92
31064250 28326694 52
31064250 28355409 49
31064254 28349002 62
31064256 28320263 90
31064258 28322558 13
31064258 31064259 71
31064262 28321987 54
31064264 28334389 16
31064276 28348900 82
31064280 31063358 41
31064311 28327640 85
31064322 5403834 20
31064324 28351204 62
31064344 28346287 32
31064351 28354181 64
31064353 28341126 67
31064356 28354991 27
31064364 28355230 62
31064366 28345527 50
31064368 28352294 16
31064370 28352294 91
31064376 28320648 100
31064376 28322567 78
31064394 28323990 73
31064408 28355400 81
31064461 15516439 81
31064461 28345867 64
31064464 31015681 4
31064468 28319830 95
31064468 28348777 59
31064470 28329212 58
31064478 28323988 15
31064480 28345503 43
31064484 28353102 36
31064497 28350655 43
31064499 28341397 91
31064505 28346810 28
31064510 31018599 36
31064516 28353324 57
31064530 28351359 61
31064534 28351204 52
31064540 2998448 55
31064551 28322494 49
31064602 28351848 17
31064621 28339844 26
31064623 28348900 53
31064625 28355208 86
31064634 15442063 45
31064634 31058653 98
31064640 28351423 99
31064653 28340895 57
31064655 28322622 53
31064665 28340539 61
31064668 28349002 54
31064668 31023712 8
31064672 31060874 60
31064677 28323739 82
31064679 28344295 60
31064679 28351423 6
31064693 28353026 81
31064704 12306513 81
31064708 28340851 93
31064713 28354181 78
31064751 28346579 52
31064780 28352540 64
31064790 6780306 81
31064794 28327316 38
31064836 28355230 3
31064849 28354181 14
31064856 28349850 60
31064865 8127909 6
31064865 28323573 78
31064893 28352315 48
31064915 28322182 1
31064915 28355160 59
31064923 28339856 79
31064938 28348900 13
31064947 5706106 16
31064947 28339014 13
31064955 28355208 85
31064964 31047366 10
31064974 28351837 46
31064974 28353933 94
31064974 28355120 66
31064981 28321695 21
31064983 28320641 84
31064987 31064988 27
31064990 28320530 4
31065000 28340851 68
31065007 28326441 25
31065007 28340851 91
31065016 28355208 66
31065020 28344424 39
31065043 28344102 45
31065087 28346271 62
31065090 28340851 17
31065104 28349002 85
31065134 28332171 47
31065136 28346015 97
31065139 28347896 13
31065155 929005 60
31065155 28321913 31
31065168 28353272 29
31065170 28319785 17
31065183 28352294 24
31065192 28340582 37
31065204 929005 58
31065204 28348663 30
31065230 28342511 38
31065232 28321331 21
31065232 31063832 70
31065239 10818566 99
31065239 28321987 1
31065262 28349102 76
31065268 28351359 13
31065275 28343209 94
31065286 28349855 34
31065289 28354181 44
31065301 28354181 83
31065307 31065310 52
31065307 31065311 87
31065325 28323563 34
31065338 28354181 80
31065341 28321987 73
31065348 28351359 35
31065352 8127909 40
31065355 2998457 11
31065355 2998459 81
31065368 28349850 4
31065372 28352033 54
31065388 28341851 29
31065388 28342565 48
31065405 28321987 58
31065429 28340289 40
31065447 28321987 7
31065449 28330954 88
31065452 28340346 74
31065460 28347773 94
31065465 28355208 92
31065490 28347746 39
31065490 31051921 1
31065490 31065492 100
31065503 28349002 65
31065503 31023712 41
31065519 10818566 74
31065521 28339409 53
31065523 28342833 6
31065562 1494389 15
31065579 14602757 54
33783316 1836696 48
34013926 1836696 98
34013931 1836696 34
34013932 1836696 34
34013933 1836696 49
35412438 1836696 76
28958311 28958278 79
38039695 28958278 91
