207141 617967 2
2357 25095 83
10196982 10196984 85
10206088 10206094 2
10206099 687343 6
5933624 672766 82
1474746 51646 70
493258 1175547 65
10206138 824670 67
10206144 10206147 75
5965180 586485 12
10206149 122685 24
10206162 5657244 3
10206176 477141 66
10206199 517717 98
10206206 509768 93
10206211 1090042 15
2488931 1253944 18
10206215 1176167 73
10206218 4299909 21
10206224 10206229 37
8110805 1737186 45
2488202 341132 40
705054 1425824 16
10206239 660119 1
10206245 2649461 53
10206250 10206253 93
10206255 9057389 71
10206259 1039224 11
10206364 1802112 91
25001 127530 87
10215216 10215219 55
78114 276022 24
10239818 10239822 96
10240005 674155 86
20400 115593 66
10241822 212990 73
10410442 2064984 91
10410820 587221 61
3121110 2587006 1
12158213 606846 15
1470125 2338989 2
1660782 677081 22
838203 1649343 31
1574201 2433730 36
18242 92146 65
451839 780687 75
91422 311693 99
56359 232312 42
18017 91430 95
454133 719833 11
451840 780635 77
211917 325104 1
361455 846003 10
311682 275304 59
232304 215577 60
417410 1056927 82
1549974 2410131 44
279804 787176 98
787166 350707 26
294295 814845 75
1109767 1981958 60
851414 1666359 70
849982 1664895 37
1986535 2758507 32
302531 827193 93
155516 491298 96
4260434 872281 89
846693 957774 54
711973 1470549 17
1574202 526921 40
1664908 2504755 92
849983 449958 60
960594 1235119 47
311683 846656 39
143584 451781 42
7129071 893863 69
1141585 2013046 88
1664889 346565 91
711974 1470578 71
1114497 1986540 77
180006 44865 27
252036 744543 30
2433702 310127 86
1149830 2020741 26
1574188 2433710 32
6285222 670558 94
313753 805182 54
1649337 2492512 12
1114498 1986571 15
370936 332657 35
314545 850974 59
787167 1574208 96
177122 198955 3
1986559 1039792 92
2758521 3347402 9
3191300 3649571 6
966058 1114700 71
11062551 877467 49
1470570 200761 23
14382564 7884355 31
12078637 12078648 13
14893199 4343015 23
14893388 14893390 46
14899587 11447261 93
14929767 14929769 31
14893201 4017075 91
491283 1171867 34
14987497 14987500 23
15004969 10421157 38
15006593 15006595 13
15015638 7973244 82
15047620 15047623 60
15099120 15099122 39
15102063 3704221 10
15107150 4055766 46
3098244 3583116 7
1356882 2230270 13
787168 270899 52
2048189 2808517 20
2023337 2787565 66
15303794 15303796 30
311687 846680 25
143589 451846 88
15372480 857686 12
15448192 15448201 74
15478185 6278671 87
2858345 122448 62
1171882 2044016 2
15494602 1523171 42
491285 1171889 81
10370580 53520 85
8156641 4722505 42
28168239 28168241 96
5791 50216 50
28169163 1487595 2
28169206 347929 94
913184 51847 34
10885199 2157839 66
6455662 6455682 70
28171173 457804 50
28171621 28171623 32
28171844 521368 2
1171884 1152174 94
6076966 1577958 80
1240270 740921 57
535932 1252914 90
28173711 749856 72
28174371 28174373 15
28174491 1459640 7
372759 974714 37
3755765 4023193 4
381138 989882 98
28176459 21283607 47
311688 846704 66
28178979 815497 22
28179197 222327 27
28179216 28179218 56
28179434 28179436 1
2507712 1759709 25
9519049 412238 2
3840116 2172232 55
4288651 4374228 51
12163341 221741 88
7633464 2582901 29
491128 1171581 75
5852148 5852157 91
21712693 16452431 78
28736761 107850 88
28598240 28598242 58
29740262 140105 61
29741732 206056 31
29741754 122068 27
29748480 792755 70
29749112 29749113 51
28712162 6428 85
29756383 1581123 8
29784491 11123352 71
29799346 365151 24
29819894 29819895 38
4468840 912888 35
29849023 52287 54
29863081 339925 43
29890512 109288 98
29911022 1095689 22
397574 1006405 23
29945903 375676 50
2501186 125277 67
29364658 912427 81
30057289 942502 57
30060134 289053 93
30080892 2697809 17
28710459 2344966 59
30096607 2206856 76
30141456 1596824 22
30144518 542064 71
3521211 334005 85
198545 339683 22
30188669 7288876 18
4136442 2341719 17
31072622 3750064 6
31127807 31127810 45
2275030 2995579 72
10798068 758790 33
30371677 484922 1
8919479 2230152 50
3610846 3934041 28
1418584 2293915 39
67490 255896 75
32898638 1634003 77
32901882 20803075 40
32908915 17276692 80
32908918 12098007 85
32908924 815130 57
32914513 21943991 56
32914514 1808750 16
28721648 2725363 57
32914518 32914519 3
7767636 1641087 94
32914524 2621331 51
32914526 32914527 54
32914528 29252067 45
32914529 3251931 7
14959653 14959656 26
32914532 2450619 81
32914533 31418337 73
32914535 2732213 84
32914540 800281 26
32914544 890775 8
32914547 564056 25
32914549 31416693 13
12343465 2133109 28
32914551 32914553 31
9214157 5740813 89
32914555 353203 40
31079624 31079625 74
32914560 32914561 90
29025631 297128 94
32914563 2042773 85
32914564 5334594 23
28682700 777800 19
29048532 993617 32
32914576 6139828 47
32914577 13764490 50
32914587 12100770 78
32914592 32914594 95
32914596 7856466 50
3631852 3949429 43
14568384 3638179 57
29364596 19551090 57
32914919 16247527 12
4435961 186151 29
32914939 1474294 100
32914946 40152 88
32914956 610978 12
4371573 542755 31
32914958 3170946 79
32914961 1730248 47
32914970 590287 98
156455 494785 7
32914977 2445680 14
5804614 5804623 31
30739040 2247311 53
28310400 6949367 9
32914995 623460 33
4460026 531857 8
32915002 32915004 75
32915005 32915008 39
32915011 1581593 72
32915013 19046034 82
22265182 670726 56
32915015 236593 4
32915018 1616499 48
2331905 1661930 56
2416732 3103700 80
5167749 1249406 20
32915030 1759883 20
32915032 31415134 89
32915032 6776801 2
30739961 291852 77
32915039 587008 23
32915044 2477409 82
32915052 2192253 35
32915056 202179 57
5662909 2408218 61
32915058 1406692 25
32915066 32915069 71
32915070 3864148 56
32915073 280183 60
32915083 4747288 77
787177 1387072 4
2510376 395840 98
32915095 6458067 19
9522583 95195 39
28510489 2690438 18
32915097 863741 8
32915099 22825 10
32915101 10100 57
7644689 909554 34
30739296 604204 68
32915103 112306 94
32915109 32915113 4
32915114 100557 30
32915117 32915120 82
32915121 297127 46
32915124 471211 67
32915126 32915129 15
32915132 719552 19
4383312 21164 1
32915138 975101 4
32915144 31418102 20
32993898 29168856 14
32994480 31418676 68
32994615 31418573 98
34342244 191590 44
34342460 18687312 21
9517859 9517867 15
4738348 463595 49
28509489 333787 80
34450827 16278964 17
7570798 691298 78
34480136 20467634 20
34484452 922930 83
34489450 4148566 14
34724402 34724404 6
35047534 31711393 11
35047670 16989757 47
35047749 4904357 97
6455683 6455686 55
35048492 31416810 74
33952616 647453 28
14899589 1001070 88
35050304 31417254 88
89670 305600 69
35050306 16530094 25
35050439 31417502 36
152947 482822 94
617956 1356802 76
207163 618049 46
35052284 2422653 94
2410132 3098245 11
34721603 1720214 53
4445806 467562 36
11141456 11141462 48
35398256 35398259 45
35400070 3733265 77
35400180 566145 12
3265113 3706061 4
35400808 1406786 41
11363837 11363840 28
29011963 29011964 51
35400974 35400977 48
851052 164357 3
35400978 31752162 9
32056227 32056240 51
35401136 1012946 70
24405339 24405342 46
35401257 549605 36
32833868 31416657 98
35515527 338948 96
36249378 118655 4
36250188 1668639 28
21897650 322056 24
3783961 1209446 14
30784800 393884 86
1440945 2309690 87
36310881 10214397 9
15005188 1303919 25
36335472 31416296 71
14297344 14297347 75
33089093 464458 16
33544755 3333745 51
36345627 2202661 28
11315469 3659040 84
36354857 462525 17
36361366 31417445 27
36361870 1246503 70
35809314 31740054 25
36377150 36377153 27
32787248 1511 64
10458212 10458221 4
36871201 1243279 9
36872698 895165 6
36872716 301368 99
1356804 2230241 30
115608 372820 12
11317141 11317153 44
1656673 2498308 74
38029532 38029535 34
38029728 3343244 81
38587672 38587673 35
38588797 38588798 42
38588863 4601576 18
38588976 31416337 95
34496086 21622420 93
25445952 25445968 77
38710930 1373593 30
38714619 1413263 82
38714917 38714920 98
2122428 332820 30
38753673 671473 92
38753674 186085 72
38772218 38772220 63
38772219 515009 22
15372013 15372019 2
14583949 1266983 37
4216026 4326513 72
35461737 235002 80
31075112 1473688 21
459466 1122097 95
1132149 1816088 95
3160971 3631304 85
39454892 1680776 73
39575208 675885 90
39575400 31417334 80
2808526 1406040 100
17422 89671 87
39609326 6594989 62
39609527 2315170 74
89673 305604 53
39609808 31417365 56
39652625 682976 57
38668836 31417935 98
39658121 333069 76
14836098 959621 11
2048197 2808527 57
39669997 8169310 36
39675810 31416706 22
39678528 14570534 39
39690754 31417415 42
39726952 843215 60
39739217 939453 20
39760054 5116371 32
39762303 2016646 80
39762431 663745 14
39766665 829462 18
39769205 1236200 10
39774206 31417082 68
39775520 31417345 30
39782607 142065 84
39782912 64126 8
39782996 100050 82
39785730 1248774 94
39787096 43409 49
39788867 16216348 20
39789465 60295 77
39792116 51717 61
39792430 710410 3
39793630 276394 88
39793778 51429 27
39794784 5545 80
39796021 307295 96
39797236 104678 45
39797653 23039 47
39800554 79283 61
39802518 146736 88
39804407 20495434 4
39805219 54865 74
39805664 34875 28
39805945 698690 28
39806101 238997 60
39806244 226888 15
39807242 21710 41
39807323 28900457 69
39807397 17881 53
39808557 35679 47
39810002 141402 27
39810095 1479285 82
39810216 57066 87
39810551 34680 59
39811960 571657 79
39812336 325411 31
3005332 3520129 61
39814834 396895 88
39815564 132286 30
39815998 31417599 27
39816051 879509 24
39817669 929282 82
39819063 39819065 39
39819134 1291953 100
39819296 1369480 35
39819375 17101159 6
39819466 6243 23
39820350 62429 4
36730481 36730484 83
39820611 135244 60
39821397 37053 89
39821622 225522 31
39821670 290225 34
39822125 189085 9
39822399 218720 35
39825470 51996 69
39825918 218065 89
39827563 231113 50
39830077 712516 88
33062614 493007 59
39831419 213165 15
39834113 287360 30
14630332 14630337 56
39835694 51432 67
39836924 130949 7
39837002 139147 31
39838018 43100 85
39838208 76395 96
39841506 72285 31
39841786 19415 24
3435650 898555 27
39844030 51643 68
39847574 91465 97
39850931 31752101 33
39851209 5598 3
39851358 109741 79
39852072 280588 40
39853947 79193 6
39854777 10238376 95
39854843 78274 99
39855218 11337148 8
39856699 42323 57
39857158 102748 22
39858838 91464 79
39864291 54618 49
39869759 434681 18
39872125 39872128 81
5857897 54895 36
5857897 5857900 97
39876365 96827 62
28499768 65978 49
39878061 1439774 14
39879999 134679 39
39883982 22248 32
39884673 55532 60
11255513 91462 86
39889847 40038 41
39894319 3432827 52
39894408 509454 71
39895703 651 39
39896693 220722 32
39896836 367727 95
39899590 1621 89
39901333 5469 87
39901499 16986639 8
39902890 64945 21
39905533 16723775 74
39906296 701963 54
39906487 263436 4
39908429 1413 85
39910192 248621 68
39911387 51524 85
39911441 312773 27
39911650 6942587 86
39913507 72676 80
39916255 218112 76
35401346 3562572 91
40012971 31417271 82
40012976 31417269 2
40012996 6464438 19
40012997 31417372 32
40039953 8011681 41
40042447 436917 16
40042451 593690 86
40044134 1114575 91
28709611 20953989 7
40047089 612317 51
40047301 333690 40
29819897 29819898 72
40047559 245139 59
40047634 32142599 10
40047832 1663847 97
40047880 889924 26
40047894 31416974 19
40047913 515802 38
40047915 1320964 6
28713925 889170 94
28376046 1674510 73
7601926 2122238 63
9512334 9512343 94
40115655 40115657 76
28499903 18557153 100
40122248 40122249 86
14364228 3036397 99
40132452 31418034 96
5768783 5768807 45
6390232 6390239 23
40137818 40137820 19
34650750 31417461 11
8138417 220194 32
40142360 31415723 16
12033653 12033656 30
33120048 2538359 89
36689555 2435700 62
11593170 492978 51
28499879 28499881 79
11544072 43099 44
3013870 3525532 97
14803780 14803785 28
4004044 4185724 45
10688124 10688127 82
14664827 14664830 30
31098905 19525288 6
33340267 800743 88
3020064 442979 90
11324648 11324655 31
34410045 31726161 55
40161666 40161667 65
34987212 301957 23
14521507 14521509 10
4410898 4459419 94
40177362 31416859 48
40177398 1106371 74
40178485 751624 66
14218359 171403 73
4398867 1010113 68
34873316 3131986 35
36685207 20708176 25
31075949 17607666 47
4173988 614315 13
4396965 531043 83
5910437 675679 96
40195070 401544 30
30740986 1459643 74
15091754 15091758 53
40201637 9001911 35
40212220 31724596 86
36730780 2197553 85
10771049 1253710 63
6648617 6648652 58
31092551 336533 44
6265637 3475909 61
7487219 7487224 25
11350814 398515 53
12021994 1448920 18
40325013 775062 26
40325036 32906376 21
40326294 19054195 14
40330470 40330472 27
28725025 11241641 45
41179253 96662 45
41300831 2094753 20
41300833 128034 47
41300891 2225592 80
41300895 2019886 85
41301018 94380 21
41301802 3618321 24
41301806 2335151 30
41303468 1516663 84
41303490 3371748 5
41303492 1463862 70
41303494 1597082 94
41304222 3211923 38
41304224 1406796 44
41304245 43717 36
41304280 5828 7
41305960 1473374 2
41307653 3673986 100
41307698 149816 40
41307700 139708 80
41307702 201264 51
41307706 670233 89
41307708 2166544 3
41311200 54559 82
41311202 43834 23
41312462 2105768 86
41312464 202248 30
41314594 3167674 73
41314596 4202358 20
41314598 349481 24
41314600 3499388 40
41315714 657922 29
41315948 1735662 23
41315974 4218780 14
41316125 2341855 99
41318135 194270 88
41318170 2798079 57
41318213 226585 52
41318323 42504 36
41318325 735090 9
41320847 425034 4
41320849 3081908 83
41321751 2212638 30
41321830 671844 83
41323007 1057235 94
41323053 673877 30
41323728 236759 63
41323730 55923 67
41323779 192828 60
41323781 281607 19
41323902 44159 39
41323904 98162 35
41324481 3329250 4
41326669 24714 90
41329180 16182 58
41329182 19408 43
41329957 20887 97
41329963 4412 27
41329965 7387155 86
41330045 1293859 47
41330047 1289040 84
41330520 1533023 47
41502208 1772005 14
41693474 4823810 54
41693682 7405446 38
41693767 21183607 1
41694179 13538749 82
41694365 31415963 24
41694378 31415961 55
41694516 19420883 37
41694733 31418077 54
41694784 4675213 93
41694925 31417876 19
41694931 861707 41
41695199 1089710 94
41695331 12083360 42
41695441 31417442 28
41695578 20597248 50
41695627 31416477 5
41695683 1907563 51
41695724 41695725 7
41695878 1405437 2
41695915 10277766 72
41693723 7169130 55
10215221 10215222 93
41694382 3179109 81
41696335 1004545 69
41696361 322013 64
41696420 2267794 11
41696425 219765 14
41693383 31418088 72
41696598 384302 99
41696633 7831067 76
41696757 1990733 69
41696808 747436 77
14904396 14904397 34
41696873 31416440 48
41696918 326292 63
41696944 358035 50
14923725 14923726 95
41697107 31416459 42
41697509 3419479 35
41857598 13809427 34
33062607 33062611 85
30741832 6141220 33
30740236 3411165 79
13412906 1340848 27
33088957 1000182 93
41957734 943440 57
36726878 931562 58
33089050 705236 27
30742395 30742396 59
14876734 3768705 10
33062489 877909 94
33088895 3457804 36
33088819 33088821 65
14969116 2750263 61
42100592 883130 71
14962874 2429339 3
15078083 5188709 35
42108409 14474636 48
42108463 915298 10
33062475 1440450 24
42111165 3328883 92
42111199 1577654 75
33062572 31416260 45
42128139 2738213 47
15125807 12580136 50
41695443 12866171 77
42187294 42187297 42
43597725 215084 3
970990 884655 9
43613178 2537335 10
43625403 1023707 60
43652060 5297846 86
43673132 43673133 59
43673160 105418 75
43718884 133348 39
43725699 2823535 18
43729061 56781 22
43742036 51648 69
43758912 51520 19
43758914 199191 78
43764522 57299 77
43771062 623520 72
43776182 51277 39
43782728 128344 83
43796485 72377 10
43810534 10676388 86
44162835 4685990 35
44163027 457683 1
1109785 1981968 7
15102067 3352187 10
45146545 549950 28
45146566 45146569 21
45146570 340417 92
45146573 1559962 89
1981954 859951 43
45146581 321066 80
4013800 4191152 36
45151938 1415263 49
45151950 413919 28
45152001 31728579 8
45159670 724223 83
45160863 1468336 53
45168800 9086149 97
45174615 388656 14
45182085 4444188 18
45182089 12129639 68
45192981 441286 69
45193551 856478 31
45193649 5404479 55
45205686 6053188 35
17826 89851 43
17835 89853 84
46350683 34585006 87
46350684 1036129 29
46350689 35191197 96
46350690 3046537 59
46350701 584200 73
46350704 1253892 19
46350706 1566498 65
46350714 838257 7
46350720 107938 14
46350722 2314263 10
46350734 34643417 95
36693692 4611774 23
46350751 4017939 60
46350755 31740342 85
46350757 2403876 26
46350763 874556 31
46350767 20919849 15
46350769 741596 17
46350773 957150 50
46350775 854219 96
46350777 46350779 18
46350786 1301504 77
46350788 1794872 22
46350792 46350794 20
46350802 46350804 97
46350805 663144 40
46350809 225352 21
46350811 25778746 29
46350813 358554 73
46350815 498257 27
46350817 3735113 25
46350819 13153147 4
46350821 898941 69
46350823 1156419 38
46350828 19582206 100
46350832 31418472 83
46350836 3196805 81
46350838 1074787 73
46350842 31714970 3
46350854 1627854 41
46350860 19549355 50
46350864 333209 4
46350868 19933523 49
46350870 4867709 93
46350874 952960 79
46350876 46350878 12
46350879 1246071 12
46350881 960382 52
46350883 20000486 88
46350900 2714452 80
46350911 31417548 18
46350915 364995 93
46350919 544982 66
46350921 839428 62
46350923 897469 28
46350924 46350926 95
46350930 11146249 47
46350937 2555252 87
46350939 8258080 87
46350945 363670 48
46350949 46350951 17
46350970 697910 77
46350972 584386 32
46350983 1681658 79
46350989 796398 21
46350993 53686 99
46350995 46350997 88
46350998 21158351 40
46351010 31418344 43
46351018 4500471 49
46351020 2880844 3
46351026 6508352 56
46351029 677019 42
46351037 35229423 27
46351039 1068497 99
46351041 1420791 13
46351047 31418010 65
46351057 4881974 33
46351060 46351062 36
46351073 31418118 59
46351084 325294 18
46351086 31750853 78
46351088 46351090 37
46351091 2606546 30
46351095 733069 30
46351105 762393 61
46351119 703517 2
46351133 931868 52
46351137 46351139 87
46351144 3329688 87
46351145 253908 29
46351150 712306 72
46351157 31415837 29
46351164 6320511 82
46351170 1353327 41
46351172 3333031 36
46351176 2969266 34
46351178 617340 55
46351184 46351186 67
46351189 1967032 47
46351195 909943 81
46351205 46351207 20
46351210 5041145 27
46351213 960227 53
46351219 19762029 16
46351221 288535 49
46351223 2020503 97
46351233 1718479 12
46351237 16128911 50
46351246 31417092 95
46351247 40050157 83
46351249 1808330 70
46351252 3509369 30
46351254 1559445 82
46351259 524413 14
46351263 9637778 37
46351268 1777262 18
46351278 31752005 4
46351281 31418509 31
46351286 193722 37
46351292 361131 74
46351294 344999 34
46351300 20950 68
46351302 119949 39
46351312 20231031 92
46351314 966293 62
46351324 1268429 39
46351328 2144778 49
46351339 4690839 6
46351349 563471 84
46351361 1513526 37
46351363 103062 69
46351369 9299607 29
46351373 136229 71
46351378 887593 43
46351380 1387558 41
46351390 1035147 22
46351399 810137 92
46351401 46351403 72
46351404 1570283 56
46351406 1432343 56
46351409 10035150 16
46351411 1506816 45
46351415 17757691 80
46351419 4895721 71
46351425 773826 1
46351429 3396255 64
46351437 935838 6
46351446 3223915 91
46351449 31417810 24
46351451 217444 14
46351453 6026624 68
46351455 1310713 57
46351465 1660230 98
46351477 2880157 72
46351485 2985479 38
46351487 292490 98
46351497 31416455 56
46351509 365489 91
46351517 10322665 9
46351519 7553649 26
46351530 1670693 83
46351535 384364 46
46351547 11409286 47
46351556 4061494 1
46351558 4740360 70
46351566 2088286 1
46351569 43674320 38
46351570 338574 48
46351574 1186253 87
46351576 3531192 61
46351578 1984995 27
46351580 46351582 37
46351586 31418313 38
46351588 17103287 9
46351590 965647 93
46351592 2543285 35
46351594 31751997 60
46351600 46351602 85
46351603 37054 73
46351605 21283604 11
46351609 250134 95
46351621 46351623 40
46351624 234858 65
46351631 31418341 37
46351633 46351635 74
46351636 3710385 98
46351639 423650 27
46351643 46351645 56
46351646 2757891 69
46351648 367612 55
46351652 31415992 6
46351662 31715252 57
46351664 46351665 60
46351666 397167 89
46351674 325213 59
46351688 1000064 28
46351694 21439123 82
46351697 342459 79
46351699 46351701 68
46351702 6501322 86
46351704 121014 30
46351706 579808 28
46351713 10238674 4
46351717 46351719 76
46351722 188722 36
46351724 146916 82
46351726 95800 98
46351729 2321226 50
46351731 20482557 56
46351735 31415730 85
46351741 46351743 76
46351744 3941641 51
46351748 46351750 90
46351757 170476 89
46351773 105327 58
46351775 345852 27
46351777 46351778 40
46351779 1620974 88
46351781 46351783 86
46351784 3752809 95
46351788 387692 56
46351794 29259422 84
46351796 5416801 23
46351798 12944967 48
46351800 44525522 28
46351802 46351804 30
46351805 18703133 18
46351807 46351809 52
46351810 41759308 23
46351818 3468020 57
46351820 46351822 43
46351823 20953691 77
46351829 16888882 75
46351831 1001705 25
46351833 31416847 16
46351835 1848771 82
46351841 21123722 97
46351847 31416390 40
46351850 46351852 69
46351855 21415905 3
46351865 31416029 55
46351869 46351871 44
46351876 1045873 72
46351878 46351880 59
46351881 6436444 87
46351883 93333 17
46351901 46351903 9
46351904 1223634 81
46351906 21846432 16
46351910 1119349 81
46351912 1997723 41
46351919 924741 37
46351921 30058211 85
46351925 8787264 98
46351927 13615 61
46351931 1020447 7
46351939 291751 18
46351941 703882 28
46351945 20813974 37
24399877 1266361 5
46351947 1722532 63
46351951 1619300 36
46351957 1476724 63
46351961 697474 7
46351963 8686820 11
46351967 373716 48
46351975 7196310 72
46351977 31418943 66
46351979 20708185 60
46351989 31416358 1
46351993 1024851 82
46351995 2575924 95
46352005 3082847 96
46352011 3950958 48
46352018 1855435 31
46352022 53862 40
46352044 283554 34
46352046 3650455 47
46352050 1342036 16
46352057 16656822 73
46352061 31752103 56
46352070 983946 38
46352076 2285604 58
46352078 31418407 55
46352080 1560576 91
46352086 1724620 39
46352096 189681 10
46352105 1541197 17
46352119 1307158 9
46352121 220527 45
46352151 2269346 1
46352155 5593264 3
46352157 1673809 2
46352163 2195980 68
46352165 3083470 6
46352171 4733328 5
46352173 3038556 68
46352183 31415118 37
46352185 2213153 60
46352189 1517934 18
46352194 46352196 25
46352199 2289863 95
46352201 573978 67
46352203 5097934 71
46352209 3398458 12
46352213 31416090 17
46352222 1474365 21
46352224 31417851 18
46352232 41926 30
46352234 46352236 14
46352239 2034872 90
46352243 44357405 34
46352251 738443 66
46352255 46352257 31
46352260 148836 88
46352262 46352264 51
46352265 103939 71
46352267 46352269 29
690403 1445391 47
46352274 31418317 38
46352276 31418256 38
46352278 31418492 45
46352282 940116 74
46352284 46352286 54
46352287 1070617 16
46352291 815199 47
46352295 31416894 55
46352297 88601 48
46352303 31751999 4
46352305 199475 54
46352307 500883 34
46352313 345212 67
46352319 2435318 96
46352322 109463 92
46352328 16488983 1
46352330 29254222 94
46352331 390190 43
46352335 333570 93
46352337 31418285 23
46352343 105525 42
46352345 2502588 29
46352347 292846 90
46352349 31708949 43
46352351 333064 72
46352355 43470785 89
46352359 1993430 80
46352361 4043106 89
46352363 46352365 30
46352367 2267928 43
46352368 412178 100
46352370 31418934 35
46352372 43837365 46
41693722 1772762 71
41696486 709547 75
41695332 17101151 83
41695442 392853 11
44163028 3709718 56
47862243 8998217 59
41696925 906348 92
47864015 17342888 6
41694381 31417910 63
47864752 243168 2
47865005 921900 39
47865008 10238763 47
47865009 20230955 54
47865012 4733380 23
47899245 31728807 56
47912051 289906 36
47912058 47912059 56
47912062 31415981 57
47912064 731021 29
47912065 17781890 41
47912066 47912067 28
47912073 8565469 35
47912084 2267985 22
15600927 15600928 84
47912088 1578883 23
47912092 18108535 85
47912093 233231 77
47912097 21283595 7
47912098 31418043 22
47912100 5353603 11
47912101 397207 28
47912103 47912104 46
47912109 10421608 62
47912111 4218037 80
47912118 8440247 75
47912120 47912121 60
47912125 14176341 56
47912126 3656959 89
47912128 31418012 5
47912174 976066 18
47912178 47912179 56
32914976 291962 86
49092879 1803650 15
49092880 606898 48
49092881 85240 46
49092882 555197 50
49092883 467418 100
49092884 2736243 3
49092885 49759 95
49092886 130755 4
49092887 1591468 93
49092888 949412 74
49092889 350302 18
49092890 19126443 14
49092891 31415721 69
49092892 31415843 4
49092893 31416116 34
49092894 5608170 67
49092895 31416425 10
49092895 31725462 23
49092896 19527085 81
49092897 31416516 64
49092898 25749961 90
49092899 27391381 82
49092900 31416769 50
49092901 31416843 41
49092902 28871930 65
49092903 31417031 31
49092904 31417402 94
49092905 17158447 6
49092906 21871234 66
28712636 28712637 68
35013685 31417604 86
49092907 19810638 46
49092908 5737578 76
49092909 31418311 4
49092910 31418378 7
49092911 31418388 64
49092912 6549864 22
49092913 7254748 80
49092914 17653117 43
49092915 1750440 8
49092916 425033 7
49092917 240706 22
49092918 1404 95
49092919 1753183 53
49092920 127550 28
49092921 54271 7
49092921 72843 12
23734327 995345 90
49092922 9357876 54
49092923 3668547 9
49092924 290456 67
49092925 673857 86
49092926 10339013 49
49092927 1132146 96
49092928 3179303 42
49092929 5213636 98
49092930 1814916 27
49092931 6375921 75
49092932 3526038 61
49092933 3272139 17
49092934 3193055 69
49092935 5098549 83
49092936 3710685 30
49092937 321835 5
49092938 2193264 58
49092939 3523045 1
49092940 3495752 69
49092941 3059591 11
49092942 3504634 90
49092943 2513319 49
49092944 1228514 41
49092945 3329575 93
49092946 2565042 49
49092947 5332657 84
49092948 8616155 78
49092949 3922937 96
49092950 940565 26
49092951 2573655 74
49092952 2398128 75
49092953 3196519 81
49092954 6316331 42
49092955 5886136 2
49092956 1974936 88
49092957 1414009 9
49092958 607044 80
49092959 10706881 59
49092960 7953156 59
49092961 97604 87
49092962 31715701 49
49092963 31721863 95
49092964 31721876 68
49092965 1573064 62
49092966 16992071 93
49092967 31722704 42
49092968 31722895 6
49092969 31722970 4
49092970 20450500 72
49092971 20929728 46
49092972 31723504 22
49092973 31723537 20
49092974 31723587 74
12233037 11349342 52
49092975 29945531 68
49092976 31724295 90
49092977 31724314 74
49092978 31724416 15
49092979 16271810 46
49092980 31724611 30
49092981 31724629 20
49092982 31724656 9
49092983 10895311 89
49092984 31724797 86
49092985 918418 19
49092986 12107979 5
49092987 31725511 75
49092988 27978636 13
49092989 31726847 96
49092990 16992112 81
49092991 31726954 3
49092992 31727468 76
49092993 31728182 35
49092994 31728201 76
49092995 20747713 16
49092996 17628125 70
49092997 31728453 43
49092998 31728459 77
49092999 31728515 95
49093000 17520341 4
49093001 17539107 5
49093002 31728589 53
49093003 31728591 32
49093004 16992113 18
49093005 31728630 49
49093006 31728638 91
49093008 31728732 12
49093009 17757394 9
49093010 20530466 8
49093011 20198638 38
49093012 31728889 9
49093013 31728905 17
49093014 23854060 26
49093015 31728980 71
49093016 31729018 88
49093017 17601374 53
49093018 31729070 56
49093019 31729173 94
49093020 31732067 70
49093021 17647365 37
49093022 31737596 74
49093023 31739882 63
49093024 31740099 91
49093025 20747644 65
49093026 31745517 28
49093027 49093028 65
49093029 49093030 85
49093031 49093032 72
49093033 49093034 73
49093035 49093036 97
49093037 49093038 95
49093039 17213334 45
49093040 33858964 83
49093041 32152876 49
49093042 44525454 87
49093044 49093045 39
49093046 49093047 12
49093048 38907019 96
49093049 2558974 52
49093050 49093051 79
49093052 49093053 29
49093054 20826644 77
49093055 44525621 3
49093056 49093057 86
49093058 31752231 79
49093059 49093060 16
49093061 49093062 52
49093063 894360 22
49093064 49093065 60
49093066 36844077 73
49093067 8972135 18
49093068 49093069 34
49093070 16359477 17
49093071 49093072 55
49093073 49093074 57
49093075 49093076 88
49093077 49093078 40
49093079 49093080 20
49093081 49093082 15
49093083 2323881 21
21897029 948058 43
49093084 48888 69
49093085 41916 92
49093086 494704 56
49093087 3945695 84
49093088 51519 73
49093089 162460 52
49093090 208026 62
49093091 701713 11
49093092 40039 42
49093093 64173 31
49093094 1067737 100
49093095 353765 37
49093096 170726 4
49093097 5466 7
49093098 44178 95
49093099 676024 36
49093100 790121 42
49093101 1351478 49
49093102 5160 64
49093103 1407 80
49093104 84855 77
49093105 94643 94
49093106 43950 18
49093107 142276 74
49093108 314744 54
49093109 240412 96
49093110 237605 65
49093111 240413 47
49093112 17961 92
49093113 52395 62
49093114 51187 27
49093115 1034794 47
49093116 828404 27
49093117 157427 72
49093118 1901840 16
49093119 104829 55
49093120 3185567 95
49093121 116944 30
49093122 1260374 55
49093123 384577 68
49093124 42613 65
49093125 1345278 20
49093126 2502805 96
49093127 3033999 14
49093128 349194 39
49093129 333039 86
49093130 1257635 98
49093131 83452 50
49093132 925884 41
49093133 885584 17
49093134 1175407 85
49093135 477588 86
49093136 862539 38
49093137 1385639 25
49093138 1384120 89
49093139 1770947 46
49093140 1420817 64
49093141 142972 25
49093142 139192 30
49093143 291888 93
49093144 1131134 97
49093145 1126431 94
49093146 395368 72
49093147 1734606 13
49093148 1413863 70
49093149 1269515 80
49093150 889799 71
49093151 1343542 15
49093152 707153 45
49093153 946006 71
49093154 169267 72
49093155 914033 79
49093156 1750068 98
49093157 912093 82
49093158 54866 34
49093159 3646368 28
49093160 1123207 89
49093161 2505914 76
49093162 551080 13
49093163 66620 21
49093164 9039435 98
49093165 3343215 89
49093166 475329 60
49093167 832253 99
49093168 1085155 49
49093169 502551 32
49093170 2589097 30
49093171 2667089 69
49093172 1918223 49
49093173 671147 61
49093174 3577615 91
49093175 3431176 55
49093176 3271748 98
49093177 1282103 26
49093178 480441 1
49093179 247643 58
49093180 164742 70
49093181 38019 46
49093182 317404 76
49093183 64903 78
49093184 1708087 83
