28730776 1480191 44
28497079 1400204 98
2636639 2790451 84
7214888 527862 74
28493775 2000602 68
6827186 100609 89
1632801 1117020 14
2084616 456456 20
6961476 1073068 61
315683 852792 78
731833 1503126 86
7658528 1084322 27
30392225 4531664 61
9901601 253882 91
11274014 1996667 70
1580821 354810 81
7981748 1253969 92
28477488 1265987 36
3563094 3902378 34
1557781 801193 47
2381468 321366 77
9636326 1124730 93
28520322 721925 61
3115354 1692262 58
9901602 670485 69
879468 1695527 77
1572242 1820069 61
1722206 1082927 94
28509526 2210901 52
28497673 3209893 17
32854013 2148766 63
32873299 1354982 44
32873302 2300266 97
33002883 537445 40
33003651 6240011 20
33004070 196268 37
866706 1354746 26
10818174 206575 43
7107505 434859 86
33004285 2143018 67
4962879 1720595 30
33005027 573263 6
33091773 247636 99
33091792 300762 96
33091795 2023476 99
33091802 1268785 16
33091822 1148881 36
33583280 712569 80
1524599 2291558 31
34236877 543836 92
10335122 2088600 4
34286914 870910 62
34308285 1154859 78
34312854 177539 3
34345731 482228 26
3662473 664322 49
34365809 2047748 100
13168351 714061 22
11642068 192367 36
34378642 439831 56
34386255 1264795 3
34395882 5619263 69
34401354 672652 81
4587226 221583 29
34408683 88508 7
28509486 839110 98
34415791 446113 78
29028263 1611535 2
34422156 100134 26
34423066 1428436 34
12287284 451613 32
34424014 2720651 48
28499211 5081096 90
1572243 678663 70
28496657 540565 41
6965915 1076610 73
34454034 2015306 89
34460265 143896 52
34460270 1951281 64
34460346 247422 93
34468009 2051293 70
4111729 325466 4
34480671 3075721 30
34482192 1084779 99
4561781 1029569 86
2797206 3158255 64
34498628 10369 57
34498702 1417862 36
34713616 810054 59
34727923 1596620 54
34750790 84047 87
34755669 2955139 26
34755717 1627998 89
3157605 747715 72
2566285 910285 30
30298502 1202899 22
28498588 1663841 46
4631016 278225 64
34763948 531584 82
34774872 531507 73
28270614 1719149 5
30614794 4611680 49
34799007 1277881 10
34799078 955396 12
34799290 2436401 54
35012820 852889 76
35400015 1514924 33
8631099 603927 71
28691352 425545 27
35413810 549366 63
35413852 2134451 29
35413855 1162855 89
365842 963814 36
28498926 3431425 75
35414058 1129561 57
35414154 1771238 61
3891590 2036565 44
35414213 359431 35
35572107 742480 16
35572635 359426 50
35587408 913275 14
35598571 421905 4
35790409 179080 26
35802916 6195170 24
35803400 1171783 31
28508966 945466 12
35815699 3750225 94
30356140 244187 43
35824785 644761 32
35825550 434811 80
35826057 988540 68
35826057 3907997 8
5770095 52769 50
35828218 126195 15
1721488 713773 32
35829541 2196787 65
35830378 924358 52
36296402 1479933 66
4552835 2037568 58
36357319 222923 34
36368803 316685 53
36374755 1159846 23
36393750 2472922 18
36398194 1356797 90
1572244 2431500 78
2212825 2798942 22
8810022 2457699 10
36522433 1559628 10
36522708 1513407 2
36527468 907163 22
36529008 293455 2
36529897 1291019 25
36530096 1692281 71
36530604 247593 82
36530731 358492 32
36531015 3902277 17
36531099 735980 39
36531577 1607021 1
14554733 2269073 98
36532996 1478599 99
36537022 1476723 39
36537295 1763255 48
4983682 571657 34
1503128 357825 84
5647211 753028 6
1394181 2029255 40
15217251 1306172 37
39458040 88548 47
11744808 2523675 48
38053839 1114058 78
39474857 3667473 12
14456828 955471 46
39583106 419740 57
28226890 990549 100
852736 394044 45
40599101 805573 27
40599108 2875859 75
40196289 1067803 23
8810023 194303 20
40599139 573206 69
40599160 911913 5
40599198 1436976 91
40599200 571836 93
40599207 92401 81
826793 1548459 22
40599229 6312570 46
40599280 149385 47
40599290 915448 63
40599393 1101087 31
40599398 2706923 33
40599407 498257 27
40599427 713811 70
924450 386617 29
40599538 867565 92
40599548 349909 22
40599556 5620017 8
40599591 2541180 51
40599599 2534829 51
40599600 1797763 59
40599623 606628 80
40599631 98466 91
40599640 239300 1
40599664 2475377 93
40599710 4251776 31
40599730 654801 11
40599747 351865 55
40599780 1841508 59
3956620 1730734 91
40599798 945875 93
40599820 9810143 90
40599826 931869 66
40599829 1495950 4
40599848 943672 46
14239463 1745053 81
40599871 3179330 45
40599874 781147 15
40599876 3931108 44
40599928 1723924 20
39122611 1146585 96
28619517 1476706 53
10276624 531464 33
41862205 5651 82
41911874 1575909 51
41954254 1149946 53
41964966 1544970 7
41988484 2006676 36
42042190 2426520 18
2523240 736902 21
28509037 1777794 5
30833076 4718851 89
42148142 922408 50
42155694 2151018 63
42174523 1003985 8
43305680 1162823 19
43380448 937340 83
43380664 2862303 16
43380760 1630364 48
43380851 361040 10
43380906 293707 14
43380946 2028065 78
43380992 821093 19
43381099 1307974 75
43381128 1785717 87
28497504 1470837 44
43381199 1090044 89
43381246 610665 93
43381330 3329250 53
43381379 398322 59
43381392 2371415 87
43381435 389461 94
43381538 1176977 66
43381566 203564 4
43381611 821355 77
43381657 687678 60
43381847 345493 50
43381945 542821 65
43382089 332626 85
43382091 2568514 94
43382093 988379 83
43382095 5945195 12
43382097 712443 31
43382099 453613 66
43382102 161176 88
43382104 3850720 56
43382107 868019 7
43382109 2047066 89
43382112 2268218 31
43382114 649065 7
43382116 1149896 79
43382118 968481 31
43382120 2145819 86
43382123 2031970 50
43382126 1335278 58
43382144 857870 27
43382146 1413863 65
43382150 3447386 64
43382157 537397 72
43382160 1628465 92
43382162 859829 82
43382165 3488606 50
43382168 1634015 11
43382170 1269367 71
43382179 502255 9
36770223 602963 14
43382192 395226 68
43382194 5445303 30
43382196 965874 11
43382198 1802618 9
41203664 8306886 34
43382200 2228472 7
43382202 827098 57
43382204 952782 52
392653 1003009 13
673836 1280367 12
616358 895537 60
43764724 8978466 68
4618400 1706829 94
12821442 1526740 82
3881316 1970184 94
1619743 573647 30
45141876 2870874 100
45142181 2325716 12
45143004 1103079 27
1641347 995895 9
34886943 2142854 13
6357925 1949574 2
33321252 1285162 4
45144751 94684 24
45144862 64801 48
45144977 1719150 21
45145027 739806 100
1685974 487709 27
45145238 1278100 15
45145301 1146032 36
8613495 1559232 25
36115277 537503 26
11433445 368052 15
45145716 3461117 85
45145864 470682 35
33309315 362872 86
45145978 509219 94
45146175 1328487 12
45146272 491171 51
45146385 469899 94
45146476 324098 46
45146504 2449740 91
45146518 1639813 83
6749237 531573 7
28451578 2090444 50
45146524 929204 63
45146626 2168210 87
45146781 8402375 4
45146784 1307523 65
9441648 455861 82
45146982 319500 94
45147113 488326 36
45147155 392821 80
28496727 508349 49
45147268 1785752 8
45147355 352110 12
45147505 5351543 100
45147634 2056934 14
45147677 535504 38
28496942 2860623 64
28511233 207483 87
8383503 6998085 45
45147786 370342 40
45147789 2049603 55
45147893 239066 25
700381 956321 48
45148195 1004635 19
45148395 484914 73
28270506 4994389 25
28618737 711681 45
1524581 1828860 11
45148889 856178 41
45149046 597503 100
45149436 809917 57
45149526 2418466 71
6971356 2168189 45
28733542 1150218 26
45149584 1153106 32
45149692 390061 23
45149696 708728 82
45149742 4707793 85
45149757 1334187 42
45149780 3328751 43
45149815 1260218 96
12225887 610743 17
28595033 5153361 64
45149866 747696 62
3921277 2849393 10
45149902 750229 73
45149902 1647756 96
45150096 2933033 28
45150109 225353 53
45150162 526012 29
45150230 1193139 13
45150385 3430436 99
45150388 2976564 29
28496591 831958 74
45150393 365742 80
45150396 2854162 96
45150492 1005359 3
14206049 1655500 12
28509303 1844831 86
45150691 810188 61
30381601 13615 26
9322511 426550 32
45150824 350894 79
45150840 735010 55
45150993 364257 98
45151002 506816 97
1516655 279916 81
3199577 552804 66
871173 924906 82
45151072 1529443 10
45151103 748145 48
33004453 1603161 23
45151416 1523171 25
45151440 748581 62
45151452 181177 59
45151456 1708702 81
28618579 1266060 42
45151475 2168267 50
45151514 2047809 80
30763751 1356600 50
2367064 531475 10
2523317 879620 32
45151684 894984 54
45151687 250749 76
45151687 2000882 67
33004367 1339453 74
45151783 385869 82
45151828 905412 46
45151945 863256 97
45151971 717407 90
45152026 2027829 49
29025757 4475095 17
45152169 924781 32
45152172 254644 31
45152231 1797897 68
45152234 734771 69
45152327 2027453 83
45152330 152201 51
45152589 396702 1
45152686 327412 58
45152833 2869380 7
45152916 7253256 74
28497555 1559571 16
45153028 1236950 86
45153032 610854 58
45153116 2838038 70
45153143 490632 57
3115076 859059 92
23734885 1667585 30
45153621 1628101 47
45153672 461433 12
8909280 3039821 30
45153911 891351 54
45154349 1611753 93
45154357 2621661 70
45154591 1195460 81
45154593 791982 67
45155022 749347 62
45155183 2028162 42
45155357 1489791 25
28270934 2142893 43
45155812 1041942 53
45155815 2659218 94
45155886 1142727 48
45155940 1611723 13
45155980 2445680 96
45156035 1558135 21
28226891 1705530 78
45156311 4732337 94
45156995 6267624 83
45157057 815208 19
4362607 2144947 31
45157176 324510 25
45157394 1479316 15
45157724 507011 90
4584185 437206 8
11508836 1310621 41
45158391 877146 27
862513 11373 65
30716390 1208064 67
45159015 1110001 68
14718698 2991768 40
40023147 1902478 14
45159894 1184125 20
45159906 1170726 91
4382320 1278057 95
28477499 748557 6
45160611 672328 7
45160626 1287042 2
45160675 1725081 82
1722232 1268364 18
30386468 998158 57
45160784 358709 29
45160931 1552720 67
11557544 1676549 77
45161126 348730 9
45161236 492652 100
45161634 3531492 3
45162018 732375 54
45162036 1242719 100
45162068 320904 93
45162350 1656224 69
45162495 360988 11
15239087 695466 74
45162696 476903 14
14347033 909805 25
14662079 87472 34
45162835 2463551 16
45163201 121813 67
45163254 1706010 49
45163262 190649 66
45164041 279995 51
45164070 316340 89
45164079 325784 100
3595514 1310487 18
40194906 545470 59
45164712 2114670 61
45164919 2036651 63
45164962 1512816 57
45164987 654720 15
45165044 1007876 24
45165079 671102 76
15241755 674574 57
45165107 315007 62
45165135 207614 85
28227875 3006979 15
45165162 1567231 40
45165297 1965333 1
45165496 4706622 2
45165519 1463467 40
45165528 173147 30
45165623 291910 30
9224991 936041 25
45165663 425378 86
45165665 2346379 60
28497517 2196730 89
45166010 490617 4
28511610 921541 42
45166307 2137572 3
45166347 2375319 58
45166572 1548165 91
45166791 524589 56
45167082 58033 97
45167085 913358 27
45167382 2124019 6
45167446 3210801 30
45167460 2295330 22
4469576 894880 86
45167675 290933 49
862567 1179570 89
45167716 1741723 4
45167755 2549357 46
45167811 894645 97
45168055 288713 29
45168078 3734674 12
45168083 2537217 18
1955962 1889561 37
28509650 1155682 41
45168769 696097 93
8403560 2102317 20
45169026 1856386 77
45169251 572270 93
45169254 247549 93
45169264 710997 17
45169273 326443 21
40102987 846435 44
45169708 1798817 1
45169915 247563 71
45170259 1308768 49
45170440 254971 39
45171034 1452354 83
45171445 1434484 7
45171501 2137589 60
28477436 543757 76
45171504 1731683 79
45171591 703152 90
96374 323862 55
28270863 927813 4
45172077 822557 40
45172080 495237 47
45172092 665082 67
28760653 669919 36
45172104 1086566 99
45172112 1428286 9
45172895 437146 98
45172905 1566060 39
3913312 1401999 85
45173575 300478 60
3230385 92263 80
45173720 778857 7
45173776 347619 26
45173983 2134159 9
31071216 1953194 60
40006513 421616 60
45174013 325346 28
28496740 2812553 100
28498633 2820518 34
45174140 4285555 17
45174148 1581593 44
28618772 1250718 18
39482400 1007900 36
45174323 1352851 74
45174503 797202 76
45174618 359711 40
45174621 641986 46
900670 915056 84
45174629 1414546 99
28498338 1297494 50
45174638 2139513 34
45174670 352204 52
45174690 2569609 4
45174736 479291 51
45174748 457975 85
45174825 1597263 60
45175064 1153968 9
45175169 2025450 39
45175171 916479 100
45175229 2508099 75
45175232 2120747 75
45175261 1111360 34
45175535 1170921 42
45175633 638015 18
45175664 766398 70
45175873 1305769 68
45176150 801806 95
14240962 469436 58
45176321 677966 16
45176526 456258 51
28498780 362668 41
45176600 756521 73
45176720 918780 91
45176761 1166921 10
45176925 351759 60
45176973 1575896 58
45176976 1184037 5
45177025 119907 77
45177478 1842694 51
45177680 914879 73
9588923 108906 41
28387864 1802252 29
45177703 978898 39
4092415 915663 94
45177859 2853134 94
45178018 1348645 83
45178144 1976874 2
45178147 1268351 48
45178153 745389 93
45178161 2781914 24
45178196 300598 79
45178200 1428412 97
14262581 4181517 94
45178231 1976340 72
28498346 50533 31
45178242 1348800 81
45178253 472684 9
45178256 254484 56
28448757 1268337 86
45178402 554428 40
28496206 601015 44
45178654 1111347 41
45179003 1260235 10
45179061 1451375 69
45179176 1337843 44
14307329 1195793 76
45179195 3585261 67
45179200 3749995 39
45179218 1342693 77
28497933 2128618 6
45179284 1008717 82
28185665 1110629 18
45179378 890013 9
45179405 917870 92
3115228 2922539 30
45179410 1436697 24
45179413 724974 9
45179526 1168734 30
45179531 5602309 32
45179553 467167 53
45179649 332394 47
45179652 1996517 56
45179671 544865 77
28477512 2142951 50
45179911 261720 85
15232290 610807 69
14303625 875576 72
1321107 785169 24
45180215 3879659 86
45180226 545522 44
28619453 720598 2
45180275 1002653 14
7980492 503067 10
1855893 1649975 11
2418839 2564041 6
45180356 545755 36
45180359 1303826 26
4963766 1124755 65
45180391 1672810 96
45180394 7780221 19
45180403 254690 37
5345313 104839 41
21749190 858115 80
45180606 1797587 85
45180973 19571 20
45181016 3297453 69
45181028 847699 48
45181160 1179217 16
45181170 2883491 94
45181274 2221927 52
3185290 113205 18
28493707 3551835 4
45181607 98085 32
1321141 960131 87
28509348 514294 80
45181816 254664 52
45181823 706617 40
45181852 4308847 87
45181861 1265869 52
12908827 367522 72
40082460 357527 13
45181899 1788035 72
45181933 2020503 2
45181938 1064188 42
10690599 1033050 7
45182056 1742536 10
45182059 385643 5
45182061 2868814 73
6853045 1803567 31
45182071 1311339 5
45182152 528608 29
45182300 773721 22
45182340 1296046 37
45182375 1264839 5
45182480 1097465 56
45182823 960802 71
45183078 529275 98
45183127 616443 34
1722212 2344734 80
45183133 2210101 28
45183734 2572297 49
45183739 1277390 5
45183923 9718652 36
28509949 130116 55
45184135 356566 27
45184204 1516697 90
45184230 1643661 5
45184304 115304 60
6572722 555173 74
45184732 450599 100
45184809 745377 98
45184837 943550 40
28509160 143207 61
10701451 1577552 79
45184969 423711 26
45185040 1138581 49
45185087 314075 52
10325180 1010710 100
1721847 48778 92
28761367 1086535 47
45185214 1030090 88
45185221 549468 34
45185249 196975 7
45185330 1405485 89
40084664 1246071 40
45185642 2886121 31
45185726 1480539 72
45186413 1549665 32
45186433 673040 49
5763721 1762808 57
45186734 957138 26
40082896 1704485 31
45186939 1046987 74
45187001 146956 31
45187149 1126727 54
6201167 2462226 65
45187506 478594 13
45187515 611211 47
827532 254392 24
45187814 483295 62
45188016 1009302 22
2564310 3205606 20
45188077 18137 32
924293 1732876 76
45188109 1249641 20
45188161 136013 34
45188163 1625163 2
45188166 255152 61
15432223 749359 12
45188413 1237315 52
45188760 1285177 21
40038549 391004 79
45188883 1707168 1
45188910 911598 56
45188985 2992839 8
45189065 2785353 65
45189620 22170 11
45189914 490645 23
4393539 432280 33
33099337 687549 67
45190082 597791 74
8237546 1662298 18
28205286 2571049 85
45191106 223692 90
45191164 854077 35
45191195 1056721 30
45191198 916149 76
8733814 1308032 16
45191873 392483 21
45192223 3532806 34
39944106 974243 12
34880930 97861 32
45192241 5150339 100
45192246 669955 89
45192340 1914701 69
45192638 2435139 34
45192794 3164029 42
45192983 1471388 44
45193305 1080129 20
45193534 1212591 83
45193537 1170742 67
2218303 571920 48
45193584 1598783 69
5731052 1325280 6
862736 1676189 42
45193666 720532 43
45193671 341187 8
33498962 828925 1
45193931 496230 51
14238770 389415 5
45194032 5480529 27
45194073 879768 69
45194112 1318508 77
45194375 1909114 79
45194459 328010 94
36770237 5147693 72
9766481 291846 69
45194986 1662317 47
45194988 1829820 46
28761048 2288770 36
45195139 4579724 10
45195362 1155536 23
45195603 545669 53
1721979 1008446 16
45195940 845416 85
28497075 15611641 61
45196373 552333 97
2432113 3115348 17
14855522 2036445 3
14694094 104942 30
45197159 3189250 42
45197357 900345 56
45197490 139348 61
45197900 2040301 28
45198652 3215785 96
45198717 1671077 25
45199422 1023385 55
45199693 898173 8
45199942 1033137 37
45199945 119473 68
45199967 244091 40
45200005 1795269 67
6188808 882748 50
45200066 899038 60
45200083 2834310 88
45200098 645828 30
45200105 89944 99
35405444 4678109 74
45200225 963288 47
45200238 6921095 81
45200251 1740798 14
45200276 810092 56
45200286 2560868 2
33483551 1260591 96
2523319 531211 1
45200373 397171 6
7530750 1911180 61
699773 347178 6
45200460 1854447 68
45200474 2026697 39
28477344 5528279 30
4469580 4503963 52
35404326 1265937 12
28498315 698499 46
45200644 6057886 71
36735444 3524800 30
45201149 1349034 52
45201155 2196713 75
28477381 2191277 98
45201240 687665 84
45201488 313442 57
45201507 2406966 12
61746 242196 62
45201733 364314 85
45202065 6533213 18
45202108 1047046 80
45202208 479969 85
45202240 2047819 35
1955963 324139 40
28619281 222909 25
45202396 979650 13
11402435 1112966 25
45203197 2000976 4
45203211 2088653 93
45203314 1325211 2
45203478 1730060 64
14466891 2084268 5
9548362 49728 85
45203638 96493 93
608594 1011525 24
45203680 287466 41
2557089 495406 71
3317500 1607842 40
28691497 452969 10
852966 1166602 59
14464245 2791671 68
45204247 962412 64
1744800 302589 9
45204306 1117365 40
45204309 1112449 28
3577911 1265923 53
45204357 525670 67
45204665 221590 39
45204695 597212 49
45204710 3230601 46
45204790 388271 63
45205164 721180 7
7938138 1265827 12
14908812 1719449 82
45205292 1439020 50
14708046 216341 90
33495126 347318 33
45205425 339198 43
45205548 1656247 36
45205707 3458223 32
45205710 1106161 37
45205715 2148754 80
45206568 1089848 48
35536495 2026749 23
45206663 332886 31
925553 910346 29
45207354 850231 9
28504021 1444379 29
45207429 531940 4
45207865 2426864 97
45208079 1625765 80
45208156 6075085 32
8661109 1302103 46
30392424 615173 43
45208882 703048 7
45208888 456381 35
45208899 1117830 37
45209041 610892 73
45209046 99658 84
45209063 1268405 26
45209092 294221 54
45209115 853229 74
45209121 600986 22
45209129 828537 19
30303677 748174 48
45209149 1187886 75
45209342 2192427 69
7744965 1843878 76
45209551 9731187 13
45209553 1147768 48
45209587 2144970 20
45209617 323410 61
45209617 1666775 55
45209663 2763625 97
40085981 2750958 38
28498404 1808330 45
45209873 1266049 60
12875613 610846 61
30325050 841626 18
45210088 1479285 91
45210104 1758845 21
33331349 2754546 80
45210275 917502 33
45210277 125124 64
45210315 1559558 90
45210426 858918 64
45210497 745039 3
45210582 1127835 67
45210584 697806 4
28368397 1241023 59
45210667 930060 19
45210700 2485938 53
45210725 674404 23
11652788 1182789 48
45210733 844944 5
45210738 142655 24
45211088 660475 30
45211292 173265 69
45211317 1262209 45
45211388 333653 25
45218123 461461 21
45346889 610951 69
45346892 343140 63
45346897 2223961 34
45346898 831828 14
45346948 742104 75
45346974 742096 91
45346997 934015 21
45347123 709207 6
45347129 1212428 8
45347141 1348969 18
45347145 217533 28
45347150 305759 94
45347152 854260 57
45347165 2686982 38
45347168 741660 21
45347178 1467697 66
45347180 493478 53
45347182 2104839 43
45347184 775063 60
45347214 479615 16
45347313 181178 61
45347327 1062012 85
45347492 3165675 44
45347755 953542 23
45347803 540291 9
45347869 1291336 88
45347884 1420239 81
45347896 2506746 16
45347992 754612 50
45348141 1070036 95
45348305 2009980 30
45348396 440312 49
45348436 1528674 47
45348469 142373 66
45348933 397319 64
45349086 588851 89
45349177 1184171 44
45349577 2791277 99
45349643 2115044 27
45349666 1474306 70
45349710 598348 7
45349763 265729 36
45349964 2014720 39
45350002 708611 60
45350381 899207 49
45350597 877741 76
45350675 1988902 65
45350692 2017599 51
45351414 1720006 34
45351567 1010164 36
45351569 1438886 48
45351578 1164612 73
45351679 2368456 27
34895939 656123 1
45353833 396416 28
45353835 785592 99
45353837 3400268 7
45353839 2019702 25
35941774 383405 77
45354288 1477153 26
45354290 330840 71
45354292 147837 58
45354296 459509 33
45354298 2862266 46
2365616 2876110 100
45354302 1545062 36
45354304 2802590 92
6957231 1930416 29
45354306 451950 38
45354308 2210106 39
45354310 6365616 66
45354312 860027 43
28496707 857581 84
14855523 1160670 6
45354383 4459419 64
45354806 427369 33
1002518 651922 23
28498813 1656296 24
45355298 2454429 67
45355367 904938 44
1867926 201194 100
45903624 2339011 97
45903680 945796 62
45903732 791420 13
14243188 2027366 17
100657 330987 27
28509086 702741 54
45903843 130043 28
924162 684299 66
28691300 1225234 53
5780064 2039864 66
4126096 1671004 12
1723276 863218 52
9645139 2333104 90
33096710 359859 13
5763722 894614 7
31100389 325763 78
7512133 333666 90
46150210 516363 43
46151238 158178 40
46154310 664453 48
47890979 1999719 38
4469444 1200791 6
8746983 913529 49
49174668 1897195 14
49174669 208194 18
49174670 332918 44
49174671 884509 38
49174672 1954204 92
49174674 3692220 55
28650699 1650148 94
49174675 979547 58
49174676 2088771 59
49174677 1650211 92
49174678 839160 97
28732827 1843946 43
49174680 2088641 6
49174681 1746586 97
49174682 791090 23
49174684 213282 85
49174686 2068537 1
49174687 701105 3
30386412 1159833 9
49174689 907080 90
49174691 1529173 78
49174693 924880 12
49174695 2137852 72
49174697 1263925 99
14370994 1529270 23
49174698 1653737 21
28270523 551488 53
49174699 915013 60
49174701 428658 19
49174703 647033 64
49174704 152292 35
11377808 103868 3
866722 1681236 89
49174706 647051 53
49174707 574481 6
49174708 398483 78
49174710 171213 15
49174711 528027 28
49174713 659594 85
49174715 2928477 74
49174716 265990 79
49174718 1170417 52
49174719 1579582 47
49174720 1405470 4
49174722 1656171 22
49174724 2555252 36
49174725 2697760 77
49174726 1230693 7
49174727 445995 89
912918 480170 41
49174728 185689 31
49174729 524537 58
49174731 152566 1
2359618 2154715 76
15758679 1671067 70
49174732 2043065 29
49174734 1230653 66
49174736 1231962 56
49174737 82874 93
49174739 309661 56
49174741 256702 89
28509875 1260372 57
49174742 1413620 55
49174744 1236883 46
49174746 395418 98
49174748 1016655 32
49174750 718148 60
49174752 2228185 24
49174754 528337 38
49174755 602345 33
49174757 445155 91
49174758 892488 44
49174759 748696 79
49174761 651952 70
49174762 330001 27
49174764 748756 50
49174765 216145 86
49174767 875546 79
49174768 2038962 23
33355416 141867 14
49174770 531794 92
49174771 1848612 56
49174772 791868 49
49174773 1199857 22
49174774 389266 52
49174775 1421284 43
49174777 378677 64
49174778 1861117 7
49174780 647387 5
49174782 2339216 13
49174784 1237390 74
49174786 1428463 39
49174788 1428558 62
49174789 38602 26
49174790 1075180 27
49174791 1228280 29
49174792 134386 42
49174793 2884800 28
49174795 863687 58
49174796 575491 85
49174797 325170 98
49174799 1174766 51
15238913 1111388 21
49174800 155203 72
49174801 2145225 92
49174803 2002489 38
49174804 200772 100
49174805 1288625 78
49174807 1134393 100
49174808 280628 38
49174810 625292 31
49174811 752181 52
49174813 399080 70
49174814 1288716 57
49174816 231189 59
49174818 383801 37
49174819 69043 48
49174820 851263 16
49174821 1009266 75
49174822 325629 75
49174823 393033 9
49174824 236443 94
49174825 1477134 73
49174826 2114384 95
49174827 99421 39
49174828 1288688 14
49174829 655981 63
49174830 73455 32
49174831 1779350 31
49174832 312596 14
49174833 496499 63
49174834 1180691 3
49174836 1047108 38
49174837 1047001 94
49174838 1190598 44
49174839 1428836 62
49174840 1065686 69
49174841 573287 44
49174842 898402 31
49174843 827887 41
49174844 1709775 70
49174845 1180659 16
49174846 456616 3
49174847 1065613 76
49174848 1581620 88
49174849 2053227 6
49174850 1235223 73
49174851 278905 17
49174852 1110489 71
49174853 391342 22
49174854 1228560 24
49174855 1209551 52
49174856 486316 38
49174857 480732 29
49174858 157044 27
49174859 552528 79
49174860 155315 8
49174861 516387 89
49174862 456628 58
49174863 423668 68
49174864 535577 39
49174865 2000462 94
49174866 156692 30
49174867 2053237 40
49174868 2147176 24
49174869 846400 64
49174871 845774 79
49174872 494133 30
49174873 589734 44
49174874 290537 99
49174876 539424 56
49174877 552166 21
49174878 847590 21
49174879 440207 46
49174880 1146570 53
49174882 1179278 59
49174883 602827 94
49174885 897672 90
49174886 1209648 44
49174887 1947560 63
49174888 1982365 64
49174889 1125323 48
49174890 548915 29
49174891 1668390 60
49174892 866820 32
49174893 367328 9
49174894 848027 8
49174895 489306 24
10945331 1109637 4
49174896 831660 91
49174897 2418681 65
49174898 1558206 96
49174900 494492 37
11030447 2860901 12
49174902 1114460 10
49174903 1204962 69
49174905 1467768 79
49174906 263918 66
49174907 3037354 2
49174908 464499 62
49174909 678803 65
49174910 431408 12
49174911 912982 7
49174913 573358 89
49174914 574082 61
49174916 492978 51
49174918 1264060 56
49174920 173628 18
28511616 492967 79
49174921 1655673 75
49174923 1008723 54
49174924 177533 33
49174925 178136 29
49174926 178142 95
49174927 178130 58
49174928 2593165 64
49174929 1996714 18
14583083 720045 6
49174930 2479948 16
49174932 479756 73
49174934 1124632 53
28438811 2000987 63
49174937 1124685 17
49174939 1175142 56
49174940 1926078 19
49174942 1699709 61
49174944 2374532 75
49174945 1129397 44
49174947 277540 85
28451802 962610 63
49174948 602131 21
4340275 243471 84
49174950 413390 16
49174952 288098 46
49174954 2206779 1
49174957 445764 70
49174958 747605 71
49174960 150718 24
49174961 549671 22
49174963 247584 18
49174964 2097539 61
49174966 299925 36
49174968 453112 5
49174970 1528646 91
49174971 1972136 75
49174973 420814 90
49174975 616184 44
49174976 748165 32
49174978 713655 40
49174979 675270 47
49174980 839914 34
49174981 632479 15
49174982 964249 83
49174984 1224709 90
49174985 1467291 93
49174987 92203 39
49174988 2028370 62
49174989 3019740 80
49174990 358696 98
49174991 387544 91
49174992 364445 73
49174993 1061540 93
49174994 1010644 97
49174996 216951 30
49174998 267179 25
49174999 430972 88
49175000 690304 99
49175001 829618 22
49175002 830363 60
49175004 1268325 82
49175005 898941 73
49175007 2888192 61
49175008 848140 47
49175010 1828805 21
49175012 572830 3
47760728 2168281 31
49175013 481298 13
49175014 2048065 88
49175016 774647 12
49175018 2123116 41
28497302 2037697 69
49175020 371355 46
49175021 2435215 22
49175022 616660 99
49175023 708266 76
49175024 547512 90
49175026 1579668 88
13181611 2549711 31
49175027 2600587 65
49175029 887084 18
49175031 878031 53
49175033 720465 45
49175035 2278980 40
49175037 696154 81
21676383 798219 57
49175038 1275619 3
33285001 531628 97
49175040 786668 87
49175042 1179853 67
49175043 119908 73
866990 1681308 55
49175045 495720 32
28509811 561667 52
49175047 610366 41
49175049 531484 46
49175051 391905 40
49175052 877413 30
49175054 1342764 74
49175056 798378 99
49175058 1228204 5
49175060 1494600 44
49175062 315417 36
49175063 1722333 33
49175065 1435773 90
49175066 2375848 93
49175068 1131245 57
49175069 1334988 40
49175070 894721 27
49175072 1377237 60
49175073 712411 42
49175075 3618854 64
49175077 3892445 39
49175078 3066611 79
49175080 123686 4
49175082 616776 86
49175084 1238700 10
49175085 2568465 71
49175086 1565495 14
49175088 829339 28
49175089 830567 31
49175090 1804359 81
49175091 1516168 32
49175093 1335295 47
49175094 734918 58
49175095 396328 98
49175096 60486 88
49175098 937253 77
49175100 1082885 30
49175101 1146635 79
49175103 626934 58
49175105 5639612 70
49175106 327200 56
49175108 1709420 90
49175109 4489611 34
49175110 2757655 61
49175112 8275486 59
49175113 5088216 16
49175114 664507 5
49175115 1822271 7
49175117 2995768 92
49175119 1608147 79
49175121 1534062 28
49175122 3974821 21
49175124 3563428 68
49175125 77305 10
49175126 2706138 34
49175127 3340112 23
49175129 4277253 46
28499143 3313137 66
28509616 2310247 91
49175130 4469676 72
49175131 2272678 69
49175133 4528608 74
49175135 4636652 5
49175136 139277 65
49175138 5299743 96
49175139 902142 95
49175140 2067326 94
49175141 2284970 19
49175143 891563 77
49175145 4757186 50
30307655 543732 8
49175147 2039801 65
49175149 1220396 45
49175151 1692920 63
49175152 1452238 12
49175154 1289550 75
49175156 1288649 27
49175158 1243650 87
49175160 2128755 29
49175162 1046689 13
28639268 3374237 11
49175164 1279041 4
49175165 194912 65
49175166 348698 38
49175167 506335 31
49175169 2097902 14
49175171 2565337 30
49175173 2634678 53
49175175 901008 17
49175177 1544322 93
49175178 8117610 73
49175179 1030172 28
49175180 320603 72
28555985 1675287 12
49175181 313302 52
49175182 6988346 64
49175183 6785333 80
49175184 1852694 57
49175186 543861 35
49175188 8725988 72
49175190 3162648 35
49175192 96964 100
49175194 1304086 80
49175195 2510467 34
2655741 571991 3
49175196 1786467 58
49175198 433963 87
49175199 2866023 17
49175200 2047740 50
34895960 890830 77
49175201 995302 70
49175203 2421466 50
49175203 801082 20
49175203 2107198 96
28270713 2887457 85
49175205 603058 14
49175207 1339888 92
49175209 1237422 88
49175211 649089 14
49175212 3159510 42
49175214 2320574 90
49175216 1266413 6
49175217 3037656 66
49175219 2459726 42
49175220 109530 81
49175222 299509 86
49175224 886038 95
49175225 412178 67
49175227 2767597 79
49175229 1407416 36
49175230 998996 86
49175231 945853 49
3595370 173629 11
28760991 3437087 37
28227862 820385 30
49175232 109477 47
15240374 3072356 99
49175234 2708710 2
49175236 687572 15
49175238 2286301 100
3115119 1753771 28
49175239 889774 58
3115202 3595461 49
34901646 1831493 46
28504061 5710571 65
49175241 3925407 76
49175243 92479 91
30325797 1086099 52
785872 924518 79
2272524 877439 84
49175244 1590550 52
49175245 300937 36
49175247 607147 84
49175249 2436716 14
49175251 3145852 28
49175253 1099837 10
49175254 4708591 80
49175256 1561434 65
49175258 1413449 63
49175259 2596129 57
49175260 1099650 63
49175261 1083367 79
49175263 1592437 42
12068056 3151072 99
49175264 1952083 54
49175265 2166138 87
49175266 1327973 36
49175267 2118788 20
49175268 1165598 71
49175269 2800612 22
49175270 334778 28
49175271 1829941 5
49175272 2223408 67
49175273 1507269 16
49175275 904844 92
49175276 2771891 72
49175277 1123144 100
49175278 951109 46
49175280 643835 19
49175281 1123151 76
49175282 210717 55
49175283 527874 15
49175285 1668653 74
49175287 3117874 28
49175289 2508109 24
49175290 402956 52
49175291 145730 88
