4110479 1500645 24
33108631 4425807 77
4989880 4989885 78
33252968 33252969 37
33252973 33252976 80
4389651 4445086 33
38069809 4485716 53
38070280 38070281 35
38074425 4445086 78
38103379 4445086 56
38157375 4485714 96
38161914 4445086 74
38186033 4445086 35
4984798 4445086 62
4363319 4425807 52
4389652 4445097 58
728817 1500637 30
4418205 4464558 71
4989860 4989867 36
728818 1500640 19
728819 1500645 49
4363320 4425809 83
4988687 1500640 77
4994763 4994767 92
4994764 4994769 87
4988688 4445097 91
4363321 4425809 69
4991444 4991452 24
4991445 4991452 83
4988689 1500640 78
4988690 4445097 53
38667334 38667335 96
38667487 38667488 25
33252971 33252969 66
38667737 38667738 76
4469990 4425809 70
2365004 1500640 82
38667813 38667814 67
38673888 38673889 8
38673974 38673975 9
38673977 38673975 74
38674125 38674126 27
38674353 38674354 19
38674619 38674620 74
4994771 4994767 3
38674940 38674941 4
38675172 38675173 25
4994772 4994769 69
38684371 38684372 87
38684617 38684618 26
38684643 38684644 46
38685037 38685038 60
38765625 38765626 66
38765727 38765728 56
38793476 38793475 19
1500641 1500640 89
1500642 1500640 63
4516947 4485716 80
4485715 4445097 84
38820211 38820210 28
38820213 38820212 81
38820216 38820215 8
38820218 38820217 86
38820220 38820219 64
38820249 38820248 50
38820544 38820543 45
38820546 38820545 2
38820549 38820548 32
38820551 38820248 18
38820552 38820248 33
38820555 38667814 5
38820556 38820559 25
38820560 38820563 55
38820561 38820563 3
4988695 1500640 2
38820685 4994767 23
38820685 38820688 27
38820686 4994767 86
38820686 38820688 36
4991450 4991452 99
4425811 4469991 73
4425812 4469991 5
4425813 4469991 30
33252974 33252976 52
38821307 38821309 31
38822200 38822202 62
38822201 38822202 57
41699028 41699030 32
41699031 38820543 55
41699032 41699035 32
41699036 38793475 1
41699038 1500640 66
41699040 41699042 3
41699043 4425809 45
41699044 41699035 13
41699046 38820215 68
42330462 4485716 51
42330463 42330465 9
42330466 33252969 54
42330467 4469991 45
42330472 42330473 61
42330475 4425809 60
42330475 42330477 71
42330475 42330478 15
42330479 4425809 44
42330482 38793475 90
42330483 42330485 57
42330490 42330492 75
42330493 42330496 77
42330497 4445086 36
42330498 38793475 56
42330500 42330502 26
42330504 38820545 55
42330506 38820212 11
42330510 38820543 27
42330511 38822202 72
42330513 42330515 97
42330516 42330517 29
42330518 42330520 3
42330521 42330522 10
42330524 38667488 4
42330525 38820545 3
42330527 38793475 4
42330529 38820217 22
42330530 42330531 64
42330532 42330478 54
42330533 42330515 14
42330535 42330520 6
42330536 1500640 74
42330538 38821309 15
42330540 4991452 94
42330542 42330543 98
42330544 38684644 68
42330546 1500640 61
42330548 38667738 84
42330550 4991452 40
42330551 4445097 99
42330553 4469988 70
42330554 42330473 74
42330556 42330558 16
42330559 4469987 70
42330559 4425807 62
42330619 1500640 90
42330621 4989867 83
42330623 4485716 50
42330625 42330626 89
42330627 42330473 12
42330628 42330485 4
42331321 42331323 23
42331324 42331326 86
42331359 38667488 77
42331361 38820210 34
42331363 4991452 9
42331365 42331367 15
42331368 42331370 90
42331371 38667488 94
42331372 33252969 69
42331374 42331375 65
42331376 38684372 99
42331378 42331379 24
42331381 42331383 63
42331384 42331385 64
42331386 33252969 33
42331389 4469987 68
42331391 1500640 9
42331393 38820210 69
42331395 42331326 27
42331397 38820559 95
42331399 4425807 58
42331401 42331402 7
42331403 42331323 80
42331405 42330485 63
42331713 1500640 61
42497072 38684372 6
46519212 4469988 27
46519227 4994769 35
46519262 46519264 1
46519265 4445086 20
46519266 4445086 55
46519267 4445086 6
46519268 4445086 34
46519270 4445086 62
46519271 4445086 67
46519273 4445086 91
46519274 4445086 28
46519276 4445086 66
46519277 4485714 56
46519278 4485714 89
46519279 4469987 18
46519280 4469987 45
46519281 4469987 80
46519283 4469987 21
46519285 4469987 77
46519286 4469987 83
46519287 4425807 40
46519288 4425807 83
46519290 4425807 97
46519292 4469988 66
46519294 4469988 84
46519295 4469988 51
46519297 4469988 1
46519298 4469988 8
46519299 4469988 33
46519301 46519303 74
46519304 4504359 5
46519305 4504359 39
46519307 4504359 13
46519309 4504359 40
46519311 4530980 63
46519320 4530980 29
46519321 4530980 93
46519322 4530980 39
46519324 4530980 80
46519325 4530980 5
46519326 38822202 72
46519327 38822202 28
46519328 38822202 54
46519329 38822202 22
46519330 38822202 38
46519331 38793475 2
46519332 38793475 1
46519334 38793475 90
46519335 38793475 79
46519337 38793475 3
46519338 38793475 62
46519339 38793475 11
46519340 38793475 80
46519341 38793475 74
46519342 38793475 84
46519343 38793475 87
46519344 38793475 49
46519345 38793475 54
46519346 38793475 10
46519347 38793475 66
46519348 38793475 56
46519349 38793475 55
46519350 38793475 69
46519351 38793475 28
46519353 38793475 98
46519354 38793475 50
46519355 38793475 51
46519356 38793475 73
46519357 38793475 92
46519359 38793475 69
46519361 38793475 73
46519362 38793475 5
46519363 38793475 3
46519364 38793475 24
46519365 38793475 9
46519366 38793475 42
46519368 38793475 76
46519370 38793475 4
46519372 38793475 81
46519374 38793475 28
46519376 38793475 69
46519378 38793475 69
46519380 38793475 61
46519381 38793475 74
46519382 38793475 100
46519384 38793475 44
46519385 38793475 34
46519387 38793475 86
46519389 38793475 56
46519391 38793475 86
46519393 38793475 75
46519395 38793475 89
46519397 38793475 67
46519399 38793475 39
46519401 38793475 56
46519402 38793475 28
46519404 38793475 11
46519405 38793475 86
46519406 38793475 65
46519407 38793475 50
46519408 38793475 1
46519410 38793475 83
46519411 38793475 31
46519413 38793475 36
46519414 38793475 60
46519416 38793475 35
46519418 38793475 73
46519419 38793475 45
46519420 38793475 63
46519422 38793475 47
46519423 38793475 36
46519424 38793475 29
46519426 38793475 32
46519427 38793475 19
46519428 38793475 82
46519430 38793475 21
46519432 38793475 23
46519433 38793475 56
46519434 38793475 16
46519435 38793475 13
46519436 38793475 46
46519438 38793475 27
46519440 38793475 3
46519441 38793475 68
46519442 38793475 2
46519443 38793475 20
46519445 38793475 13
46519447 38793475 58
46519449 38793475 23
46519451 38793475 30
46519453 38793475 65
46519455 38793475 22
46519457 38793475 12
46519459 38793475 17
46519461 38793475 79
46519463 38793475 27
46519465 38793475 69
46519466 38793475 68
46519467 38793475 70
46519468 38793475 98
46519470 38793475 76
46519472 42330473 4
46519473 42330473 39
46519474 42330473 44
46519475 42330473 19
46519476 42330473 95
46519477 42330473 40
46519478 42330473 88
46519480 42330473 53
46519482 42330473 71
46519484 46519485 5
46519487 46519485 48
46519488 42330502 70
46519490 42330502 59
46519492 42330502 16
46519493 42330502 24
46519494 42330502 16
46519495 42330502 1
46519496 42330502 92
46519498 46519499 72
46519501 46519499 87
46519502 46519499 75
46519504 46519499 20
46519506 46519499 99
46519506 46519507 16
46519508 46519509 10
46519511 46519509 73
46519512 46519509 91
46519513 46519509 32
46519515 46519509 42
46519517 33252976 21
46519519 33252976 35
46519521 33252976 12
46519522 33252976 17
46519524 33252976 96
46519526 33252976 12
46519528 33252976 40
46519530 4989885 12
46519532 4989885 70
46519534 46519536 73
46519537 46519536 44
46519539 46519536 88
46519541 46519536 7
46519543 46519544 63
46519545 46519544 40
46519546 46519544 32
46519547 46519544 51
46519548 46519544 34
46519549 46519544 50
46519551 46519544 67
46519552 46519544 34
46519553 46519544 70
46519555 46519544 29
46519556 46519544 53
46519557 46519544 61
46519558 46519544 35
46519559 46519544 54
46519560 46519544 39
46519561 46519544 67
46519562 46519544 39
46519563 46519544 61
46519564 46519544 29
46519566 46519544 65
46519567 46519544 90
46519569 46519544 62
46519571 46519544 64
46519572 46519544 44
46519574 46519544 53
46519576 46519544 69
46519577 46519544 10
46519578 46519544 10
46519580 46519544 77
46519581 46519544 40
46519582 46519544 44
46519583 46519544 9
46519584 38820548 72
46519586 38820548 5
46519588 38820548 87
46519589 38820548 3
46519591 38820548 64
46519593 38820548 15
46519595 38820548 18
46519597 38820548 88
46519599 38820548 58
46519601 38820548 95
46519603 38820548 49
46519605 38820548 42
46519607 38820548 53
46519609 38820548 35
46519611 38820548 10
46519613 38820548 9
46519615 38820548 28
46519617 38820548 80
46519619 38820548 32
46519621 38820548 91
46519623 38820548 49
46519625 38820548 68
46519627 46519629 64
46519630 46519629 87
46519632 46519629 1
46519633 46519629 75
46519634 46519629 64
46519635 42330496 25
46519636 46519637 51
46519638 46519639 48
46519640 46519639 7
46519642 46519639 37
46519644 46519639 29
46519646 38820215 55
46519647 38820215 29
46519648 38820215 20
46519649 38820215 5
46519650 38820215 90
46519651 38820215 5
46519652 38820215 51
46519653 38820215 17
46519654 38820215 60
46519656 38820215 75
46519656 42330477 8
46519657 38820215 88
46519659 46519660 44
46519661 46519264 7
46519662 46519264 68
46519663 46519264 23
46519664 46519264 98
46519665 46519264 31
46519666 46519264 33
46519667 46519668 11
46519669 46519668 54
46519670 46519668 75
46519672 46519668 10
46519674 42330477 8
46519674 46519676 86
46519674 46519668 14
46519677 42331383 80
46519679 42331383 71
46519681 41699030 3
46519683 4425807 14
46519683 41699030 5
46519685 41699030 35
46519687 41699030 64
46519689 41699030 98
46519691 41699030 50
46519693 41699030 49
46519695 41699030 74
46519697 41699030 30
46519699 41699030 47
46519701 4445097 27
46519704 4445097 36
46519706 4445097 21
46519708 4445097 90
46519710 4445097 32
46519712 4445097 73
46519714 4445097 34
46519716 4445097 35
46519718 4445097 9
46519723 4445097 28
46519725 4445097 26
46519727 4445097 9
46519728 4445097 24
46519729 4445097 26
46519730 4445097 72
46519732 4445097 24
46519734 4445097 94
46519736 4445097 95
46519738 4445097 12
46519739 4445097 85
46519740 4445097 20
46519742 4445097 79
46519744 4445097 69
46519745 4445097 60
46519747 4445097 5
46519748 4445097 1
46519749 4445097 87
46519750 4445097 83
46519751 4445097 90
46519752 4445097 66
46519754 4445097 46
46519755 4445097 35
46519757 4445097 60
46519758 4445097 73
46519760 4445097 76
46519762 4445097 14
46519764 4445097 82
46519766 4445097 27
46519768 4445097 93
46519770 4445097 66
46519772 4445097 43
46519774 4445097 67
46519776 4445097 27
46519778 4445097 35
46519780 4445097 12
46519781 4445097 3
46519782 4445097 16
46519783 4445097 66
46519784 4445097 54
46519786 4445097 23
46519787 4445097 57
46519789 4445097 2
46519790 4445097 73
46519792 4445097 26
46519793 4445097 29
46519794 4445097 89
46519795 4445097 16
46519797 4445097 71
46519799 4445097 24
46519801 4445097 75
46519803 4445097 59
46519805 4445097 82
46519807 4445097 5
46519809 4445097 57
46519810 4445097 72
46519812 4445097 30
46519813 4445097 22
46519814 4445097 24
46519815 4445097 100
46519816 4445097 24
46519817 4485716 43
46519819 4485716 60
46519825 4485716 1
46519827 4485716 65
46519829 4485716 43
46519831 4485716 95
46519833 4485716 33
46519835 4485716 84
46519837 4485716 66
46519839 4485716 58
46519841 4485716 56
46519842 38820545 96
46519843 38820545 92
46519844 38820545 38
46519845 38820545 47
46519846 38820545 63
46519847 38820545 55
46519849 38820545 47
46519850 38820545 71
46519852 38820545 82
46519853 38820545 16
46519855 38820545 72
46519857 38820545 51
46519859 38820545 27
46519861 38820545 41
46519863 38820545 2
46519865 38820545 81
46519867 38820545 94
46519869 38820545 16
46519870 38820545 89
46519871 38820545 8
46519872 38820545 52
46519873 38820545 96
46519874 38820545 48
46519875 38820545 22
46519877 38820545 13
46519878 38820545 83
46519879 38820545 12
46519880 38820545 89
46519881 38820545 27
46519883 38820545 37
46519884 38820545 32
46519885 38820545 7
46519886 38820545 59
46519888 38820545 7
46519890 38820545 33
46519891 38820545 19
46519892 38820545 71
46519894 38820545 39
46519895 38820545 58
46519896 38820545 91
46519897 38820545 72
46519899 38820545 27
46519901 38820545 93
46519903 38820545 32
46519905 38820545 67
46519907 38820545 23
46519909 38820545 5
46519911 38820545 81
46519913 46519915 46
46519916 46519915 44
46519918 46519915 33
46519920 46519915 24
46519922 46519915 45
46519924 46519925 62
46519926 46519925 9
46519928 38820248 51
46519929 38820248 6
46519931 38820248 42
46519932 38820543 88
46519934 38820543 81
46519936 38820543 84
46519938 38820543 91
46519939 38820543 59
46519940 38820543 24
46519941 38820543 8
46519943 38820543 80
46519944 38820543 72
46519945 38820543 37
46519946 38820543 58
46519947 38820543 29
46519949 38820543 72
46519951 38820217 79
46519952 38820217 24
46519954 38820217 2
46519955 38820217 62
46519956 38820217 54
46519957 38820217 94
46519958 38820217 22
46519959 38820217 7
46519961 38820217 97
46519963 38820217 61
46519965 38820217 28
46519967 38820217 84
46519969 38820217 27
46519971 38820217 31
46519973 38820217 45
46519975 38820217 44
46519977 38820217 25
46519979 38820217 71
46519981 38820217 86
46519983 38820217 10
46519985 38820217 47
46519987 38820217 20
46519989 38820217 45
46519990 38820217 26
46519991 38820217 18
46519992 38820217 6
46519993 38820217 55
46519994 38820217 54
46519995 38820217 73
46519997 38820217 84
46519999 38820217 48
46520001 38820217 61
46520002 38820217 69
46520003 38820217 61
46520005 38820212 24
46520007 38820212 75
46520009 38820212 84
46520011 38820212 48
46520013 38820212 48
46520015 38820212 5
46520017 38820212 28
46520018 42330465 96
46520020 42330465 74
46520022 42330465 15
46520024 42330465 57
46520026 42330465 78
46520028 42330465 66
46520030 42330465 21
46520032 42330465 15
46520034 42330465 93
46520036 42330465 43
46520038 42330465 3
46520040 42330465 62
46520042 42330465 84
46520044 42330465 80
46520046 42330465 25
46520048 42330465 32
46520050 42330465 95
46520052 42330465 35
46520054 42330465 31
46520056 42330465 81
46520058 42330465 95
46520060 42330465 24
46520062 42330465 31
46520064 42330465 32
46520066 42330465 27
46520068 42330465 90
46520070 42330465 72
46520072 42330465 59
46520074 42330465 92
46520076 42330465 91
46520078 42330465 24
46520080 42330465 6
46520082 42330465 74
46520084 42330465 15
46520086 42330465 77
46520088 42330465 5
46520090 46520092 35
46520093 46520092 19
46520095 46520092 34
46520097 46520092 66
46520099 46520092 29
46520100 46520092 18
46520101 46520092 55
46520102 46520092 22
46520104 46520092 73
46520105 46520092 73
46520106 46520092 95
46520107 46520092 35
46520108 38820219 85
46520109 38820219 60
46520110 46520112 39
46520113 42330531 49
46520114 42330531 83
46520115 42330531 69
46520117 42330531 99
46520118 42330531 2
46520120 42330531 37
46520121 42330531 66
46520122 42330531 43
46520123 42330531 69
46520124 42330531 14
46520126 42330531 50
46520127 42330531 90
46520128 42330531 13
46520129 42330531 95
46520131 46520133 56
46520134 38820210 97
46520136 38820210 33
46520137 38820210 32
46520138 38820210 45
46520139 38820210 82
46520141 38820210 41
46520142 38820210 2
46520144 38820210 35
46520145 38820210 4
46520146 38820210 7
46520147 38820210 88
46520149 38820210 71
46520151 38820210 19
46520153 38820210 23
46520154 42330478 84
46520155 42330478 78
46520156 42330478 3
46520157 46520158 84
46520159 46520158 17
46520164 46520158 53
46520166 46520158 27
46520167 46520158 50
46520169 46520170 34
46520171 46520170 7
46520172 1500637 55
46520173 1500637 63
46520174 1500637 33
46520175 1500637 5
46520176 1500637 87
46520178 1500637 94
46520180 1500637 45
46520181 1500637 96
46520182 1500637 55
46520184 1500637 23
46520186 1500637 7
46520187 1500637 9
46520189 1500637 61
46520190 1500637 79
46520192 1500637 99
46520194 1500637 7
46520195 46520197 8
46520198 46520197 80
46520199 46520197 90
46520200 46520197 63
46520201 46520197 13
46520203 42331370 21
46520205 42331370 19
46520206 42331370 92
46520207 42331385 17
46520208 42331385 38
46520209 42331385 54
46520210 42331385 43
46520211 42331385 75
46520213 42331385 55
46520214 42331385 86
46520215 42331385 41
46520216 42331385 59
46520217 42331385 32
46520218 42331385 63
46520219 42331385 69
46520221 42331385 66
46520223 42331385 58
46520225 42331385 48
46520226 42331385 62
46520227 42331385 85
46520229 46520231 24
46520232 46520231 90
46520233 46520231 8
46520235 46520236 41
46520237 46520236 76
46520238 46520236 93
46520239 46520241 42
46520242 46520241 74
46520243 38667335 37
46520244 38667335 51
46520245 38667335 85
46520247 38667335 62
46520248 38667335 60
46520250 38667335 12
46520251 38667335 17
46520253 38667335 100
46520255 38667335 59
46520256 38667335 85
46520257 38820219 46
46520257 38821309 74
46520259 38821309 56
46520260 46520262 36
46520263 46520262 59
46520265 46520262 19
46520267 46520262 35
46520268 46520262 15
46520269 42330522 88
46520271 42330522 99
46520273 42330522 91
46520275 42330522 22
46520277 42330522 6
46520279 42330522 50
46520281 42330522 50
46520283 42330522 25
46520285 42330522 87
46520286 42330522 81
46520288 42330522 11
46520290 42330522 55
46520292 42330522 91
46520293 42330522 61
46520295 42330522 75
46520297 42330522 32
46520298 42330522 33
46520300 42330522 4
46520302 38667488 10
46520303 38667488 5
46520305 38667488 76
46520307 38667488 94
46520309 38667488 13
46520310 38667488 80
46520312 38667488 13
46520313 38667488 16
46520314 38667488 58
46520315 38667488 99
46520317 38667488 47
46520318 38667488 82
46520319 38667488 44
46520321 38667488 23
46520322 38667488 24
46520323 38667488 55
46520324 38667488 73
46520325 38667488 69
46520327 38667488 54
46520329 38667488 55
46520330 38667488 84
46520331 38667488 54
46520332 38667488 9
46520333 38667488 80
46520334 38667488 67
46520336 38667488 16
46520338 38667488 57
46520339 38667488 5
46520340 38667488 66
46520342 38667488 67
46520344 38667488 53
46520346 38667488 54
46520348 38667488 40
46520350 38667488 6
46520352 38667488 76
46520354 38667488 58
46520356 38667488 13
46520358 38667488 44
46520360 38667488 47
46520362 38667488 9
46520364 38667488 86
46520366 38667488 73
46520368 38667488 88
46520370 38667488 13
46520371 38667488 94
46520372 38667488 39
46520374 38667488 39
46520376 38667488 52
46520378 38667488 75
46520379 38667488 94
46520380 38667488 94
46520382 38667488 11
46520384 38667488 12
46520386 38667488 98
46520387 38667488 89
46520388 38667488 60
46520389 38667488 70
46520390 38667488 60
46520392 38667488 9
46520393 38667488 38
46520394 38667488 78
46520396 38667488 1
46520398 38667488 7
46520400 38667488 52
46520402 38667488 10
46520404 38667488 46
46520405 38667488 73
46520407 38667488 73
46520409 38667488 18
46520411 38667488 34
46520413 38667488 53
46520415 38667488 51
46520417 42330543 88
46520418 42330543 91
46520419 42330543 11
46520420 42330543 100
46520422 42330543 100
46520423 42330543 1
46520425 42330543 7
46520426 46520427 54
46520428 46520427 44
46520430 46520427 85
46520432 46520427 48
46520433 46520427 71
46520434 46520427 60
46520435 33252969 68
46520437 33252969 9
46520438 33252969 8
46520439 33252969 5
46520440 33252969 38
46520441 33252969 65
46520442 33252969 78
46520444 33252969 33
46520445 33252969 42
46520446 33252969 15
46520448 33252969 61
46520449 33252969 61
46520450 33252969 90
46520451 33252969 43
46520452 33252969 49
46520454 33252969 51
46520456 33252969 21
46520458 33252969 85
46520460 33252969 66
46520462 33252969 89
46520464 33252969 19
46520466 33252969 19
46520468 33252969 93
46520470 33252969 28
46520472 33252969 34
46520474 33252969 88
46520476 33252969 44
46520478 33252969 15
46520480 33252969 71
46520482 33252969 92
46520484 33252969 49
46520486 33252969 70
46520488 33252969 35
46520490 33252969 75
46520492 33252969 73
46520494 33252969 91
46520496 33252969 83
46520498 33252969 88
46520500 33252969 3
46520502 33252969 88
46520504 33252969 92
46520505 33252969 50
46520506 33252969 21
46520507 33252969 18
46520509 33252969 24
46520510 33252969 70
46520512 33252969 51
46520514 33252969 60
46520516 33252969 42
46520517 33252969 3
46520518 33252969 20
46520519 33252969 79
46520521 33252969 44
46520522 33252969 74
46520524 33252969 52
46520526 33252969 90
46520527 33252969 94
46520528 33252969 13
46520530 33252969 19
46520531 33252969 92
46520532 33252969 57
46520534 33252969 4
46520536 33252969 71
46520538 33252969 85
46520540 33252969 42
46520542 33252969 35
46520544 33252969 37
46520546 33252969 88
46520548 33252969 42
46520550 33252969 55
46520552 33252969 48
46520554 33252969 93
46520556 33252969 66
46520558 33252969 36
46520560 33252969 42
46520562 33252969 1
46520564 33252969 8
46520566 33252969 28
46520568 33252969 28
46520570 33252969 59
46520572 33252969 29
46520573 33252969 52
46520574 33252969 52
46520575 33252969 11
46520577 33252969 94
46520578 33252969 16
46520580 33252969 82
46520582 33252969 80
46520584 33252969 51
46520586 33252969 1
46520588 33252969 50
46520590 33252969 19
46520592 46520594 29
46520595 46519676 58
46520596 46519676 24
46520598 46519676 89
46520600 46519676 54
46520602 46519676 27
46520603 46519676 62
46520605 46519676 60
46520606 46519676 76
46520607 46519676 73
46520608 46519676 2
46520609 46519676 96
46520610 46519676 23
46520612 46519676 97
46520613 46519676 88
46520614 46519676 31
46520615 46519676 47
46520616 46520620 8
46520621 46520622 25
46520623 46520622 16
46520625 46520620 42
46520626 46520627 29
46520628 46520627 23
46520629 46520627 40
46520631 46520633 54
46520634 46520633 82
46520636 46520633 76
46520638 46520633 70
46520640 46520633 77
46520642 38667738 55
46520644 38667738 89
46520646 38667738 70
46520648 38667738 95
46520650 38667738 88
46520652 46520654 13
46520655 46520661 64
46520662 46520661 91
46520664 46520661 40
46520666 46520661 77
46520668 46520661 100
46520670 46520661 25
46520672 46520661 58
46520674 46520661 94
46520675 46520661 71
46520676 46520661 70
46520678 46520661 23
46520679 46520661 76
46520680 46520661 2
46520682 46520661 22
46520683 46520661 19
46520684 46520661 94
46520685 46520661 37
46520686 46520661 99
46520688 46520661 77
46520690 46520661 18
46520692 46520661 39
46520693 46520661 80
46520694 46520661 52
46520696 46520661 78
46520698 46520661 45
46520699 46520661 4
46520700 46520661 40
46520701 46520661 23
46520702 46520661 16
46520703 46520661 20
46520704 46520661 78
46520705 46520661 44
46520707 46520661 29
46520709 46520661 14
46520711 46520661 65
46520713 46520661 63
46520715 46520661 48
46520717 46520661 74
46520719 46519507 76
46520721 46519507 59
46520723 46519507 54
46520725 46519507 76
46520727 46519507 12
46520729 46519507 78
46520731 46519499 10
46520731 46519507 21
46520732 4464558 6
46520733 4464558 36
46520735 4464558 25
46520736 4464558 84
46520737 4464558 70
46520738 4464558 44
46520740 4464558 54
46520742 4425809 1
46520744 4425809 58
46520746 4425809 81
46520748 4425809 71
46520750 4425809 53
46520751 4425809 68
46520752 4425809 75
46520754 4425809 100
46520756 4425809 72
46520757 4425809 87
46520758 4425809 82
46520759 4425809 7
46520761 4425809 32
46520762 4425809 83
46520763 4425809 86
46520765 4425809 64
46520766 4425809 44
46520768 4425809 10
46520770 4425809 2
46520771 4425809 98
46520772 4425809 34
46520773 4425809 99
46520775 4425809 87
46520777 4425809 31
46520779 4425809 58
46520781 4425809 88
46520783 4425809 29
46520785 4425809 80
46520787 4425809 61
46520789 4425809 31
46520791 4425809 98
46520793 4425809 20
46520795 4425809 9
46520797 4425809 49
46520799 4425809 62
46520801 4425809 70
46520803 4425809 37
46520805 4425809 3
46520806 4425809 3
46520807 4425809 53
46520808 4425809 36
46520809 4425809 79
46520811 4425809 9
46520812 4425809 78
46520813 4425809 47
46520815 4425809 77
46520817 4425809 24
46520818 4425809 53
46520819 4425809 86
46520820 4425809 18
46520821 4425809 17
46520823 4425809 8
46520825 4425809 36
46520826 4425809 92
46520828 4425809 79
46520830 4425809 69
46520832 4425809 72
46520834 4425809 92
46520836 4425809 61
46520838 4425809 24
46520840 4425809 16
46520842 4425809 66
46520844 4425809 54
46520845 4425809 94
46520847 4425809 41
46520849 4425809 21
46520851 4425809 90
46520853 4425809 41
46520854 4425809 94
46520855 4425809 46
46520857 4425809 64
46520858 4425809 16
46520860 4425809 71
46520862 4425809 96
46520864 4425809 14
46520866 4425809 56
46520868 4425809 75
46520870 4425809 62
46520872 4425809 50
46520874 4425809 40
46520876 4425809 52
46520878 4425809 46
46520880 46520882 97
46520883 46520882 59
46520885 46520882 25
46520887 46520882 14
46520889 46520882 78
46520891 46520882 38
46520893 46520882 78
46520895 46520882 76
46520897 46520899 55
46520900 46520899 83
46520902 46520899 61
46520904 46520899 80
46520906 46520908 62
46520909 46520899 46
46520911 46520899 33
46520913 46520915 36
46520916 46520915 8
46520918 46520915 16
46520920 46520915 52
46520922 46520915 55
46520924 4469991 92
46520926 4469991 93
46520928 4469991 13
46520930 4469991 74
46520932 4469991 18
46520934 38820563 97
46520936 38820563 98
46520938 46520940 33
46520941 46520943 24
46520944 46520946 6
46520947 46520946 99
46520949 1500640 21
46520951 1500640 81
46520953 1500640 24
46520955 1500640 34
46520957 1500640 55
46520959 1500640 94
46520961 1500640 33
46520963 1500640 9
46520965 1500640 53
46520967 1500640 86
46520969 1500640 20
46520971 1500640 81
46520973 1500640 35
46520975 1500640 39
46520977 1500640 43
46520979 1500640 89
46520981 1500640 84
46520983 1500640 69
46520985 1500640 98
46520986 1500640 8
46520988 1500640 88
46520990 1500640 68
46520992 1500640 70
46520994 1500640 11
46520996 1500640 77
46520998 1500640 54
46521000 1500640 49
46521002 1500640 38
46521004 1500640 76
46521006 1500640 55
46521008 1500640 5
46521010 1500640 83
46521012 1500640 54
46521014 1500640 12
46521016 1500640 63
46521018 1500640 34
46521020 1500640 31
46521022 1500640 36
46521024 1500640 44
46521026 1500640 12
46521028 1500640 91
46521030 1500640 61
46521032 1500640 25
46521034 1500640 59
46521036 1500640 50
46521038 1500640 61
46521040 1500640 92
46521042 1500640 51
46521044 1500640 68
46521046 1500640 30
46521048 1500640 55
46521050 1500640 72
46521052 1500640 68
46521054 1500640 71
46521056 1500640 58
46521058 1500640 32
46521060 1500640 80
46521062 1500640 88
46521064 1500640 63
46521066 1500640 94
46521068 1500640 57
46521070 1500640 72
46521072 1500640 19
46521074 1500640 27
46521076 1500640 57
46521078 1500640 29
46521080 1500640 78
46521082 1500640 88
46521084 1500640 84
46521086 1500640 48
46521088 1500640 69
46521090 1500640 95
46521092 1500640 47
46521094 1500640 29
46521096 1500640 8
46521098 1500640 70
46521100 1500640 24
46521102 1500640 71
46521104 1500640 34
46521106 1500640 33
46521108 1500640 98
46521110 1500640 57
46521112 1500640 43
46521114 1500640 89
46521116 1500640 84
46521118 1500640 65
46521120 1500640 38
46521122 1500640 96
46521124 1500640 52
46521126 1500640 80
46521128 1500640 1
46521130 1500640 3
46521132 1500640 19
46521134 1500640 62
46521136 1500640 46
46521138 1500640 27
46521140 1500640 50
46521142 1500640 45
46521144 1500640 57
46521146 1500640 84
46521148 1500640 26
46521150 1500640 47
46521152 1500640 44
46521154 1500640 42
46521156 1500640 61
46521158 1500640 12
46521160 1500640 86
46521162 1500640 41
46521164 1500640 48
46521166 1500640 10
46521168 1500640 74
46521170 1500640 81
46521172 1500640 79
46521174 1500640 34
46521176 38667814 80
46521178 38667814 28
46521179 38667814 19
46521181 38667814 22
46521182 38667814 29
46521184 38667814 91
46521186 38667814 33
46521188 38667814 9
46521190 38667814 19
46521192 38667814 46
46521194 38667814 8
46521195 38667814 81
46521196 38667814 59
46521197 38667814 1
46521199 38667814 3
46521201 38667814 57
46521202 38667814 76
46521203 38667814 87
46521204 38667814 12
46521206 38667814 83
46521208 38667814 39
46521210 38667814 26
46521212 38667814 71
46521214 38667814 45
46521215 38667814 59
46521216 42331402 26
46521218 42331402 78
46521219 46521220 94
46521221 46521223 49
46521224 46521225 18
46521226 46521225 28
46521227 46521228 16
46521229 38070281 22
46521230 38070281 14
46521231 38070281 73
46521232 38070281 76
46521233 38070281 32
46521235 38673889 65
46521237 38673889 99
46521239 38673889 11
46521241 38673889 10
46521243 38673889 11
46521245 38673889 75
46521247 38673889 23
46521249 38673889 87
46521251 38673889 23
46521253 38673889 24
46521255 38673889 62
46521257 38673889 35
46521258 38673889 5
46521260 38673889 14
46521261 38673889 99
46521262 38673889 67
46521263 46521264 77
46521265 46521264 63
46521266 38673975 2
46521268 38673975 9
46521270 38673975 32
46521272 38673975 96
46521274 38673975 4
46521276 38673975 29
46521277 38673975 92
46521278 38673975 93
46521279 38673975 80
46521280 38673975 46
46521281 38673975 22
46521283 38673975 90
46521285 38673975 4
46521287 46521289 5
46521290 46521289 72
46521292 46521293 94
46521294 46521293 56
46521296 38674126 61
46521297 46521298 38
46521299 38674354 16
46521300 38674354 79
46521301 38674354 63
46521302 38674354 88
46521305 38674354 93
46521307 38674354 7
46521309 38674354 89
46521311 38674354 24
46521313 38674354 61
46521314 38674354 23
46521315 38674354 53
46521316 38674354 14
46521318 38674354 10
46521320 38674354 77
46521321 38674354 7
46521323 38674354 64
46521324 38674354 47
46521325 38674354 40
46521327 46521329 16
46521330 46521329 20
46521331 46521333 82
46521334 46521333 2
46521336 46521333 53
46521338 46521333 29
46521340 46521333 92
46521342 46521333 23
46521344 46521333 41
46521346 46521333 86
46521348 46521333 63
46521350 46521333 41
46521352 46521333 72
46521354 46521333 85
46521356 46521333 7
46521357 46521333 15
46521358 46521333 96
46521359 46521361 38
46521362 46521361 35
46521364 38674620 74
46521366 38674620 85
46521367 38674620 42
46521368 38674620 53
46521369 46521371 72
46521372 46521374 46
46521375 46521374 18
46521377 46521374 34
46521379 46521374 67
46521381 46521374 82
46521383 46521374 64
46521385 46521374 65
46521387 46521374 1
46521389 4994767 96
46521391 4994767 74
46521393 4994767 74
46521395 4994767 38
46521396 4994767 89
46521397 4994767 15
46521399 4994767 8
46521401 4994767 88
46521403 4994767 21
46521404 4994767 57
46521406 4994767 78
46521408 4994767 31
46521409 4994767 41
46521410 4994767 28
46521411 4994767 30
46521413 4994767 47
46521415 4994767 70
46521417 46521419 94
46521420 42330515 34
46521422 42330515 95
46521424 42330515 40
46521426 38674941 20
46521427 38674941 78
46521428 38674941 94
46521429 38674941 50
46521430 38674941 61
46521431 38674941 32
46521433 38674941 14
46521435 38674941 82
46521437 38674941 96
46521438 38674941 42
46521439 38674941 55
46521441 38674941 21
46521443 38674941 84
46521445 38674941 35
46521446 38674941 80
46521448 46521450 49
46521451 46521450 59
46521453 46521450 2
46521455 46521450 97
46521456 46521450 22
46521457 46521450 27
46521458 46521450 6
46521459 46521450 20
46521461 46521450 10
46521462 46521450 22
46521463 46521450 41
46521465 46521450 47
46521466 46521450 83
46521467 46521450 68
46521469 46521450 43
46521471 46521473 59
46521474 46521473 93
46521476 46521473 55
46521478 46521473 11
46521480 46521473 74
46521482 46521473 71
46521484 46521473 55
46521486 46521473 20
46521488 46521473 25
46521490 46521473 91
46521492 46521473 94
46521494 46521473 5
46521496 46521473 99
46521498 46521473 17
46521500 46521473 56
46521502 46521473 99
46521504 46521473 84
46521506 46521473 80
46521508 46521473 81
46521510 46521473 77
46521512 46521473 60
46521514 46521473 73
46521516 46521473 34
46521518 46521473 49
46521520 46521522 20
46521523 46521522 73
46521525 46521522 36
46521527 46521522 72
46521529 46521522 13
46521531 46521522 84
46521533 46521522 34
46521535 46521522 4
46521537 46521522 25
46521539 46521522 36
46521541 38675173 71
46521543 38675173 77
46521545 38675173 38
46521547 38675173 51
46521549 4994769 25
46521551 4994769 92
46521553 4994769 7
46521555 4994769 50
46521557 4994769 56
46521559 4994769 42
46521561 4994769 82
46521563 4994769 83
46521565 4994769 35
46521567 4994769 37
46521569 4994769 8
46521571 4994769 21
46521573 4994769 9
46521575 4994769 92
46521577 4994769 99
46521579 4994769 24
46521581 4994769 33
46521583 4994769 14
46521585 4994769 5
46521587 4994769 55
46521589 4994769 6
46521591 4994769 70
46521593 4994769 68
46521595 46521597 54
46521598 46521597 46
46521600 46521597 33
46521602 46521597 95
46521604 46521597 25
46521606 46521597 64
46521608 46521610 94
46521611 46521597 21
46521613 46521597 30
46521615 46521597 96
46521617 46521597 71
46521619 38684372 64
46521621 38684372 61
46521623 38684372 71
46521625 38684372 59
46521627 38684372 33
46521629 38684372 88
46521631 38684372 31
46521633 38684372 99
46521635 38684372 44
46521637 38684372 65
46521639 38684372 65
46521641 38684372 18
46521643 38684372 87
46521645 38684372 48
46521647 38684372 79
46521649 38684372 71
46521651 38684372 7
46521653 38684372 69
46521655 38684372 25
46521657 38684372 26
46521659 38684372 54
46521661 38684372 2
46521663 38684372 70
46521665 38684372 83
46521667 38684372 52
46521669 38684372 64
46521671 38684372 31
46521673 38684372 61
46521675 38684372 65
46521677 38684372 27
46521679 38684372 1
46521681 38684372 73
46521683 38684372 35
46521685 38684372 88
46521687 38684372 65
46521689 38684372 48
46521691 38684372 45
46521693 38684372 52
46521695 38684372 71
46521697 38684372 99
46521699 38684372 28
46521701 38684372 34
46521703 38684372 19
46521705 38684372 63
46521707 38684372 27
46521709 38684372 3
46521711 38684372 11
46521713 38684372 49
46521715 38684372 6
46521717 38684372 29
46521719 38684372 69
46521721 38684372 53
46521723 38684372 4
46521725 38684372 24
46521727 38684372 70
46521729 38684372 41
46521731 38684372 80
46521733 38684372 9
46521735 38684372 75
46521737 38684372 89
46521739 38684372 7
46521741 46521743 7
46521744 46521746 78
46521747 46521746 6
46521749 46521746 50
46521751 46521746 34
46521753 46521746 57
46521755 46521746 29
46521757 46521746 66
46521759 38820688 88
46521761 38820688 29
46521763 38820688 51
46521765 38820688 25
46521767 38820688 32
46521769 38820688 8
46521771 46521773 62
46521774 46521773 38
46521776 46521773 20
46521778 46521773 68
46521780 46521773 32
46521782 46521773 16
46521784 42330517 74
46521785 42330517 1
46521786 42330558 34
46521787 46521788 82
46521789 46521788 66
46521790 38684618 90
46521791 38684618 44
46521793 38684618 10
46521794 38684618 2
46521795 38684644 40
46521797 38684644 3
46521798 38684644 82
46521799 38684644 53
46521801 38684644 49
46521803 38684644 85
46521805 38684644 77
46521807 38684644 14
46521809 38684644 2
46521811 38684644 17
46521813 38684644 17
46521815 38684644 67
46521817 38684644 62
46521819 38684644 84
46521821 38684644 50
46521823 38684644 11
46521825 38684644 66
46521827 38684644 64
46521829 38684644 34
46521831 38684644 86
46521833 38684644 57
46521834 38684644 29
46521835 38684644 99
46521836 38684644 7
46521837 38684644 98
46521839 38684644 9
46521840 38684644 6
46521841 38684644 57
46521842 38684644 31
46521843 38684644 62
46521845 38684644 21
46521846 38684644 23
46521847 38684644 83
46521849 38684644 34
46521850 38684644 41
46521851 38684644 70
46521852 38684644 89
46521854 38684644 53
46521856 38684644 32
46521858 38684644 99
46521860 38684644 55
46521862 38684644 43
46521864 38684644 10
46521866 38684644 70
46521868 46521870 73
46521871 46521870 78
46521873 46521875 84
46521876 46521875 41
46521878 46521880 100
46521881 46521880 33
46521883 42331375 9
46521885 42331375 76
46521886 46521888 55
46521889 38793475 35
46521889 46521888 33
46521891 46521888 63
46521892 46521894 61
46521895 46521897 1
46521898 46521897 19
46521900 46521897 48
46521902 46521897 68
46521903 46521897 2
46521904 46521897 18
46521905 46521897 47
46521906 46521897 19
46521907 46521909 54
46521910 46521911 99
46521912 46521911 82
46521913 4991452 65
46521914 4991452 65
46521916 4991452 33
46521918 4991452 95
46521920 4991452 95
46521922 4991452 92
46521924 4991452 28
46521926 4991452 93
46521928 4991452 56
46521930 4991452 83
46521932 4991452 10
46521934 4991452 8
46521936 4991452 92
46521938 4991452 49
46521939 4991452 58
46521941 4991452 71
46521942 4991452 83
46521943 4991452 14
46521944 4991452 76
46521945 4991452 94
46521946 4991452 89
46521947 4991452 49
46521949 4991452 52
46521951 4991452 63
46521953 4991452 55
46521955 4991452 60
46521957 4991452 82
46521959 4991452 27
46521960 4991452 36
46521961 4991452 21
46521963 4991452 4
46521965 4991452 49
46521967 4991452 8
46521969 4991452 14
46521970 4991452 73
46521971 4991452 25
46521973 4991452 41
46521974 4991452 46
46521976 4991452 64
46521978 4991452 50
46521980 4991452 27
46521982 4991452 94
46521984 4991452 19
46521986 4991452 12
46521988 4991452 48
46521990 46521992 13
46521993 46521992 86
46521994 46521992 55
46521995 46521992 62
46521996 46521992 50
46521997 38685038 33
46521998 38685038 71
46522000 38685038 74
46522001 38685038 19
46522003 38685038 68
46522005 38685038 37
46522007 38685038 4
46522008 38685038 33
46522010 38685038 40
46522012 46522013 96
46522014 46522013 73
46522015 46522017 32
46522018 46522017 26
46522019 46522017 18
46522020 46522017 5
46522022 46522017 22
46522023 46522017 79
46522024 46522025 40
46522026 46522025 10
46522027 46522025 1
46522028 46522025 23
46522029 46522025 23
46522030 46522025 86
46522032 46522025 12
46522033 46522025 73
46522035 46522025 24
46522037 46522025 8
46522039 46522025 89
46522041 46522025 60
46522043 46522025 53
46522045 46522025 37
46522047 46522025 72
46522049 46522025 30
46522051 46522025 12
46522053 46522025 98
46522054 46522025 25
46522055 46522025 44
46522056 46522025 93
46522058 46522025 3
46522059 42330492 91
46522060 42330492 44
46522061 42330492 12
46522062 41699035 30
46522064 41699035 37
46522065 41699035 86
46522066 41699035 90
46522068 41699035 17
46522070 41699035 82
46522072 46522074 96
46522075 46522074 35
46522077 46522074 96
46522079 46522081 13
46522082 46522081 71
46522084 46522081 48
46522086 46522081 70
46522088 46522081 49
46522090 46522081 86
46522092 46522081 14
46522094 46522081 43
46522096 46522081 76
46522098 46522081 55
46522100 46522081 14
46522102 46522081 45
46522104 46522081 10
46522106 46522081 3
46522108 46522081 12
46522110 46522081 86
46522112 46522081 86
46522114 46522081 79
46522116 46522081 30
46522118 46522081 5
46522120 46522081 49
46522122 46522081 60
46522124 46522081 84
46522126 46522081 36
46522128 46522081 46
46522130 46522081 42
46522132 46522081 84
46522134 46522081 56
46522136 46522081 35
46522138 46522081 41
46522140 46522081 51
46522142 46522081 36
46522144 46522081 92
46522146 46522081 7
46522148 46522081 22
46522150 46522081 40
46522152 46522081 44
46522154 46522081 20
46522156 46522081 21
46522158 46522081 59
46522160 46522081 33
46522162 46522081 6
46522164 46522081 94
46522166 46522081 74
46522168 46522081 58
46522170 46522081 85
46522172 46522081 25
46522174 46522081 76
46522176 46522081 35
46522178 46522081 55
46522180 46522081 91
46522182 46522081 26
46522184 46522081 54
46522186 46522081 65
46522188 46522081 12
46522190 46522081 29
46522192 46522081 30
46522194 46522081 95
46522196 46522081 48
46522198 46522081 15
46522200 46522081 90
46522202 46522081 47
46522204 46522081 95
46522206 46522081 26
46522208 46522081 27
46522210 46522081 43
46522212 46522081 16
46522214 46522081 40
46522216 46522218 39
46522219 46522221 85
46522222 46522221 7
46522224 46522226 84
46522227 46522226 95
46522229 46522226 22
46522231 46522226 31
46522233 46522235 76
46522236 46522238 26
46522239 46522238 87
46522241 46522238 21
46522243 46522238 25
46522245 46522238 100
46522246 46522238 93
46522248 46522238 27
46522250 46522238 19
46522252 46522238 13
46522254 46522238 62
46522256 46522238 43
46522258 46522238 45
46522260 46522238 44
46522262 46522238 98
46522264 46522238 71
46522266 46522238 39
46522268 46522238 61
46522270 46522238 1
46522272 46522238 22
46522274 46522238 16
46522276 46522238 27
46522278 46522238 21
46522280 46522238 9
46522282 46522238 4
46522284 46522238 75
46522286 46522238 66
46522288 46522238 44
46522290 46522238 19
46522292 46522238 75
46522294 46522238 18
46522296 46522238 56
46522298 46522238 27
46522300 46522238 7
46522302 46522238 39
46522304 46522238 53
46522306 46522308 76
46522309 46522308 39
46522311 46522313 43
46522314 46522313 3
46522316 46522313 89
46522318 46522313 90
46522320 46522313 72
46522322 46522313 72
46522324 46522326 54
46522327 46522326 41
46522329 46522326 11
46522331 46522326 70
46522333 46522326 7
46522335 46522326 9
46522337 46522326 50
46522339 46522326 89
46522341 46522326 52
46522343 46522326 96
46522345 46522326 18
46522347 46522349 21
46522350 46522352 54
46522353 46522352 70
46522355 46522352 1
46522357 46522352 45
46522359 46522352 64
46522361 46522352 35
46522363 46522352 16
46522365 46522352 89
46522367 46522352 85
46522368 46522352 84
46522369 46522352 71
46522371 46522352 61
46522373 46522352 14
46522375 46522352 91
46522377 46522352 89
46522379 46522381 37
46522382 46522381 81
46522384 46522381 93
46522386 46522388 67
46522389 46522388 33
46522391 42330520 61
46522393 42330520 20
46522395 42330520 12
46522397 42330520 49
46522399 42330520 68
46522401 42330520 55
46522403 42330520 100
46522405 42330520 8
46522407 42330520 45
46522409 42330520 6
46522411 42330520 80
46522413 42330520 70
46522414 42330520 94
46522415 42330520 90
46522416 42330520 51
46522417 42330520 54
46522418 42330520 71
46522419 42330520 77
46522420 42330520 93
46522421 42330520 83
46522423 42330520 62
46522425 42330520 94
46522427 42330520 21
46522428 42330520 62
46522429 42330520 12
46522431 42330520 51
46522432 42330520 31
46522433 42330520 79
46522434 42330520 62
46522435 42330520 32
46522436 42330520 26
46522438 42330520 74
46522440 42330520 10
46522442 42330520 88
46522444 42330520 46
46522445 42330520 17
46522446 42330520 87
46522447 42330520 89
46522449 42330520 32
46522450 42330520 81
46522451 42330520 69
46522452 42330520 44
46522453 42330520 12
46522455 42330520 88
46522457 42330520 97
46522458 42330520 65
46522459 42330520 16
46522460 42330520 68
46522462 42330520 55
46522464 42330520 52
46522465 46522467 58
46522468 46522467 42
46522470 46522467 36
46522472 46522467 6
46522474 46522467 88
46522476 46522467 26
46522478 46522467 25
46522480 46522467 71
46522482 46522467 47
46522484 46522467 9
46522486 46522467 68
46522488 46522467 49
46522490 46522492 72
46522493 46522492 61
46522495 46522492 30
46522497 46522492 50
46522498 46522492 69
46522499 46522492 91
46522500 46522492 38
46522502 46522492 2
46522504 46522492 19
46522505 46522492 12
46522506 46522492 53
46522507 46522492 16
46522508 46522492 99
46522510 46522492 31
46522512 46522514 4
46522515 46522514 81
46522517 41699042 98
46522519 41699042 73
46522521 41699042 30
46522523 38765626 16
46522525 38765626 61
46522527 38765626 21
46522529 38765626 14
46522531 38765626 47
46522532 38765626 14
46522533 38765626 8
46522535 38765626 53
46522536 38765626 35
46522537 38765626 89
46522538 38765626 14
46522539 38765626 7
46522540 38765626 80
46522541 38765626 18
46522542 38765626 37
46522544 38765626 10
46522546 38765626 73
46522548 38765626 16
46522550 38765626 38
46522551 38765626 71
46522552 38765626 7
46522553 38765626 25
46522555 38765626 23
46522557 38765626 31
46522559 38765626 83
46522560 38765626 34
46522562 38765626 7
46522564 38765626 58
46522565 38765626 1
46522567 38765626 87
46522568 38765626 27
46522570 38765626 82
46522572 38765626 25
46522573 38765626 27
46522574 46522575 63
46522576 46522577 62
46522578 46522577 44
46522579 46522577 33
46522581 46522577 68
46522582 46522577 44
46522583 46522577 83
46522585 46522577 59
46522587 46522577 39
46522589 46522577 6
46522591 46522577 97
46522593 46522577 72
46522595 46522597 17
46522598 46522597 52
46522600 46522597 9
46522601 46522597 59
46522603 46522597 36
46522604 46522597 28
46522606 46522597 36
46522607 46522597 83
46522609 46522597 26
46522610 46522597 49
46522611 46522597 15
46522612 46522597 28
46522613 46522597 22
46522615 46522597 90
46522616 46522597 24
46522617 46522597 23
46522618 46522597 78
46522619 46522597 74
46522620 46522597 56
46522622 46522597 90
46522624 46522597 30
46522625 46522597 93
46522626 46522597 90
46522628 46522597 40
46522630 46522597 62
46522632 46522597 49
46522633 46522597 39
46522634 46522597 46
46522636 46522597 6
46522638 46522597 91
46522640 46522597 46
46522642 46522644 29
46522645 46522647 60
46522648 46522647 36
46522650 46522647 48
46522652 46522647 52
46522654 46522647 66
46522656 46522647 94
46522658 46522647 88
46522660 46522647 48
46522662 46522647 97
46522664 1500645 48
46522666 1500645 44
46522668 1500645 5
46522670 1500645 89
46522672 1500645 94
46522674 1500645 16
46522675 1500645 7
46522676 1500645 90
46522678 1500645 22
46522680 1500645 28
46522681 1500645 37
46522682 38765728 43
46522683 46522685 79
46522686 46522687 79
46522688 46522689 66
46522690 46522689 87
46522691 46522693 63
46522694 46522693 10
46522696 46522693 5
46522698 42331379 1
46522699 42331379 75
46522700 42331379 4
46522701 42331379 50
46522702 42331379 45
46522703 42331379 8
46522704 42331379 53
46522705 42331379 46
46522706 42331379 76
46522707 42331379 83
46522709 42331379 57
46522710 42331379 9
46522712 42331379 54
46522714 42331379 53
46522716 42331379 11
46522718 42331379 49
46522720 42331379 2
46522721 42331379 25
46522722 42331379 45
46522723 42331379 22
46522725 42331379 85
46522726 46522728 48
46522729 46522731 3
46522732 42330626 33
46522734 42330626 7
46522736 42330626 43
46522738 42330626 41
46522740 42330626 31
46522742 42330626 59
46522744 42330626 33
46522746 42330626 94
46522747 42330626 57
46522749 42330626 19
46522751 42330626 17
46522752 42330626 7
46522753 46522754 65
46522755 46522756 20
46522757 42331326 39
46522759 42331326 67
46522761 42331326 52
46522763 42331326 80
46522765 42331326 78
46522767 42331326 81
46522769 42331326 8
46522771 42331326 54
46522773 42331326 3
46522775 42331326 8
46522777 46522779 27
46522780 46522779 77
46522782 46522779 41
46522784 46522786 39
46522787 46522789 84
46522790 46522792 95
46522793 46522795 67
46522796 46522795 79
46522798 46522795 55
46522800 46522795 75
46522802 42331323 65
46522804 42331323 1
46522806 38820559 57
46522808 38820559 26
46522810 38820559 91
46522812 46522814 52
46522815 46522814 27
46522817 46522814 2
46522819 46522821 60
46522822 46522821 86
46522824 46522826 26
46522827 46522829 4
46522830 46522832 48
46522833 46522832 33
46522835 46522836 65
46522837 46522839 68
46522840 46520908 23
