5006456 5006459 36
5008071 4658542 79
3290989 829713 90
5008839 679292 13
5009280 222899 7
5009442 5009445 63
5009658 1852642 38
5010053 2317511 10
3240440 3687778 38
5010776 5010779 52
5011357 1854323 1
615527 1353829 16
5011858 825329 91
5012265 5012268 43
5012611 5012616 61
2691612 52732 38
5013273 5013276 27
5013490 5013494 35
5013786 1249299 82
3721499 625216 89
777123 1078434 81
5015503 223092 100
3553319 3897022 52
5016745 2925176 37
3721748 4003752 29
5017347 5017350 51
5017367 3103444 5
5017669 2265864 18
5017704 5017708 79
5017745 5017749 32
5018390 5018393 90
5018701 644517 80
5018728 1842012 75
5019060 5019064 87
905797 1717678 70
5019519 2124230 63
5019547 669890 40
1050989 1913303 84
5016753 5016763 33
5020468 688083 69
5021075 5021079 26
5022090 1633206 15
5022908 5022911 4
5022916 5022919 55
5022938 5022941 11
5023230 5023235 9
1792719 2609274 30
5024928 5024931 81
5026215 1540950 58
5026410 5026413 30
5026621 4731789 91
5027449 831003 48
2193125 913385 79
5028446 5028449 16
5028753 393510 4
5029017 1708376 94
5029089 5029093 84
3905145 4120043 23
1592573 2449360 17
2841684 962057 84
13144133 6626206 98
379883 630587 53
1278529 2154974 85
13434554 2114282 47
13460219 879829 19
13528110 11147626 25
13529826 3526300 96
13530619 1579536 87
13531727 2593195 70
13532559 3589663 36
127255 413052 61
13534128 5430758 16
13534167 13534169 94
14280717 5305659 2
14301684 288101 98
14911470 3851745 83
14923202 11145576 93
14926742 11145654 41
5022097 5022108 68
1051493 1914178 52
3721750 215276 55
2691628 3291007 47
5015511 5015520 6
15140273 1540059 38
15154816 10753450 36
15177117 6998971 85
15177352 1980729 40
15178529 7310923 34
15178538 1776465 43
10435005 5746939 92
28710567 11971711 64
30218566 11145056 55
5015512 5015527 1
2193153 2930486 97
30220349 105102 4
30220369 3014673 95
30220374 6788257 17
30221730 9788838 82
30221733 6116974 60
30221740 7557737 93
5015526 3877944 27
30221873 13106986 45
30222660 4390638 17
30224448 12778015 41
1051501 1914184 62
30225434 5506407 42
30225713 8369686 21
30229334 5123840 73
30230191 8444589 11
4045598 1001867 9
30231409 5894309 73
30234516 1851982 53
30236328 21870128 76
30236337 2653217 4
30238108 3925036 11
30238114 3016032 56
30238129 3082410 23
5010077 5010095 7
30239292 6724497 41
30239294 26809288 99
30239306 8483382 62
30241664 10294526 33
15178539 10106021 38
30241704 4238103 77
30241708 1400266 78
30241824 7749277 19
30243070 3145453 62
30243084 26677382 99
30243292 2576903 79
30244336 878665 27
30244338 24650622 1
30244340 5093203 95
30244365 5609154 18
30244384 7745585 75
30244737 1756676 32
30245185 6529899 27
29603775 360879 62
30245191 7480113 35
30245192 7164343 96
30245196 11145229 87
5012276 5012284 39
30245961 3214058 56
30245963 5473196 95
30246639 6392509 62
30246858 8228548 9
30246863 6747778 37
30247535 21422910 6
30247544 6505730 36
30248126 10106081 73
30244369 1779127 99
4126242 911735 12
1717705 2552823 100
1209553 2085762 16
4235718 3124882 98
3792643 1007077 28
30755903 7600151 100
30884042 3689287 11
31110042 1766194 76
13301928 1795022 17
32776505 1818525 75
32776511 4092723 73
32776609 18989544 74
32776623 13540769 52
32778174 12380287 33
25405132 1363150 6
3290975 1278614 18
32783911 655826 3
32783916 7161580 95
32783920 5421509 32
32783930 6335483 8
32783969 29457552 14
5015518 53615 100
32783989 8340609 1
32783995 4663198 33
32783999 8244468 21
32784003 1735108 79
32784006 3740473 40
32784011 4154882 58
5008861 1842944 14
32784024 2523696 26
32784040 3291057 74
32784075 3619044 38
32784116 3328208 29
4959136 4959143 10
32784120 22682123 66
4260978 4354946 32
4260979 4354950 59
32784124 6347084 9
32784128 4312274 17
3913549 1942040 73
11463548 3123131 9
3843466 4082238 95
32805080 2375757 20
15178540 15178551 18
32805108 5082665 32
32805119 10320802 38
32808112 9467560 3
32808116 5722128 91
32808119 6119898 40
32812113 11145066 34
3839728 359782 70
32815326 6552401 58
32816824 5724847 93
32820158 2566957 8
32820171 3990599 68
32820174 10105560 3
32820177 7509184 43
4321410 397494 54
4396577 4449748 14
4458972 4495678 79
4458972 4495679 53
29342913 337271 17
4661757 940817 48
3399657 3792650 45
4043639 3864849 95
4208090 2744324 94
4396595 586958 61
4673478 4678597 47
32821179 2537334 81
3792638 4043616 70
4577869 859924 21
4489171 3223444 26
4489169 4519761 44
4543766 4154153 26
32838965 6034115 55
32807486 10105894 71
32838984 26763943 76
32838989 326294 43
5022099 301580 93
32839948 9133203 45
2691795 3291216 45
32839952 3118341 41
32839957 6928526 10
32839971 5291018 49
1051573 1068911 41
32840447 3523170 89
32840998 7752072 35
32841005 876301 69
32841012 5182965 10
32841170 360244 99
127246 413040 62
33250780 1718730 13
32719484 6418469 39
34269737 9562906 14
34279096 7790938 44
4410197 4458973 94
34279104 1234752 96
4396588 4449761 88
2839551 3399656 36
4208086 3648596 51
4396572 2586836 72
4208083 911702 30
4396585 1447070 9
4458985 2709330 91
3792644 828567 56
4489194 4519783 74
3844457 4082923 55
34352347 3660574 65
34360342 326983 15
34377092 7924178 27
4003742 3315198 54
34385823 13123022 8
34395366 2230149 82
34439611 2540080 20
14301694 4255458 100
34714323 1414473 31
5022100 3016163 13
34714329 27747821 72
34714330 3070482 50
5016751 868555 33
34714331 6822222 79
34714332 19051024 15
5008855 3987725 38
4045599 1777992 46
34714337 1280111 64
34714340 2232949 9
12708496 7568692 68
34714343 4759141 24
34714350 2525279 87
34714352 7510717 25
34714360 2759495 73
34714362 7138428 37
34714364 24155627 97
2691421 2158377 80
5015513 1724389 44
34714366 3774902 62
34714368 3979689 53
34714373 3031068 41
34714379 5454229 40
34714380 5666674 12
34714386 6971881 52
34714388 4155581 7
5008821 5008833 96
1051506 1914192 54
3290992 3108019 91
34714394 7848092 56
34714397 4118402 92
34714401 6661407 39
34714402 4106018 77
34714403 3845006 18
4045600 4209677 64
34377095 5108132 41
34727476 3619333 79
34727505 5042721 71
1051507 1677511 15
34731299 361124 47
1552724 1617768 63
34735770 351242 11
34735832 7000896 32
4003743 4185565 79
34765734 10008169 36
4959078 829969 53
34765867 890175 5
34765975 9234665 12
5022101 4648697 63
34766054 3215175 45
34766057 107017 71
2691625 2994273 17
34766543 6572351 17
34766610 12666601 94
34766775 18698398 3
34766951 9363738 9
34766955 6627464 95
34767003 20867968 80
34767044 7623735 39
34767485 5953819 68
34767604 8046126 89
34767805 101207 57
34767816 2725928 89
34767835 4720072 28
34774754 8397267 81
35554153 8037642 74
35554158 53254 68
35561693 7995402 44
4003744 3728676 27
3290984 3721729 4
35569200 95160 59
5010079 5010098 66
35569399 1450402 36
35569401 1416375 69
35569404 8555133 19
35569407 3271275 97
35569409 8118212 19
35569413 16771623 36
35569415 2605086 35
35569417 13533421 10
32839965 5090967 79
11463549 5812554 87
35570153 5920114 80
35570200 9284298 29
35570250 5688457 77
35570399 3579708 98
35570406 11145472 67
35570649 6142046 43
35570655 2721233 55
35570725 8843790 75
35570734 10856504 94
35570753 6097973 27
35570756 7591566 85
35570780 3607296 52
35570783 9356295 89
35570784 940818 50
15178541 901883 73
35572802 10106223 35
35572803 4445977 56
35572805 3737659 27
35572921 14547720 64
35572934 6113382 77
35576328 33932449 72
35576330 8054484 49
35582666 6901108 29
35582826 6890891 27
35582833 13417009 80
35582856 1708553 62
35582916 7625257 52
35583087 23756779 75
35584212 9437277 48
35584576 5328189 71
35584664 2300510 31
35598440 5447311 57
35598499 7859575 28
35603625 4058918 82
35603627 2436049 93
35603629 10105823 12
35603631 6064473 98
35603632 21934896 27
15177363 7294752 25
35604310 3274753 74
35604318 11974034 71
35604320 29524397 64
35604387 2216320 66
35604422 10106309 67
35604429 896514 70
35604967 4023148 19
30779238 1537900 25
35606437 7139957 6
35612506 1376772 96
34767605 3790135 64
36509320 6943562 9
36509333 5658767 42
36509385 618183 31
36510484 6571117 28
4321385 995160 57
3399650 3792640 35
34038989 1801680 26
36511918 8800440 88
4562390 2296659 56
36512843 4706884 66
36513255 4254003 91
29342923 9906082 47
29342921 997519 80
4321393 1303399 26
36515092 3523057 74
4565266 2556643 73
4495677 3488355 9
4043632 4208099 14
36516333 2613039 44
36516523 6974644 35
4396571 4449740 84
36517966 10106069 47
29342907 5429292 73
36519174 6712850 36
36519188 565374 74
29343391 4927209 98
3240456 3687787 53
4673479 4678598 85
37100829 1046249 27
29603771 6680906 68
38396211 5108404 42
38460528 5995031 26
38460542 5675706 57
38460629 362134 97
34055811 6756380 19
4547244 2399089 27
4396579 3951461 91
4321394 4396584 77
4543764 4562389 62
4410207 4458984 36
39473991 2481400 53
39536287 9349861 75
39974995 3503874 4
40039329 6324250 5
40042963 293715 66
40043711 9491026 17
40044328 5044539 46
40046557 872217 28
41217306 5495017 74
127265 413058 29
41841306 10105997 14
41841979 1484667 80
41856092 5659419 1
41859646 7840818 11
41859678 5961605 80
41859707 5281370 75
10853458 929183 7
41859731 655126 25
37129152 9548423 39
41859793 6867630 36
30723621 10794438 73
41859835 119946 87
41859864 15415667 1
41859865 4408529 56
41864893 364613 67
41867358 5285175 76
41911342 390958 37
34041073 3738080 39
41931032 4747573 73
41931115 7251399 59
11032601 11032610 85
37391833 9848460 79
42000829 1778981 16
14911475 7403610 9
5015532 5015540 43
4368838 4430841 80
42057425 10576081 47
42057800 14651581 94
42072073 2531586 54
42072195 11144375 2
29595223 10480221 65
42072921 313674 26
42088903 4546351 34
42088906 1777551 98
42090668 10106393 30
42090677 5893759 77
42100847 5112454 88
42109228 8045826 18
42110716 1851242 42
42173941 5889901 31
45980801 5831531 51
45980811 6789238 26
45980813 3943697 20
45980820 3259393 17
45980832 1561284 71
45980852 447619 23
45980870 5808578 100
45980876 6011880 34
45980882 7111024 29
45980926 3007522 84
45980973 7031913 60
14874188 677005 1
45980985 10105945 21
45980997 5377111 12
45981002 7252574 13
45981014 1414971 85
45981014 1663606 67
45981032 688950 59
45981034 7229432 5
45981036 6780165 62
45981061 4293072 42
45981065 1694686 90
45981067 6568713 39
45981069 3031182 27
45981071 4021193 85
45981076 4925572 82
45981088 12693975 93
45981090 8293708 49
45981100 13533466 28
45981106 9965246 15
45981108 11145789 49
45981116 9937849 35
45981128 1326106 98
45981130 1682186 3
45981132 1641465 67
45981139 1002250 62
45981141 952227 30
45981145 803662 59
45981169 5050479 70
45981171 10350152 80
29342914 2592972 26
45981209 13847074 87
45981211 156656 13
45981213 8759972 78
45981223 4292775 21
45981225 758545 45
45981229 2709312 12
45981243 3649191 52
45981247 25861758 40
45981249 3994102 47
45981253 27241802 34
45981255 2565667 91
45981259 5948134 68
45981261 2438503 55
45981265 5900948 6
45981289 6483087 4
45981291 4980994 22
45981307 3220023 65
45981309 959992 52
45981311 756392 40
45981341 9088026 46
45981343 4684254 60
45981369 8072431 74
45981371 3049310 87
45981373 3152701 83
45981377 2538265 83
45981386 7043965 92
45981388 8167941 50
45981396 6668740 9
45981398 3159298 10
45981402 2187732 78
45981404 6827744 51
5012273 4168593 86
45981416 2916701 75
45981424 669514 41
45981431 1004799 60
45981435 4856547 93
45981437 5071162 66
45981439 26764370 40
45981443 2082626 34
45981446 9932052 78
45981456 293752 82
45981458 6477413 29
45981462 1606802 83
45981464 3421816 25
45981468 6443956 89
45981472 1204967 30
45981476 374256 30
45981480 25554988 62
45981494 15322333 19
45981502 1449857 62
45981506 5256997 90
45981511 1675941 89
45981513 6695005 100
45981515 395282 47
45981523 24554481 6
45981526 1245117 34
45981529 4091880 87
45981541 3221444 98
45981543 3695176 35
45981551 11145495 55
45981565 909004 67
45981588 6387397 45
45981590 10106356 99
45981598 26266760 30
45981600 12251317 68
45981622 1094295 70
45981626 5429650 10
45981628 7693940 64
45981630 186387 91
45981633 606953 11
45981635 10127262 17
45981637 674495 39
45981647 4460721 54
45981677 2275443 90
45981705 3932371 70
45981707 24525890 44
45981709 7755218 88
45981711 8627469 61
45981723 6210391 85
45981729 1564599 98
45981750 3505140 100
45981760 5489878 35
45981763 10336509 76
45981769 5920836 67
45981773 1403092 86
45981777 1579403 90
45981780 4996738 4
45981782 4385688 60
45981788 7051368 61
45981792 10320807 24
45981802 11146427 51
45981804 6427966 16
45981815 11428399 19
45981824 14420118 44
45981826 20893408 1
45981864 2997800 71
45981870 436054 87
45981875 940479 94
45981877 4614492 17
45981895 863745 68
45981897 7000217 65
45981899 1950072 66
45981901 3600089 23
45981903 4694878 65
45981917 5004428 34
45981919 665288 100
45981921 13303903 66
45981927 3197044 47
45981942 2363583 34
45981944 5090238 91
45981951 2499602 44
45981953 12140217 70
45981955 14726363 67
45981965 425584 85
45981977 3029013 47
45981981 3319567 23
45981985 3252738 36
45981991 911707 44
45981991 6474160 13
45982001 653265 12
45982003 9097988 98
45982005 2412722 12
45982007 6685125 6
45982027 15906588 86
45982039 7002811 60
45982043 5246559 69
45982045 1721276 54
45982059 927904 18
45982061 6528195 5
45982064 9004556 20
45982066 2647780 40
45982068 5339740 4
45982088 10105970 74
5012277 5012289 59
45982106 6350995 39
45982118 3209557 67
45982120 14734209 34
45982122 940721 50
45982124 5933454 30
45982159 11145844 23
45982163 9460434 61
45982169 2060431 49
45982171 5504277 94
45982173 2269956 65
45982193 5396649 43
45982195 9428360 57
45982197 3897394 46
45982199 1397912 36
30229339 3849744 44
45982204 5060330 95
45982206 2482208 21
45982208 3863931 63
45982212 11750373 54
45982222 2709340 45
45982270 3883367 15
45982275 7251362 13
45982285 7630787 75
45982287 12086898 68
45982293 2213419 69
45982298 5949691 28
45982312 5199688 99
45982314 3665776 1
45982324 12699052 30
5012278 5012294 69
45982328 5964754 95
45982338 5309575 57
11463550 10106049 15
45982344 6567340 44
45982346 4908816 17
45982348 5411670 19
45982350 3469122 36
45982360 1742610 14
45982366 6797734 26
45982372 5201293 13
45982386 7670401 83
45982401 10105928 86
45982405 926090 26
45982411 407820 74
45982413 4466579 54
45982415 1538427 50
45982419 13831146 16
45982421 11146327 91
45982433 3985853 99
45982451 1313390 17
45982474 10237064 35
5006462 4830627 8
45982486 9357632 55
45982498 8700650 79
45982504 4659891 12
45982513 8178897 41
45982525 5311180 71
45982527 2191354 27
45982534 5793430 67
45982570 2741418 7
45982582 860413 44
45982584 4276016 88
45982586 5059948 100
45982588 7532090 15
45982606 9762546 42
45982614 15666315 67
45982616 8310709 33
45982618 2293092 71
45982622 27067550 98
45982628 675156 31
45982638 6544732 43
45982648 1448576 54
45982654 1365412 79
45982656 7604938 52
45982682 3205934 76
45982722 4134565 44
45982725 105814 23
45982727 3137189 56
45982737 3578641 28
45982759 3860185 25
45982761 861771 63
45982772 8351954 98
45982775 1397824 55
45982785 4646480 36
45982792 25499439 37
45982800 1632582 48
45982802 5087853 67
45982804 7751700 59
45982806 1672698 85
45982808 5243265 27
45982811 5047922 62
45982813 2538638 87
45982815 1439400 47
45982821 373649 64
45982823 4312984 37
45982828 8536800 59
45982830 6522699 71
45982832 1804082 12
45982862 223418 4
45982864 3023213 24
45982866 2587939 95
45982868 3671630 71
45982872 5597378 84
45982888 8294605 70
45982890 4319892 42
45982896 8324749 84
45982898 8441081 95
45982904 9739889 82
45982906 8591122 99
45982908 1694813 17
45982918 4424332 91
45982920 7095604 52
45982922 1053028 28
45982945 21976786 19
45982949 3578291 60
45982952 863618 84
45982985 6534841 20
45982989 8761071 82
45982993 1607473 73
45982995 1710594 32
45983013 6715802 79
45983019 2624632 23
45983029 2726535 78
45983031 3622715 45
45983043 7312737 41
45983063 5781674 36
45983083 4694312 72
45983089 1397929 37
45983091 5800962 60
45983095 2998245 1
45983099 23755078 29
45983109 11144846 31
45983117 5899962 62
45983119 1323003 3
45983135 4533292 32
45983137 14676976 36
45983152 3187061 70
45983158 11280914 55
45983160 12110969 75
45983172 14941301 24
45983174 3184664 22
45983188 6410110 93
45983196 5931207 77
45983198 2473314 72
45983200 2742418 61
45983232 4312914 45
45983236 888363 42
45983239 678721 67
45983244 2052344 7
45983248 2594264 88
45983254 7133554 76
45983264 7002832 11
45983270 6083667 53
45983272 4004773 62
45983284 6026467 38
45983286 2292570 12
45983288 11008958 26
45983292 8363528 19
45983304 7841082 37
45983306 5718856 1
45983308 2622405 85
45983310 5722275 63
45983312 7593443 48
45983314 5998387 78
45983318 5565205 61
46005107 3219114 84
46005131 6327489 60
46141621 803962 93
46141622 6927423 2
46141623 2527190 93
46141624 6167153 31
46141625 6085358 81
46141627 1693553 35
46141628 4356485 98
46141629 7949231 88
46141634 27006168 40
46141643 8598981 15
46141687 7205561 69
46141706 7022895 71
46141706 25761875 35
46141711 11150662 76
46141742 9152912 55
46141752 2585417 2
46141758 3786475 70
46141766 1755113 32
46141767 11144601 66
46141772 8848279 56
46141773 3064954 29
46141802 3168887 34
46141803 7174347 15
46141808 6510765 80
46141821 586894 74
46141842 2560935 26
46141847 8771495 53
46141890 980580 2
46141895 6498922 74
46141898 1771618 82
46141915 4501426 15
46141918 363885 14
46141927 3188326 44
46141942 362801 77
46142029 1457630 100
46142064 2858751 15
46142085 22866026 79
46142105 6433108 79
46142159 3948354 47
46142181 4318180 53
46142184 9906477 27
46142185 9890687 95
46142186 922075 64
46142188 4014664 62
46142189 5787523 97
46142191 5759314 94
46142193 5340447 46
46142194 1778708 35
46142197 1742023 20
46142198 5269838 51
46142199 5194561 84
46142202 922035 98
46142203 3011237 51
46142204 5506360 2
46142205 829117 62
5012274 5012282 24
46142261 4986100 1
46142303 1677245 49
46142341 21484385 26
46142368 7719767 19
46142371 10078185 83
46142372 334566 1
46142374 5502770 94
46142389 1396294 67
46142395 8352459 50
46142405 1280486 69
46142431 7426190 55
30682344 7746541 41
46142440 7231054 10
46142442 5039100 92
46142449 6634094 75
46142467 688400 77
46142468 688454 28
46142469 1723661 25
48114888 5226265 6
48114905 3363871 42
49143833 3239816 3
49194569 806392 51
49194570 3581594 17
49194571 889895 85
49194573 13533398 43
49194574 2904816 84
49194575 10105400 58
49194576 3738207 83
49194577 8438497 56
49194578 4079651 32
49194579 3337909 56
49194580 2709318 62
49194581 5437345 94
49194582 8364798 63
49194583 7762533 36
49194584 3933478 42
49194585 12118461 62
49194587 8321401 7
49194588 698087 98
49194589 3500782 84
49194590 4033690 25
49194591 6084650 19
49194592 5579991 34
49194593 5233879 40
49194594 5724893 3
49194595 13828670 28
49194596 5604831 23
49194597 3649352 75
49194598 6317784 49
49194599 6251289 59
49194600 11144540 59
49194601 2559843 88
49194602 2912108 18
49194603 13530510 1
49194604 2665800 8
49194605 27067458 34
49194606 5490855 4
49194607 10105579 65
49194608 3674882 56
49194609 2318681 49
49194610 1937771 42
49194611 3318481 72
49194612 9593647 60
49194613 107249 18
49194614 2292474 84
49194615 10969112 3
49194616 895623 60
49194617 7160646 41
49194618 941235 9
49194619 3939869 45
49194620 3689450 85
49194621 2454011 52
49194622 1604789 78
49194623 2270650 34
49194624 8159153 37
49194625 1077458 69
49194626 1521811 28
49194627 2292614 65
49194628 3415383 67
49194629 11144747 5
49194630 2403382 44
49194631 1601949 84
49194632 6193238 18
49194633 4981078 99
49194634 15298188 4
49194635 3690236 49
49194636 918067 5
49194637 361900 83
49194638 5921178 88
49194639 5269774 64
49194640 2213334 67
49194641 9380296 51
49194642 9373017 47
49194643 4256099 55
49194644 1843295 57
49194645 2554518 62
49194646 5784397 85
49194647 3089284 34
49194648 3458995 61
49194649 7755449 91
49194650 27068450 69
49194651 3555486 25
49194652 13019121 15
49194653 866739 34
49194654 15920260 2
49194657 2219119 96
49194658 316593 11
49194659 8574929 55
49194660 2904185 44
49194661 12630314 33
49194662 1102325 34
49194663 1801700 11
49194664 2820153 57
49194665 9089814 84
49194666 24575923 90
49194667 6380775 40
49194668 1606256 6
49194669 4391002 22
49194670 5655582 68
49194671 405135 100
49194673 3972846 26
49194674 1722147 30
49194675 2066620 73
49194676 6523749 48
49194678 1857379 23
49194680 5232814 3
49194681 5039018 62
49194684 2987186 46
49194685 5260882 35
49194686 878668 25
49194687 1946101 26
49194690 4974521 29
49194691 7016829 1
49194692 8253205 62
49194693 1307816 40
49194694 5933860 53
49194695 313990 5
49194696 6077498 47
49194697 10957176 68
49194699 4378781 15
49194700 3672432 22
49194701 4360525 93
49194702 10106343 58
49194703 2424821 15
49194704 5442554 80
49194705 10106361 8
49194706 15327371 73
49194707 2354415 94
49194710 18615938 32
49194711 5546503 89
49194712 1394831 94
49194713 7639442 77
49194714 7639459 38
49194715 13489486 56
49194716 3962181 75
49194717 3126783 10
49194720 5426680 24
49194721 7806827 75
49194722 2457639 9
49194723 2296140 99
49194724 15252924 38
49194725 7569591 28
49194726 9919914 1
49194727 5159902 27
49194728 4020390 1
49194729 7357897 51
49194730 3616460 90
49194731 12195855 43
49194732 4931945 87
49194733 7912150 33
49194735 7490411 41
49194736 5292335 17
49194737 6239793 52
49194738 8120172 39
49194739 2539139 9
49194740 5417293 96
49194741 899429 74
49194742 2536712 26
49194743 7887686 58
49194744 950245 74
49194745 4638529 71
49194746 2395913 74
49194747 2845581 13
49194748 3029849 76
49194749 9097758 98
49194750 6548434 73
49194751 1492424 29
49194752 949130 73
49194753 800048 74
49194754 7302014 94
49194755 26571192 72
49194756 1947995 80
49194757 3022680 13
49194758 3386835 46
49194759 8863906 94
49194760 3074730 25
49194761 4972702 9
49194762 1564719 98
49194763 5757995 23
49194764 6047566 76
49194765 1397903 71
49194766 4115344 76
49194768 1659426 13
49194769 9494310 53
49194770 1786998 74
49194771 11146364 5
49194772 1633868 21
49194773 7912167 22
49194774 7007525 60
49194775 1417841 94
49194776 1779155 82
49194777 2330356 86
49194778 9246944 91
49194779 1776319 4
49194780 3179872 32
49194781 8518609 34
49194782 23145 58
49194783 1760748 85
49194784 6266541 57
49194785 9085362 70
49194786 9508745 4
49194787 2898637 70
49194788 2564364 66
49194789 5405670 8
49194790 8766185 68
49194791 15920473 76
49194792 11146538 5
49194793 6648349 1
49194794 3195005 59
49194795 3195064 64
49194796 3194924 52
49194797 94065 83
49194798 11146699 57
49194799 1788749 85
49194800 7120954 49
49194801 1322923 40
49194802 1317138 44
49194803 2611505 62
49194804 7903045 71
49194805 3414140 25
49194806 5290415 35
49194807 7686586 58
49194808 6252814 23
49194809 3563796 87
49194810 3752893 33
49194811 2321464 86
49194812 4911282 13
49194813 1101542 69
49194814 7630340 29
49194815 1041966 48
49194816 1397936 49
49194817 1367521 14
49194818 4011493 36
49194819 6002530 100
49194820 5784696 4
49194822 1712676 72
49194823 1677840 80
49194824 2312764 58
