282159 792675 60
9716181 1193418 3
4725435 2276514 25
2874462 1040483 83
4743449 1001107 6
9716282 323880 59
9716305 131191 79
281955 792364 88
46979 202437 74
9716358 226084 34
3788930 348205 79
2445143 52143 41
3860485 430299 17
984194 1314049 31
984195 1513900 7
2232160 2081168 100
1981487 8208 82
984196 1828065 35
6990617 453333 12
9718489 799546 96
9718520 80250 52
35554 141598 82
817495 340671 2
9723089 85550 68
9723539 102042 65
984198 109100 54
9723659 97001 47
984200 112353 53
290138 808296 55
68475 257302 64
5015213 350948 68
423339 401791 92
4152640 913321 1
9727312 687453 17
4152641 904630 21
984202 522783 65
9529854 53952 92
984203 628601 80
9529855 499841 40
984204 890210 32
3788931 299764 26
281815 50642 53
984205 390875 81
3160088 736758 62
9729092 297868 29
9730174 759229 4
9731467 98599 100
470633 301077 66
131079 417362 93
2129106 714483 34
9739713 327109 9
9741583 408665 28
71573 263194 88
4827380 1075562 56
4501687 141887 79
9748117 1550333 22
984206 339200 33
5000161 109521 56
984207 225723 14
4735565 1387228 71
11005994 884476 58
4827298 98512 25
11912227 337956 32
12338750 659647 99
12588459 701353 83
12180606 924881 58
13259591 333746 22
4132829 332520 18
13268801 99469 49
4809724 603139 73
9313454 1069304 56
13284815 766365 88
4131709 606653 40
4987475 621309 43
12588460 2216445 78
3913886 862066 57
3160089 332980 94
13293574 161229 89
13293621 1073646 37
13293858 1705612 52
792335 156446 80
13296143 102424 50
13296265 308527 79
13296876 642477 58
13297163 256715 74
12588461 295147 21
8332553 735935 39
4742161 876435 6
984211 1042128 11
13297561 179292 28
4011439 98510 19
4828049 96930 8
13300359 1213072 65
3356498 1818339 66
13301471 350975 45
13301495 458448 20
3397498 1042262 63
4501692 343227 29
13303074 882544 32
13303871 1594227 84
13304220 272266 4
13304241 134907 57
2862992 660935 38
984212 321835 95
13305057 2539781 8
4155890 879951 71
1501650 168356 24
984213 339915 67
13306837 230104 80
368567 248601 53
13307114 534084 76
12588464 121015 84
281892 646550 62
4809164 447997 76
13308009 146672 64
4810562 443598 83
13308217 241627 82
13308496 59467 33
13309246 9854 81
8613687 505962 75
13309811 362026 33
9529857 1180558 3
13310843 1362686 91
3168478 51836 41
3887985 648447 67
13313807 41924 10
13314466 249882 38
13314514 71954 18
5001014 1458617 68
3959922 311371 11
4810681 1058698 6
13315587 332281 92
13315790 261786 44
984214 108840 94
13315981 318147 13
13316085 828439 93
9529858 328587 26
3567747 478176 11
75969 48669 89
2578534 396055 2
1582752 989719 28
2226169 135881 11
13318834 296495 10
13318856 504512 97
13318922 671314 95
4744423 916558 91
13320129 67151 42
13320156 99641 62
13320261 5810310 47
13320308 332571 73
8613688 52042 13
1646020 215424 42
13320437 576719 28
13320628 329410 69
4811222 393910 91
13320884 527873 18
13321210 858694 2
13321346 48844 6
13322734 165791 98
13323599 1363688 8
12588465 394768 66
4827108 352059 5
13327233 267323 89
13329330 295527 45
13329986 330474 63
13331048 102228 22
13331149 216938 47
13331374 2062346 36
13335050 216360 42
13337581 740841 66
10668739 61752 36
13339615 165537 10
13341073 515193 70
1705492 1802542 91
984215 289060 90
423337 442056 66
13344491 1795676 35
13345711 96437 41
4811378 1139456 18
13346579 3859845 43
13347034 93117 95
13352385 220048 61
2535931 328782 59
13353053 1596098 51
13355014 543728 32
4155891 3359532 20
4501696 641714 56
4827550 9723 53
13381717 1451435 39
4714377 364505 64
4827026 413231 34
13396919 110842 8
12588468 962014 27
13398929 697805 5
13404131 99634 82
3361872 190184 77
3600386 94448 4
13417369 1400980 58
13420931 418448 79
13423008 210661 53
4368620 215721 5
13431772 96049 88
13440747 276393 29
13442544 359541 69
13483477 363620 33
13512487 102809 89
4811074 900742 36
14763624 893349 99
14763997 1372345 34
14764037 1218337 16
14764612 621693 36
14765836 512556 60
984222 165038 29
3959923 101166 98
3079159 338434 29
14766992 104822 42
4368621 1442012 82
14768196 101490 81
14768443 839469 18
14768668 328909 51
14768896 251767 78
4501698 337117 97
9529859 111138 19
4368622 905409 38
14772165 5458 80
14772526 617657 58
4807626 158897 74
13511812 362868 68
14773144 1168967 98
14775669 346920 16
14775711 397489 49
4501699 651951 5
14776828 705121 82
4501700 541470 78
13449532 2289607 75
14777863 1004898 62
14777916 928246 44
4807404 366090 42
14778032 6517 19
4131710 121432 61
15369411 328837 91
4152644 170981 45
15829158 112086 62
15833983 41133 33
15834275 931898 30
15837112 333538 11
126756 412241 90
15851210 615745 22
4939411 651803 59
15875038 205523 57
15876875 1986816 66
15878019 448747 13
1250500 340834 20
15889640 798589 62
22451518 308217 76
23665678 319682 40
23666297 8729 29
23666362 308523 89
23666488 642169 17
23666601 482475 88
4152647 1045958 10
2754593 95332 2
23668021 300337 34
4747599 500334 44
4501702 961434 16
2797433 392254 50
23672235 688857 48
23672404 129033 31
23672633 144182 58
23672790 344676 48
4368555 806793 82
23673366 1005204 60
1060143 271220 29
32946764 50792 9
3260345 149475 95
32947432 2054315 1
32947939 1256537 21
2459212 677511 42
32948602 39646 57
32948805 56469 85
32949069 605832 1
4155893 96665 15
4501705 859986 30
23703002 418140 39
32949254 1058590 4
32949266 729058 24
14777522 633066 60
32949484 2466634 58
32949605 100092 89
32949692 153438 44
32950025 21816 33
32950095 213070 68
33126259 1430929 47
28218731 369871 76
33126276 547933 71
33126315 1940514 18
33126328 356817 56
33126344 35362 87
4745442 100865 46
33126393 1097686 95
33126422 173145 69
33126437 123079 86
33126451 50641 66
4827643 91428 78
33126465 111505 43
33126487 2149858 63
4781379 98165 68
33126518 157929 4
4810882 287394 65
4808833 470760 70
33126533 47455 58
33126609 189636 21
33126695 886400 47
33126706 641036 17
33126719 393971 3
33126727 272372 78
33126740 392386 70
33126770 109361 30
33126815 863766 81
33126976 158613 76
33126994 954715 53
33127036 328877 56
15605711 544632 100
33135051 1207058 69
15605713 315341 90
33140717 5827 61
33141741 105229 83
33157667 296538 82
33157764 934412 76
4501706 597341 25
33162651 385926 57
33163969 218354 74
2232162 881693 34
30884178 272734 6
14484426 312631 73
33249899 352199 5
2458757 28719 14
15711294 361805 83
33251683 97128 5
33251724 228617 22
33251764 148836 1
34349675 884387 20
14959572 1801360 93
34375971 1506443 56
4152650 343902 78
4734184 2306415 20
23701693 321307 41
3774174 584285 27
34396354 381563 11
4368544 191024 45
34398318 454799 85
4828348 217288 6
4748801 405234 47
4807253 173059 22
4808154 283933 64
1653367 406147 73
4809011 503779 21
4688056 1247375 28
4811518 100562 98
4699896 344720 9
4827501 99399 45
4811640 109873 49
4826950 449570 95
4827914 279522 54
34428866 329458 43
2458758 173633 15
32958316 190417 14
30474044 1028747 78
33092197 362658 91
9529860 1382240 78
34470179 552824 86
34474465 82235 53
4152651 1960604 79
4828139 541704 14
34675791 347251 60
34675931 96336 30
34675951 343181 75
34675964 303181 7
34675973 1259932 15
34676273 256230 50
34677632 332018 35
984235 344822 21
34679035 648145 83
4501708 861615 72
34679809 108470 13
34680663 224044 47
34680676 1535593 95
34681295 604394 70
34681490 336761 48
12195856 346667 18
34681509 307045 55
34681536 677438 99
34681635 500884 76
34681690 510018 83
34681703 790893 98
34681716 874080 26
4042713 247269 66
34682069 53245 78
13511814 573868 71
34683008 676263 61
34683045 507447 48
34683120 485729 32
34683443 401056 24
34683479 670617 69
34683492 622133 87
34683636 131912 80
34683745 648681 56
34683782 857189 55
34683889 216932 13
34684228 844818 46
34684405 308723 85
34684492 768270 40
34684673 107816 39
34685320 308695 85
34685418 277764 18
34685439 882825 23
34685482 818802 46
34685512 1239144 55
984237 915679 48
34687348 122644 4
34687392 58968 37
34687419 308688 6
34687435 832043 18
34687442 308643 17
34687951 1042145 10
34688197 665684 78
34689452 507794 8
34689603 295602 58
34689712 220672 10
34689771 1742980 21
34689783 1165668 8
34689797 1701173 14
34689952 550718 45
34689993 1275388 42
34690013 108247 2
34690072 709491 17
34690083 231427 77
34690122 41578 76
34690665 922229 29
34691419 990175 31
34691459 20836 38
13517985 882781 8
34691618 197393 12
34691682 647504 16
34691709 100438 96
34691817 368402 89
34692267 100272 7
34692505 1023437 39
34692524 56670 48
34693093 385570 9
34693507 850260 19
34693544 919042 100
34693965 457804 26
34694947 294673 52
34695324 35360 91
34695382 323467 87
34696781 108582 62
34697905 2869216 44
34698111 102745 67
34698190 515801 69
34698440 332388 73
34698729 1078924 69
34698772 2282050 4
34698801 504439 85
984239 316226 36
34700100 828407 61
34700295 198583 34
34700425 1267061 83
34700679 273224 90
984241 344721 41
34700895 108681 13
34700930 692190 88
34701243 462525 74
34702048 1944582 46
34702207 129759 71
34702481 597313 30
34703565 436679 19
34704466 1213813 42
34704512 352063 75
30230572 95844 67
130005 416297 15
30745656 194338 99
1250503 334619 9
15605724 143678 28
4368625 2204357 56
10697339 716223 15
35018608 261454 78
4152657 170047 14
984244 362661 13
32702100 97167 44
984245 590642 9
33086952 130349 95
32843515 95292 42
984247 103862 94
33086953 267807 18
35019671 104821 78
35019941 728005 61
35020239 327726 72
35020249 460251 39
984249 74964 24
35020326 365153 19
35020349 31612 66
35020373 346161 21
9529861 100868 99
33774527 284181 6
12588478 76047 97
35020878 108491 82
35021052 98229 64
32958317 329133 43
984251 335430 60
984252 1828844 13
35021573 506115 92
984254 29823 46
4152659 356072 100
3994413 190194 45
33086954 17125 22
35022272 109651 88
984256 291954 97
30216530 279154 26
4368561 607512 23
35022687 23911 75
35022698 1427754 1
35022717 586485 95
35022784 181952 18
35022809 293695 32
13511815 226405 96
35022865 631042 95
35022901 1993475 53
35022943 933502 87
9529862 809170 35
35023205 1966618 95
35023311 137091 91
35023320 869815 44
35023328 869911 87
35023377 1658207 5
31193304 442193 67
35023404 838138 92
15605732 646133 9
984259 481991 2
14959573 152745 72
35025046 219988 10
35025086 730719 5
35025168 435680 59
35025270 554198 90
984260 359538 46
35026025 904410 58
35026172 2432523 10
35026474 96396 79
35026492 1017588 62
35026549 310249 49
35026656 176798 26
15711299 352650 83
35026696 101651 64
35026863 350445 19
35026879 994870 99
4152663 93877 1
35026993 594190 82
14959574 160827 68
35027138 1372391 13
35027159 2146804 87
35027435 100480 55
35027696 107618 4
35027852 559444 98
15605735 111874 53
30230573 665686 83
35028439 342603 24
4501711 1293363 40
35028469 1429208 20
30883397 212287 6
35028707 51778 81
15711301 1485352 42
15605738 675509 42
35029289 627895 72
35029321 544429 48
984270 43593 16
15605739 350262 15
15605741 92544 81
32843519 110236 18
4501712 449323 48
15605742 83793 1
984272 858162 7
15605743 1488251 73
35030230 24216 21
35030297 67175 68
35030376 94890 70
35030532 940030 83
35030862 502549 84
15605744 1225567 27
4501714 80046 5
4152664 51589 56
984277 101170 40
14959575 1258652 44
35031691 630138 26
35032016 133701 100
13266067 249884 57
15711302 358307 80
35032677 355720 31
35032832 622324 38
35032890 803747 42
15711303 913265 44
35033369 256074 54
32843520 213930 12
3994415 30905 20
35034752 1278014 89
8332559 173144 16
35034780 228582 31
4501718 655984 63
35034902 193148 65
13449538 420533 45
35034945 2947495 13
35035148 3676910 84
984286 1829219 10
35035486 605308 83
35035498 392146 39
35036294 43217 3
35036573 93874 6
35036581 33674 4
984289 1348601 57
35037067 196218 92
35037138 122364 35
30884179 215891 7
33086503 1406 36
35037309 109244 53
984290 392049 15
35017736 1996001 5
35037771 284568 34
35037853 1002550 43
35037965 343709 70
35038085 570638 36
35038218 24514 65
984291 101285 5
34689477 100733 55
35038458 318300 19
35038476 1160008 68
35038482 862266 60
4501719 49228 65
984293 94381 26
3959941 674243 41
35039781 369500 25
35039817 1089236 61
35039898 85355 54
5543103 360727 31
30884180 141571 73
35040427 27283 33
35040615 67203 6
13321068 396697 54
32955590 100091 76
15711304 827678 86
35041012 96281 51
35041032 684917 47
35068391 412299 28
35071292 258101 83
35077138 109558 49
35090951 406528 78
35102245 1682263 82
35102739 92200 75
35106679 297207 64
35108316 194339 78
35108790 663800 57
35109350 219829 17
35109497 401793 3
35109844 296708 82
129932 416172 98
32850916 190416 84
15170781 10677 83
35114275 3563662 7
15711307 335257 46
35115026 369891 34
35115111 13706 7
35047775 256852 71
984303 119994 49
35115192 479655 12
32958320 215261 27
15605765 221026 41
35115463 41922 15
35115719 51275 22
32843522 334392 22
35115776 290915 47
32957062 240706 52
35116051 225330 91
35116143 1575689 80
35116174 98034 49
35116574 394065 75
35116588 218570 17
35117430 397231 19
35118001 107453 32
35118013 1015231 43
35118290 361085 47
35118675 2770868 79
35118829 316339 73
35118879 753956 98
35119089 326857 5
35119227 1063280 78
35119840 353424 67
35119889 436242 64
35119956 692816 100
35120011 226589 65
35120022 319648 6
35120048 171524 97
35120311 273913 11
35120496 13193 34
35120534 1921334 47
35120568 53113 44
35120701 94291 92
35120747 53858 54
5000733 225048 12
35122205 1062310 68
35122638 316778 29
35122739 323029 42
35122756 287561 48
35122821 85238 9
35123072 48578 99
35123151 250542 54
35123469 582710 30
35123932 502799 46
35124004 672741 96
35124123 109197 3
35124137 357859 68
35124773 27186 12
35124834 1468906 39
35124906 640101 47
35124935 604376 77
35125396 397260 91
35125619 201114 80
35125770 164042 37
35126168 540399 2
35126214 97927 21
35126482 240527 72
35126620 891733 39
35126853 276475 13
35127132 226592 6
35127161 7445 2
35127291 199528 55
35127447 924333 33
35127957 898111 79
35128383 308708 43
35128803 343903 17
35129249 141979 80
35129280 265311 27
35129515 103059 17
35129610 65212 93
35129754 1029895 17
35129783 308124 65
35129788 407017 5
35129807 4483808 26
35129846 2694489 65
35129923 449404 27
35130089 637775 69
35130281 580822 32
35130816 97572 44
35130995 622371 27
35131054 428125 22
35131090 635986 30
35131255 54063 64
35131937 120911 85
35132103 882142 13
35133125 173635 61
35134572 274622 67
35135102 320316 37
33089419 104744 28
35135129 392814 55
33584819 63325 8
35138737 615282 95
35138809 53601 4
35139138 779716 7
35139738 596694 96
35139813 253352 7
35140387 407408 18
35140857 194268 96
35140963 162753 95
35141026 1386819 49
35141348 1007434 59
35141958 449761 85
35142484 221027 32
35142978 65893 97
35143048 191428 69
35144812 900250 97
35146048 1477274 70
1828748 356143 7
1250505 18418 29
35147550 327309 29
35147995 2657899 93
35148110 616967 49
35148249 276784 6
35148330 161406 47
35148743 632004 66
35151500 122841 16
35153298 171634 30
35153324 261556 68
35153582 325846 10
35153688 189037 52
35153701 89892 43
35155401 1433316 57
35155884 103866 12
35156434 1488195 78
35156828 351604 3
35157286 1211801 45
35157704 107620 25
35157740 1039492 9
35160558 211296 66
35162358 511637 11
33584820 25027 85
35162610 218183 38
35163482 1041231 82
35163677 809006 48
35163873 330444 83
35164274 497904 57
35049594 397460 23
35164451 213065 26
35165334 86208 92
35166088 37454 25
35167244 302576 79
35167302 106656 28
35167784 404561 55
1786020 132754 26
35169000 898591 37
35169124 1298134 15
35169648 41927 95
35170152 533026 54
35170534 222330 88
35171601 384103 19
35172131 352058 59
35172217 60367 33
35172468 198837 4
35172832 166801 93
35173123 1717385 21
35173419 177468 23
35173739 893708 24
35173764 910652 42
35173845 393692 84
35173918 636890 5
35174198 23770 53
35174205 279311 61
1250506 825419 90
35175719 38820 25
35176034 791605 57
35176497 879763 27
35177025 269828 53
35177126 316683 98
35178259 584877 88
35178511 505679 80
35179836 146738 91
35180616 6628 31
35180695 101274 74
35181867 338796 58
35182143 127360 81
35184010 156094 41
35184778 862062 55
32958321 916250 57
35186620 150971 46
35187111 226083 82
35187693 324314 10
35187814 1596825 64
4368582 2207959 29
35187900 398806 50
35188153 312634 60
35188228 108620 99
35188294 1209312 46
35188927 99578 87
35191552 1034956 98
35191845 119699 34
35191932 1194069 54
32958322 672742 89
35194687 52283 57
35194719 185659 91
35194844 349661 72
35194950 1051797 47
35194983 690418 52
35196035 38107 56
35196192 161423 47
35197156 345202 53
35197176 798708 8
35197193 468765 4
35197247 104742 88
35197776 662626 39
15605775 73937 40
35197877 1336664 74
35198580 175445 22
35198634 674898 88
35198884 67354 39
35200055 791892 85
35200555 104473 84
35200689 392050 74
35200748 126022 14
4152677 873817 47
35200955 1083422 52
35200996 961052 69
35201035 622094 45
35201091 415567 38
35201211 1338038 34
35202352 358481 71
35202413 54017 63
35203143 1115861 33
35203503 612418 80
35203538 320898 90
35203568 3330492 88
35204650 453068 33
35205445 49799 29
35205533 333297 22
35205685 449351 76
4152678 14342 66
35205925 1999281 99
35206053 216937 55
35206100 1303871 85
35206401 91300 13
35206416 344924 85
35206444 884019 71
35206562 2860463 19
35206700 435554 48
35206743 79784 44
35206756 477586 12
35207177 268350 60
35207375 443337 67
35207410 820839 8
35207632 332061 48
1250508 101987 88
35207657 1502735 60
35207767 80329 41
984322 196791 17
35208052 51073 66
35208094 548292 19
35208498 662160 49
32850918 344954 76
35208635 1461288 16
35208756 649796 6
35209433 1304273 14
35209782 248487 61
35210111 325246 55
35210359 341300 20
35210389 1469035 49
35210468 1073373 49
15605779 313830 4
35210917 94107 86
35211255 1180040 9
35211327 400158 52
35211907 100822 88
35212024 1295018 80
4152679 47746 63
35212065 2661815 7
4480510 107787 67
35212146 310250 30
35212155 51357 24
35212306 74111 27
35212518 337888 42
35212707 613918 38
35212802 1498909 15
35212852 138218 90
35213001 392181 7
35213182 1126244 72
30883406 285250 100
35213267 325150 93
35213296 1011628 96
35213306 931864 37
35213311 530844 46
35213338 207621 42
35213366 107549 25
35213371 46551 42
4152680 555381 47
35213679 54482 52
35213688 790345 37
35213731 79219 82
35213801 109042 22
35213811 832122 32
35213828 155202 82
35213925 851334 34
35213936 671147 56
35213956 921003 39
35213965 568702 2
35213975 157103 56
35214073 330582 59
30883407 523256 77
35214146 66896 96
35214215 48777 18
35214238 2053 14
35214251 122037 70
35214263 998470 23
35214282 579807 85
35214338 667983 63
35214388 914680 35
35214483 1625500 81
35214738 102181 98
35214973 84218 61
35215055 322839 12
33089422 171523 19
35215122 390788 36
35215320 93143 65
35215539 496883 83
35215578 1562749 92
35215616 360726 89
35215638 1197683 32
35215655 493094 85
35215703 1006839 88
35215712 350993 67
35215779 354667 7
35215864 218906 93
35215966 91379 72
35215989 468045 72
35215994 636143 70
35216007 701637 90
35216026 116478 57
35216040 449794 85
35216048 88601 36
35216119 60368 4
35216156 879616 52
35216292 692112 77
4368584 1041305 57
3428899 98040 11
4152681 181521 12
35216706 1968153 23
35216742 285814 58
35216798 48889 19
35216805 893124 51
35216812 94588 89
9529866 389369 2
35216884 273237 54
4152682 564766 52
35217261 101550 16
35217361 403011 69
35217493 92194 55
35217508 299911 78
35217547 885093 24
35217658 534577 98
35217706 325609 38
15605782 287978 64
35217815 946507 61
35217832 401505 57
35217986 237700 17
32958324 338370 56
35218042 142277 57
35218060 224008 62
35218067 437554 17
35218073 108226 80
35218100 159635 71
35218106 815129 28
35218252 51780 54
35218379 207400 90
35218402 23135 49
35218570 504137 76
35218683 301353 56
35218771 612421 15
35218994 180530 99
35219235 1547196 40
4368585 493681 97
15605785 28285 92
35219527 143197 19
35219628 53915 51
35219672 906957 45
35219858 809452 54
35219868 825765 3
35219877 425281 33
35219933 284546 95
35219971 534415 58
35219985 261712 57
35220418 818645 72
35220428 109522 22
35220836 868072 84
35220923 10440 99
35221005 1122047 33
35221014 468051 77
984331 95588 55
35221023 99038 2
35221032 248812 75
15711308 333016 90
35221364 134253 9
35221369 95800 39
35221423 326799 46
35221577 145051 67
35222037 1249028 84
35222193 877675 41
35222868 441056 80
35222976 848935 12
35223052 1582566 89
35223218 342727 84
35223253 135800 24
35223286 1417425 46
35223315 98318 68
35223385 896666 22
35223425 584773 61
35223478 1485738 15
35223505 931782 96
15627391 1119238 53
35229321 189500 49
984334 1829672 91
30782678 356722 52
14484428 401620 70
30782680 346598 19
984336 133439 17
35233353 62807 26
35233420 1428322 89
35233661 363171 15
35233720 507833 21
15605794 363586 58
35235086 107041 33
35237255 336587 5
35238570 736687 13
35239068 444623 46
35239939 297208 90
984338 1046030 86
35242105 316366 1
35243621 109192 35
35244270 358956 58
35244459 53002 6
15711314 507776 88
35244824 149752 72
15605798 65479 43
35246636 507190 20
35248091 1209402 47
35248281 329134 33
35248299 815387 58
15711315 788295 81
35248496 106407 100
35248630 100132 69
35248951 95948 32
15605799 144724 82
35249226 5619 70
30883411 13587 38
35249597 209888 67
35249645 602409 23
35249683 1158395 30
35249733 47849 54
15711317 621829 4
4501725 348545 23
35249901 223210 1
35249914 251763 6
35250018 243827 51
35250075 140104 51
35250173 161358 70
35250180 1428074 85
35250311 295679 9
35250389 112009 76
35250553 831 90
35250573 1771788 74
35250669 666182 46
35250832 325374 27
35250846 109690 28
35276055 338794 84
35276112 171449 10
35276525 142932 94
35276571 1187106 64
35276846 142972 42
35277095 248581 55
35277135 50387 80
35277459 255499 21
35277726 947387 25
4501726 97241 33
35281155 110009 89
35281449 457439 16
35281739 161359 84
35282273 362061 88
35282407 988701 10
15605803 584970 86
4152687 96337 51
35286069 105378 100
35286156 2351393 51
35286174 102808 74
15711319 878565 96
35286259 211832 10
35286482 202054 77
32958326 677538 49
32959307 549605 95
35286562 1040452 84
35286587 265991 97
35286600 1570463 19
32958327 99325 61
35286672 169322 72
35051962 5342 43
35286863 1291952 77
35286899 316247 41
35287242 726183 77
35287287 6104 82
35287326 96999 34
35287424 316790 85
35287500 121844 88
35287523 107100 53
35287542 108246 4
35049596 97305 92
35287603 361465 96
35287883 2031039 86
4987476 901051 60
33584822 7806 39
35289673 269785 9
4501728 118750 66
38310974 227326 19
32956457 269882 46
38313559 447987 71
38316234 1543014 9
38318995 613255 67
38321489 1072693 63
38323322 52508 14
38323934 1387281 84
38330803 228370 49
38331657 246536 90
38332306 899642 55
38335692 160353 61
38335923 324083 49
38336018 254767 45
38336762 390789 58
4987480 129244 48
38832634 2752599 97
38834093 140109 79
38834345 50755 95
38834354 1039426 4
38870310 1622294 28
38890080 332625 82
33584823 1597049 73
39014636 660147 66
39014693 60138 18
39014775 51650 74
39014780 448276 67
39014790 865698 97
39014794 329359 27
39014801 43510 43
39014807 200831 38
39014826 200832 27
39014830 200825 4
39014834 200826 65
39014845 679209 25
39015179 894475 92
39015223 718655 39
39015293 106764 78
39015473 151328 30
39015536 266066 50
39015827 915885 45
39015895 883239 69
39015900 293972 93
41796658 736385 99
44368139 465328 55
44368502 888454 37
44855354 668045 88
44948733 630506 95
47880395 170198 52
47972583 357529 35
48039356 229904 4
49345093 1855105 78
