5030316 135339 6
1788446 132685 57
5038135 149816 8
5038350 19417 18
5039202 74327 44
5039398 142932 4
5039488 328586 43
3967039 328833 75
5041800 43952 27
5042345 5159 2
5042373 37454 53
5042412 981998 97
5042981 173390 14
5043230 153672 95
696887 246644 72
5043675 189980 22
5043724 551462 14
5047347 75546 6
5047462 128473 28
5047771 236667 96
5047797 392673 31
5049643 989719 70
5049115 18455 39
4988556 1413 26
5052771 916073 83
5056502 88202 36
5058812 512930 36
5058889 1634 9
3531143 16409 5
5063790 36989 68
5067122 37672 85
5067238 164414 43
5067468 56307 75
5068399 135244 89
5072481 17120 74
5072552 396895 73
5072634 19587 21
5073048 45765 37
5073084 363402 45
5073229 340530 2
5076750 156941 85
5078539 335325 64
5087586 104465 59
5087643 159430 18
5090411 149714 87
5090456 153107 34
5091418 228832 39
5096137 51643 49
5097603 164078 13
5097971 163884 63
5097992 86005 98
5098038 75544 86
5098082 338947 100
5098098 1627 62
5098232 816702 84
1973580 16994 92
5106700 130350 36
5106730 107816 16
5108297 144659 19
3198552 237419 80
3804210 190301 69
5113404 57676 1
5115937 112085 26
5119539 240514 73
5119745 901052 49
5121780 213940 50
4990262 50850 36
5125366 224515 20
5125438 322951 26
4035821 142067 64
5125578 907401 63
5125610 227444 66
5125630 910410 77
5125897 137740 58
5125997 99171 68
2341887 36588 88
5131454 132378 12
5135987 626173 6
5138021 83634 55
5149367 63457 31
5153688 263436 91
5153827 52566 32
5154042 327667 26
5154181 1417754 34
5154295 329221 99
5154555 95479 89
5155504 79062 62
5161168 201485 86
5161679 100131 47
5164465 50847 69
5168172 101444 36
5168469 336221 90
5169384 80303 52
5171425 534666 86
5172488 50963 93
5172608 24713 21
5174552 311572 25
5126324 53644 53
5176719 10098 53
5176753 261451 22
2636989 135079 11
1452675 288091 13
5177029 225053 81
5177572 874028 65
5178444 122803 4
5179559 128344 75
3198553 150755 25
5181950 376072 34
2200907 329314 88
5190043 54406 39
5190317 71288 8
5190681 42616 94
5190890 20727 68
5193439 109955 99
5193639 206621 88
5078541 261141 81
502672 104403 38
5197109 104829 79
5197987 339406 58
5205038 201889 75
5207857 55923 55
5207870 144131 57
5207975 468523 4
5208054 272199 93
5210246 350302 68
5210802 37582 42
5210834 134679 62
5211012 104463 72
5211066 133317 77
5211203 554795 24
5211314 363944 51
3803901 424827 25
4438329 224514 55
723752 37872 60
4988557 5469 84
5215378 112010 93
5215417 501440 82
5215603 790121 14
5218213 294887 2
5218278 76285 26
5218358 97972 14
5219473 55816 26
5222375 156164 81
3975073 16954 38
2601805 312773 8
5225550 345850 9
359297 213509 14
5225794 81079 84
5225903 36136 14
5226007 52563 31
5226102 118064 24
5226385 218532 99
5230610 190194 43
5236669 65063 65
5237272 17881 67
956845 97966 51
5068401 35679 79
5246315 90495 66
5247117 121325 29
4203548 361228 72
5161704 230921 66
5254506 287360 63
5254634 1401 41
5049905 173966 71
5255028 50137 51
5255045 319308 90
5255118 65891 83
5255268 500374 25
5255372 125483 41
5255744 394254 2
2943651 55532 38
5260392 174831 58
5260610 216411 28
5260799 901051 54
5261161 216889 15
5261825 199766 55
5262143 192468 7
2619881 99838 21
5262656 149569 87
5265248 42504 45
5265281 187513 81
3198554 580659 83
5265573 91625 74
5248829 202483 28
5266067 36838 11
3966991 831766 100
5266337 308688 56
5267601 95156 29
5269055 152411 42
5272839 37722 40
5274101 249565 89
5281743 105965 22
5285273 18476 45
2383676 89888 57
1830124 178308 72
5291097 316876 51
5291134 209913 46
5313832 126763 96
5314571 353762 8
5319312 323737 47
5322361 181952 100
5322675 46219 79
5323539 230856 92
5323554 633254 17
5326753 489201 80
5349687 92988 100
5351352 137091 54
1081321 220047 69
5354216 70132 58
5355152 48622 35
5355301 116950 40
5355408 201583 62
5359409 95247 30
3179152 170839 82
5361356 50641 79
3086951 277764 68
5373543 322674 99
5377072 18042 98
5380870 349477 92
5383848 83547 73
5384954 147167 94
5385847 659890 38
5385860 56780 76
5388919 884273 39
5392142 32926 47
2182905 17965 53
5394552 5545 90
5397875 177132 96
5400632 192828 9
4109491 155436 37
1243991 226965 29
5401043 350851 45
358599 47367 14
4168207 328730 18
5405255 228656 97
5405766 338860 81
45147 144989 15
3904911 43894 80
5406966 515801 93
5408824 148448 30
1339907 70134 10
5413157 143678 55
5417177 189268 12
5417220 338946 98
5422608 67999 67
5422700 98162 42
5423003 125325 25
2317656 35921 40
3759292 554805 12
1788005 153674 73
5431591 98092 60
5432466 83737 77
3031416 234127 4
5439346 50516 49
5439681 512855 79
5439952 119439 55
2723928 432714 17
5445283 132026 34
5445821 109099 97
5446527 170566 34
5446584 96930 59
5446727 48888 41
5446775 341221 33
727160 328731 20
298221 52332 30
696888 149474 44
5445823 105189 27
5432785 139100 95
5450193 135706 7
4296331 343396 11
5453558 53912 86
3677665 1339 49
194259 407822 59
5459337 46122 52
111286 63609 95
2593330 131310 26
5472687 312631 9
1711337 340764 25
5485865 765060 64
5096139 34875 1
5503299 342726 39
5507002 17122 73
5507081 50959 73
5511115 99899 25
5513190 313488 48
5521639 273294 48
5521676 253352 95
5526430 46897 21
5534938 199694 28
5535036 361082 36
5535485 67340 40
5535533 129759 6
5541141 189168 47
5545357 226189 63
5554200 42697 65
5554323 350409 84
5561165 651770 58
5565194 216359 20
5566672 100868 49
5567726 216937 93
2121958 333654 28
2746005 105379 77
4990303 238003 59
5580012 369500 44
956849 146505 90
5581433 829997 80
5583109 339583 31
5584048 324697 23
5585934 96047 36
5596377 338367 58
5603446 94298 59
5605621 123905 79
5608076 17884 92
5612133 867739 86
2383066 142877 67
224696 96827 33
5631953 325607 27
5637087 224513 71
685133 61751 7
5639322 40039 30
5642303 96101 46
5646901 363241 81
2322735 22251 3
5667295 288536 49
5668177 78211 41
5668712 94447 1
3204449 80515 79
5674577 53857 90
5675435 831 56
5675473 18888 94
5675942 480440 70
5677037 224128 65
5376327 146736 73
3418569 6351 37
5677616 72832 69
1973589 344215 90
5680769 99403 94
5681924 46436 18
5682321 365968 100
5686603 8726 67
5687599 225050 95
5694004 56306 63
5694964 50034 34
5699748 405085 52
5707415 356974 71
3344349 52568 29
5334159 47040 35
5718689 34446 73
5723131 54792 82
5736932 93660 34
5076957 218112 73
5742765 218184 20
5743177 5849 44
5743213 105326 76
5743607 109460 43
5744947 291741 54
5747344 556219 56
5747395 255374 22
5747536 121844 71
2870490 224127 78
3737760 295965 69
5757393 105378 78
5759785 5597 14
5761826 251760 90
5765502 216932 53
1525230 1193911 22
5766496 347275 61
5766639 55259 70
689094 336586 59
5768973 400123 99
5771708 238997 29
5772005 60040 57
5772239 139149 88
5772403 6514 58
5787961 43804 35
5788134 180223 9
5797275 109558 2
5798439 106456 29
106043 142180 1
5806383 92865 64
5806672 287828 32
5806840 400462 5
4340059 53403 55
5812611 230461 81
5814030 462925 50
5814834 164479 67
5817326 215088 89
5820575 207959 71
5823028 22144 84
5823355 295621 43
5827782 370216 54
5829218 102667 54
5836135 84112 86
696889 864661 24
2722535 47364 76
3153392 252908 51
5844251 5596 43
5844901 101824 53
3421949 170726 91
5849959 186206 57
5853348 324174 92
5854171 308712 38
1826713 94747 52
5854611 895165 42
5854799 451865 36
5855076 66148 40
5857751 18112 24
5859119 195704 47
5865960 316558 50
5870131 177173 55
5872116 51524 38
5872404 214916 22
5115421 151559 79
5873777 64541 11
5875007 251737 36
5875729 122644 97
5877223 93764 79
5877871 249692 11
5877916 79784 68
5038137 226585 45
1581991 367549 62
5882817 52567 46
5883359 53520 11
5077132 99466 6
5161706 53496 81
1098602 545420 82
5894822 357763 63
5895472 93594 16
5218360 387913 40
5901857 240412 32
5908771 186737 61
5909313 224835 31
5911852 164775 14
5912267 204540 2
5913635 160657 77
5916316 35961 6
5917078 584033 72
2746007 99523 40
5925670 216026 93
5925789 157427 7
2383614 330581 84
5929372 242693 82
5930092 470580 31
5931057 54585 83
5931717 18252 77
5931995 74792 88
1994688 783503 59
5933819 216938 45
5940479 54526 59
5944274 117483 85
218749 110845 32
5953766 189212 95
5954537 154866 55
5954553 862267 11
5954657 182040 35
1398913 374496 42
5961533 95420 59
5969353 322788 92
5975436 212969 52
5978176 37974 61
218750 442421 80
5981424 47455 12
5981924 102231 91
1443803 96241 3
3803697 401793 6
5983014 22826 67
5985771 226083 59
5988275 54415 5
893090 5251 75
2728929 612420 26
6004486 322356 34
3565608 327597 51
6013688 28899 38
6016721 5464 100
5919294 91464 13
6019136 247334 9
5301523 100091 50
6031308 56781 49
6031746 137996 40
2504608 112245 30
6035615 36680 87
6039504 207621 9
6040661 433119 95
6046669 98990 65
6046971 121112 41
6048078 216942 58
6048742 201582 92
6048849 277557 6
6048849 318375 87
5049142 651676 95
6051928 176863 96
6051989 5543 63
6054340 189083 75
6059030 142975 70
6060611 226496 77
5071769 192778 9
6061579 246537 53
6061596 94890 98
6063271 194270 63
6069807 199191 21
6071031 102296 53
1788448 21100 75
3198558 17968 17
6088015 228940 98
6089862 97704 72
6090601 248263 70
4139171 342605 100
6100455 215260 32
2382731 73819 85
6102152 101653 71
1973581 38439 2
5318081 152827 50
6115501 79987 16
6116963 104605 65
6119561 158897 96
6121110 93763 66
6122771 40834 46
4255092 218350 97
6127974 36248 51
6131772 429253 28
6134411 185072 56
6135133 274622 67
6136104 63515 80
6139202 1394 86
6141271 58553 10
5631289 52723 73
6145327 369672 31
6148286 500310 60
6157304 96709 25
6172694 102748 66
6177982 312626 2
6178814 43407 23
6182391 72285 24
6182617 179708 56
6182772 159311 49
6183747 961434 46
5959014 241643 41
6199629 23039 74
6200738 95100 33
6202866 70616 85
6202905 884143 100
6208206 56115 77
6212536 51719 3
6218049 41911 56
6218179 146557 65
6219226 201483 67
2746008 340921 56
4119363 1932 43
5154297 333384 14
6225642 100270 30
6230157 658964 76
5218361 115588 14
1525396 127421 23
6233885 341266 18
6235551 163738 76
6257280 277547 94
6259035 102227 36
6267488 94291 93
2850134 218292 44
6287690 552813 10
221938 280820 53
1592649 345071 58
588306 309048 80
6292406 62429 68
3337970 330443 18
6318097 1089237 18
3563509 271450 11
6321691 98090 98
6324237 96479 54
5376292 219723 8
5210836 79193 34
6329550 99116 61
6333821 51272 15
6336818 96438 56
6337880 157292 71
6338278 142277 58
6344238 100512 68
2746009 144890 41
6349100 95422 41
2745434 275945 42
6355835 131815 7
6356746 430299 75
6357661 143461 17
6359399 842555 37
6359882 145107 64
6361432 226592 97
6370187 125121 26
6378440 330067 51
6382511 260541 2
6384424 134253 59
1789453 314780 69
6392495 243765 24
684761 57569 57
6394277 19583 52
6397305 52146 97
5321480 110841 54
6401963 189478 58
6403277 189402 40
6411282 167536 41
6412877 116951 16
3701747 19418 92
6431772 22252 100
6434832 40042 2
6435609 416836 51
6436208 225051 25
2149921 299349 86
6444940 293695 20
696640 52837 47
6451926 41577 87
6458408 205717 10
6459897 102870 32
6460255 442889 39
1788304 51079 88
3702738 67174 28
6476106 478401 13
2324858 21102 45
6491333 220555 74
5422611 54525 77
6498632 549879 88
6500770 142654 39
6504767 349774 32
6511243 117407 56
6513444 386002 93
6515679 240646 23
6526179 240413 3
6526207 328585 16
6536296 101773 93
6536369 72378 13
6538613 102808 39
6546472 78076 78
6553880 91103 90
1788449 51075 71
6561674 92825 24
4631685 144987 21
6563778 94164 66
1448605 249624 21
6583406 314364 88
6586909 149455 77
6593342 319682 93
6595394 77422 17
6599469 112617 11
6600874 99584 37
6604262 324239 79
1973582 34779 38
6618186 939247 22
696641 93544 49
6627626 247392 22
6630920 138393 27
3564749 18045 16
3759293 213157 59
6646510 109243 1
6646964 665442 43
6651892 355631 60
6654767 5461 36
1791570 312630 75
6666510 308643 78
2727741 319302 32
6672971 89891 7
3075079 56927 19
6683754 280588 5
6683913 220815 54
6690147 90495 56
6696501 528922 92
6705894 51188 16
6705930 63684 56
6706614 72379 43
6707788 35308 51
6712055 223272 24
6714569 3924 13
6719695 51831 82
6709156 251767 73
6727555 702189 76
6736374 132286 60
6739739 1403 33
6743396 209342 47
6746915 340923 57
6751302 697261 71
6751481 119556 12
3198559 99516 50
6752407 361578 61
6752421 160655 61
6752445 160736 47
5556725 96571 60
6752502 105228 43
6752520 232959 70
6752583 901983 2
6752763 1628 47
6752776 213366 1
6752953 139147 33
6752958 56614 96
6753798 99993 32
6754462 48669 73
6754930 396954 36
6761007 134384 55
6766707 14967 23
5413057 96283 55
6779230 52395 74
6783212 87760 11
6783676 120696 45
6785625 16634 14
6788856 230942 26
6790522 176500 84
6790677 236895 16
6796507 104679 11
6799210 180780 35
6802784 100612 21
4833706 577576 5
6813366 126764 3
3434777 109095 28
6814617 45502 15
6820879 330879 55
6820982 602274 78
6821028 218290 10
6836278 36476 91
6837325 144278 7
6839577 344565 44
6841793 157454 78
6850155 325203 47
6854562 83931 54
6862558 99583 37
6864913 189085 78
6866831 44907 88
6868629 359418 93
6877195 93143 40
6895496 330650 3
6903969 19415 40
6907794 136229 29
6911924 94380 94
6924983 51360 1
6930476 270892 77
6937486 98440 44
6939296 80045 76
3226197 126730 32
6956941 49453 38
6960278 121059 42
6965298 203358 58
2211423 443337 100
6973513 142862 30
6998701 48506 97
2604473 101897 28
6999865 62372 81
7000039 113053 32
3237954 117470 34
7014206 38479 2
3978259 351435 45
7032058 54827 31
3422179 340925 6
7035096 506914 9
7036904 193264 100
7041373 63433 96
2707025 36140 26
7047027 56033 63
7053523 95948 8
776206 157139 85
7068962 325281 7
4168275 109597 22
7081124 68199 61
3073277 199398 38
1788450 170776 27
7098188 219984 95
7109541 381839 98
6608510 397001 5
7113431 99582 24
7120678 84325 97
7122217 343183 36
7132655 56308 39
7132852 319683 45
7134592 676001 62
7141035 42219 67
7141276 50517 99
7143764 337267 85
7144974 109599 51
7145852 34683 10
7148079 127229 84
7151065 607514 4
7151235 99901 38
7159550 344566 37
7162033 250003 5
7165683 325244 86
7169116 58040 27
1831562 312624 8
2745970 134124 96
3179167 76810 44
7177780 33227 58
7179612 51999 9
7184798 139708 51
1452677 152377 86
7191881 488862 81
7195084 330818 13
7195534 110236 19
7199286 308663 70
7199618 47642 84
7207088 5748 11
7210080 865878 100
696642 94105 43
3058979 105473 52
5376386 57066 92
7218642 345202 38
3198560 124131 35
7224947 328780 29
7226654 327088 84
7227202 54948 68
3840654 324498 91
5376387 95155 76
7230457 65893 92
7234070 196376 46
7240110 78774 48
3075534 338948 31
7240154 120808 54
7240188 86013 4
7240218 325609 46
7240681 48345 36
7240982 660797 100
3319657 95716 67
7036062 242203 30
7245190 142914 21
7249883 110313 91
2328198 99642 37
7269546 104404 52
7269989 139148 45
7274178 41917 71
7277129 323327 36
7277826 333406 90
7281361 269785 51
5383967 22247 12
7285165 76693 70
7291847 537634 26
7299354 232110 38
7303630 53242 65
7314726 660211 28
7317022 461308 88
7317272 299987 66
7322026 65974 25
7332189 500717 65
7338916 50642 44
7339147 101380 99
7353730 154224 52
7358260 622839 44
4440727 201484 20
7369178 138391 18
7374061 141377 19
7374124 22245 10
7378009 191090 62
2383353 361305 18
7379273 35464 61
7382250 93434 46
7384834 216074 49
7386036 43950 50
7386985 136004 68
7389534 95098 97
7390458 97847 31
7391504 189310 60
7392072 111506 22
7393345 336222 84
7396060 336755 9
7396329 110915 87
7397009 137823 77
3523975 95103 13
7402610 64126 29
7407386 302126 82
7412388 268828 98
6997415 413231 25
7423011 62332 15
7426403 54186 97
7426772 56835 71
7427612 19586 39
7438893 193217 26
7443005 85001 38
7443600 202407 66
7453818 5466 92
7453907 44178 59
7461838 92718 29
7463270 333822 10
7468008 131191 28
4562401 105860 26
7473554 231641 31
7473578 68554 85
7478003 101650 20
3186821 42805 29
5846712 17051 95
7486420 99638 32
7486439 343397 64
7488696 222998 97
7499909 19011 77
7499925 201295 51
7501228 150039 20
7501367 387077 89
7506167 58260 19
7504778 36767 66
7515062 86649 44
2604474 297209 96
7515977 65703 9
1788451 83928 41
7525791 312861 63
7512963 392146 84
7535544 99520 17
7535561 289323 41
7540227 2731 81
7540366 99992 42
7540938 284181 45
7541429 700276 3
1619960 104822 90
7561722 110130 94
7584610 517901 36
7585580 152252 32
7595514 607224 87
7598438 77552 39
7600298 345851 51
7601065 119009 37
7606459 72377 7
5096239 893059 22
7631265 43403 14
7655232 295146 90
5211014 867410 82
7673823 218797 98
7674680 52400 9
7677361 698348 61
4118601 1005203 18
7686105 177127 12
7689657 355881 100
7708641 37362 78
7721599 216884 19
7721998 77739 2
7725507 312772 2
7727492 512556 32
7730903 337567 9
7733636 227465 41
7742357 219109 11
6067793 55339 38
7745638 219479 55
7751216 119438 38
5806385 332712 62
7763238 266066 74
7764962 179738 26
7765394 525080 8
7767135 237895 61
5077082 101549 84
2868495 62428 11
7776424 43408 98
7777593 43216 26
7778044 101384 76
7781073 657922 77
3198562 117096 72
7785040 207413 47
7786436 213367 100
7791206 233078 97
7794045 342244 52
7794292 57570 89
7795764 126396 99
7795793 156940 18
7796261 657922 25
7797990 528987 1
7798862 17290 88
7803814 99780 29
7815717 104320 25
7816976 66403 77
7828057 539310 75
7832305 131781 95
7834410 141257 17
7853710 94441 45
7854238 336869 84
7855053 524081 63
7867146 98662 54
7868286 402706 89
7880181 218065 85
7887808 142296 30
7892353 51277 20
7893123 215891 22
3113826 95192 23
7913794 416660 68
7920116 99703 68
5096164 56882 49
7946531 135883 88
4073726 110314 12
7963592 54314 92
7969695 37053 82
7975685 102299 79
7976355 288535 51
2723138 241436 80
7984153 93664 83
7985400 82054 98
7988896 80893 11
8004779 22824 58
8011902 214371 48
8013170 91018 11
8017149 193974 34
8017215 98041 66
8017253 44232 51
8020656 142724 45
8025951 121135 90
8030991 51424 66
8044484 296099 94
8044892 52666 8
8045856 37051 76
8051737 40038 21
2149649 107608 26
8057865 225805 31
8059922 37782 27
8059929 97849 22
8064370 633384 34
6033884 39645 63
8076322 403728 55
8086319 130413 1
8093631 328872 64
8093943 281607 48
8116873 312775 26
8117007 99325 65
8120043 394805 13
8122426 5457 14
8126213 460478 1
8126625 191088 40
8131600 344676 59
8135667 470029 59
3198563 62880 43
8140370 179588 54
8142891 119440 95
8144195 211750 78
8146997 221631 11
8147606 72776 41
8148377 97968 63
8159516 45764 51
8162997 53189 74
8163471 333747 69
8166915 51523 25
8175090 38064 34
5036812 603787 20
1711343 75956 55
8178249 1305231 89
8180608 110041 100
8189576 214201 7
671827 691498 80
8211889 428797 88
8213991 75157 26
8215495 70133 39
8217709 104746 88
8228692 37409 40
3565448 841674 58
8237555 36005 55
8239248 347343 18
8240535 99774 88
8249505 135432 24
8249769 5462 19
8264730 51905 51
8265203 328979 42
8265289 56113 18
8265565 42322 55
8266204 213166 24
8268723 20035 57
8271105 129480 19
8277004 228617 45
8284389 51519 62
8302525 39812 17
8304292 340407 22
8324133 248487 15
8329935 63824 21
8347571 54660 99
8348058 498756 95
8353771 213168 46
8354035 362061 23
8354058 88039 82
8359487 248621 28
8362835 157928 11
8367399 52444 61
8367855 35682 62
3233938 74931 79
8425691 276008 6
8437509 97203 75
8442910 165133 69
5877873 288721 60
8456747 188217 98
8462119 17197 23
8463304 417049 74
8463799 395464 62
8465610 43324 90
7486441 290915 43
8468193 332062 93
8472679 424319 96
8478426 227326 81
8485516 828847 99
8493304 60455 45
8495806 235251 8
8497497 54483 41
8501097 35289 60
8505189 54271 59
8518591 78042 51
8527436 95844 33
8537536 109873 28
8539366 449796 51
8557581 308655 57
8561313 104678 89
8570792 121508 79
8577623 1314486 10
8579441 333748 44
6394123 423315 35
6135135 552679 100
8608043 344610 16
8631387 275721 26
8638900 12037 40
8646125 83126 41
8655634 79168 30
8665199 52187 30
8677501 70843 62
8694446 85355 58
2572930 148382 79
8707569 224122 74
8722509 135379 40
8743309 325408 21
8756793 172188 86
8757818 18047 72
8769912 38525 26
8777003 126216 45
8784547 23130 70
5958870 34680 92
8827512 126761 60
8830145 96826 97
2358631 48890 54
8835582 507833 93
5087588 96243 12
8854742 388993 56
8858998 361646 69
8859236 323633 45
8932880 243780 88
8933061 251545 39
8968155 22485 12
9011236 330444 58
9022859 430834 19
9090211 97127 95
9112893 187524 99
6989672 1073671 34
9355658 5393 30
2431274 52283 61
9371323 217719 16
7678045 344716 84
9543344 70879 45
9821150 47366 100
9849554 47118 35
5954606 388788 95
9967234 46359 59
9995560 207727 94
10007679 855621 27
10433238 118269 24
10747610 220544 86
10775462 366605 58
10808633 100865 29
10903154 80182 14
10917810 248043 20
11212853 128212 89
1092706 736958 61
11242108 218186 98
11392270 322613 77
11614354 109361 51
11745317 216891 88
3234102 62373 64
11773938 246686 89
11867006 348874 83
11972616 95947 56
12016693 15333 30
12032694 507859 9
12034801 97305 87
12034826 202358 73
12035547 51430 24
12147928 499902 11
12187691 48180 50
12194539 238002 96
12260748 110659 54
12322863 100356 51
12343055 70121 99
12356667 218795 46
12392037 186204 26
12450440 687060 53
8472123 310851 49
12459187 213723 51
12639557 224261 11
12663140 335394 93
12932497 51717 16
13181529 1630 32
14100893 99522 10
14206058 464494 91
14325047 181901 61
14340154 1042785 71
14348559 354664 3
14371283 56740 49
14372501 200961 95
8431323 859512 13
14380169 162832 72
14395273 652252 50
14399212 194014 55
14467492 170047 92
3108764 325279 84
14499819 89007 92
14561304 284693 46
14591594 430714 9
14617365 322839 30
14633258 276691 42
14683565 51909 83
14691487 190196 59
14714250 201816 5
14742700 104947 90
14745520 99840 33
15265047 342010 40
15265550 149326 5
15265558 248617 39
15265672 218418 88
15265706 296411 78
15265709 53973 55
15265712 97604 85
15265724 219932 97
15265780 654 57
15265797 78187 61
15265838 307149 67
15265862 260843 81
15265927 100354 66
15265935 54016 6
15265960 284728 17
15265963 15959 20
15266010 318824 96
15266026 85430 62
15266032 179329 59
15266052 67229 62
15266179 104229 6
15266293 97406 5
15266307 181904 33
15266310 1489902 96
15266347 76283 65
15266383 243663 77
15266402 519657 30
15266438 323991 45
15266444 88062 77
15266464 324931 8
15266540 90390 90
15266622 54826 58
15266640 53235 30
15266698 208330 30
15266712 54014 35
15266791 326800 60
15266797 51522 38
15266814 50954 21
15266821 121324 40
15266824 99519 99
15266827 171917 70
15266871 339675 51
15266935 313069 45
15266944 324840 7
15266947 1625 47
15266968 98713 82
15266995 418104 28
15267001 893149 29
15267034 51775 81
15267082 95717 4
15267109 83296 29
15267160 365696 14
15267163 342138 53
15267169 162539 8
15267176 98759 37
15267208 238001 22
15267252 36218 78
15267268 321766 27
15267274 186118 80
15267289 249930 43
15267372 100177 69
15267389 1621 68
15267392 72676 25
15267456 155437 18
15267475 46497 85
15267488 53190 83
15267491 54560 57
15267509 365151 18
15267622 157102 23
15267633 121809 53
15267672 75652 97
15267751 190414 14
15267793 57951 42
15267880 50958 20
15267903 407821 62
15267930 221648 55
15267933 123298 82
15267939 1038324 100
15267950 346816 35
15268006 109290 96
15268009 51067 3
15268026 252045 23
15268046 326973 36
15268049 116945 45
15268052 1311632 87
15268068 202586 89
15268095 568564 92
15268222 49225 80
15268239 344998 76
15268358 72602 91
15268383 231113 26
15268405 36474 51
14349688 19408 82
15268479 204475 34
15268487 51910 35
15268492 360804 12
15268495 100776 92
15268539 50846 3
15268553 218185 87
15268563 94517 63
15268649 95154 40
15268666 233492 98
15268686 178581 49
15268692 215091 22
15268746 642640 48
15268749 123299 55
15268772 150832 37
15268808 112307 82
15268867 104318 57
15268870 259815 89
15268890 248635 41
15268893 371696 9
15268976 82235 25
15269053 353551 80
15269134 224632 46
15269223 6067 60
15269257 5465 92
15269303 336721 16
15269335 394570 98
15269408 50389 83
15269535 17050 10
15269545 17961 95
15269618 445147 34
15269710 72775 75
15269767 105278 6
15269776 212417 53
15269792 291989 88
15269795 157312 17
15269858 17879 28
15269888 52443 70
15269894 94379 18
15269920 98894 70
15269923 862062 96
15269963 199288 46
15270178 50388 1
15270188 889128 13
15270194 144277 2
15270221 196363 74
15270230 658704 46
15270257 174404 52
15270260 187404 49
15270313 346920 83
15270348 308672 15
15270354 194339 44
15270357 329680 89
15270415 226967 58
15270418 92190 90
15270429 543282 33
15270504 1407 49
15270515 51996 27
15270525 192828 15
15270546 37361 82
15270583 93546 19
15270589 1631 62
15270624 51431 69
15270627 150268 89
15270638 193101 20
15270659 17883 23
15270736 124625 76
15270751 218110 22
15270793 121432 34
15270886 95893 70
15270968 339342 31
15270977 401242 55
15271008 441056 75
15271020 54018 82
15271079 100561 81
15271093 90718 42
15271168 249895 62
15271229 141402 74
15271232 121189 24
15271293 36067 9
15271373 238362 53
15271459 282560 67
15271698 324083 85
15271705 98038 4
15271794 23655 22
15271809 36479 2
15271820 9725 21
15271827 100906 30
15271947 186701 70
15272000 17967 9
15272047 98992 79
15272088 176652 28
15272091 267323 14
15272133 252442 93
15272138 35770 84
15272175 342009 52
15272222 151366 53
15272239 736761 61
15272242 152826 68
15272270 263435 2
15272395 53430 72
15272429 133348 65
15272458 72380 71
15272557 52840 1
15272563 201856 15
15272585 95895 48
15272596 41541 55
15272620 192467 46
15272644 5574 84
15272647 987693 74
15272658 148971 27
15272677 100679 52
15272680 52722 16
15272710 93717 86
15272733 507794 20
15272740 247642 40
15272751 120406 14
15272754 361167 60
15272762 755999 99
15272769 639957 38
15272814 8483 76
15272986 76850 21
15273123 1623 85
15273176 662349 6
15273193 142606 43
15273399 146805 21
15273415 22249 61
15273483 218115 23
15273489 226593 18
15273547 339405 71
15273591 654165 11
15273594 330019 97
15273683 112009 94
15273696 579095 94
15273723 52916 70
15273726 39567 73
15273785 23007 51
15273800 12655 12
15273808 315877 61
15273814 14342 80
15273820 341133 1
15273965 222322 45
15273981 338369 71
15273996 452492 76
15274010 827715 75
15274059 235554 51
15274086 340477 65
15274155 283933 27
15274192 53048 52
15274195 224060 59
15274335 364998 22
15274368 52287 28
15274392 109872 51
15274473 161358 86
15274544 336503 65
15274553 54973 65
15274568 341664 26
15274633 79283 23
15274656 47126 49
15274675 95375 3
15274684 46169 33
15274745 95477 14
15274859 17880 39
15274865 961052 89
15274929 342240 14
15274932 327305 12
15274940 103466 14
15275012 94643 1
15275023 47365 8
15275057 149406 98
15275069 110789 98
15275072 50520 21
15275103 420073 64
15275106 126905 67
15275117 233355 1
15275203 53373 4
15275229 53245 86
15275239 684482 24
15275263 87060 15
15275289 248910 73
15275321 120910 31
15275347 21167 21
15275400 173571 53
15275431 21168 51
15275444 803747 19
15275447 87215 2
15275458 2052 95
15275466 39344 69
15275497 109296 33
15275634 58192 41
15275648 94102 96
15275720 94748 75
15275758 94891 23
15275817 121061 34
15275895 21893 75
15275951 606239 90
15276082 15542 9
15276156 44231 99
15276185 511952 8
15276209 5460 35
15276453 141995 53
15276513 41918 64
15276531 218114 49
15276560 60164 93
15276635 41515 52
15276699 101381 53
15276702 339199 47
15276734 147358 76
15276746 138693 39
15276859 112008 69
15276867 261454 61
15276940 308695 24
15277081 64154 80
15277091 285621 95
15277218 91515 67
15277310 51830 10
15277340 51275 57
15277350 328834 32
15277475 213505 13
15277526 111157 20
15277747 592007 58
15277750 440773 57
15277758 56375 28
15278063 345149 26
15278166 311447 40
15278293 41921 84
15278318 276154 28
15278382 677538 79
15278512 218887 3
15278534 221493 70
15278721 538729 4
15278737 385926 40
15278803 55626 17
15278925 58968 11
15279127 674552 70
15279171 362064 56
15279208 320962 13
15279372 207674 33
15279454 222336 95
15279461 53047 13
15279544 489772 10
15279552 316453 4
15279555 349661 26
15279678 1404 90
15279714 217288 59
15279751 322787 1
15279864 222733 6
15279878 99398 13
15279955 146221 34
15280046 390686 11
15280046 95476 28
15280168 307798 56
15280185 207675 17
15280237 50519 96
15280297 1488841 65
15280345 43404 22
15280348 54865 45
15280371 1516 49
15280377 290916 25
15280427 140187 28
15280514 203404 33
15280523 100733 20
15280590 92648 84
15280593 100677 47
15280599 225522 70
15280602 54559 88
15280610 44159 63
15280638 198874 21
15280646 336722 58
15280716 38019 72
15280719 149960 48
15280736 93168 44
15280750 62962 84
15280777 226406 10
15280803 51716 91
15280809 41132 98
15280821 553440 51
15280832 462447 68
15280858 314344 96
15280923 336159 70
15280929 96710 94
15280932 611880 65
15281031 46272 80
15281036 281986 61
15281063 72376 63
15281140 36679 20
15281164 224633 74
15281219 209912 70
15281283 116952 36
15281338 192373 50
15281397 40984 95
15281422 832 14
15281425 51594 78
15281432 235921 91
15281452 471927 89
15281455 137994 16
15281488 133581 54
15281532 339734 69
15281551 204497 37
15281554 500045 24
15281612 53079 29
15281615 22602 88
15281618 99244 37
15281621 170879 48
15281650 90010 7
15281656 201934 38
4988558 5598 58
15281756 126148 14
15281766 43409 41
15281795 84855 47
15281818 218436 43
15281824 43834 59
15281833 16182 4
15281904 200308 61
15281910 214574 46
15281916 177027 90
15281964 217838 54
15282019 101893 100
15282056 323778 27
15282074 142164 1
15282090 413949 62
15282194 358953 77
15282240 112148 83
15282262 197487 12
15282273 85493 4
15282307 366606 18
15282331 218719 25
15282405 40952 52
15282496 4412 24
15282514 168670 27
15282545 104402 8
15282551 153227 5
15282567 373264 51
15282606 2856 9
15282680 138264 28
15282683 50035 51
15282686 90336 64
15282698 151020 28
15282713 109248 48
15282730 177174 87
15282750 200060 76
15282767 293979 43
15282777 381562 51
15282865 325747 45
15282989 362166 47
15283053 549880 75
15283072 248730 88
15283090 94295 5
15283109 408278 52
15283202 121586 36
15283273 50508 16
15283495 293393 83
15283498 84327 97
15283524 95426 63
15283597 140189 53
15283600 389771 99
15283607 95248 65
15283710 103059 19
15283713 35963 31
15283828 93545 73
15283924 52923 84
15283927 219935 42
15283939 209388 59
15283957 55177 100
15283982 1411 47
15284044 363403 18
15284047 103631 73
15284053 90055 88
15284053 302501 100
15284315 292923 99
15284391 169267 35
15284409 64945 62
15284452 225052 47
15284515 96823 17
15284582 94513 73
15284622 40898 93
15284630 460251 97
15284633 72968 44
15284650 37581 32
15284653 21879 18
15284706 219478 78
15284741 267196 43
15284837 187665 79
15284851 158339 40
15284963 961614 45
15285060 180832 20
15285251 443467 72
533000 330627 49
15285335 42323 17
15285351 46167 64
15285379 164839 69
15285420 98597 38
15285451 53974 37
15285550 35962 53
15285553 76396 84
15285590 219894 68
15285642 168953 62
15285698 98895 84
15285755 101600 86
15285825 200309 35
15285862 36589 19
15285865 17878 12
15285949 128023 83
15285970 131449 85
15286012 40953 46
15286021 215784 24
15286024 50033 71
15286027 20887 63
15286126 60295 7
15286190 314744 62
15286244 173901 47
15286259 288413 30
15286313 350628 15
15286316 97967 73
15286344 52838 80
15286418 62878 18
15286428 222476 55
15286462 219628 51
15287794 101887 98
15288102 41906 47
15288469 109822 17
15288794 226888 40
15288900 181422 64
15288903 141977 64
15288943 259952 13
15288961 335602 56
15289013 146125 33
15289028 177083 71
15289043 316575 25
15289070 51648 93
15289073 102223 39
15289118 129066 62
15289155 28898 84
15289158 154403 8
15289169 51069 85
15289185 49226 72
15289193 213164 52
15289217 296843 63
15289220 744938 63
15289223 35775 49
15289291 104743 92
15291192 56469 49
15291304 62851 15
15291386 35463 45
15291942 52189 2
15292174 52190 53
15292457 50953 46
15292823 110840 36
15293528 227537 9
15293638 99707 81
15293953 76676 91
15294036 93116 7
15294083 320856 78
15294314 265798 2
15294352 352627 88
15294548 462428 29
15294662 53775 11
15295218 612425 71
15295599 530058 19
15295893 109522 58
15295901 119697 58
15295975 53603 86
15296088 239805 69
15296125 217287 23
15296155 154332 6
15296678 221303 74
15296727 318508 49
15296795 115157 68
15296882 216360 16
15296945 106431 25
15296965 384486 5
15297013 243994 42
15297435 616661 27
15297562 141979 9
15297932 79015 74
15297948 349478 60
15298085 305250 12
15298104 336073 56
15298117 305515 15
15298207 19419 100
15298292 112011 51
15300920 43893 18
15301140 46681 73
15301880 328942 75
15301883 21888 80
15302435 215666 19
15302511 637624 38
15302632 194015 51
15302792 321018 96
15302860 330373 86
15303632 51520 67
15303819 350157 52
15303824 48887 59
15304159 77299 76
15304298 144988 45
15304366 173213 49
15304375 112083 100
15305531 51072 65
15306150 108414 31
15307723 51078 15
15307733 36765 48
15307825 276324 34
15309041 112305 22
15309263 392706 35
15310334 325610 27
15310425 233431 100
15310439 340669 8
15311000 476784 88
15311106 54017 74
15311491 97775 52
15311624 714483 71
15311690 134123 77
15311838 820593 59
15312390 35869 73
15313097 98091 78
15313290 78274 79
15313361 116944 12
15313555 284144 33
15313627 71955 21
15313655 51994 53
15313778 307295 38
15313864 299760 52
15314478 5455 98
15314613 211889 4
15314646 99117 16
15314682 108201 53
15315307 106407 62
15315328 141926 64
15315347 1032757 98
15315363 220722 86
15315381 305554 100
15315393 17882 44
15315415 100560 39
15315438 246283 5
15315460 67201 65
15315677 93490 80
15315705 484370 56
15315710 124601 96
15315713 671093 30
15315719 41910 10
15315722 77957 22
15315727 5161 30
15315925 73593 14
15316506 310730 84
15316539 355110 52
15316648 140106 5
15316658 507776 100
15316678 456341 55
15316833 316509 12
15316900 108436 47
15317320 279083 83
15317921 216474 74
15317932 117555 67
15317977 235254 95
15318137 253506 7
15318421 612421 80
15319752 96767 42
15319770 221741 71
15319890 99038 27
15320723 612424 44
15320810 257215 67
15322011 46217 58
15322015 218113 55
15322135 317786 69
15322282 648351 15
15322324 126765 32
15322350 201912 90
15322353 37923 79
15322392 333037 57
15322408 65892 26
15322681 324240 25
15322849 238233 46
15323103 195505 71
15323106 790120 75
15323332 513057 78
15323399 98437 48
15323620 1409 21
15323648 129322 70
15323671 5468 19
15323674 120746 21
15323682 274126 49
15323709 117648 81
15323714 43218 81
15323719 326289 21
15323866 54104 15
15323874 409740 15
15324086 52284 1
15324246 391910 87
15324327 1406 67
15324396 103864 99
15324411 322840 69
15324455 104224 84
15324501 50393 7
15324756 94516 86
15324761 42613 22
15324822 21574 23
15324887 67339 65
15324915 120860 21
15324984 98796 54
15325033 114870 84
15325036 38891 88
15325205 124602 38
15325324 72284 27
15325364 328943 42
15325465 142424 59
15325611 280821 29
15325784 56377 89
15325795 59525 55
15325813 423710 80
15325892 96482 14
15325962 97671 56
15326111 383367 84
15326114 220312 27
15326159 95423 7
15326162 218351 96
15326178 109421 57
15326181 109556 14
15326312 131049 100
15326536 142031 63
15326591 391402 35
15326610 687554 7
15327092 94588 90
15327296 130089 76
15327299 249617 4
15327364 97670 87
15327475 68705 61
15327487 219825 19
15327533 102919 58
15327659 36178 92
15327789 297208 44
15327972 349982 100
15328002 249707 66
15328168 137390 2
15328171 237960 69
15328590 225049 68
15328636 144080 24
15328639 326270 31
15328692 334392 51
15328891 229972 73
15328915 236759 35
15328933 22469 66
15329048 100173 18
15329196 98444 98
15329223 122363 39
15329351 881533 81
15329354 324801 32
15329382 320186 26
15329459 321609 36
15329463 229318 19
15329533 110315 87
15329544 92465 79
15329547 248601 81
15329612 331403 96
15329615 346667 16
15329677 53112 43
15329696 597428 39
15329793 172689 92
15329824 237605 33
15329897 376075 14
15330213 86015 77
15330216 122484 17
15330292 109557 6
15330392 669493 54
15330417 345527 55
15330492 308723 35
15330534 100174 97
15330578 337485 92
15330634 330445 69
15330685 93320 86
15330691 235886 34
15330750 93376 84
15330787 251763 55
15330833 191879 71
15330983 65259 42
15331127 50960 73
15331225 119640 64
15331235 9289 45
15331308 92649 62
15331373 392813 27
15331477 337888 59
15331489 100775 43
15331504 121381 75
15331808 100905 80
15331843 142624 84
15331884 393563 87
15331887 54269 22
15331893 63648 72
15331896 621179 84
15331938 151190 1
15331941 527714 33
15332119 234767 29
15332212 97306 31
15332325 390358 96
4988576 285750 6
15332541 528891 26
15332867 197434 27
15332916 542367 32
15332984 22248 73
15333027 161412 21
15333040 105187 92
15333043 505652 5
15333093 338572 43
15333237 132493 36
15333295 142065 86
15333352 604127 83
15333383 338528 91
15333425 723155 34
15333428 37294 45
15333439 36477 15
15333451 92198 2
15333575 104607 16
15333588 201264 33
15333621 54315 37
15333633 97378 8
15334351 33128 79
15334354 290225 33
15334550 53309 99
15334751 48996 27
15334855 201657 68
15335029 71289 51
15335032 246536 32
15335092 1046030 22
15335465 620537 40
15335721 94288 47
15336144 53044 53
15336236 144230 6
15336578 85522 57
15336588 72843 47
15336593 651 69
15336693 180836 9
15336704 127306 72
15336707 21713 29
15336836 338371 80
15337031 458448 47
15337034 343327 45
15337056 612428 17
15337147 98089 41
15337170 340762 10
15337185 214950 7
15337245 391104 83
15337390 102963 39
15337784 66524 38
15338041 108200 78
15338134 96046 64
15338718 582470 85
15339331 101649 98
15339345 340763 87
15339770 43643 31
15340280 215318 81
15340361 434445 10
15341184 342104 22
15341352 3205 41
15341355 48130 28
15341769 144456 16
15341789 489053 15
15341795 525618 37
15341944 44865 28
15341948 608579 42
15341960 2765 96
15342075 343986 95
15342357 60116 92
15342375 55627 85
15342941 180835 35
15343033 49102 23
15343148 52832 91
15343260 226290 59
15343286 192376 99
15343312 157952 59
15343388 94446 44
15343410 330745 84
15343458 362393 99
15343474 152146 21
15343644 67461 48
15343670 51077 98
15344143 393842 99
15344233 358425 31
15344325 352730 89
15344415 361465 96
15344432 316790 86
15344492 219889 17
15344777 110235 64
15344781 21101 85
15344973 5458 9
15345026 107878 64
15345115 161796 22
15345256 250169 46
15345268 100176 10
15345268 163482 57
15345779 622838 11
15345937 852853 89
15346284 36179 30
15346356 219826 39
15346575 213165 53
15347636 107619 84
15347641 343902 64
15347644 2142 86
15347739 242452 43
15347819 40040 35
15347996 215184 85
15347999 290456 85
15348015 196550 46
15348030 57093 14
15348033 117506 67
15348119 142276 68
15348169 91379 91
15348307 16633 23
15348327 343225 22
15348345 330474 85
15348418 280773 21
15348451 37190 67
15348531 265418 9
15348572 291056 3
15348654 39294 54
15348673 218119 61
15348847 52724 53
15348877 297380 66
15348880 96570 78
15348902 133512 52
15349319 41178 58
15349513 360550 82
15349663 1041575 83
15349673 337484 29
15349832 2051 15
15349835 47953 51
15349989 51429 26
15349992 43032 34
15350015 369673 23
15350028 154625 52
15350031 453904 17
15350034 308389 5
15350430 17123 99
15350476 346863 7
15350482 42883 15
15350503 219572 39
15350511 145106 6
15350553 1248774 31
15350613 49227 95
15350619 754170 73
15350625 80044 76
15350628 188743 82
15350730 14013 78
15350733 105526 45
15350736 39298 14
15350752 35265 71
15350855 221226 67
15351095 316482 32
15351420 56376 80
15351786 112766 40
15352275 466085 30
15352280 139146 19
15352284 41133 11
15352406 197711 65
15352458 92391 46
15352482 36475 74
15352530 249770 91
15352534 5794 51
15352567 264889 68
15352630 84824 4
15352681 49841 9
15352706 324238 3
15353205 6371 62
15353419 1372345 62
15353429 109743 11
15353453 213506 77
15353465 53473 20
15353532 140104 79
15353535 325865 51
15353713 221026 69
15353726 69002 66
15353734 80421 12
15353740 308519 95
15353759 364504 64
15353768 148093 20
15353773 447082 44
15353810 130283 88
15353818 5619 31
15353839 322139 26
15353842 398052 6
15353920 84411 35
15353923 461364 63
15353949 108226 80
15353952 275621 91
15353984 64173 12
15353995 349070 76
15354004 344181 21
15354007 93661 73
15354016 39293 59
15354027 111874 63
15354041 1071981 25
15354064 99330 67
15354196 233106 65
15354442 16118 32
15354464 43617 25
15354482 295527 40
15354512 103377 15
15354559 276393 69
15354659 52570 96
15354669 729910 2
15354680 54189 6
15354708 43100 26
15354713 225048 84
15354721 103861 82
15354725 17121 38
15354730 57299 59
15354774 98664 75
15354794 50088 94
15354912 171614 68
15354935 38791 19
15354999 103482 44
15355041 54866 14
15355192 172287 89
15355195 224732 88
15355208 613918 93
15355222 612418 99
15355302 220670 4
15355305 216388 23
15355351 126762 65
15355362 101598 82
15355380 109741 94
15355385 193147 65
15355391 715442 81
15355418 208721 48
15355451 361706 25
15355495 308684 45
15355513 135340 52
15355525 168419 11
15355531 190353 14
15355546 215182 8
2714866 21710 66
15355718 76284 39
15355723 16635 99
15355759 526738 47
15355772 48929 99
15355775 293444 40
15355855 252943 87
15356177 243744 15
15356623 43405 87
15356756 327613 84
15356865 117044 80
15356947 43099 12
15357050 174013 52
15357446 305811 58
15357828 118039 40
15358083 92138 16
15359679 415691 27
15360328 226736 7
15361211 251924 29
15362393 351808 32
15363230 50087 12
15363633 660888 50
15364221 308646 38
15364730 47074 42
15365477 132379 90
15365498 101602 13
15365572 177264 13
15365624 181344 57
15365642 612552 72
15365645 35462 12
15365809 664125 78
15365865 16412 88
15365904 39291 38
15365934 43323 21
15365941 38601 97
15365949 249794 31
15366015 37238 71
15366063 309694 33
15366124 112353 5
15366195 551986 23
15366198 307580 7
15366201 701563 20
15366204 109953 22
15366272 41409 55
15366304 196282 92
15366336 76395 20
15366351 571365 70
15366420 241085 58
15366668 299643 18
15367918 48930 52
15367952 729184 22
15368418 5463 27
15369170 284569 21
15370680 235856 64
15370837 189037 47
15372595 370109 47
15375420 392580 10
15434837 91462 80
15434859 217005 5
15434865 213280 51
15434926 345588 99
15435033 176541 36
15435228 229904 32
15435763 221880 57
14435148 424751 88
15438252 190572 39
15442345 314876 92
15448074 218291 54
15450257 75379 17
15450792 54527 10
15451476 46551 93
15452396 226733 79
15455279 248536 4
15469859 39295 32
15487600 220264 78
15489764 692670 77
15489800 332250 10
15492009 103242 61
15492330 368333 5
12920045 2050 19
15492702 17124 63
15492991 5828 43
15493055 217868 36
15493078 56166 94
15493090 218794 44
15493093 389158 94
15493101 105229 45
15493112 910208 99
15493304 331028 24
15494199 393094 18
15495109 118312 12
15495715 213584 7
15498063 163239 78
2891715 226591 37
15511299 105418 36
15514383 56237 29
15516304 52565 52
15518620 220313 74
15520654 99329 28
15521438 152034 59
15530121 128627 96
15535673 1142375 93
15535897 93136 76
15539538 361649 81
15544435 207244 75
15552074 160353 45
15567724 52404 99
15568694 98720 7
15573368 131166 79
15583914 795334 9
15587161 72229 55
15587453 502911 26
15587456 103863 44
15588129 51065 68
15592555 1405 7
15592808 269786 100
15601148 58039 46
15604534 930098 24
15607752 333207 11
15608297 256261 69
15609574 58289 49
15609585 1607 28
15610230 342186 98
15619236 215089 87
15635831 536794 86
15650989 1009967 82
15310195 164511 26
15664651 51187 51
4263279 303181 66
15666859 221879 9
15667215 312584 14
15667227 287247 19
15670470 222723 69
24340720 144350 70
24348456 162976 74
24351633 130349 91
24352859 120745 76
24365819 189254 48
24395348 142165 63
25415689 202406 86
5265258 43717 29
28359514 109136 14
6193805 568564 81
28741767 153344 91
28991954 82978 70
28996071 77324 5
15530168 271960 70
30314277 158181 4
30332408 216075 11
30390326 344676 21
34721107 36472 10
34780802 339004 51
34863968 340600 8
34864187 39296 32
34865002 222331 2
40107672 54618 24
40184950 5394 49
40645130 21657 91
46084573 166626 67
47889393 51647 83
49142145 222178 98
49353850 226588 64
49353851 66234 55
49353852 100050 88
49353853 87869 85
49353854 102869 80
49353855 272747 29
49353856 1183336 37
49353857 445273 57
49353858 115808 52
49353859 119839 53
49353860 256121 77
49353861 332711 75
49353862 70658 44
49353863 50514 100
49353864 130949 68
49353865 98318 56
49353866 98661 91
49353867 66290 93
49353868 322284 51
49353869 623849 74
49353870 653 99
49353871 390357 14
49353872 199936 4
49353873 45959 24
49353874 93596 73
49353875 50632 44
49353876 268636 7
49353877 222629 74
49353878 282591 45
49353879 363171 86
49353881 243827 23
49353882 324799 91
49353883 243050 32
49353884 50136 56
49353885 939562 73
49353886 736687 31
49353887 198583 38
49353888 104821 14
49353889 19585 2
49353890 48889 33
49353891 100867 20
49353892 1027367 83
49353893 276394 30
49353894 236431 25
49353895 323562 44
49353896 285250 83
49353897 109691 91
49353898 308708 30
49353899 832043 17
49353900 376225 46
49353901 364582 33
49353902 79956 8
49353903 207414 44
49353904 344217 15
49353905 5160 18
49353906 640304 46
49353907 342606 55
49353908 284244 83
49353909 72375 68
49353910 91465 51
49353911 223608 26
49353912 100133 82
49353913 180683 36
49353914 22250 67
49353915 35779 14
49353916 22782 94
49353917 219936 34
49353918 37622 94
49353919 44313 87
49353920 39297 76
49353921 43033 35
49353922 49394 60
49353923 40899 24
49353924 1402 95
49353927 223921 18
49353928 36921 62
49353929 353764 7
49353930 80423 94
49353931 41923 79
49353932 85429 19
49353933 180837 91
49353936 92099 100
49353937 150245 85
49353938 334562 8
49353939 196319 87
49353940 41925 36
49353941 22169 80
49353942 48010 77
49353943 54895 4
49353944 104232 80
49353945 1136801 27
49353946 70251 66
49353947 6243 25
