13350194 13350212 66
13364549 13364561 71
7033751 7033796 20
13367624 13367634 31
339234 929481 30
13372899 13372919 44
13392785 13392800 5
13400383 13400396 25
13401485 13401499 87
13414843 13414848 72
13414863 13414874 15
13416416 13416422 41
13435431 13435436 4
13440176 13440191 22
13477473 13477492 57
13477710 13477721 49
13478167 13478177 56
13498653 13498663 56
4130089 4270385 37
13506499 13506513 53
13506611 13506628 68
13516333 13516355 97
14721182 14721194 5
15154180 15154188 31
15181319 15181328 17
15250355 15250361 59
15251495 15251504 10
15253764 15253774 25
15258377 15258384 61
15260092 15260100 99
15263856 15263866 46
15560316 15560328 85
15560822 15560841 3
15562897 15562910 91
7459434 7459457 94
22004600 22004606 4
28782262 28782271 14
28782304 28782306 3
28782369 28782379 5
28782416 28782418 43
28782424 28782425 26
28782490 28782502 22
28782535 28782544 94
28782593 28782603 25
28791000 28791003 76
28794182 28794185 2
28794267 28794270 64
28801388 28801393 3
6354985 6355009 68
28801498 28801502 77
28802235 28802239 39
28804762 28804767 11
28804791 28804803 49
28806940 28806945 2
28806955 28806962 72
28807017 28807026 86
28813131 28813134 53
28813204 28813216 73
28813310 28813319 33
28817254 28817263 4
28822906 28822916 72
28823940 28823951 10
28828102 28828108 96
28828115 28828117 86
28828146 28828148 46
28828228 28828229 26
28828318 28828320 92
28828325 28828327 70
28828335 28828336 54
28828342 28828345 16
28830603 28830605 7
28840528 28840531 35
28840811 28840814 27
28840832 28840835 44
28841016 28841021 17
28841052 28841057 88
28841062 28841066 63
28841070 28841078 22
28846705 28846708 88
28849627 28849634 65
28852989 28852998 78
28853508 28853511 86
28854688 28854695 38
28856069 28856074 13
28856185 28856191 94
28856194 28856207 20
28857607 28857614 41
28857625 28857629 16
517862 1217905 28
28866010 28866017 44
28871664 28871668 51
28871699 28871702 18
28883557 28883565 12
28892172 28892191 28
28893320 28893323 78
28895368 28895374 54
28902025 28902035 60
28902408 28902415 96
28902417 28902420 4
13193917 13193929 69
28915286 28915292 14
28915777 28915784 24
28921053 28921063 6
28923890 28923893 57
28923966 28923971 1
28925801 28925808 78
28931395 28931399 34
28931944 28931947 59
28934492 28934516 15
28935868 28935878 70
28936278 28936281 56
28936503 28936510 86
25404870 25404895 94
28950237 28950244 29
28956619 28956622 22
28957359 28957367 23
28972018 28972023 21
28980429 28980435 99
28980879 28980885 37
28980888 28980893 95
28987406 28987411 41
28987415 28987422 40
28990377 28990380 94
28990395 28990404 66
30488778 30488786 97
30488828 30488833 5
30489226 30489233 94
30489946 30489953 37
30490033 30490046 9
339258 929504 55
30493053 30493057 3
31000670 31000672 97
31001684 31001686 60
31006022 31006025 46
31942542 31942549 34
31947235 31947241 18
31947861 31947870 11
31957666 31957675 8
31958108 31958116 78
31958592 31958598 48
31958648 31958658 9
7953710 7953733 98
31959827 31959833 57
31960004 31960010 59
31960017 31960022 10
31960024 31960030 49
31959552 31959570 73
31960048 31960053 82
31960054 31960059 16
31107945 31107951 37
13095804 13095827 97
31960908 31960917 97
31962051 31962056 10
31964332 31964338 55
31965323 31965332 96
31965460 31965466 3
31965951 31965960 100
10544303 10544321 10
31966172 31966182 35
31966183 31966190 17
31966191 31966197 23
31966205 31966211 35
31966213 31966220 77
31966249 31966257 14
31966774 31966780 28
31966885 31966890 59
31967130 31967137 51
31967199 31967205 60
31967562 31967569 74
31967889 31967898 65
31968082 31968088 50
31968139 31968144 28
31968250 31968257 90
31968364 31968371 62
31969268 31969274 72
31969482 31969488 54
31969586 31969593 44
31969924 31969931 78
31970007 31970015 35
31970009 31970023 66
31970491 31970497 51
31971032 31971039 87
31971077 31971085 61
28770123 28770132 19
31971210 31971219 88
31971592 31971601 83
31971725 31971731 10
29712008 29712020 72
31971818 31971826 78
31972465 31972470 73
31972878 31972885 29
31973842 31973850 10
31974443 31974451 2
31974470 31974476 15
31974573 31974579 91
31974647 31974652 82
31974761 31974766 60
31974780 31974785 52
31974851 31974857 48
31975513 31975520 48
31975604 31975610 68
31975637 31975645 31
31975647 31975654 2
31975976 31975982 37
31976220 31976225 66
31976310 31976315 3
31976421 31976427 63
31976579 31976586 20
31977074 31977080 56
31977235 31977243 42
31977356 31977361 25
31977489 31977497 16
31977611 31977619 38
31978221 31978228 80
31978668 31978674 16
31979096 31979102 93
31979173 31979178 13
31979208 31979217 66
31979617 31979625 82
31980544 31980550 43
31980653 31980657 13
31980676 31980683 35
31980976 31980981 68
31981656 31981661 63
31982014 31982020 16
31982202 31982208 63
31982387 31982393 19
31982484 31982489 7
31983038 31983043 13
31983921 31983926 36
31984600 31984606 52
31985100 31985107 72
31986206 31986212 51
31986402 31986410 81
31986809 31986816 21
31987165 31987174 6
31987638 31987646 19
31987751 31987757 59
31988082 31988087 35
31988192 31988198 48
31988244 31988250 91
14762509 14762604 71
31988849 31988855 14
31989780 31989785 68
31991772 31991778 73
31996588 31996595 31
31996724 31996731 74
32000970 32000976 82
32005352 32005360 40
32005832 32005835 71
32009110 32009120 17
32010112 32010117 46
32010617 32010627 85
32011625 32011632 29
32020046 32020052 95
32023185 32023191 67
32024585 32024591 70
32028041 32028047 99
32028465 32028471 82
32028938 32028943 68
32032240 32032246 100
32035932 32035937 44
32040595 32040602 80
6647672 6647747 45
32047338 32047344 4
32047346 32047351 30
32047381 32047389 7
32052205 32052211 7
8768338 8768392 65
32055313 32055319 80
32059902 32059906 59
32063744 32063749 73
32065996 32066001 59
32079044 32079050 100
32079579 32079583 95
32083463 32083468 69
32089900 32089905 33
32090985 32090992 2
32092000 32092004 56
32092005 32092010 27
32092402 32092405 26
32092427 32092434 56
32092569 32092577 12
32092736 32092742 60
32095431 32095439 81
32098953 32098958 2
32099414 32099417 73
32099558 32099564 76
32099739 32099742 53
32100545 32100554 68
32100917 32100926 48
32106690 32106695 63
32107351 32107356 57
32111673 32111677 56
31969489 31969500 89
32116905 32116912 6
32117813 32117826 21
32118326 32118333 68
13095773 13095798 65
32123019 32123025 96
32123160 32123170 95
32123186 32123191 100
32125776 32125781 72
32126980 32126988 87
32127548 32127554 60
32127854 32127860 80
32130037 32130042 85
31986404 31986419 51
32132588 32132594 11
32132986 32132991 66
32136032 32136040 87
32136052 32136056 20
32136903 32136907 42
32137720 32137725 72
32137731 32137737 61
32138893 32138900 65
32139373 32139380 25
32140549 32140555 10
32140850 32140856 95
32092719 32092723 99
32144175 32144180 17
32145563 32145568 96
32147011 32147014 67
32153822 32153832 17
32154445 32154450 92
32155276 32155288 67
32155674 32155681 94
32158487 32158492 40
32161354 32161360 64
32162155 32162161 49
32162426 32162429 37
32162430 32162435 44
32162430 32162436 9
32162810 32162815 93
32163765 32163769 84
32164013 32164018 89
32166471 32166476 35
32168468 32168476 96
32170370 32170377 65
32173550 32173554 2
32174168 32174178 6
32174607 32174615 35
32175258 32175262 99
29712062 29712079 8
32184955 32184961 56
32187936 32187939 84
32190406 32190411 9
32194373 32194378 81
32195258 32195262 29
32196263 32196269 60
32196623 32196629 98
32199964 32199971 56
32200484 32200491 3
32200566 32200571 34
32201760 32201765 91
32201887 32201890 82
32201891 32201894 99
32202158 32202163 65
32203350 32203360 27
32206368 32206372 36
32206936 32206942 47
32210625 32210631 50
32210681 32210689 82
32210796 32210801 24
32561054 32561056 50
32561977 32561981 95
32562138 32562141 93
32563049 32563057 1
32563339 32563344 23
32566227 32566231 46
32566239 32566241 64
32566242 32566245 41
32566434 32566436 48
32569795 32569800 37
32570481 32570486 18
32571778 32571780 95
32577596 32577600 41
32577968 32577971 54
32578614 32578618 73
32579464 32579467 52
32579704 32579707 23
32579800 32579803 40
32579807 32579811 59
32579830 32579833 49
32579835 32579840 15
32579849 32579855 34
32580147 32580150 76
32580912 32580917 94
32581479 32581483 66
32582057 32582063 17
32582596 32582600 49
32583167 32583171 67
32583622 32583625 44
32583709 32583714 16
32583799 32583804 2
32586107 32586110 73
32586107 32586111 88
32591405 32591409 39
32592748 32592755 14
32593007 32593017 52
32593695 32593698 5
32594280 32594283 60
32594817 32594819 35
32596992 32596995 15
32597018 32597024 20
32597389 32597393 88
32598565 32598568 1
32598571 32598574 38
32598575 32598578 3
32598589 32598592 27
32599143 32599149 49
32600541 32600547 10
32600562 32600565 29
32602023 32602026 86
32602027 32602031 15
32602209 32602213 39
8768339 8768401 10
32603948 32603952 80
32605362 32605370 33
32606647 32606652 12
32606987 32606990 40
31969484 31969492 35
31969484 31969493 27
32608709 32608714 64
32609151 32609156 42
32609665 32609668 8
32610171 32610177 53
33647537 33647540 45
33647566 33647570 80
33647716 33647720 24
33648836 33648839 15
33650629 33650634 48
33651397 33651401 51
33681508 33681511 15
32065998 32066004 94
33682240 33682243 75
33682320 33682324 59
33682325 33682327 17
33682405 33682409 39
33682410 33682413 50
33682447 33682450 19
33682451 33682453 65
33682522 33682526 35
33682529 33682532 99
33682538 33682540 87
33682580 33682584 21
33684252 33684255 73
33684287 33684292 7
33684307 33684312 48
33684776 33684781 74
33685276 33685280 88
33685298 33685302 52
33685303 33685306 6
33685370 33685373 27
33685374 33685378 16
33685410 33685413 11
33685423 33685426 28
33685441 33685444 97
33685720 33685723 20
33687421 33687424 37
33687448 33687451 73
33687480 33687482 36
33687566 33687570 39
33687575 33687577 76
33691570 33691572 7
33691845 33691851 7
33692027 33692030 91
33692092 33692094 5
33692332 33692335 96
33692392 33692395 23
33693402 33693407 19
33693439 33693444 46
33693479 33693482 36
33693649 33693652 57
33694252 33694254 59
33694263 33694265 31
33694282 33694285 20
33694360 33694363 52
33694511 33694517 18
33695736 33695739 95
33695873 33695878 56
33696366 33696368 21
33697544 33697547 51
33697922 33697925 39
33698342 33698348 33
33698366 33698370 33
33698461 33698465 29
33698957 33698958 10
33699007 33699010 19
33699040 33699042 85
33699062 33699065 6
33699142 33699145 21
33699620 33699624 6
33700457 33700460 81
33700516 33700522 6
33701193 33701195 47
33701565 33701569 73
33701621 33701628 24
33701698 33701701 73
33701737 33701740 95
33701792 33701794 9
33702466 33702468 83
33703209 33703211 11
33703907 33703908 71
33703943 33703946 73
33704907 33704910 53
31976582 31976591 44
33705497 33705502 73
33706197 33706199 27
33706906 33706910 51
33706912 33706914 39
33706915 33706918 76
33706965 33706967 13
33707022 33707025 5
33707535 33707540 65
33708809 33708812 22
33708814 33708817 43
33708838 33708841 81
33708842 33708847 86
33708871 33708875 8
33708931 33708933 37
33708934 33708938 7
33708954 33708958 4
33708959 33708962 13
33708963 33708967 52
8219446 8219453 47
33709034 33709037 3
33709066 33709070 82
33709087 33709090 97
33709094 33709099 92
33709108 33709111 46
33709173 33709176 89
33709210 33709213 97
33709287 33709290 16
33709312 33709314 12
33709319 33709322 60
33709355 33709358 3
29369460 29369488 58
33709421 33709424 56
33709435 33709439 45
33709441 33709443 31
33709464 33709467 45
33709486 33709489 83
33709548 33709551 49
33709548 33709552 25
33709637 33709640 99
33709641 33709644 87
33709711 33709715 67
33709760 33709764 24
33709807 33709812 66
33709865 33709868 38
33709879 33709882 18
33709883 33709887 35
33709926 33709929 19
33709941 33709945 12
33709952 33709956 64
33709984 33709986 23
33709994 33709996 51
33682284 33682288 29
33710044 33710048 23
33710074 33710077 28
33710084 33710089 25
33710098 33710101 76
33710111 33710113 65
33710118 33710122 30
33710154 33710157 50
33710262 33710265 60
33710283 33710286 48
33710300 33710302 12
33710303 33710307 60
33710317 33710321 25
33710401 33710405 91
33710427 33710430 38
33710444 33710448 76
33710449 33710456 26
33710445 33710452 87
33710463 33710466 92
33710492 33710495 61
33710524 33710527 50
33710535 33710540 26
33710553 33710555 8
33710566 33710568 59
33710588 33710591 45
33711163 33711166 37
33712119 33712124 63
33712544 33712547 47
33715130 33715133 46
33715599 33715603 56
33716695 33716697 89
33718008 33718012 24
33718415 33718419 24
33718621 33718624 59
33730933 33730937 91
5731358 5731423 76
33777144 33777146 32
33777511 33777514 6
33777515 33777518 45
33777519 33777523 88
29369461 29369491 99
33777561 33777564 3
33777574 33777577 8
33777649 33777650 90
33777652 33777655 62
33777658 33777662 28
33777666 33777670 58
33777674 33777677 60
33777680 33777684 33
33777691 33777693 92
33777694 33777696 61
33777698 33777702 74
33777708 33777710 19
33777712 33777713 99
33777715 33777719 36
33786720 33786725 67
33786753 33786756 43
33787103 33787108 71
33787304 33787306 20
33787317 33787319 99
33787342 33787344 24
33787345 33787349 19
33787354 33787361 35
33787901 33787906 90
33787920 33787924 22
33788775 33788778 23
33789109 33789112 42
33789877 33789880 26
33791388 33791393 93
33791638 33791641 84
33791847 33791850 100
33792590 33792593 49
33792810 33792813 38
33792851 33792858 71
33792864 33792868 86
33792874 33792880 16
33792884 33792887 74
33794291 33794296 5
33794615 33794618 71
33796854 33796858 47
33797198 33797200 58
33797812 33797814 49
33797826 33797831 33
33797832 33797834 84
33797835 33797838 58
33797865 33797867 72
33797887 33797890 81
33797910 33797913 91
33797933 33797937 30
33797974 33797977 78
33797999 33798002 49
33798033 33798036 45
33798040 33798044 55
33798047 33798050 95
33798051 33798053 59
33798118 33798120 46
33798127 33798131 23
33798132 33798134 17
33798146 33798150 11
33798153 33798156 65
33798167 33798171 95
33798188 33798191 39
33791389 33791396 94
33798261 33798264 61
33798265 33798267 97
33798315 33798318 50
33798382 33798385 62
33798451 33798454 53
33798461 33798464 94
33794292 33794298 25
33798537 33798540 6
33791398 33791404 41
33791391 33791400 80
33798574 33798578 96
33798588 33798593 78
33798648 33798651 15
33798683 33798686 28
33798687 33798690 98
33798705 33798707 8
33798713 33798717 46
33798731 33798734 91
33798738 33798741 55
33798757 33798761 92
33798788 33798792 34
33798843 33798846 51
33798168 33798174 25
33798901 33798904 81
33798947 33798950 75
33798974 33798977 91
33798983 33798985 13
33799039 33799042 27
33799088 33799092 63
33799128 33799131 1
33799196 33799198 78
33799722 33799726 35
33807912 33807915 45
33807917 33807919 34
33807942 33807946 20
33808373 33808375 35
33808541 33808544 30
33808613 33808616 32
33808628 33808630 34
33809662 33809665 43
33813341 33813344 14
33815199 33815202 6
33815611 33815613 55
33832661 33832663 65
33832690 33832692 60
33832804 33832806 82
33832815 33832819 38
33832876 33832879 80
33832893 33832896 96
33836780 33836784 45
33837356 33837360 12
33837438 33837443 85
33837446 33837449 51
33837480 33837483 36
33853372 33853374 65
33853413 33853417 100
33853421 33853423 62
33853428 33853430 100
33853446 33853449 98
33853468 33853469 68
33853507 33853511 61
33853592 33853594 60
33853619 33853622 29
33853639 33853643 81
33853646 33853649 89
33853658 33853660 2
33853668 33853671 78
33853689 33853692 91
33853695 33853698 91
33853707 33853710 41
33853711 33853714 24
33853723 33853726 3
33853735 33853740 22
33853754 33853757 16
33853761 33853765 24
33853767 33853770 18
33853818 33853821 92
33853829 33853832 23
33853833 33853836 25
33853857 33853859 92
33853866 33853870 28
33853873 33853875 60
29369474 29369514 21
33853910 33853913 74
33853919 33853922 16
33853941 33853944 22
33853960 33853963 19
33853983 33853986 81
33853995 33853998 29
33854197 33854199 81
33854200 33854204 57
33857801 33857804 36
33857814 33857818 70
33858585 33858587 47
33859765 33859768 14
33859773 33859777 34
33859784 33859788 42
33859789 33859795 53
33859798 33859802 45
33859853 33859858 72
33859859 33859865 25
33859871 33859876 63
33859882 33859885 88
33859886 33859889 19
33859898 33859901 40
33859917 33859920 3
33859931 33859935 50
33859974 33859978 34
33859983 33859985 3
33859997 33860000 42
33859860 33859868 52
33860088 33860090 1
33860095 33860098 26
33860105 33860107 44
33860110 33860112 62
33860126 33860128 84
33860132 33860135 63
33860138 33860140 81
33860143 33860148 55
33860153 33860155 82
33860156 33860160 24
33860171 33860176 43
33860196 33860201 78
33860203 33860207 8
33861958 33861964 99
33861980 33861985 37
33869602 33869604 5
33873216 33873218 5
33873219 33873221 31
33874651 33874653 33
33874959 33874963 22
33874966 33874968 17
33874971 33874973 8
33875052 33875054 17
33875060 33875062 26
30684650 30684656 99
33875065 33875067 37
33875069 33875073 58
33875078 33875080 54
33875082 33875086 54
33875089 33875092 84
33875094 33875096 57
33875098 33875100 27
33875102 33875104 82
33875106 33875108 99
33875110 33875113 70
33875117 33875119 16
33875121 33875123 45
33875124 33875129 94
33875133 33875135 38
33875136 33875138 72
33875139 33875141 63
33875143 33875147 7
33875151 33875154 24
33875163 33875166 63
33875168 33875169 26
33875171 33875174 85
33875176 33875178 31
33875180 33875182 50
33875184 33875186 5
33875188 33875190 73
33875193 33875194 36
33875198 33875200 74
33875201 33875202 54
33875203 33875205 58
33875207 33875210 58
33875212 33875214 71
33875216 33875218 28
33875220 33875222 8
33875224 33875226 90
33875228 33875231 50
33875257 33875261 13
33875266 33875269 79
33875271 33875275 96
33875282 33875285 30
33875287 33875290 95
33875292 33875295 3
33875297 33875301 6
33875305 33875308 46
33875310 33875313 26
33875315 33875318 30
33875320 33875323 75
33875325 33875328 38
33875330 33875332 34
33946930 33946932 9
33951372 33951374 34
33951395 33951398 56
33952500 33952502 36
33956952 33956955 93
33956956 33956959 70
33956964 33956969 72
33956970 33956973 9
33957036 33957038 14
33957047 33957050 43
33957056 33957058 59
33957091 33957093 56
33957094 33957097 94
33957122 33957126 80
33965973 33965976 89
33966293 33966297 27
33966573 33966575 73
33966576 33966579 61
33966589 33966592 67
33966595 33966599 44
33966602 33966607 87
33966610 33966612 72
33966618 33966621 84
33966625 33966628 24
33966635 33966637 84
33966646 33966648 75
33966655 33966658 67
33966676 33966678 48
33966679 33966681 82
33966695 33966698 24
33966708 33966711 45
33966717 33966721 20
33966727 33966729 91
33966741 33966743 78
33966744 33966747 12
33966869 33966871 33
33967009 33967014 73
33994018 33994022 98
33996214 33996217 21
33996867 33996868 78
33996872 33996877 33
33997027 33997029 95
33997056 33997060 46
33997056 33997061 93
33997056 33997062 36
33997074 33997077 73
33997190 33997192 61
33997320 33997323 51
33997340 33997342 77
33997346 33997349 68
33997361 33997364 32
33997380 33997383 73
33997389 33997393 23
33997400 33997402 44
33997409 33997411 41
33997412 33997415 44
33997430 33997434 39
34013121 34013125 84
34013170 34013177 99
34013429 34013430 97
34013432 34013435 56
34013439 34013440 13
34013442 34013443 55
34013446 34013449 53
34013451 34013454 27
34013456 34013458 98
34013461 34013465 30
34014121 34014123 19
34014720 34014723 40
34014733 34014735 26
34014742 34014745 15
34018557 34018559 93
34018817 34018819 34
34034135 34034140 54
34034863 34034867 62
34034873 34034877 29
34035648 34035650 21
34049999 34050000 10
34050637 34050640 92
34051011 34051015 9
34051694 34051697 42
34051700 34051703 55
34051704 34051707 69
34051735 34051740 100
34054499 34054501 45
34054504 34054507 74
34054582 34054583 11
34054628 34054630 71
34054639 34054642 57
4986951 4987047 16
34054729 34054732 6
34054729 34054733 95
34054735 34054737 10
34054740 34054742 94
34054755 34054758 33
34054763 34054765 95
34054766 34054768 34
34054769 34054771 16
34054775 34054778 61
33996215 33996219 45
34054786 34054788 9
34054789 34054790 96
34054791 34054793 66
34054797 34054800 79
34054813 34054817 50
34054822 34054824 29
34054825 34054827 78
34054835 34054837 20
34054892 34054894 92
34086233 34086237 8
34086969 34086972 67
34087026 34087028 46
34089306 34089311 20
34096044 34096047 6
34101629 34101631 59
34101792 34101798 95
34117379 34117382 1
34117383 34117385 43
34118350 34118353 75
34119728 34119730 100
34119739 34119740 23
34120243 34120244 82
34123612 34123614 38
34123641 34123643 66
34124018 34124022 46
34127412 34127416 66
34128536 34128538 13
34128559 34128561 43
34343398 34343400 41
34387338 34387339 61
34808136 34808138 85
3365405 3770765 100
35406201 35406203 54
35407040 35407042 46
35407505 35407508 9
35408268 35408270 66
35409035 35409037 42
35409271 35409273 84
35409290 35409292 62
35409353 35409355 10
35410008 35410011 27
35410031 35410036 70
35410538 35410542 12
35411181 35411184 69
35411305 35411309 60
35411409 35411412 73
35412358 35412361 61
35886889 35886893 58
35891300 35891304 40
35891301 35891308 6
35904458 35904463 16
35904459 35904466 29
33859904 33859911 90
35411118 35411121 88
36013742 36013744 61
31967201 31967208 10
36029222 36029224 6
36037818 36037821 32
36037819 36037823 2
36037834 36037837 57
36037835 36037838 85
36037839 36037841 82
36038062 36038065 32
36038063 36038067 51
33996222 33996225 16
33701131 33701138 41
35904467 35904471 70
35891305 35891310 74
35887082 35887086 61
36073257 36073260 41
36073288 36073291 34
36074252 36074256 34
36075748 36075752 79
36075936 36075939 85
36076822 36076825 81
36076994 36076998 99
36077729 36077732 76
36078410 36078413 73
36078580 36078583 36
36078759 36078762 63
36078779 36078782 22
36078866 36078869 57
36079000 36079003 20
36079067 36079073 96
36080393 36080397 68
36081972 36081977 21
36083018 36083023 21
36083271 36083275 17
36083793 36083796 81
36084371 36084375 37
36084614 36084617 86
36084729 36084732 78
36085566 36085570 58
36085590 36085594 62
36085765 36085768 15
36085862 36085865 52
36085969 36085974 35
36085982 36085986 51
36086004 36086007 3
36086260 36086263 30
36086267 36086270 75
36086280 36086284 50
36086394 36086398 77
36086719 36086723 4
36086764 36086768 35
36087035 36087039 35
36087268 36087272 26
36087285 36087289 60
36087300 36087303 74
36087403 36087406 46
36087625 36087629 72
36087674 36087677 66
36087850 36087853 80
36087854 36087857 84
36087926 36087930 57
36088693 36088697 20
36088708 36088711 65
36088731 36088734 59
36088735 36088738 10
36088755 36088758 66
36088813 36088817 70
36088836 36088839 37
36088847 36088851 65
36088874 36088877 5
36088900 36088904 13
36088917 36088920 20
36088936 36088941 75
36088956 36088959 78
36088985 36088988 34
36088992 36088995 4
36088996 36088999 55
36089007 36089010 61
36089011 36089014 77
36089032 36089036 3
36089078 36089081 11
36089097 36089101 5
36089105 36089108 63
36089152 36089156 80
36089171 36089175 65
36089184 36089187 83
36089220 36089223 95
36089233 36089237 76
36089264 36089267 25
36089282 36089286 75
36089288 36089291 65
36089301 36089304 37
36089311 36089314 3
36089322 36089325 12
36089331 36089334 67
36089345 36089348 74
36089356 36089360 50
36089370 36089373 76
36089377 36089380 36
36089390 36089395 91
36089396 36089399 9
36089404 36089409 34
36089410 36089413 89
36089420 36089425 18
36089440 36089444 15
36089448 36089451 55
36089452 36089455 97
36089476 36089479 60
36089480 36089483 29
36089490 36089494 2
36089528 36089532 63
36089536 36089540 33
36089557 36089561 29
36089562 36089565 82
36089580 36089583 21
36089596 36089599 5
36089606 36089609 80
36089661 36089664 53
36089680 36089683 43
36089684 36089688 21
36089719 36089722 93
36089723 36089727 74
36089756 36089759 30
36089760 36089765 79
36089769 36089772 48
36089807 36089811 77
36089840 36089844 34
36089873 36089876 21
36089877 36089881 36
36089910 36089913 27
36089941 36089944 14
36089955 36089959 25
36089961 36089965 59
36089975 36089978 65
36089979 36089982 51
36089983 36089986 80
36090006 36090009 80
36090021 36090024 6
36090028 36090031 53
36090032 36090036 33
36090046 36090050 49
36090059 36090065 14
36090082 36090085 2
36090109 36090112 21
36090117 36090121 82
36090125 36090128 53
36090132 36090135 93
36090148 36090151 94
36090158 36090161 36
36090165 36090169 12
36090175 36090179 75
36090175 36090180 90
36090175 36090181 42
36090182 36090186 88
36090190 36090193 28
36090194 36090197 77
36090205 36090209 4
36090210 36090213 3
36090214 36090217 63
36090224 36090227 59
36090238 36090242 20
36090243 36090246 48
36090247 36090250 68
36090251 36090254 79
36090306 36090309 29
36090324 36090327 17
36090328 36090331 77
36090345 36090348 42
36090352 36090355 42
36090365 36090369 36
36090370 36090373 69
36090377 36090383 83
36090426 36090429 97
36090448 36090451 97
36090455 36090458 65
36090459 36090462 67
36090473 36090476 68
36090483 36090486 38
36090490 36090493 69
36090507 36090511 90
36090524 36090527 20
36090532 36090535 52
36090562 36090565 43
36090566 36090570 6
36090588 36090592 97
36090593 36090596 12
36090612 36090616 15
36090618 36090622 62
36090626 36090630 31
36090642 36090646 9
36090694 36090698 74
36090706 36090710 63
36090715 36090718 90
36090725 36090728 98
36090729 36090733 96
36090734 36090737 87
36090840 36090843 4
36092391 36092396 32
36092677 36092682 47
36092764 36092767 69
36093028 36093031 48
36093837 36093840 77
36100334 36100337 36
36100339 36100342 71
36100727 36100730 6
36103724 36103727 46
36103917 36103922 73
36105269 36105274 19
36105358 36105361 35
36106651 36106655 72
36110387 36110391 81
36110388 36110393 77
36110464 36110467 56
33682568 33682571 46
36541924 36541928 45
36544548 36544550 69
36547496 36547499 24
36553784 36553787 40
36556301 36556304 96
36556808 36556811 33
36652678 36652680 3
36653042 36653046 33
36653316 36653320 6
36653555 36653559 3
36653567 36653570 95
36653702 36653706 37
36654046 36654049 93
36654067 36654071 25
36654196 36654199 63
36654623 36654625 74
36654671 36654675 56
36654689 36654693 80
36655243 36655245 35
36655379 36655383 13
36655425 36655428 69
36655803 36655806 2
36742030 36742034 21
38038545 38038547 71
38038548 38038550 50
38038551 38038552 27
38038553 38038554 70
38040760 38040761 59
38040762 38040763 92
38044241 38044242 50
38044243 38044244 80
38044245 38044246 66
38044247 38044249 73
38044253 38044255 81
38044258 38044260 87
38044261 38044262 81
38044263 38044264 65
38044265 38044266 28
38044267 38044268 31
38044269 38044271 13
38045919 38045921 60
38046288 38046290 31
38046336 38046339 21
38048547 38048552 31
38048557 38048560 96
38048563 38048565 10
38048566 38048568 44
38048569 38048571 49
38048572 38048574 25
38048591 38048594 70
38048596 38048599 2
38048600 38048603 82
38048604 38048606 49
38048692 38048695 76
38048697 38048700 93
38049108 38049111 40
38049112 38049116 15
38049552 38049553 70
38049554 38049555 40
38049556 38049557 95
38055206 38055208 66
38055329 38055331 13
38055378 38055384 54
38056532 38056534 2
38057791 38057794 21
38058283 38058285 20
38063729 38063732 81
38068678 38068680 53
4989573 4989580 91
38633264 38633266 16
38633270 38633274 35
38633305 38633306 83
38633312 38633314 93
38633334 38633336 61
38633425 38633427 33
38633428 38633430 1
38633485 38633487 90
38633547 38633549 57
39138166 39138168 53
39138169 39138171 74
39138173 39138175 63
39138182 39138184 27
39138185 39138186 6
39138187 39138188 5
39138189 39138191 60
39138192 39138195 20
39138197 39138199 49
39138200 39138203 54
39138208 39138210 40
39138211 39138212 66
39138213 39138214 17
39138215 39138217 35
39138221 39138222 6
39138223 39138225 50
39138228 39138232 73
39138233 39138235 26
39138236 39138238 99
39138241 39138243 30
39138247 39138249 13
39138250 39138252 92
39138255 39138257 17
39138258 39138260 72
39138261 39138263 60
39138268 39138269 18
39138274 39138276 10
39138277 39138279 93
39138280 39138282 30
39138283 39138284 47
39138285 39138286 69
39138287 39138289 93
39138291 39138293 37
39138294 39138295 36
39138296 39138298 71
39138299 39138300 72
39138302 39138304 57
39138305 39138307 97
39138308 39138310 18
39138320 39138322 86
39138326 39138328 90
39138335 39138337 2
39138338 39138339 99
39138340 39138342 32
39138343 39138345 12
39138351 39138353 59
39138367 39138369 45
39138374 39138376 9
39138377 39138378 69
39138380 39138382 57
39138383 39138385 100
39138404 39138406 98
39138408 39138410 74
39138411 39138413 22
39138419 39138421 49
39138440 39138444 92
39138447 39138449 74
39138464 39138466 37
39138467 39138469 100
39138470 39138472 67
39138489 39138491 18
39138492 39138493 62
39138503 39138504 81
39138508 39138509 55
39138518 39138520 49
39138521 39138523 88
39138525 39138527 57
39138530 39138532 51
39138542 39138544 67
39138568 39138570 85
39138582 39138583 12
39138586 39138588 27
39138589 39138591 92
39138592 39138594 39
39138597 39138599 19
39138632 39138634 90
39138653 39138656 92
39138659 39138662 67
39138670 39138672 70
39138673 39138675 75
39138678 39138681 27
39138690 39138692 62
39138697 39138700 9
39138706 39138708 25
39138709 39138710 6
39138720 39138722 14
39138723 39138724 36
39138729 39138731 39
39138732 39138734 96
39138737 39138739 100
39138741 39138743 29
39138744 39138746 2
39138756 39138758 47
39138769 39138771 31
39138772 39138773 59
39138781 39138783 23
39138806 39138807 74
39138816 39138818 99
39138821 39138823 54
39138833 39138834 73
39138840 39138842 83
39138853 39138855 75
39138906 39138908 84
39138909 39138911 53
39138912 39138914 67
39138917 39138919 28
39138925 39138927 4
39138928 39138929 90
39138931 39138933 37
39138934 39138936 23
39138937 39138939 27
39138940 39138942 80
39138944 39138946 36
39138956 39138958 61
39138977 39138979 24
39138990 39138992 41
39139011 39139013 24
39139016 39139018 83
39139021 39139023 10
39139026 39139027 50
39139032 39139033 19
39139038 39139040 16
39139041 39139042 37
39139047 39139049 4
39139050 39139052 85
39139053 39139055 21
39139056 39139058 32
39139061 39139063 17
39139064 39139066 7
39139067 39139069 47
39139070 39139071 27
39139076 39139077 86
39139078 39139079 40
39139080 39139081 77
39139082 39139084 30
39139089 39139091 42
39139092 39139093 71
39139096 39139098 32
39139099 39139101 23
39139112 39139114 5
39139127 39139129 81
39139132 39139133 18
39139137 39139139 63
39139144 39139146 18
39139149 39139151 10
39139155 39139157 16
39139158 39139160 53
39139161 39139162 23
39139172 39139174 74
39139175 39139176 74
39139178 39139180 42
39139186 39139188 86
39139190 39139192 46
39139193 39139195 44
39139202 39139203 15
39139204 39139207 24
39139214 39139215 14
39139237 39139239 56
39139251 39139253 46
39139260 39139262 2
39139263 39139264 81
39139271 39139273 27
39139280 39139281 71
39139285 39139287 68
39139289 39139291 6
39139292 39139293 77
39139298 39139299 86
39139302 39139304 49
39139305 39139307 87
39139386 39139387 22
39139389 39139390 69
39139416 39139418 85
39139419 39139420 11
39139421 39139423 69
39139425 39139426 24
39139441 39139443 2
39139450 39139451 82
39139464 39139466 23
39139468 39139469 14
39139478 39139480 54
39139510 39139511 11
39139514 39139515 26
39139519 39139520 67
39139525 39139527 37
39139543 39139545 53
39139549 39139550 21
39139553 39139555 80
39139565 39139566 65
39139568 39139570 96
39139576 39139578 13
39139580 39139582 10
39139587 39139589 85
39139592 39139593 18
39139597 39139598 51
39139601 39139602 62
39139603 39139604 55
39139613 39139615 5
39139618 39139619 75
39139620 39139622 17
39139623 39139625 8
39139633 39139635 10
39139646 39139647 72
39139669 39139671 81
39139684 39139686 12
39139688 39139690 60
39139699 39139701 67
39139703 39139705 84
39139710 39139712 61
39139713 39139714 78
39139723 39139725 30
39139728 39139730 65
39139737 39139739 35
39139750 39139751 19
39139750 39139752 97
39139753 39139754 5
39139776 39139778 91
39139781 39139783 31
39139901 39139903 14
39140071 39140074 47
39140080 39140081 19
39243104 39243106 36
39344306 39344309 27
39344316 39344319 57
39344489 39344491 57
39344689 39344691 47
39344709 39344711 71
39344731 39344733 99
39344782 39344784 72
39344927 39344930 54
39346290 39346292 17
39346338 39346340 44
39346728 39346730 32
39347017 39347019 23
39348521 39348523 29
39348688 39348690 97
39348850 39348852 64
39348926 39348929 8
39348981 39348983 52
39349008 39349011 83
39349193 39349196 57
39349240 39349245 56
39349308 39349311 1
39349328 39349330 86
39349362 39349364 38
39349424 39349427 59
39349703 39349706 94
39349756 39349758 1
39350105 39350108 24
39350634 39350636 44
39350893 39350895 46
39423832 39423837 83
39917889 39917891 68
39918672 39918674 45
39918677 39918679 52
39918681 39918682 71
39918683 39918685 99
39918687 39918689 17
39918691 39918692 91
39918693 39918694 25
39918696 39918698 70
39918699 39918700 68
39918701 39918702 31
39918703 39918705 82
39918706 39918707 12
39918708 39918710 62
39919233 39919237 57
39919306 39919308 32
39919309 39919310 81
39919311 39919312 6
39919313 39919315 24
39919695 39919697 34
39919698 39919700 32
39919703 39919704 19
39919705 39919707 98
39919708 39919710 67
39919804 39919806 54
39919907 39919909 95
39919911 39919913 91
39919936 39919939 3
39919983 39919985 51
39920035 39920037 12
39920079 39920080 86
39920084 39920085 25
39920110 39920112 8
39920283 39920285 6
39920336 39920338 1
39920367 39920370 97
39920437 39920439 99
39920456 39920458 23
39920456 39920459 39
39920554 39920556 40
39920558 39920561 23
39920914 39920916 75
39920980 39920982 52
39921393 39921394 4
39921486 39921487 41
39921616 39921618 57
39921722 39921724 56
39922236 39922238 72
39922295 39922297 35
39922337 39922338 15
39922388 39922390 1
39922392 39922394 85
39922665 39922667 67
39922686 39922688 44
39922773 39922775 71
39922776 39922778 96
39922780 39922781 55
39922783 39922785 66
39922788 39922790 88
39923158 39923159 73
39923401 39923402 31
39923403 39923405 40
39923407 39923409 61
39923411 39923413 76
39923502 39923504 92
39923805 39923808 39
39923986 39923989 71
39924052 39924054 58
39924252 39924254 95
39924396 39924399 67
39924484 39924487 57
39924488 39924490 80
39924849 39924851 16
39925461 39925463 79
39925556 39925559 96
39925581 39925583 39
39925584 39925586 41
39925917 39925918 72
39925919 39925921 24
39925923 39925925 5
39925927 39925930 47
39925933 39925937 40
39926573 39926576 38
39926613 39926615 50
39926881 39926883 63
39926884 39926886 51
39926887 39926889 33
39927149 39927152 41
39927158 39927160 31
39927161 39927163 18
39927164 39927166 68
39927392 39927394 43
9634477 9634488 92
39927395 39927396 39
39927397 39927400 31
39927644 39927646 70
39927889 39927892 80
39928580 39928582 50
39929372 39929374 63
39929419 39929421 41
39929423 39929424 64
39929425 39929428 69
39929431 39929432 55
39929433 39929434 18
39929436 39929438 57
39929440 39929442 63
39929443 39929444 64
39929445 39929447 86
39930710 39930712 32
39931324 39931328 72
39931375 39931377 6
39931379 39931381 85
39931612 39931613 22
39931706 39931709 69
39932257 39932259 72
39932319 39932321 19
39932325 39932328 16
39932774 39932778 44
39932796 39932798 16
39932930 39932932 83
39933085 39933088 78
39933747 39933748 10
39933749 39933751 70
39933753 39933754 76
39933755 39933756 66
39933757 39933758 41
39933759 39933760 5
39933762 39933763 29
39933764 39933767 87
39933770 39933772 56
39933773 39933776 22
40048412 40048413 25
40048414 40048416 86
40048417 40048418 42
40048419 40048421 51
40048422 40048423 19
40048424 40048426 19
40048427 40048429 27
40048430 40048431 44
40048432 40048433 33
40048434 40048435 36
40048436 40048438 20
40048439 40048442 63
40048443 40048445 64
40048446 40048448 31
40048449 40048451 64
40048452 40048454 46
40048455 40048458 44
40048459 40048461 47
40048462 40048465 10
40048466 40048468 97
40048469 40048471 47
40048472 40048474 43
40048475 40048477 60
40048478 40048481 52
40048482 40048484 98
40048485 40048487 51
40048568 40048571 41
40048574 40048575 2
40048576 40048578 17
40048580 40048582 28
40048584 40048586 95
40048587 40048589 35
40048590 40048591 2
40048592 40048594 15
40048595 40048598 41
40048600 40048602 45
40048604 40048605 78
40048606 40048608 74
40048609 40048612 69
40048640 40048641 48
40646977 40646979 90
40647067 40647069 83
40647079 40647081 6
40647851 40647855 94
40648318 40648320 23
40648321 40648323 23
40648457 40648459 32
40653153 40653155 6
40653286 40653290 76
40653706 40653710 68
40653815 40653817 90
40653818 40653821 52
40653828 40653830 43
40653840 40653843 62
40653979 40653981 8
40654150 40654153 91
40654163 40654165 72
40654178 40654180 80
40722700 40722702 19
11715203 11715212 76
41461760 41461762 56
41462698 41462702 4
41462743 41462745 69
41462797 41462799 53
41462806 41462809 2
41462816 41462818 33
41462827 41462829 37
41462851 41462854 43
41463073 41463076 5
41463179 41463181 15
41463331 41463333 70
41463469 41463471 50
41463815 41463817 48
41463866 41463868 42
41464169 41464171 13
41464525 41464527 35
41464599 41464601 91
41464648 41464651 54
41464652 41464655 78
41465048 41465050 62
41465101 41465104 68
41465165 41465167 85
41465225 41465227 73
41465232 41465234 21
41465251 41465253 81
41465431 41465433 56
41465583 41465585 40
41465670 41465672 50
41465735 41465737 65
41466278 41466280 11
41466322 41466324 78
41466693 41466695 59
41467272 41467275 53
41467384 41467386 48
41467468 41467471 90
41468033 41468035 25
41468206 41468208 79
41468285 41468287 86
41468324 41468326 84
41468354 41468356 81
41468394 41468396 55
41468435 41468437 76
41468495 41468497 54
41468532 41468534 76
41468586 41468588 63
41468602 41468604 80
41468640 41468642 49
41468662 41468664 63
41469030 41469032 96
41469075 41469077 82
41469254 41469256 47
41469271 41469273 23
41469294 41469296 95
41469299 41469300 53
41469371 41469373 75
41469393 41469395 63
41469480 41469482 67
41469504 41469505 88
41469750 41469751 50
41469774 41469776 34
41469777 41469779 79
36751211 36751216 49
41470063 41470065 59
41470089 41470090 14
41470108 41470110 63
41470364 41470366 5
41470394 41470395 17
41470747 41470749 67
41470862 41470864 13
41471874 41471877 11
41472521 41472523 85
41472603 41472604 86
41472648 41472650 55
41472694 41472696 57
41472806 41472809 89
41473035 41473037 30
41473091 41473092 74
41473581 41473582 24
41473682 41473684 3
41473694 41473696 93
41473813 41473815 13
41473907 41473909 36
41474556 41474558 55
41474575 41474576 34
41474626 41474628 58
41475329 41475330 56
41475331 41475332 95
41477281 41477283 84
41477821 41477823 97
41478326 41478329 82
41479012 41479014 62
41479824 41479825 21
41480763 41480766 13
41481590 41481592 46
41481595 41481597 66
41481664 41481666 17
41481705 41481707 34
41481859 41481861 11
41481954 41481956 75
41482113 41482115 77
41482120 41482122 39
41482351 41482353 100
41482491 41482493 28
41491719 41491721 2
41649887 41649889 74
41651941 41651943 74
41652940 41652942 79
41653199 41653201 93
41653741 41653743 16
41653894 41653896 82
41654655 41654657 81
41659551 41659553 62
41659682 41659684 99
41659977 41659979 74
41660003 41660006 4
41660026 41660028 90
41660058 41660060 89
41660092 41660094 31
41660114 41660116 24
41660131 41660133 51
41660257 41660259 82
41660413 41660416 58
41660461 41660463 64
41660468 41660471 37
41660472 41660474 45
41660475 41660477 26
41660558 41660560 19
41660569 41660571 83
41660652 41660654 80
41660671 41660673 27
41660686 41660688 8
41660726 41660728 68
41660765 41660767 39
41660804 41660806 89
41660823 41660825 13
41660874 41660876 69
41660881 41660883 73
41660886 41660888 44
41660890 41660892 59
41660982 41660984 65
41660987 41660989 42
41660994 41660996 47
41660997 41660999 79
41661006 41661008 34
41661025 41661028 16
41661104 41661106 34
41661135 41661137 32
41661140 41661142 89
41661188 41661190 100
41661237 41661239 62
41661322 41661324 57
41661327 41661329 73
41661335 41661337 53
41661338 41661340 16
41661374 41661377 33
41661401 41661403 94
41661404 41661406 80
41661494 41661496 77
41661507 41661509 44
41661543 41661546 86
41661552 41661554 40
41661595 41661597 47
41661706 41661709 100
41661722 41661724 59
41661776 41661778 43
41661780 41661782 42
41661859 41661861 13
41662100 41662102 1
41662193 41662195 6
41662859 41662862 54
41663920 41663922 59
41666026 41666028 88
41666256 41666259 93
41667436 41667439 67
41668222 41668224 74
41684171 41684174 59
41684335 41684338 84
41684494 41684497 10
41685222 41685225 63
41685391 41685393 67
41685580 41685582 98
41685598 41685601 32
41724852 41724853 84
41724858 41724860 10
41724873 41724875 4
41725485 41725486 70
41725487 41725488 53
41725493 41725494 66
41725511 41725512 64
41725513 41725514 43
41725515 41725516 89
41725942 41725944 48
41725960 41725961 91
41726019 41726020 89
41726159 41726160 65
41726162 41726163 82
41726257 41726258 17
41726556 41726557 79
41726558 41726559 48
41726560 41726561 53
41726602 41726603 71
41726677 41726678 12
41726679 41726680 94
41726681 41726682 86
41726725 41726726 73
41726782 41726783 36
41727224 41727226 9
41727243 41727244 73
41727337 41727340 97
41727471 41727472 28
44229230 44229233 14
45136373 45136374 63
45221962 45221963 64
45314416 45314418 36
45314815 45314817 94
45314918 45314920 25
45315249 45315251 56
45316078 45316080 53
45316114 45316116 25
45318104 45318106 93
45318151 45318153 25
45321773 45321775 79
45324830 45324832 58
45326036 45326038 11
45330770 45330772 97
45338343 45338345 88
45353105 45353106 52
45857985 45857986 22
45858094 45858095 86
45858146 45858147 56
45858497 45858498 77
45858743 45858744 74
45858821 45858822 30
45859054 45859055 89
45859158 45859159 56
48145313 48145314 29
48173899 48173900 50
48173901 48173902 65
48173903 48173904 58
48173905 48173906 35
48446959 48446960 34
48465749 48465750 41
49357946 49357947 11
49357948 49357949 96
49357950 49357951 57
