4973077 4973088 38
4973077 4973089 8
2574955 3215160 5
5010859 490235 89
5010917 76888 9
2412927 73231 29
5012412 5012415 62
5012565 18255 17
23078 35165 60
5015997 14812 78
360013 959000 2
1541754 380345 34
1541754 15595 97
2649254 3269132 87
2649254 3269133 53
5016776 3466824 75
4128445 4269398 8
933035 59526 73
801338 15589 54
172758 532728 18
2571217 75786 96
800818 1592511 92
800818 1592512 49
929941 35164 100
4448993 4488517 81
4448993 4488518 71
4448993 4488519 73
4765297 4765948 38
1687570 270319 10
822785 307339 82
1090280 1954779 71
5029729 1651825 54
9783404 9783413 91
9783404 9783414 77
9794165 9794172 97
930879 1752858 57
2395843 3088123 65
9812911 9812917 2
9812911 9812918 12
9812911 153774 59
297252 820705 32
2627250 3254043 78
2627250 3254044 8
2627250 3254045 59
2627250 3254046 41
2627250 3254047 79
8258586 8258611 27
9862532 9862539 32
9919175 9919182 35
2636971 3260408 68
9925652 9925662 42
2134974 2881707 91
360016 35164 72
758513 1541044 3
186823 69988 75
378783 983895 71
3903577 4119208 58
2841684 257509 62
2841684 3401085 13
1751648 2574773 83
1751648 2574774 9
5276460 5276490 19
816764 1621993 52
816764 1621994 94
2666431 3280162 49
891 7275 15
3545436 3891538 62
3545436 3891539 42
3545436 3891540 44
1251415 82466 75
3597474 3924706 70
1630479 257509 61
10077808 10077810 42
10077808 10077811 74
3812358 270319 48
2502189 15595 62
3137206 3612113 75
5481638 5481651 5
10212548 10212552 83
4889896 4889908 73
1566741 2426094 12
10212600 10212604 56
10212626 10212629 81
5448985 5448997 97
5448985 5448998 83
433180 1079798 94
522743 1227726 8
1227596 2106098 7
258872 753696 23
258872 753697 14
10213086 10213089 75
10213139 10213141 18
409610 1046250 1
1534720 2392890 55
4306316 4386543 5
2084950 2838755 75
934 12347 7
229580 706615 48
843114 1653868 36
753818 1534580 2
10242896 10242902 31
4312042 4390483 87
10242918 10242922 93
3546432 3892057 78
3546432 3892058 36
1251170 1912229 64
775648 1560418 82
10267705 10267717 11
10267705 197824 9
10268418 10268420 9
4951144 4951157 84
930876 75786 34
378784 420651 93
10406218 4373113 80
10410209 82466 3
10410209 129760 89
10410209 88678 83
4115985 15589 62
57832 15589 65
38002 155443 100
36323 143107 56
1093777 1959796 4
16348 83797 61
2569713 3208946 51
162796 512696 30
378785 983925 99
11661946 89164 32
7387712 7387729 39
11663009 1815227 73
856544 1671597 29
2882269 35172 45
11666001 8909 99
11666001 303552 7
11666006 11666010 75
11666006 11666011 76
11666006 11666012 26
11666006 11666013 8
11666006 11666014 28
11666006 11666015 89
11666006 11666016 89
11666006 11666017 92
11666006 11666018 15
11666006 11666019 94
11666006 11666020 94
11666006 11666021 31
11666006 11666022 93
11666006 11666023 2
11666006 11666024 96
11666006 11666025 84
11666006 11666026 88
930856 1752749 86
790417 1578648 98
790417 1578649 61
790417 1578650 35
3738662 2920779 43
1344428 2219019 5
1344428 2219020 30
1344428 2219021 24
2749358 3340350 98
2129094 2876452 81
2129094 2876453 3
2129094 2876454 1
2129094 2876455 23
2129094 2876456 31
3290863 3721668 48
11676247 11676251 3
2489127 3161460 34
2489127 3161461 57
11677778 5487705 38
20376 115464 64
2413834 35164 96
1740485 2570689 82
1788826 2604914 51
1788826 2604915 57
1788826 2604916 55
1788826 2604917 47
1788826 2604918 61
1788826 2604919 54
378786 983944 38
592875 380345 22
934812 1760597 39
934812 1760598 11
3989672 4175049 98
758523 1541094 52
2649217 3269082 50
2649217 3269083 75
2649217 3269084 92
11681923 419550 19
207458 35164 19
207458 35168 52
207458 618742 35
207458 618744 21
207458 618745 11
11682070 11682079 49
2571003 127812 68
2571003 412060 51
11685151 11685155 77
11686162 243465 93
822799 3209 56
4082616 3709181 62
2181828 70489 94
2181828 2919630 29
916279 1724583 37
11735458 11735461 14
11736506 113332 85
11736506 35172 34
3849182 156478 16
11749536 11749538 5
1759496 2579811 91
11754709 78467 6
11754709 11754715 52
11754709 11754716 47
11754709 11754717 94
11754709 11754718 60
11771798 156478 85
802464 68360 58
50930 215492 46
934317 1759564 64
162797 512719 24
11817420 11817424 33
1758904 2579142 77
1758904 2579143 61
1758904 2579144 6
3979210 4168334 60
4198527 4315295 89
4198527 4315296 90
344631 257640 12
344631 933431 82
1970638 2742604 71
4015280 4191846 95
4015280 4191847 20
4015280 4191848 61
4015280 4191849 61
4015280 4191850 16
4015280 4191851 61
4015280 4191852 26
4015280 4191853 41
4015280 4191854 70
4015280 4191855 15
3238916 736274 95
9064895 60139 73
812264 1614474 45
1460357 2330540 20
11909435 2649833 65
592742 1327378 42
11911048 11911052 74
11911953 11911956 66
11961201 2090278 15
11961201 1651833 35
11986147 11986150 70
11986147 11986151 76
1671548 2510519 65
11991034 89674 19
12145847 487046 17
12164491 35164 75
6612515 6612538 87
1571806 397969 59
1571806 2430681 95
12209922 304819 8
3046384 3547141 55
12224321 12224325 19
12225059 462570 62
4962219 3758985 75
2574735 3215105 10
2574735 3215106 69
12226142 12226145 51
957741 89747 47
5765914 5765947 31
12229070 12229072 62
12229258 88678 73
12230784 12230788 73
7573930 7573953 72
1527237 71642 27
1527237 1170633 16
1527237 2385899 53
1527237 2385900 91
2135055 2881810 44
2151235 68360 75
12244762 70805 84
12263289 12263292 83
929392 1748590 83
929392 1748591 13
1754456 76888 24
3969181 4162093 63
3670791 3971118 20
3670791 3971119 2
2919789 3459430 45
9700730 9700776 63
1848301 2651682 34
12749788 68360 92
13145494 35167 76
12491517 12491521 53
13146291 13146296 39
13146566 60456 85
13147173 13147175 51
13147609 89703 47
931299 1754563 78
13148366 613216 62
11969585 11969593 33
10576807 257509 83
13150454 76795 32
11953434 11953439 58
10654258 10654263 28
13153853 3430462 82
13155213 156478 82
3419854 549312 4
13157420 522156 28
13157451 13157453 70
13159111 485074 84
13159264 13159269 57
13159351 546195 27
13159475 414544 32
13160487 82466 40
13160874 89778 4
13209260 68360 64
3879584 4105135 8
928601 1740256 98
4907189 4907540 14
2078192 2833788 74
2129044 2876342 82
2476831 271376 89
6697561 6697574 16
8027651 8027671 51
817058 537919 50
2135036 68360 5
1202771 779983 82
497685 1183434 57
1103554 1974979 9
6596031 538012 46
1300597 2180037 52
1750678 2574380 93
2582543 3220581 37
13219221 13219226 33
13219284 13219288 51
10622037 10622044 15
13221619 613216 68
1248532 2127078 87
13222657 13222663 93
3807600 4053254 87
3411643 3800155 37
5876830 5876855 6
346043 154491 92
13225630 13225632 68
13226855 4184083 4
13226855 13226860 10
13226855 13226861 36
13226855 13226862 50
3135072 270319 42
2448614 171313 85
2448614 3129081 95
2448614 3129082 43
13227272 129760 18
6630707 6630750 81
7795332 7795355 62
7795332 7795356 39
164954 517620 80
2229930 1123488 95
2229930 2959306 37
13229364 65321 96
13229782 414544 30
1246547 416998 42
1527498 2386563 85
2324181 3028463 84
13231317 849212 15
9700736 9700794 12
13233215 303545 59
2571001 3210521 69
2571001 3210522 40
2571001 3210523 54
2571001 3210524 100
2571001 3210525 22
2134653 2881193 20
1188984 2063416 14
1188984 2063417 48
1188984 2063418 52
933258 1758884 6
930210 1750497 92
930210 1750498 99
2264881 2985036 73
6309789 303545 79
3394988 3789281 26
6995114 6995129 4
13250348 13250353 89
13250624 271961 92
13251254 129760 32
83402 287140 19
13252974 129760 99
13253225 13253227 29
248782 739005 76
9403421 9403429 98
822845 1630654 94
13254319 13254321 96
799842 257909 6
799842 1591796 59
118111 60398 1
771543 1554201 33
649977 35164 93
649977 1391613 29
619240 1358279 60
619240 1358280 39
619240 1358281 62
1482130 2349850 45
1506398 418656 77
1506398 35165 97
929143 1748220 60
323012 874472 50
2392466 60231 9
2392466 64101 37
1858194 1148046 38
57834 236762 35
7966546 245404 95
3664830 60456 35
43380 180909 67
2838139 3398421 86
3482429 89735 11
1851690 80840 25
2414521 3102180 61
1103454 1974860 79
13342676 60139 22
13344432 68360 23
444996 1095920 64
13352315 13352317 72
13353095 797260 18
4927256 4927296 88
11682043 11682052 54
1915738 35165 80
13374998 13375001 87
13376273 35164 54
13382427 402269 7
13382501 75565 3
1917753 2694506 16
779649 1565943 97
4134946 414544 47
13397519 414544 31
1100322 1970715 98
2813768 3381653 43
8830230 8830251 54
2958066 3484909 13
2958066 3484910 49
2958066 3484911 14
2958066 3484912 57
13415267 68360 42
2452231 3131479 72
6994444 79146 1
9654397 63002 45
305797 836073 69
13431381 13431383 42
2476622 3151386 1
13447415 13447422 52
13447415 13447423 79
13447415 13447424 37
13447415 13447425 79
13447415 13447426 100
13447475 13447477 35
13447482 206164 91
792597 1582918 15
2985360 62512 81
1212034 130443 39
2919943 3459602 4
929312 1748546 31
703949 1462267 96
13449006 130443 23
13449093 3634989 14
13449482 35167 18
2134886 2881557 78
71906 263672 46
71906 263673 60
71906 263674 4
71906 263675 6
378791 129760 17
13451089 60139 23
13451326 13451334 46
3571192 3907788 1
4950727 4950734 53
13452300 3041 28
1096301 1962045 85
1096301 1962046 42
1096301 1962047 61
449009 1104714 91
1208521 2084781 70
8393526 58261 90
2385226 3077957 100
13454798 414544 4
3220712 3672877 81
6879705 6879718 81
498273 304819 47
379885 270319 46
13456431 13456440 78
1183225 35164 11
1183225 79146 47
1183225 270319 73
1183225 418656 98
1183225 35165 54
1183225 291187 53
1183225 75565 22
1183225 279524 54
1183225 60139 13
1183225 432367 37
1183225 35168 31
1183225 522156 62
1183225 35169 10
1183225 62512 99
1183225 414544 55
1183225 1421460 14
1183225 63002 50
1183225 77325 80
1183225 67445 43
1183225 73151 20
1183225 253151 6
1183225 380345 18
1183225 1123488 59
1183225 252995 35
1183225 315432 14
1183225 257640 56
1183225 75786 61
1183225 2055966 45
1183225 1286018 87
1183225 2055968 83
1183225 2055969 82
1183225 2055970 57
1183225 197824 17
1183225 2055971 95
8370630 87586 29
3193580 3650965 97
13458927 10331911 47
13460081 13460086 11
13460081 13460087 15
4511196 4537252 99
10188919 10188927 12
13461133 3360844 65
13463080 174311 96
13463387 74848 61
13464770 89735 51
856546 1671625 77
378792 984021 89
13468479 13468484 1
65822 60139 69
65822 253234 64
13469100 13469105 23
2931911 3466824 71
2931911 3466825 64
3756519 4023654 53
13470873 13470875 30
13471023 60456 8
378793 76440 74
13471324 162978 53
3238959 89120 55
13471525 241859 5
8075446 76571 11
13472663 13472668 33
1750248 2574090 38
1750248 2574091 99
13473029 304819 52
724013 984136 53
724013 68360 78
13474405 1117751 60
723984 63002 64
723984 1486338 87
723984 1486339 45
13474827 13474835 8
2359715 3056367 94
13490622 129760 3
4452662 4491411 92
13492477 269150 5
13492481 259037 79
13503216 13503222 34
378794 487540 24
278597 785622 89
2229931 2959334 86
5300616 70805 59
5300616 5300629 41
1592709 2449449 3
13530452 89735 73
13534629 131010 11
3526908 18255 4
14266967 1924568 1
576511 1292402 54
3218299 3671095 81
14295072 14295077 96
1256782 2134188 35
5138207 718886 60
5138207 5138237 67
5138207 5138238 51
5138207 5138239 49
5138207 5138240 74
5138207 5138241 5
5138207 5138242 1
5138207 5138243 33
5138207 5138244 20
5138207 5138245 97
2134887 2881577 67
378796 983944 9
3998204 414544 98
6168763 82466 97
2483849 3157852 45
3804493 4051099 77
2688894 74997 90
822124 84986 43
2442016 60456 33
2624536 3252313 96
14315654 69988 27
14325395 1724583 78
9151819 9151851 99
1003348 1854090 21
14239174 14239183 91
253579 747328 13
14341374 1349926 98
14341374 1471816 16
14341374 462472 30
6415381 232113 93
378797 156478 46
14371846 14371850 100
14371846 14371851 29
6186290 6186299 77
14393515 73151 89
14394674 3717904 33
3008994 3522141 82
14408985 14408987 33
14415662 129760 27
1483260 2350838 70
14419332 126480 51
14428195 14428199 54
14440406 4148202 95
7571661 7571669 97
9092858 9092874 81
14484776 3827721 80
14484776 14484780 12
14484776 493866 8
14484776 1387453 68
12257709 70805 85
14527126 314396 4
14537121 68360 19
1440915 88678 91
14594750 14594754 5
14607409 89703 92
14624982 14624986 19
14709723 14709726 18
11375289 11375295 92
14740206 35172 52
11361253 4425327 53
14755230 1940420 39
3537726 130443 57
1208187 670276 15
1208187 113663 95
1208187 76557 56
1208187 253045 76
6133025 6133043 96
14873338 14873343 72
2300193 3014608 35
2300193 3014609 81
3187879 156478 14
14876031 67160 65
4978478 3583710 40
14876162 1182344 23
2575810 35172 97
13430669 552445 9
14883953 35165 12
14890198 710752 98
14898001 775341 54
14936104 35172 9
14948260 14948262 71
856549 1671648 11
14967393 156478 13
14795938 476891 95
4836442 309724 11
14990588 304819 7
15000485 15000488 12
15001113 3064609 60
1317588 2188437 4
15009330 15009332 26
15009997 15009999 65
15009997 15010000 19
378799 984136 51
378799 984137 52
15037273 11955065 37
15069287 15069289 49
13452929 87586 45
3054853 3552625 23
15123801 79146 23
1950151 2723873 81
2156843 2898293 11
3010180 3523212 34
4198625 79146 64
4198625 76440 20
4198625 418656 57
4198625 35165 27
4198625 257640 12
4198625 4315404 4
4198625 4315405 72
4198625 4315406 94
9945548 9945551 8
15150943 259496 20
1188077 2062451 17
8969548 489403 69
8969548 734995 48
8969548 530204 44
952402 1783666 32
2917193 3457285 98
15289653 452909 52
3814028 4056900 79
10387244 1233028 66
10387244 4271102 9
10387244 10387251 80
2919787 1260079 4
2919787 3459420 72
2919787 3459421 75
2919787 3459422 54
2919787 3459423 10
2693048 45393 11
15289852 1999181 28
15289977 129760 52
15290495 15290498 65
15290503 10186556 3
15290512 15290515 23
3212354 3667525 31
15290556 308415 24
1973147 1117852 83
1973147 2745265 82
1973147 2745266 42
1973147 2745267 93
2181586 2919146 20
2181586 2919147 48
2181586 2919148 17
2181586 2919149 83
2489913 3162498 6
15290612 89735 61
15290658 15290661 68
15290678 15290681 44
1093163 257640 37
1093163 1958881 3
3220767 3672991 8
15291088 89735 44
989744 128346 35
15300757 35167 31
15300757 15300760 51
15300757 15300761 66
3319660 3740960 41
2182929 2920779 66
15301908 13147175 44
15301950 88678 69
378802 73289 12
3218812 35172 55
6502575 6502607 35
15305741 14773284 54
15309458 1278276 89
9010797 9010803 19
15310658 2014435 52
8393528 8393553 80
2570391 257509 76
3804760 127812 68
15316123 15316126 36
303103 130155 55
15317348 87586 18
2876286 256095 4
15317852 15317855 20
2569495 3208609 97
2569495 3208610 16
2569495 3208611 82
2569495 3208612 67
15319112 15319115 71
15320849 257640 11
15321789 788632 25
15323274 528007 41
378803 984166 34
15324031 2148975 9
15325170 15325173 18
1735527 60456 100
15059309 15059320 49
3809706 35164 39
15340198 551889 1
15352546 15352549 19
15357682 113332 21
15357857 580501 42
15358199 1560177 51
1980084 22829 11
15067054 86655 42
15367461 129760 68
15367474 1052095 81
15367474 15367479 75
15369552 15369555 100
2570124 88678 74
15371778 89735 15
3078631 3568233 12
15375452 15375454 36
15377870 790319 36
15377870 1351479 11
11980883 595113 54
14556731 14556741 35
14556731 14556742 11
14556731 14556743 48
14556731 14556744 44
13581233 13581240 94
15444023 35167 56
15453103 15453106 14
15476827 35165 60
15485809 87586 39
3079150 3568735 84
15506643 71642 69
2570558 3210087 10
15516116 819211 44
1782988 35148 9
1782988 117206 97
1782988 239039 37
15530721 744439 32
1256784 2134227 85
1256784 2134228 35
1256784 2134229 14
1256784 2134230 20
1256784 2134231 79
15549541 1166046 93
2123528 2871279 14
2123528 2871280 11
1252852 2131452 19
4931759 257640 98
4931759 75786 9
15600850 35167 26
15600850 15600852 44
378805 753408 60
378805 984180 29
3457764 3832694 2
1705495 89337 71
15607461 70805 75
15607771 62512 94
15614140 15614143 52
15614140 15614144 86
15619790 15619792 90
15622047 15622049 2
15624585 239039 66
15625246 291187 24
15625246 15625249 62
15636258 35148 22
1860103 2660471 5
15640208 89337 38
5611108 35165 20
15643251 414544 34
15644851 468267 100
13377888 303545 10
15654839 185076 49
441510 35172 61
15656301 478668 65
5286450 35167 3
378808 35168 58
2190025 76571 33
15736681 45393 33
15805086 15805088 54
75156 64101 97
4836414 4836467 98
24350379 418656 1
24350379 24350381 40
24350379 24350382 8
24350379 24350383 92
24350379 24350384 10
4230400 4338379 77
25436475 25436477 1
25438641 25438643 43
25452468 13205854 48
1867614 2666943 13
28318133 89735 82
28319142 35148 11
28319440 271961 22
28319449 28319450 36
218601 64303 58
2636736 35148 48
28709756 67462 57
28709851 402269 27
28709872 28709873 2
28710020 3473069 85
28710036 238789 6
28710036 241859 36
28712378 88678 64
28713757 377854 47
28715257 65734 6
28715769 753408 10
28715992 243450 4
186666 575855 82
11920790 1133577 67
28719179 402269 57
28723578 89735 39
28723627 1121135 52
28724601 1993923 81
28724708 28724709 64
28725194 65262 42
28727525 466229 35
4812931 4813130 22
1251419 35164 74
28727870 7462 38
28727884 76440 75
28727884 76795 20
13978545 70805 55
9505570 67160 100
728643 1500493 8
5874162 60456 89
5874162 68360 60
5874162 397969 100
5874162 257640 88
5874162 264620 80
5874162 75786 35
2578215 3217515 12
28728896 464457 96
2183008 35172 63
2385889 3078950 9
2385889 3078951 31
3078956 429961 78
2450125 3129937 52
28728975 35172 34
3129764 3606157 65
28728981 28728984 60
28729520 466229 43
28729607 65734 77
28729710 28729711 49
28729816 28729818 98
8075225 1134 95
28729921 88678 44
28730422 130155 83
28730524 35167 51
28730524 89164 31
28730524 485040 78
5027681 206164 75
28730101 130443 63
28730372 28730375 70
28730929 60456 53
28730941 70805 31
28730988 70805 7
28730998 233788 84
968924 1808295 68
29334693 29334695 65
29334752 29334754 18
29334872 303428 79
3218285 132565 74
4301725 4383733 30
29339607 29339609 77
28402455 28402458 75
28402455 28402459 3
28402455 28402460 46
48395 207350 91
618495 1357424 46
29362598 89703 61
30246211 60139 77
3079590 3569365 57
9630225 9630231 68
5032553 35172 40
8109642 245404 92
8109642 8109647 65
8109642 8109648 48
3071054 3562281 5
4126242 4268115 67
1736112 2569522 71
30317321 257509 59
30321587 30321588 4
11900015 250934 82
5160865 89120 80
13182872 13182880 50
2352200 77728 67
3117976 3597538 34
5216497 87586 84
6690404 156478 21
30339170 30339171 65
9223002 67160 95
7631314 126480 6
5874561 35167 75
8729144 8729158 75
30352821 30352826 91
30341415 30341416 86
30299006 30299008 45
30299006 30299009 14
30299006 30299010 88
30299006 30299011 10
30299006 30299012 54
6621991 67445 49
3428192 3809374 80
3804581 4051140 72
14698782 414544 18
7450246 7450252 34
15359126 15359135 78
1243981 2122919 9
28674387 60456 88
12808812 156478 19
30298777 67160 67
9227235 9227244 72
30335203 30335208 74
30490485 4505604 72
30490485 2040919 30
30495492 89442 78
30495494 82466 39
30497752 64101 23
30499994 84947 60
42054 173029 2
30500536 1286018 58
510928 257640 36
30502084 35165 9
30502234 59526 91
3344580 3760127 6
30525966 64672 33
30525966 30525968 8
30525966 30525969 90
30525966 30525970 22
1357448 2231373 11
30596721 7458 7
30596721 314396 20
30596721 1134 56
30596721 164388 91
30596721 65262 83
30596721 89703 64
30596721 89442 19
30596721 259750 55
30722666 449171 41
30722666 315432 56
30722802 148497 18
30722802 30722803 46
30723496 30723497 56
30743491 30743492 46
30743830 30743831 16
4008741 79146 85
28730374 28730382 74
30745341 397969 97
30746307 30746308 44
30746490 30746491 16
30747025 30747026 15
30748726 10202895 84
30751256 30751257 33
30753373 2146688 69
3731255 59526 79
30754185 30754186 39
30754220 30754221 76
30754619 30754620 91
30754626 30754627 67
30755599 79146 41
28730624 70805 84
30762616 3830336 74
30763392 156478 69
30765916 87586 89
3466859 3840321 37
30767980 68360 4
30768051 89703 84
30770084 243508 86
15162280 82466 76
30771882 30771883 74
9711620 258466 62
30774834 30774835 46
30775253 29940543 29
30781689 257509 94
30783283 30783284 41
3747338 35168 35
30785855 127513 41
4931761 8909 33
4931761 76571 7
4931761 206164 72
4931761 257909 66
4931761 4931780 69
4931761 4931781 6
4931761 4931782 32
4931761 4931783 79
4931761 4931784 80
4931761 4931785 67
4931761 4931786 69
4931761 4931787 68
5979854 8909 9
30881765 8909 32
378825 8909 1
30881767 68184 65
29354222 35164 31
30881777 35164 8
30881777 76440 1
30881777 270319 99
30881777 291187 73
30881777 264620 11
30881777 76795 77
30881777 30881778 77
30881784 35164 43
30881789 35164 51
30881791 35164 93
30881791 35167 58
30881791 65734 5
30881792 35164 87
30881794 35164 76
4931762 35164 11
14871258 35164 77
14871258 14871259 89
30881799 87586 88
30881802 87586 45
30881806 87586 80
30881810 87586 69
30881813 87586 57
30881814 87586 81
15270673 87586 75
30881818 87586 22
30881822 87586 47
30881823 87586 69
30881825 87586 12
30881828 87586 34
30881831 87586 29
30881834 87586 9
30881836 87586 30
30881838 87586 3
29589373 89120 51
30881841 89120 24
30881843 89120 13
30881843 243508 23
30881843 1220469 28
30881843 1457103 47
30881843 1815513 21
30881843 10199790 21
30881843 155340 63
30881843 1527631 80
30881845 89120 21
30881848 89120 83
30881850 89120 77
30881852 89120 35
30881854 89120 97
30881856 89120 38
30881858 89120 16
30881863 89120 45
30881866 89120 80
30881868 89120 76
30881870 42258 56
30881871 42258 38
30881874 1054278 56
30881876 2760153 82
30881877 7458 71
30881879 7458 52
30881881 30881882 4
2858653 3411658 89
30881885 748934 98
30881888 203221 28
30881890 1151796 12
30881890 28171481 25
30881890 30881891 8
30881899 29773648 71
30881901 4369828 57
30881903 1121669 32
30881906 1121669 97
30881908 15456201 89
30881910 89310 83
30881912 45351 17
30881913 89468 86
30881914 147743 6
30881916 2225165 7
30881918 449613 51
30881918 483807 84
30881918 417719 89
30881918 36395 46
30881918 1479248 82
30881922 21471 64
30881924 128794 21
30881924 30881925 6
30881928 2652320 79
30881931 259231 79
30881933 13337143 4
4136890 4275603 77
4136890 4275604 57
30881935 29731549 75
30881938 88849 37
30881940 37240 56
30881942 37240 78
30881944 30881945 7
30881946 30881947 96
10239320 10239324 16
30881950 126480 55
30881951 126480 44
30881953 126480 76
30881958 89674 63
745860 89674 94
30881960 89674 83
1093079 1958794 81
30881963 1279515 1
30881964 753476 62
30881966 29775114 12
30881969 2151041 69
30881974 76946 43
30881976 77728 24
30881980 30881981 73
30881984 30881985 53
30881988 92576 45
30881990 9632 27
30881993 1650692 58
30881993 89778 63
1208625 2084873 54
30881998 547170 31
30882000 2052940 68
30882005 71978 53
30882007 3824313 73
30882013 377801 10
30882013 754296 10
30882013 34448 39
30882013 834657 52
30882013 1203562 65
30882016 128952 10
30882018 64907 84
30882021 30882022 82
30882029 449270 11
30882032 17969 22
30882034 30882035 19
30882040 540608 20
30882042 2139111 8
30882045 417685 76
30882047 56741 80
30882049 1152805 21
30882051 297641 3
30882052 72777 92
30882054 454455 11
30882056 548423 68
30882058 571501 56
25404663 25404676 94
30882061 159830 45
30882063 1987603 8
30882066 2494429 83
30882070 151982 5
4278926 76440 32
30882072 242846 18
30882074 242846 64
30882076 242846 63
30882080 242846 53
30882083 314396 11
30882087 314396 47
30882090 314396 87
30882092 314396 24
30882094 314396 56
30882096 314396 6
30882096 4027453 88
30882100 74715 8
30882102 30882103 99
30882102 30882104 56
30882136 616717 64
30882138 2515 96
30882140 2515 81
30882143 30882144 6
30882146 250840 35
30882148 30882149 78
30882169 703552 80
30882171 594598 70
30882174 821086 75
30882176 74542 49
30882179 30882180 93
378826 984421 16
30882184 2020648 31
4317038 4393925 60
30882187 30882188 76
30882190 242079 27
30882192 158060 10
30882196 1221466 50
30882198 3582337 49
30882219 2711657 71
30882220 541595 72
30882223 29807161 97
30882225 613216 36
30882227 613216 50
30882227 58261 85
30882227 35167 90
30882229 613216 22
30882231 130155 59
30882234 30882235 15
30882237 14811 54
30882240 14811 88
30882242 30882243 97
30882242 30882244 13
30882242 30882245 68
30882242 30882246 11
30882251 30882252 64
30882255 1147274 70
30882257 30882258 87
30882260 30882261 51
30882263 1145974 11
30882265 220318 73
30882267 135218 52
30882270 128794 77
30882270 418656 5
30882270 1724583 46
30882271 243465 46
30882273 1224552 44
30882275 1155378 69
30882278 28667816 86
30882279 88657 26
30882282 701583 74
30882285 4370802 10
30882288 30882289 64
30882288 30882290 92
30882291 30882292 88
30882291 30882293 95
30882297 164277 50
30882301 89319 10
30882301 264333 46
30882301 265502 70
30882301 291411 93
30882305 30882306 57
30882308 30882309 12
30882313 146182 95
30882315 11327355 62
30882318 30882319 85
4979597 2808973 19
30882322 1184183 37
30882324 30882325 93
30882327 729630 67
30882329 1158309 15
30882331 89600 46
30882334 431061 55
30882337 30882338 76
30882339 75598 67
30882345 710320 28
30882348 492773 19
30882351 527413 55
30882352 3035745 58
30882352 1907850 78
30882352 1532426 62
30882352 30882353 66
30882355 43770 35
30882358 35165 81
30882362 156478 59
30882364 156478 53
30882369 156478 93
30882373 156478 51
15179855 156478 41
30882375 156478 76
30882379 156478 94
30882381 156478 84
30882385 156478 95
30882390 156478 40
30882395 156478 71
30882397 156478 62
30882399 156478 51
30882402 67160 25
30882405 67160 91
15082107 67160 23
30882406 67160 35
30882409 67160 61
30882410 67160 23
30882411 67160 2
30882413 67160 42
30882415 67160 100
30882421 67160 92
30882423 67462 95
30882426 67462 74
30882430 30882431 51
30882434 476403 96
30882436 9635 97
30882438 177219 29
30882440 1669688 89
30882442 154431 15
30882444 30882445 26
30882447 304947 70
30882449 30882450 100
30882451 238822 54
30882453 30882454 81
30882457 258392 11
30882459 30882460 54
30882464 1106887 39
30882466 30882467 16
30882472 30882473 44
30882474 30882475 42
30882476 58261 95
30882477 58261 68
30882479 58261 69
1576800 402269 6
1576800 177364 90
30882482 402269 41
30882485 402269 61
30882487 402269 27
30882490 402269 73
30882492 402269 75
30882495 89601 55
11453283 4224737 79
30882497 2494506 31
30882500 30882501 68
30882503 30882504 56
30882505 2367431 63
3033851 677393 4
30882509 677393 19
30882514 377906 31
30882515 129673 85
30882517 97075 99
30882520 97075 30
30882522 97075 20
30882524 474275 72
30882526 645829 17
30882529 255194 52
30882532 135884 69
30882534 82592 8
30882536 75565 96
30882537 75565 39
30882539 303545 65
30882539 485040 12
30882541 132766 18
29585741 132766 30
30882543 132766 44
30882545 30882546 24
30882548 30882549 22
30882559 1809065 5
30882561 121155 9
3580306 3914776 7
30882563 201136 90
30882565 276517 24
30882567 29723952 36
30882575 30882576 64
30882578 82488 26
30882580 303372 87
30882583 303372 75
30882585 64947 91
30882587 30882588 90
30882591 3617085 98
30882591 30882592 61
30882591 30882593 60
30882591 30882594 77
30882591 30882595 52
30882591 30882596 98
30882591 30882597 45
30882591 30882598 42
30882591 30882599 70
14964927 14964933 92
30882603 30882604 19
30882606 30882607 13
934820 1760662 21
2697508 59411 52
30882609 59411 57
30882611 76571 84
30882614 76571 57
30882620 76571 72
28409373 76571 94
30882622 127985 1
30882625 127985 10
30882627 127985 29
30882629 89702 28
30882630 30882631 7
30882633 30882634 4
30882636 30882637 7
30882636 30882638 24
30882636 30882639 36
30882636 30882640 55
30882646 172361 34
30882648 476383 92
30882650 426031 81
30882650 30882651 20
30882652 470372 37
30882654 231455 30
30882658 89538 49
30882660 479296 89
30882661 30882662 63
30882664 3729653 34
30882670 231180 62
30882672 30882673 37
30882675 30882676 54
30882679 125810 3
3280145 259375 9
3280145 3715295 27
30882682 596853 61
10214919 10214922 18
30882684 11833 16
2182226 2920055 68
30882686 1170977 98
30882688 89497 51
30882690 30882691 56
445854 1097366 31
30882695 454725 61
30882697 1175711 73
30882697 29892588 59
30882697 30882698 78
30882697 30882699 79
30882703 486010 4
30882709 30882710 42
30882709 30882711 93
30882716 1146432 43
30882718 840002 45
30882721 60139 83
30882723 60139 79
30882725 60139 16
30882728 35167 69
2919945 35167 79
30882730 35167 37
30882736 35167 64
30882739 35167 58
30882741 35167 74
30882743 35167 38
30882747 35167 28
30882752 35167 17
30882756 35167 32
30882758 35167 100
11003409 35167 81
30882761 89735 84
30882763 89735 17
30882763 243450 90
30882765 89735 97
30882767 89735 72
30882769 89735 95
10075836 89735 12
30882771 89735 35
30882773 89735 60
30882776 89735 93
28409700 89735 9
30424833 89735 29
30882778 89735 45
30882781 89735 44
30882785 1134 7
30882787 1134 67
30882788 1134 82
30882790 1134 41
30882792 1134 28
30882794 1134 28
30237099 1134 96
30882802 258902 15
30882804 30882805 50
30882804 30882806 20
30882811 30049091 84
424325 1066449 23
424325 419550 31
30882813 855785 60
30882815 233788 14
162847 233788 24
30882818 233788 50
30882820 29903053 86
30882820 489339 56
30882820 129760 48
30882822 30882823 34
30882826 30882827 62
30882826 74448 24
30882826 30882828 71
30882826 30882829 11
30882826 30882830 35
30882832 2862402 78
10067609 495806 50
30882834 10492443 85
30882835 1353075 67
30882837 3023531 31
30882840 596595 65
30882842 38440 95
30882844 122 61
30882846 122 34
30882848 432367 66
30882848 30882849 22
30882848 30882850 33
30882848 30882851 29
2093397 774090 69
2093397 2156418 93
2093397 2846074 75
30882856 1117248 62
30882858 246938 22
30882860 30882861 18
856555 1671657 87
10215529 10215534 70
30882867 30882868 5
30882872 181735 88
4051247 716579 87
30882874 30882875 31
30882879 240933 43
30882882 47645 17
30882884 29263 80
30882886 29263 98
30882887 29263 18
30882889 35168 43
30882891 21105 27
30882896 3210142 44
30882898 30882899 35
30882898 30882900 58
30882898 30882901 79
3239189 148235 80
30882902 119276 52
30882904 156091 10
30882905 130244 43
30882907 30882908 63
23364575 733039 72
30882912 733039 9
30882914 88938 50
30882915 30882916 17
30882926 128927 4
30882928 30882929 83
15918805 15918808 65
30882932 30882933 53
30882939 4875 26
2788296 3366141 91
30882942 2005450 71
30882947 753003 26
30882949 269285 13
30882950 544457 4
30882952 242088 10
30882954 30882955 69
30882957 29934405 86
30882960 120447 99
28408307 28408311 53
28863480 28863494 81
30882962 30882963 12
2740235 311372 15
2740235 80956 15
2740235 3332434 83
2740235 3332435 26
2740235 3332436 86
30882965 7605 98
30882968 78467 85
30882971 250469 12
15133704 15133707 70
30882973 63869 72
30882977 1140895 26
4034538 1276872 20
30882984 610877 55
30882986 30882987 92
30882988 1336527 32
30882990 247479 86
30882992 247479 90
30882994 596551 27
30882996 7964 19
30882998 7964 69
1917172 414544 64
10231891 414544 92
30883000 414544 36
30883004 414544 9
30883007 414544 53
30883009 414544 63
30883010 414544 88
30883013 414544 41
30883016 414544 71
30883018 414544 3
30883020 82466 6
30883023 82466 33
30883025 82466 71
30883027 82466 39
30883032 82466 37
30883035 82466 49
1521802 82466 62
30883037 82466 100
30883043 82466 91
30883046 164388 47
30883047 4362655 13
30883049 30883050 98
30883057 259158 80
30883059 127986 85
30883061 688758 35
30883064 790198 69
30883066 30883067 36
30883070 589971 4
30883075 1532655 8
10378035 3540362 15
30883077 30883078 92
30883080 286123 96
30883083 418087 78
30883086 90338 39
30883088 27596 61
30883091 27596 61
30883093 27596 46
30883095 243450 93
30883096 243450 21
30883099 243450 58
30883101 244587 69
30883104 88690 46
30883106 15183043 33
30883109 30883110 22
30883109 30883111 73
30883109 30883112 53
30883109 30883113 79
30883117 30883118 90
30883120 13526718 84
30883123 1480799 77
30883127 143216 11
30883129 29960769 68
30883131 291707 30
30883133 24610 9
30883135 24610 65
4846490 35170 80
30883137 35170 13
30883140 15544 82
30883142 127268 2
30883142 303428 62
30883142 30883143 50
30883142 30883144 50
30883142 30883145 52
3458418 3833091 55
30883147 30883148 10
30883154 89675 19
30883155 29964552 64
30883156 1156478 44
30883158 77039 68
30883160 2003335 88
30883162 29967363 62
30883164 253858 41
30883168 23433 95
30883170 177364 97
30883173 177364 80
30883174 2776353 7
30883174 4222811 62
30883174 30883175 33
30883176 89062 47
3567180 80956 55
30883178 1351479 58
30883180 64301 12
30883182 457028 77
30883183 30883184 88
30883183 30883185 58
30883183 30883186 67
30883183 30883187 34
30883183 30883188 83
30883183 30883189 58
30883183 30883190 69
30883183 30883191 97
30883183 30883192 49
30883183 30883193 65
30883183 30883194 40
30883183 30883195 79
30883183 30883196 93
30883183 30883197 35
30883183 30883198 82
30883183 30883199 68
30883183 30883200 90
10389238 10389240 94
30883201 465459 74
30883206 30883207 69
30883209 30883210 26
30883214 14684 36
30883217 14684 68
30883219 479344 63
30883222 30883223 85
30883228 30883229 73
30883230 74885 18
30883230 305344 41
30883230 250297 83
30883235 30883236 86
30883241 239407 29
30883243 30883244 16
30883247 30883248 84
30883251 284487 71
30883253 30883254 71
3547952 3893577 95
30883255 14566 83
30883258 266 61
607010 63002 97
30883259 63002 26
30883264 70805 59
30883266 70805 32
30883268 70805 5
30883271 70805 28
138784 70805 64
15057268 70805 74
30883273 70805 86
30883277 129760 18
30883279 129760 91
30883283 129760 48
30883286 129760 44
30883288 129760 4
6704653 129760 31
30883290 129760 63
30232804 129760 38
30883295 129760 27
30883297 129760 22
29357027 129760 43
30883300 129760 88
30883302 129760 33
30883304 129760 98
30883307 129760 46
30883310 65262 84
30883312 65262 40
30883313 65262 66
30883315 65262 3
30883317 65262 16
30883320 65262 25
30883324 65262 33
30883324 304432 85
30883324 232643 51
30883324 7462 91
29590598 65262 12
30883327 65262 5
30883328 65262 85
30883330 62835 87
30883332 1115388 80
30883334 89479 30
30883336 89479 10
30883338 1479412 6
30883340 1479412 42
30883342 1172041 40
28710135 28710136 10
30883347 850508 39
30883350 15331045 95
30883354 30883355 48
1104287 1976172 44
30883357 88549 80
30883359 88549 10
30883361 1066039 13
30883363 30883364 67
30883366 1288741 44
30883368 76851 78
30883370 76851 14
30883372 88186 33
30883375 30598276 29
30883378 30883379 74
263727 762108 13
30883381 13228490 83
4931827 1159466 89
30883386 773984 22
9548804 9548820 54
30883388 419147 62
30883390 8218 92
30883392 2882841 88
30883573 238789 21
30883575 481689 77
30883577 275542 74
212830 648183 96
30883579 3079751 88
4502869 4529632 79
30883581 310836 91
30883583 30883584 56
30883586 30883587 95
30883589 242081 89
30883591 15173753 74
30883594 36839 100
30883596 266143 51
30883598 25780 37
30883600 18254 55
30883602 304813 4
30249018 304813 57
30883605 304813 94
30883607 1070236 12
30883609 84577 24
11136191 11136192 1
30883611 229587 80
30883613 230393 9
30883617 230393 14
30883618 88939 36
930291 1750680 75
30883621 254320 63
30883623 30012612 18
28813614 10904981 71
30883626 414467 97
30883629 30883630 44
30883633 2428594 98
3807534 4053000 11
30883635 30883636 56
30883639 30883640 54
30883645 13374548 29
30883645 30033474 55
30883648 171042 47
14868194 60456 100
219042 60456 58
30883649 60456 92
30883652 60456 21
30883655 60456 71
30883657 89164 53
30883660 89164 94
30883663 89164 55
30883665 89164 88
30883667 89164 48
30883672 89164 79
30883674 89164 90
30883680 89164 68
30883683 89164 21
30883685 232643 8
30883687 232643 11
30883689 37460 42
30335925 30335927 95
30883692 254145 99
30883694 254145 86
30883695 2386563 40
30883698 250971 32
1568973 2427995 35
30883701 1066466 43
30883704 199192 71
30883706 482245 85
30883709 34971 54
30883710 744439 36
30883716 30883717 52
30883719 89570 16
30883721 296709 91
30883724 1140300 42
30883726 29982180 93
30883728 303356 15
30883730 258490 52
30883733 284907 2
30883736 89539 20
30883738 75040 42
30883740 30883741 78
30883742 1075991 78
30883744 1561089 69
30883746 30883747 73
30883751 764978 17
30883757 473672 1
30883759 11948 53
30883761 11948 82
30883763 763395 29
30883766 63935 95
30883767 2023697 74
30883770 67445 33
1251421 257509 26
30883774 257509 17
30883776 257509 36
30883779 257509 28
30883782 257509 55
30883785 257509 58
4931763 257509 86
30883789 88678 9
30883792 88678 7
30883794 88678 24
30883797 88678 22
1208456 88678 21
30883798 88678 56
30883800 88678 20
30883804 88678 19
30883806 88678 27
30883811 88678 43
30883813 88678 35
30883816 88678 34
30883818 88678 43
30421910 88678 2
30883820 88678 89
30883823 7462 68
30883824 7462 87
30883826 7462 77
30883828 1147191 3
30883830 8732 90
30883833 8732 59
30883835 8732 19
30883840 481608 30
30883843 1917091 17
30883843 30883844 34
30883845 1652144 20
30883846 702900 1
30883848 239397 100
30883850 239516 92
30883850 1234966 24
30883852 716650 55
30883855 30883856 100
30883855 30883857 66
30883855 30883858 95
30883855 30883859 47
30883855 30883860 29
30883862 306578 33
30883867 72083 36
30883869 476891 25
30883872 241927 28
30883875 126830 81
30883877 30883878 44
30883879 1712055 9
30883883 479220 48
30883885 44487 99
30883885 206164 84
30883886 145255 77
30883888 30883889 19
30883894 2335780 73
30883896 1166056 64
30883898 31085 71
30883900 782406 89
30883903 492293 92
30883905 30883906 30
30883908 1470273 32
30883913 3775752 32
30883915 1076822 41
30883917 1574549 73
15047993 15047997 54
30883921 247261 39
30883923 15924 71
30883926 113332 23
30883930 113332 83
30883933 77650 13
30883935 15359309 71
6001109 4202759 82
6001109 186624 19
6001109 6001114 68
6001109 6001115 99
30883938 553297 70
15939736 15939740 54
30883940 88679 7
30883942 312 1
30883944 312 87
30883946 312 3
30883948 2136444 33
30883950 265460 94
30883952 2414772 99
30883955 30883956 33
30883960 30883961 35
30883963 722826 3
30883965 28390 11
30883967 62775 54
2084686 2838443 18
2084686 2838444 79
2084686 2838445 22
2084686 2838446 7
2084686 2838447 51
30883969 48258 89
29356400 29356406 66
30883971 30883972 91
30883975 30883976 8
30883977 260607 18
30883982 260607 54
30883983 276825 40
30883987 30883988 54
30883994 602456 59
30883996 308490 80
30883998 64909 22
30884000 64909 71
30884002 145766 74
30884004 42388 74
30884006 30884007 40
30884010 115237 41
30884013 304006 97
30884015 2517 88
30884016 380345 36
30884017 380345 12
8254891 380345 25
30884019 68360 69
2012287 68360 78
8141200 68360 77
29356447 68360 28
30884021 68360 49
30884023 68360 48
30884029 68360 65
30884032 68360 63
30884035 35172 4
30884038 35172 29
30884040 35172 59
30884042 35172 77
30884042 30141041 92
30884045 35172 97
30884048 35172 77
30884051 35172 11
30884054 35172 40
30884056 35172 29
30884059 35172 1
30884063 35172 63
30884066 35172 90
30884069 35172 32
30884072 35172 25
15916533 35172 49
30884074 89703 31
30884077 89703 56
30884078 89703 25
30884082 89703 81
30884085 89703 12
30884087 89703 65
30884089 89703 87
30884091 89703 92
30884093 15163 6
30884094 15163 23
30884096 30884097 14
30884103 1058657 93
30884106 30884107 5
30884109 753998 79
30884111 1993190 76
30884113 30884114 73
30884116 123 72
2984903 217598 23
30884118 423094 25
30884119 79260 47
30884123 259325 67
30884129 257604 39
30884130 30884131 43
30884133 284024 18
207375 618498 66
30884136 1994343 14
30884138 14975931 15
30884142 30884143 47
30884145 751841 63
30884148 255642 95
30884150 13200 19
30884152 13200 16
30884154 2526429 61
30884157 2526429 87
30884160 275690 54
30884163 153480 12
5179209 5179210 40
5179209 5179211 1
5179209 5179212 95
5179209 5179213 1
5179209 5179214 17
30884164 239287 24
30884167 1476026 14
30884171 271046 7
30884173 762526 54
30884175 9530 13
30884177 1161127 96
30884177 30129304 44
30884212 271961 72
30884214 271961 8
30884217 74848 72
30884219 74848 2
30884221 30884222 57
30884221 30884223 71
30884221 30884224 89
30884227 30884228 41
30884232 834399 85
30884234 717507 1
30884237 30884238 51
30884243 11217 66
30884245 11217 42
30884247 11217 50
30884249 89778 94
30884253 474847 88
30884253 30884254 79
30884253 30884255 94
30884259 1237085 18
30884262 1112209 19
30884265 30884266 2
30884268 30884269 61
30884274 30884275 65
30884277 1143194 74
30884279 30884280 32
30884282 258236 66
30884285 258486 33
30884287 23434 3
30884289 132565 83
15063394 413077 24
30884295 413077 4
30884297 981910 68
30884299 837286 36
30884299 30884300 98
30884299 30884301 49
30884303 738870 81
30884306 30884307 40
30884313 128853 62
30884316 30884317 92
30884319 30884320 26
30884323 30884324 75
30884329 602165 96
30884332 115983 45
30884333 1019 57
30884336 45393 36
30884338 89337 41
30884341 89337 87
30884345 89337 67
30884349 89337 67
30884353 89337 23
15114518 89337 74
30884358 89442 92
30884360 89442 89
30884363 89442 75
30884365 89442 5
30884366 82489 92
30884368 4183316 18
30884371 244266 59
30884373 4320 45
30884375 4320 1
30884378 30884379 47
30884387 850599 76
30884387 496750 85
30884387 14975932 93
30884387 30884388 38
30884392 30884393 22
30884394 30884395 42
30884414 75869 95
30884417 30884418 16
30884421 2753796 93
30884423 481802 67
30884425 1573107 63
30884427 30884428 90
30884434 89770 56
30884435 204395 95
30884437 30884438 74
30884443 2712959 83
30884448 30884449 100
30884451 30884449 51
30884452 90107 3
30884454 371542 4
30884456 70003 38
30884459 70003 68
1209449 397969 48
120917 397969 95
30884461 397969 57
30884463 89747 41
30884467 89747 73
30884469 89747 20
13598945 89747 39
30884473 466229 30
30884477 466229 11
30884479 30884480 81
30884482 374719 32
30884482 117206 40
30884482 30884483 40
30884482 30884484 16
2840311 3400186 64
30884485 248654 94
30884487 1223942 10
30884489 64799 95
30884492 1649173 5
30884495 21460 29
30884497 511119 63
30884503 511119 94
30884506 511119 1
30884508 511119 15
30884510 511119 51
30884514 2760199 17
30884516 30884517 73
30884519 30884520 47
30884521 1020 45
30884522 1020 73
4931764 257640 99
4931764 75786 27
4931764 4931798 23
3954375 257640 89
30884524 257640 34
30884526 35148 74
2571300 35148 39
30884527 35148 56
30884532 35148 78
30884539 35148 91
30884542 35148 47
30884544 35148 36
30884546 35148 49
30884548 35148 24
30884551 35148 70
30884553 35148 42
28717001 35148 16
30884555 239231 20
30884556 239231 84
30884558 239231 44
30884563 239231 40
30884566 20262 44
30884568 30884569 41
30884571 30884569 92
30884573 30884574 45
30884582 2746092 33
30884584 124 92
30884586 1977306 72
30884591 27893 23
30884597 30884598 12
30884599 29378323 57
2873210 3423132 70
30884601 1272908 92
30884604 481201 37
30884606 221004 91
4979598 1146420 88
30884608 304855 3
30884611 30884612 2
30884614 30884615 94
30884618 1650810 14
30884619 138000 39
30884621 264620 87
30884623 268658 88
30884628 268658 65
30884630 268658 77
30884636 268658 79
30884639 268658 38
30884642 242086 44
30884645 242086 81
30884649 242086 73
30884651 79528 84
30884653 2144802 85
30884655 30884656 62
30884658 515904 66
30884660 932391 7
30884662 23139 25
30884664 23139 21
30884665 778027 26
30884670 1358789 87
30884674 28188437 6
30884683 550368 10
30884683 30884684 95
30884691 38516 67
30884692 38516 45
30884694 117206 40
30884698 647532 31
30884700 30884701 87
30884706 4046359 72
30884711 30884712 4
30884714 30884715 64
30884719 414428 29
30884726 414428 41
30884727 3582572 37
30884730 30884731 69
30884730 30884732 4
30884730 30884733 61
30884730 30884734 30
30884730 30884735 55
30884736 30884737 41
30884736 30884738 19
30884740 30884741 65
30884744 1021 42
30884746 65734 67
30884749 65734 32
30884751 65734 98
30884753 65734 34
30884759 65734 38
14942031 65734 87
30884761 65734 36
30884763 65734 86
30884766 65734 65
30884768 277130 50
30884771 277130 33
30884775 277130 2
30884776 30884777 64
30884778 23857 90
30884780 23857 23
30884783 2006570 96
30884786 1570298 69
30884789 269037 95
15127889 15127892 77
30884793 258619 29
30884795 13337 92
30884797 1161472 60
30884800 8219 30
30884802 377832 40
30884805 89109 59
30884807 29856053 62
30884810 21467 62
30884812 309724 8
30884813 30884814 75
30884816 128630 60
30884820 29382930 71
30884822 30884823 21
30884826 243312 9
30884830 463757 35
30884832 30884833 46
30884834 178036 89
30884836 64992 97
30884838 304819 19
30884840 304819 62
30884843 3041 62
30884845 42261 51
30884847 1469838 15
4283106 4370972 72
30884851 4148 96
30884853 708746 29
30884855 989247 42
30884860 741333 8
30884862 186976 48
30884864 3204088 33
30884866 732325 78
30884868 732326 10
30884870 115821 17
30884872 254487 39
28710633 28710637 19
30884874 856340 54
30884876 334943 86
30884878 30884879 88
30884878 30884880 73
30884878 30884881 80
30884878 30884882 40
30884878 30884883 92
30884886 269445 87
30884888 9637 27
30884890 86553 31
30884891 232113 96
30884892 232113 80
30884896 232113 26
30884900 232113 26
30884902 232113 62
30884904 232113 95
30884905 232113 80
30884907 232113 31
30884909 259750 52
30884912 39722 24
30884913 711613 5
30884915 8734 68
30884916 377854 28
30884919 1999168 86
30884921 1151085 80
30884923 24309 66
30884925 27793 65
29595596 27793 94
30884927 88258 97
30884930 531194 73
29600735 486033 42
30884932 30884933 3
29348078 13229396 99
2510603 3178035 56
30884937 1168524 2
30884939 30884940 57
30884948 241996 66
30884950 241996 36
30884952 241996 4
30884957 1289178 21
30884959 30884960 38
30884966 29951856 41
30884968 736941 44
30884970 770758 2
30884972 30884973 82
30884974 13442801 81
30884977 29754919 63
30884979 4552851 20
30884981 80385 68
2878468 3426898 55
30884982 30884983 89
30884987 30884988 91
30884990 30884991 47
30884992 30884993 14
30884995 89581 29
30884997 89581 70
29595219 3156565 41
30884999 30885000 41
30885003 30885004 55
30885005 30885006 40
30885011 30885012 13
30885017 30885018 45
