359574 958512 56
50813 214833 87
106970 351136 71
218411 670329 18
651341 1393737 81
53764 220913 20
251338 743014 3
394600 1004580 27
106936 351106 50
16907 87208 19
2822 35733 48
16527 84685 22
18871 105960 9
195743 590355 62
87659 298122 62
265941 765182 61
23079 125259 78
54293 221703 91
68954 257878 97
252110 744700 65
1899 21143 53
87691 298413 88
690338 1445202 97
98263 327651 21
54148 221325 53
366243 964110 18
544751 1267421 44
86264 294512 67
165586 519176 39
193122 588140 73
990914 1836996 98
293388 812641 34
16569 84894 92
1354084 2227734 39
127299 413169 55
251747 744036 31
207004 617709 25
1891 20980 43
178168 547635 33
206956 617641 8
227085 701853 23
411654 1049381 95
272079 775985 72
194227 589027 52
102520 334335 69
79835 278386 91
612218 1350413 1
1110257 1982420 24
76831 273380 39
367926 966375 46
117853 378466 29
127649 413578 14
419047 1058890 75
39733 162715 3
194713 589388 72
105132 337665 96
15940 82262 47
50610 214423 46
16923 87337 24
21625 119752 7
1881 20870 86
195629 590179 32
296517 818891 50
46791 202007 92
88156 303126 49
61732 242172 98
1516409 2376279 79
372652 974217 67
705830 1464617 86
281154 789394 63
156249 493888 78
1914546 2692035 12
4234375 4340435 39
1291902 2169091 68
135114 424259 11
511241 1206361 20
54814 226226 85
1393741 2267436 14
252019 744417 34
11672299 11672308 52
286696 799358 59
116864 375975 47
593765 1328676 43
308786 841772 66
847971 1662049 82
831322 1642064 81
87661 298180 76
116232 374389 34
970590 1809879 46
411933 1049684 89
252959 745753 63
38584 158012 61
411916 1049655 61
191407 585829 20
160063 502404 21
20423 115747 87
376668 980146 24
77513 274736 37
101138 332046 18
58729 239036 40
191796 586344 16
53702 220837 23
54715 226117 47
561879 1282089 21
59367 239834 63
353190 943240 48
99457 329307 94
413908 1052715 98
116758 375788 54
44506 189246 60
87662 298205 23
1264670 2141853 51
131776 418530 47
16689 86169 14
440275 1087296 30
52653 218708 61
115254 371822 8
107563 351396 2
1617877 2467342 8
52857 219013 50
87692 298450 68
54647 224297 98
350054 936301 18
494259 1176790 89
19376 110517 90
52313 217914 63
2453149 3132699 76
71872 263637 70
987774 1834008 99
146474 462268 72
144064 454201 96
1601887 2453143 5
947642 1777486 25
191560 586055 98
297046 820612 42
11720501 11720506 97
16861 87048 94
91758 312375 63
255905 750594 25
134390 423293 19
2477805 3151991 30
78730 277043 57
1506064 2369702 23
74652 268801 21
86499 295280 2
231482 710580 87
264398 762866 53
105369 337842 40
11742452 11742459 78
604471 1341651 72
185747 573065 68
16530 84721 32
54471 223630 42
127790 413725 70
16914 87257 7
340461 930571 54
190634 584643 10
1519583 2377686 60
427255 1071383 54
5707048 5707070 93
51046 215947 62
243880 732023 27
821466 1628706 95
538006 1257853 80
100040 330344 59
215985 655170 88
501079 1189717 19
11788435 11788444 97
16852 86964 92
252313 744892 57
54128 221285 33
96328 323836 8
35746 142131 47
251061 742357 24
591629 1324914 67
1316375 2187376 36
453629 1113730 97
165865 519507 73
466553 1133389 8
297047 820628 30
11866671 11866679 57
186943 576507 69
6448866 6448885 66
2708336 3303449 78
5346651 5346686 89
109088 353167 61
2416295 3103467 44
349864 936209 60
7171913 7171927 42
485024 1162750 45
45623 196691 1
444213 1094035 9
118181 378952 72
16690 86199 68
746706 1526068 77
2196093 2932681 13
309740 843398 98
179139 549592 31
18105 91828 46
866938 1681292 65
52135 217625 70
584953 1314546 63
297434 820946 82
12025209 12025218 6
186794 576064 25
50261 212629 38
180197 551400 51
1505971 2369621 62
750604 1530986 19
12190459 12190467 39
12197466 12197476 97
12218250 12218264 96
174456 538430 23
589360 1321744 64
7762970 7762986 47
124561 405937 95
2843097 3402086 29
544262 1266767 52
823676 1631933 50
1120753 1992336 89
273029 777764 82
1321779 2192817 60
75059 269328 77
12247952 12247961 7
66018 253618 78
1901 21213 18
985234 1831657 85
195183 589896 1
1664355 2504357 26
227234 702015 69
54935 227322 39
1318627 2189939 46
41202 170144 83
771904 1554697 35
986602 1833438 43
551294 1274546 51
3528219 3881146 35
412345 1050255 29
255709 750203 25
808192 1610388 77
6032848 6032877 53
898146 1709492 71
647723 1388822 90
87694 298497 99
256571 751802 51
611524 1349950 42
752315 1533276 45
906330 1718153 6
193494 588468 56
1564816 2423799 1
106827 351031 14
234111 716914 89
292990 811838 15
67247 255668 93
611709 1350046 85
752505 1533611 25
97888 327261 91
463079 1128036 76
990432 1836036 27
760583 1543731 29
265662 764782 53
965635 1805868 37
427921 1072036 45
13145625 13145636 54
172549 532405 26
280909 788940 64
559469 1281360 62
402027 1015780 29
976787 1819830 8
2131719 2878915 11
2014465 2780345 41
105824 338128 72
12197440 12197462 63
818526 1625089 75
243882 732059 34
234495 717602 67
252021 744463 54
707336 1466006 26
1321035 2191819 2
107522 351367 40
948220 1777980 57
16890 87144 35
16853 87012 2
70555 261032 41
103048 334876 91
439982 1086921 3
2055349 2814946 53
587658 1319199 1
877958 1695231 41
207035 617832 87
555676 1279140 5
207009 617758 52
158705 498919 55
556998 1279866 81
1278529 2154987 45
68499 257370 71
116730 375718 7
119522 381691 24
87635 298004 53
251445 743336 12
266586 766383 24
310210 844129 4
181721 554343 91
251690 743872 29
559295 1281290 65
411879 1049612 9
16811 86614 45
144067 454232 30
268281 770302 50
85899 293860 18
73654 266443 93
189545 582643 62
199039 597047 88
87696 298527 94
38587 158052 40
154832 488602 40
177614 546923 69
21226 118297 8
388737 999586 86
271263 774460 99
358058 955891 82
1590866 2447900 68
16835 86768 86
2635300 3258960 71
4105652 4254811 78
2396284 3088340 35
107839 352342 91
266355 765918 49
2059613 2819090 84
771553 1554339 60
1191412 2066008 42
2180583 2918523 27
3197012 3653389 56
296735 819446 96
263964 762363 80
1341908 2215037 62
87723 298879 88
16571 84932 49
113511 370499 53
7362573 7362610 4
9254822 9254872 81
1465728 2335315 59
130070 416358 75
252542 745210 17
87087 296862 35
116193 374190 99
939490 1770762 41
285605 797036 83
346045 934385 15
271448 775087 41
289031 806569 47
510390 1205035 32
16908 87226 23
190827 585034 13
529412 1239217 11
1313498 2185363 72
847973 1662063 1
338932 929299 18
118182 378987 69
53735 220868 53
594476 1329373 20
16836 86809 98
16837 86839 13
125995 410520 26
591630 1324945 42
591631 1324972 71
128861 415138 40
8119823 8119841 57
286698 799380 14
1214818 2090665 21
472846 1143584 79
19838 112382 28
1515703 2376201 33
1327656 2199452 4
263059 761337 27
13252905 13252921 92
194802 589519 45
251753 744099 5
38951 158994 80
580864 1298000 13
172225 531673 68
132997 420739 81
427154 1071265 57
444325 1094317 6
252003 744394 2
746737 1526220 33
255387 749780 98
358212 956073 71
39401 161605 89
79846 278458 62
735223 1506656 37
785441 1571708 83
1071305 1933918 1
166575 520230 14
101430 332808 34
38588 158078 28
182117 555517 49
251273 742883 25
556034 1279404 51
160092 502572 4
557545 1280409 14
87697 298562 8
462625 1127236 73
85900 293884 11
81453 282836 40
191409 585872 65
260781 756675 64
221952 684931 38
256438 751393 55
116835 375891 32
430151 1074574 58
50475 213850 47
50476 213922 18
345916 934293 54
251405 743237 79
371394 971429 56
982770 1825958 62
366479 964396 87
467864 1135384 77
65418 251044 75
82377 284746 72
87698 298604 12
21248 118532 10
116779 375815 72
788141 1575196 48
322392 871845 46
54473 223667 90
251385 743134 30
19871 112482 10
1144916 2015987 62
131362 417877 49
79737 278032 48
68093 256840 98
271205 774386 7
81355 282637 34
340970 931294 47
100262 330606 29
116210 374336 14
50369 212863 72
139451 434087 67
130456 416762 84
282445 793062 25
50785 214752 79
129710 416072 12
50829 215000 93
23096 125504 44
214256 652264 5
46666 201644 21
66019 253646 73
318895 857956 64
1506869 2370344 70
52273 217853 61
988620 1834396 11
439071 1086183 71
16969 87537 98
252334 745001 1
113512 370550 18
100163 330492 79
51500 216696 9
381058 989806 79
2759693 3348133 40
81334 282579 59
194944 589670 25
39600 162259 44
297422 820917 68
116304 374516 95
80539 280197 3
851721 1666638 1
53035 219595 29
263061 761357 8
579310 1296312 71
136182 426312 42
129312 415666 80
16692 86231 27
133323 421214 51
156251 493915 13
133496 421857 38
308421 841275 74
588902 1321239 17
420102 1059907 19
4906868 4906910 9
257433 752529 85
1519662 2377717 56
1106064 1978025 84
2287415 3008237 28
105265 337771 1
1544552 2404876 67
233048 714385 98
2737340 3328464 33
379501 985290 96
677035 1419903 96
1210176 2086082 37
1321246 2191914 51
354773 949854 14
762461 1545651 74
1015485 1867065 82
105318 337798 64
13454362 13454372 14
551955 1275376 77
374009 976902 44
185816 573387 91
3936451 4142435 13
102334 334201 10
787076 1574053 88
1050329 1912551 74
477852 1151564 91
131570 418226 48
651410 1393768 93
1046869 1908923 55
185748 573100 30
744371 1522168 24
1321113 2191862 14
1321917 2192956 80
2155534 2897816 1
13459961 13459972 78
785866 1572449 68
13462119 13462129 26
250622 741698 66
1539657 2399622 29
13463149 13463162 73
6576362 6576463 24
2386629 3079727 92
421730 1061751 27
1816209 2626311 8
126996 412584 53
3224314 3674928 64
38730 158280 78
690467 1445422 11
62740 245052 48
13468903 13468916 98
414441 1053017 42
657684 1400226 34
761267 1544539 25
4141875 4279427 13
695331 1450359 84
1208972 2085020 67
280268 787932 55
769081 1551980 84
557202 1280148 17
4566614 4581737 11
1519663 2377736 28
897460 1709101 21
146267 461444 100
268042 769876 22
108776 352937 75
216321 656961 88
54938 227378 29
270761 773935 44
278083 784997 41
1618778 2468221 22
351660 940013 13
242958 730657 48
13524621 13524633 89
286354 798990 62
257994 753136 46
730989 1502280 78
420103 1059928 57
5653249 5653315 39
487496 1165973 68
87725 298934 67
540488 1261026 36
252037 744590 5
4409652 4458597 42
914404 1724028 6
987665 1833986 13
473421 1144789 14
990641 1836574 1
218394 670308 82
252925 745711 94
173812 536784 5
51167 216114 51
603999 1340909 20
14240652 14240659 1
510221 1204779 10
1618780 2468234 22
251446 743355 31
576146 1292051 88
684479 1437196 81
230845 709037 67
189287 582127 45
1321437 2192095 4
399025 1009147 2
510165 1204730 77
125340 408982 48
232854 713415 81
1506085 2369727 68
752431 1533485 50
369927 969753 39
20292 115224 41
128226 414206 49
369928 969772 35
160064 502428 26
270288 772895 70
1497554 2362189 92
86493 295233 97
771858 1554617 73
194760 589484 91
4171177 4298883 63
763465 1547182 66
2445454 3127112 10
311992 847213 96
75369 270009 42
1721373 2556998 53
939491 1770778 25
1632328 2478295 30
312854 849072 13
447069 1101043 23
299088 823920 28
103603 335666 85
115269 371845 10
3534961 3885533 66
398286 1007659 47
1922980 2699436 19
1667402 2506731 35
1497442 2362151 77
222705 688736 98
298062 821788 10
132621 419967 52
2274889 2995456 1
72471 264739 57
251986 744366 82
2379512 3070596 91
809343 1611570 5
65093 250488 52
428890 1072811 100
54301 221760 38
2180514 2918429 100
588915 1321283 10
252416 745107 55
1525198 2382372 12
87704 298787 7
16532 84749 6
126054 410606 72
1959904 2730932 41
105904 338209 27
1317150 2188205 23
1617909 2467384 64
80091 278899 51
196699 591737 78
1530415 2388630 84
46048 197777 25
117200 376768 30
68424 257192 39
223479 690982 62
1719145 2554729 17
454856 1115541 76
39734 162744 96
190291 584085 4
611164 1349512 9
862717 1676187 14
39735 162785 93
412091 1049885 77
245607 734237 54
297638 821242 3
80766 280572 97
131744 418478 58
4758180 4758957 65
424816 1067242 96
132185 419135 42
77223 274066 47
719405 1479171 71
87667 298312 7
213615 650037 58
54303 221791 64
766999 1551140 90
755 6092 81
8519481 8519496 96
1358169 2232491 40
726752 1495755 41
653492 1396426 24
289982 808140 84
4141884 4279448 69
405574 1034842 75
548244 1271374 38
5385575 5385601 100
190714 584813 8
658310 1400494 62
252787 745439 59
698903 1455136 38
287972 802514 25
366979 964978 83
1394369 2268417 76
547160 1270402 80
8011574 8011605 86
381825 990970 78
74395 268395 75
10465112 10465140 75
539292 1259314 65
11224132 11224144 41
7477540 7477573 59
4672960 4678140 41
256403 751354 87
297359 820854 25
587914 1319585 65
446105 1098652 76
409622 1046280 11
959147 1793966 88
366626 964671 54
1320400 2191085 80
1092516 1957228 91
1731885 2565830 96
38734 158328 93
730910 1502199 25
93423 318392 23
298064 821811 74
103442 335543 66
7890288 7890301 25
3967134 4160924 94
263888 762320 56
133324 421234 70
8989626 8989637 72
420758 1060442 36
265667 764803 54
107182 351169 83
133664 422430 68
2413651 3101605 98
678518 1421431 63
2214630 2948915 36
292991 811854 84
270304 772919 31
80543 280258 70
907940 1718981 34
744815 1523306 62
823439 1631465 99
260847 756717 67
721171 1481228 12
1501460 2365656 18
1497556 2362203 93
243605 731589 95
367875 966213 28
14899 79122 61
2523038 3185286 85
175793 540912 41
13682453 13682467 43
609695 1347651 16
1687552 2523615 15
282795 793462 75
1518617 2377379 95
118940 380541 19
765156 1549238 81
256553 751770 87
365274 963520 18
3790699 4042385 52
752442 1533501 13
8601279 8601304 17
443367 1092528 42
987412 1833825 1
1721983 2557135 59
15641811 15641820 95
257655 752712 35
5336890 5336911 87
8820154 8820178 36
2318164 3024669 44
693350 1448232 20
1513911 2375467 96
1124289 1995905 59
15660502 15660507 55
610321 1348278 28
97122 326522 29
671743 1414788 90
2451548 3131113 13
6700498 6700512 73
252799 745455 8
657738 1400311 81
2595135 3230452 52
509992 1204484 61
316636 853513 16
916030 1724477 80
93586 318610 64
987306 1833758 24
1251574 2130180 18
254958 749220 51
245058 733605 19
752491 1533568 90
143022 449953 52
3557678 3899760 27
971015 1810338 89
8103435 8103458 53
77978 275656 17
15694476 15694482 90
15694494 15694504 75
548440 1271595 18
2635792 3259775 87
15695127 15695141 38
968258 1807519 17
214872 653648 62
2058534 2817793 90
80879 281106 42
1853298 2654994 56
130545 416872 46
6876975 6876995 21
79972 278696 44
6576077 6576117 86
925339 1733412 25
7787084 7787103 79
762459 1545630 43
58435 238373 83
6014837 6014845 89
252830 745471 15
55257 228163 84
582214 1300082 75
848787 1662918 7
2292390 3011217 22
1620129 2468823 99
897667 1709235 6
1046005 1908183 87
690469 1445437 75
392838 1003080 86
779780 1566027 77
675149 1416594 77
672583 1415651 58
1307589 2183384 74
847975 1662073 56
7691100 7691114 90
1524593 2381502 81
330934 900515 65
3462151 3834930 75
3704219 3993610 32
3105609 3588208 59
924464 1732964 99
3202866 3660750 66
866849 1681258 40
15704359 15704368 60
298334 822342 52
1808172 2619935 62
2272359 2994108 4
5965018 5965046 99
3084858 3572845 10
752465 1533525 86
2611803 3241986 59
771895 1554676 53
15704831 15704839 87
11625552 11625562 34
9205228 9205247 74
942009 1773120 85
4282677 4370776 66
771814 1554594 89
9827625 9827641 32
4580367 4593131 24
15705304 15705314 8
15705357 15705363 86
8463513 8463528 55
772007 1554782 56
3575824 3910767 79
157870 497445 65
798035 1589118 98
15548302 15548315 62
8398083 8398137 81
15706063 15706070 43
1208976 2085033 83
14282214 14282224 89
3095157 3581061 80
1142691 2013862 4
3698365 3989315 57
100127 330384 95
7699989 7700008 74
194763 589494 57
263065 761382 70
15708493 15708499 42
1687553 2523626 26
296615 819013 77
298071 821838 73
150614 474674 54
2410583 3098433 6
544521 1267121 14
2427935 3111938 58
13060196 13060205 49
298072 821851 45
1513712 2375392 4
2405707 3094979 17
2933517 3467980 46
205114 613479 24
3922486 4131533 63
9509919 9509929 9
15710023 15710029 27
613866 1351995 4
1095676 1961565 69
118867 380381 80
13857465 13857473 43
1458827 2329601 48
170648 526675 63
294447 815006 87
75885 270841 95
1584297 2442674 20
4179522 4303344 74
1533767 2392287 56
7658006 7658023 41
1571199 2430179 87
589147 1321430 80
3947479 4148458 43
1533768 2392298 39
2595432 3230671 3
13791735 13791744 81
887879 1702703 50
280172 787775 11
714732 1473940 14
588078 1319989 85
269166 771581 77
9112562 9112577 57
681043 1434263 74
3158209 3629236 82
1549109 2409320 40
2405592 3094867 21
231589 710777 25
7693017 7693026 4
10331517 10331526 47
2585218 3222268 84
3557642 3899730 73
821893 1629044 22
553019 1275928 81
15714579 15714583 59
6019784 6019800 98
9367733 9367744 82
581800 1299458 69
9539884 9539900 20
550767 1273735 53
15715365 15715374 7
3070414 3561777 54
1074969 1937014 21
280173 787785 36
15717416 15717423 97
15717696 15717705 81
589424 1321849 94
257408 752427 14
7310087 7310099 99
8098927 8098941 73
843697 1654465 73
1813916 2624966 73
6571077 6571093 80
379429 985251 42
5037612 5037631 64
136524 426725 84
1932727 2708395 60
2477644 3151873 18
609647 1347585 93
9832232 9832242 33
1465925 2335450 68
1617374 2467055 79
1129046 2000557 35
9225125 9225135 8
449670 1105844 85
760582 1543712 82
866640 1681204 92
1052268 1914902 11
897864 1709306 5
136230 426342 54
1081916 1943672 62
14875674 14875685 79
832124 1642500 27
422786 1063938 74
679007 1421650 45
277638 784693 80
590543 1323070 38
242134 729833 79
126207 411289 95
3562322 3901976 82
137424 429787 30
772772 1555737 59
409803 1046457 4
647726 1388830 35
968051 1807214 58
11159508 11159516 20
426271 1069126 87
497148 1181661 17
772852 1555974 92
9626685 9626691 82
2408894 3097522 83
1350387 2224843 42
6741061 6741074 43
511237 1206343 51
9224959 9224970 34
1912311 2689664 78
28382354 28382356 81
1502510 2366700 58
1329065 2200940 52
156121 493428 97
1573484 2432800 42
134668 423837 95
1070026 1933080 20
4317570 4394127 85
2413697 3101628 28
264037 762453 45
534247 1248583 64
2081952 2836464 37
2131093 2878284 94
1868338 2667446 63
586698 1318100 43
6939565 6939589 36
1563481 2422537 1
379278 985160 8
25427660 25427667 79
1046142 1908391 31
23453486 23453492 53
5782109 5782132 76
9050112 9050117 46
1103113 1974310 55
566876 1284228 86
1178415 2051211 68
75889 270852 73
7719602 7719622 19
4229370 4337704 58
591638 1325066 57
8093858 8093879 20
15240562 15240589 56
2484250 3158054 3
63082 245551 32
4311724 4390234 39
13605642 13605649 52
6443716 6443732 65
13826840 13826846 69
3572562 3908680 16
35011585 35011587 60
35787415 35787420 55
11025746 11025752 87
30321979 30321986 6
14607342 14607346 54
40599362 40599364 70
14414417 14414423 3
41210625 41210628 95
41237150 41237152 98
3757365 4024058 66
41250242 41250245 89
41256833 41256835 84
49368464 49368465 53
