7590093 7590109 59
10274921 10274928 87
1097318 1963986 80
11626689 11626694 80
11769853 11769858 42
11769859 11769864 83
11817487 11817494 71
11990669 11990673 70
12381763 12381766 75
8747792 8747820 55
15240889 15240895 8
28607223 28607225 79
1964328 2734369 16
1963311 2733778 16
28907843 28907851 62
28918137 28918149 13
30322258 30322263 20
4061833 4218829 20
32879735 32879739 97
32880264 32880267 40
32917537 32917541 77
32917643 32917647 63
33144349 33144353 36
33259066 33259068 36
33259095 33259097 51
33259187 33259192 34
33265271 33265275 77
33267100 33267105 89
30597125 30597130 17
30381205 30381210 93
33282076 33282080 63
33282128 33282131 23
33284824 33284825 4
33284830 33284832 85
33284846 33284847 41
33284869 33284873 81
33284896 33284900 87
4231391 4338837 89
33284911 33284914 88
33284932 33284936 39
33284946 33284949 59
33287727 33287730 33
33287780 33287782 54
33294849 33294852 75
33294870 33294872 47
33305138 33305139 43
33305167 33305169 42
33306740 33306743 94
33307425 33307430 47
33307431 33307434 58
33307453 33307458 15
33307461 33307465 34
4231507 4338888 93
33307511 33307514 99
33307530 33307537 59
33307541 33307544 45
33307545 33307548 34
33307555 33307558 12
33307567 33307569 69
33309197 33309200 51
33309203 33309206 72
33309207 33309213 55
33309214 33309217 75
33309218 33309219 74
33309255 33309258 95
33309278 33309280 18
33309288 33309292 10
33309294 33309297 19
33309298 33309299 34
33309312 33309316 67
33309319 33309322 55
33320951 33320953 100
33320954 33320956 50
33320957 33320961 78
33320969 33320970 84
33321194 33321195 13
33321196 33321199 32
33321209 33321210 31
33321302 33321305 98
33321306 33321309 10
33321327 33321328 44
33321329 33321330 68
33321340 33321341 46
33326104 33326107 60
33326121 33326128 69
30236218 30236230 1
33326175 33326176 93
33326177 33326180 73
33326183 33326185 63
33326194 33326195 79
33327302 33327304 33
5025971 5025974 49
33333931 33333933 88
33334825 33334827 29
33335880 33335883 5
33335953 33335954 60
33336681 33336683 9
33336770 33336774 68
33336897 33336899 100
33339414 33339417 97
33340404 33340409 27
33345198 33345200 65
33346745 33346746 64
33348503 33348506 10
33348510 33348512 65
33348513 33348514 70
33353404 33353405 22
33353409 33353412 88
33353424 33353425 86
33353426 33353428 70
33354575 33354582 19
33364723 33364726 45
33364743 33364745 31
33372279 33372282 19
33372283 33372285 77
33372400 33372403 83
33372422 33372428 86
33379327 33379330 8
33446968 33446970 53
33460536 33460540 66
33460926 33460928 29
33461531 33461534 9
33464185 33464187 16
33468517 33468522 13
33470299 33470302 45
33471344 33471349 59
33471817 33471819 42
33327220 33327224 3
33485742 33485746 40
33485803 33485807 55
33490296 33490301 88
33490497 33490500 44
33490675 33490679 39
33490871 33490873 25
33494589 33494593 33
33494950 33494956 10
33495901 33495906 30
33496733 33496738 11
33497841 33497847 58
33498006 33498011 60
33498694 33498699 82
33498992 33498995 25
33358845 33358849 100
33500502 33500506 64
33500578 33500582 33
33500592 33500595 66
33500612 33500618 21
33500639 33500642 58
33500661 33500664 10
33500672 33500676 8
33500813 33500816 75
33500882 33500887 33
33556918 33556921 47
33614634 33614636 35
34742031 34742034 8
33549411 33549416 3
34827191 34827194 86
34832429 34832430 52
34850884 34850885 14
34863150 34863154 93
34878150 34878152 63
34894760 34894763 17
34917677 34917681 91
34925244 34925245 14
34926292 34926293 6
34935489 34935491 98
34939035 34939037 64
34989451 34989452 5
34989895 34989901 88
34991365 34991366 78
35405210 35405213 59
35536554 35536557 20
35536983 35536990 47
35537087 35537090 37
35537701 35537704 66
35538284 35538288 56
35538701 35538703 100
35540398 35540402 77
35661683 35661685 23
35674718 35674721 17
35674734 35674738 71
35517844 35517847 35
35674858 35674860 6
35674928 35674932 33
35675085 35675087 25
35675181 35675183 1
35675188 35675189 17
35675222 35675224 2
35675242 35675244 7
35675255 35675258 1
35675275 35675278 93
35675459 35675464 73
35675470 35675473 67
35675572 35675576 38
35676178 35676182 75
35676268 35676273 68
35676283 35676286 45
35676315 35676317 86
35676330 35676331 99
35676343 35676346 27
14009330 14009335 85
35676605 35676607 43
35676717 35676721 20
35676732 35676734 83
35676735 35676740 59
35677064 35677067 36
35677089 35677092 84
35677095 35677097 92
13438996 13439021 64
35677169 35677171 1
35677329 35677332 67
35677342 35677345 55
35677361 35677365 60
35677366 35677369 19
33815776 33815782 27
4555268 4572109 11
4015703 4192092 1
35677676 35677679 20
35677693 35677698 98
35677763 35677766 100
35677864 35677866 47
35677885 35677889 35
35677907 35677908 33
35677910 35677914 97
35677918 35677923 36
35677988 35677991 94
35677993 35677995 63
35678009 35678013 30
35678032 35678034 83
35678054 35678057 25
35678062 35678065 27
35678212 35678213 57
35678304 35678308 100
35678467 35678468 7
35678744 35678747 67
35679077 35679080 70
35679104 35679108 57
35679132 35679135 52
35679144 35679145 36
35679284 35679289 22
35679315 35679320 53
35679332 35679335 42
35679360 35679366 57
35679453 35679455 63
35679717 35679721 74
35679733 35679738 81
35679745 35679748 59
35679765 35679768 4
35679770 35679771 13
35679801 35679804 95
30965171 30965173 82
35679814 35679817 88
35679861 35679863 6
35679864 35679865 91
35679869 35679872 3
35679936 35679940 49
35679946 35679948 88
35679949 35679951 76
35680122 35680125 84
35680151 35680155 99
35680322 35680325 78
35680387 35680390 23
35680634 35680636 49
35680656 35680659 98
35680690 35680692 77
35680698 35680702 34
35680708 35680712 72
35680849 35680852 42
35680897 35680900 4
35681029 35681033 58
35681050 35681052 76
35681057 35681061 65
35681070 35681073 80
35681074 35681078 64
35681085 35681087 57
35681108 35681112 96
35681117 35681119 99
35681120 35681123 91
35681175 35681177 18
35681186 35681190 38
35681199 35681202 89
1964842 2734754 13
35681206 35681208 78
35681209 35681211 17
35681822 35681826 14
35681923 35681927 46
35682290 35682293 57
35682350 35682351 44
35682537 35682544 92
35682691 35682694 44
35682709 35682711 21
35682714 35682716 15
35682758 35682761 64
35682802 35682803 51
30597371 30597380 20
35683046 35683049 93
35683064 35683068 22
35683081 35683084 31
35683307 35683310 29
35683314 35683318 61
35683319 35683323 17
31763633 31763635 23
35683381 35683386 68
2058701 2818089 10
35683491 35683493 45
35683504 35683508 81
35683663 35683665 81
35683701 35683705 98
35683762 35683766 95
35683802 35683803 64
35683853 35683856 93
35683905 35683909 39
35683937 35683940 4
35683964 35683966 96
15624322 15624337 72
35684191 35684192 21
35684195 35684198 37
32561333 32561340 25
35684238 35684240 76
35684362 35684366 98
35684454 35684456 28
35684482 35684484 44
35684504 35684506 56
35684610 35684613 87
35684708 35684713 1
35684726 35684732 59
35684771 35684774 27
2270500 2990616 78
35684914 35684917 68
35685023 35685025 44
35685058 35685061 54
35685202 35685205 54
35685212 35685219 65
35685220 35685222 38
35685245 35685250 92
35685251 35685254 25
35685307 35685309 50
35685317 35685320 2
35685325 35685327 1
35685331 35685333 10
35685334 35685336 38
35685354 35685355 26
35685386 35685388 43
35685393 35685397 2
35685398 35685400 69
35685413 35685416 73
35685454 35685457 58
35685466 35685469 36
35685601 35685603 2
35685608 35685611 73
35685696 35685699 49
35685715 35685717 9
35685744 35685747 11
35685805 35685807 29
35685887 35685891 48
35686151 35686152 57
35686418 35686420 41
35686429 35686431 2
35686649 35686652 85
35686735 35686740 38
35686979 35686981 65
35687188 35687190 4
35687261 35687264 41
35687265 35687268 55
35687289 35687290 87
35687295 35687298 55
35687302 35687305 2
35687310 35687314 42
35687336 35687338 67
35687365 35687367 88
35687506 35687508 34
35687570 35687573 87
35687649 35687651 16
35687663 35687665 48
35687666 35687668 51
35687670 35687674 42
35687686 35687688 99
35687701 35687703 99
35687737 35687740 64
35687790 35687793 88
35687803 35687806 23
35687812 35687814 32
35687902 35687904 56
35687927 35687928 16
35688033 35688036 100
35688057 35688059 92
35688073 35688078 73
35688111 35688117 1
35688132 35688135 53
35688456 35688460 18
30242083 30242088 16
35688487 35688489 21
35688490 35688492 88
35688507 35688508 38
35688511 35688513 40
35688517 35688518 89
35688531 35688532 44
35688648 35688650 41
35688668 35688673 3
35689030 35689034 40
35689358 35689361 81
35689401 35689405 34
35689698 35689702 18
35689766 35689771 51
35689962 35689963 89
35690004 35690006 19
35690115 35690120 97
28549805 28549807 74
35690302 35690305 80
35690448 35690451 27
30232725 30232728 47
35690600 35690604 62
35690674 35690677 83
35690702 35690704 76
35690824 35690827 16
2818651 3385638 36
35690852 35690855 59
35690863 35690865 24
35690879 35690885 13
35691100 35691104 100
35691122 35691125 93
35691138 35691141 85
35691169 35691174 15
35691201 35691205 43
35691255 35691258 16
35691295 35691298 61
35691299 35691305 46
35691308 35691312 3
35691328 35691330 28
35691401 35691405 96
35691411 35691414 64
35691492 35691494 4
35691517 35691520 52
35691521 35691523 24
35691529 35691533 16
35691560 35691564 13
1185261 2058886 3
35691726 35691729 73
35691866 35691869 89
35691987 35691989 20
35691996 35692000 55
35692045 35692048 77
35692173 35692175 66
35692177 35692180 46
35692199 35692203 48
35692207 35692209 13
35692225 35692227 4
35692252 35692255 18
35692338 35692340 86
35692391 35692395 48
35692461 35692467 2
35692553 35692555 75
3034516 3539792 24
35692678 35692680 89
35692785 35692787 37
35692791 35692793 37
35692925 35692928 78
35693256 35693258 64
35693483 35693485 47
35693535 35693537 9
35693541 35693544 74
35693545 35693547 21
35693555 35693557 58
35693617 35693620 17
35693621 35693623 62
35693718 35693721 41
35693723 35693727 39
35693731 35693734 52
35693735 35693738 11
35693780 35693782 9
35693783 35693784 42
35694238 35694241 86
35694343 35694345 40
35694559 35694562 23
35694828 35694829 74
35694831 35694833 91
35694843 35694846 9
35694848 35694850 12
35694864 35694866 48
35695278 35695281 54
35695428 35695430 94
35695571 35695573 13
35695606 35695609 88
35695618 35695621 46
35695649 35695651 71
35695655 35695657 11
35695777 35695782 71
35695810 35695816 96
35695868 35695871 87
35696710 35696714 100
35696801 35696802 76
35697408 35697410 74
35697517 35697521 40
35697754 35697757 63
35697833 35697836 55
35697905 35697908 81
35697979 35697982 84
35698528 35698531 73
35698710 35698713 54
35698719 35698723 47
35698871 35698874 22
35698910 35698911 73
35698990 35698995 47
35699046 35699051 60
35699071 35699073 96
35699101 35699103 30
35699129 35699132 32
35699143 35699146 92
35699204 35699210 59
35699500 35699503 87
35699535 35699538 49
35699577 35699581 8
35699730 35699735 8
35699790 35699792 80
35700158 35700162 46
35700198 35700201 69
35700433 35700437 85
35700631 35700633 7
35700824 35700828 58
35700837 35700839 45
35700879 35700883 42
35701022 35701026 41
35701042 35701045 3
35701079 35701083 97
35701119 35701122 43
35701145 35701149 5
35701352 35701357 32
35701389 35701397 65
35701531 35701535 44
35701705 35701709 67
35701727 35701729 89
35701841 35701843 76
35701857 35701861 98
35701865 35701869 95
35702034 35702037 5
35702049 35702052 54
35702086 35702090 33
5572642 5572651 17
35702136 35702139 56
35702147 35702149 53
35702211 35702213 44
35702263 35702265 19
35702295 35702299 61
35702662 35702664 62
35702790 35702793 72
35702818 35702821 32
35703039 35703042 21
35703060 35703063 96
3178637 3642454 10
4765858 4766589 24
35703452 35703454 19
35703541 35703544 38
30597374 30597386 71
35703657 35703659 73
35703715 35703719 55
35703780 35703783 60
35703832 35703835 31
30597144 30597147 45
35703856 35703860 27
35703881 35703884 18
35703940 35703943 23
35704000 35704005 95
30242074 30242085 89
35704212 35704215 46
35704220 35704223 95
35704351 35704356 90
35704461 35704463 48
35704598 35704602 52
35704637 35704640 75
35704706 35704709 34
35704846 35704849 41
33551539 33551544 7
35704915 35704917 65
35705209 35705211 65
35705369 35705373 63
35705392 35705397 97
35705398 35705401 25
35705632 35705636 48
35705897 35705903 97
35705915 35705919 35
35706164 35706166 84
35706167 35706170 96
35706260 35706265 76
35706334 35706338 75
35706480 35706483 8
35706511 35706514 25
35706515 35706517 71
35706521 35706525 29
35706533 35706535 45
35706678 35706683 62
35706756 35706759 78
35706893 35706895 73
35706945 35706949 10
35707089 35707093 20
35707156 35707159 46
35707261 35707264 67
35707276 35707279 74
35707332 35707335 16
35707413 35707417 19
35707535 35707538 36
35707600 35707604 86
35707711 35707713 8
35707800 35707804 23
35707834 35707836 50
35707852 35707856 63
35708099 35708101 33
35708233 35708234 93
12127528 12127540 81
35708254 35708256 30
35708257 35708259 81
35708275 35708278 63
35708506 35708511 92
33545904 33545908 67
35708667 35708670 61
35708712 35708715 9
35708754 35708756 23
35708946 35708949 38
35708967 35708971 18
35709033 35709036 99
35709131 35709134 17
35709144 35709146 7
35709172 35709175 54
35709210 35709212 76
35709303 35709307 66
35709325 35709327 14
35709333 35709336 18
35709825 35709828 65
35709844 35709845 58
916153 1724489 53
35709945 35709948 42
35709959 35709961 33
35709977 35709979 11
35710068 35710070 82
35710188 35710190 44
35710221 35710224 14
35710424 35710426 38
35710537 35710539 72
35710549 35710554 44
35710613 35710616 22
35710650 35710654 99
35710674 35710680 67
35710748 35710751 65
35711022 35711024 67
35711089 35711092 63
35711221 35711222 26
35711251 35711252 42
15055025 15055045 32
35713001 35713005 93
35713525 35713527 64
35713589 35713591 96
35713648 35713651 14
35713678 35713684 91
35713924 35713927 61
31784547 31784561 27
35714184 35714185 76
35714277 35714280 47
35714708 35714710 70
35715018 35715023 92
35715342 35715344 34
35715496 35715499 17
35715596 35715599 54
35715847 35715850 69
35715851 35715854 38
35715932 35715935 41
35715996 35715999 87
35716007 35716013 38
35716249 35716254 13
2332526 3034640 65
35716937 35716940 9
35717333 35717338 75
35717409 35717412 94
35541545 35541554 66
35717522 35717525 68
35717535 35717536 6
35717982 35717986 52
35718060 35718062 35
35718105 35718110 9
35718294 35718297 56
35718358 35718361 62
35718363 35718366 21
35716637 35716640 80
35718428 35718431 3
35718524 35718529 80
35718578 35718580 19
35718647 35718649 16
3034517 3539798 6
35718775 35718780 66
35719650 35719653 56
35720273 35720275 62
35683072 35683078 87
35720382 35720384 8
35720417 35720419 38
2058999 2818413 66
35721117 35721122 94
35721274 35721278 66
30597382 30597390 78
35721493 35721495 64
35721703 35721705 58
35721724 35721730 14
32038697 32038713 81
35722011 35722013 43
35722595 35722598 25
8408841 8408845 35
35723064 35723067 83
35723106 35723109 22
35723194 35723197 11
35723541 35723544 75
35723558 35723562 4
35723803 35723806 61
35723836 35723840 78
35723851 35723855 59
35723914 35723918 67
35723954 35723956 84
1162202 2033803 26
35724065 35724068 74
35724163 35724166 6
35724303 35724305 85
35724428 35724432 65
35724851 35724855 21
35725659 35725660 56
35726195 35726200 49
35726337 35726339 78
35726680 35726684 77
35726738 35726740 45
4231449 4338850 66
35726873 35726875 9
35726925 35726929 19
35727347 35727348 67
35727352 35727356 99
35727530 35727535 18
35727714 35727716 79
35727720 35727722 70
35727733 35727738 85
35727777 35727781 46
35727798 35727801 6
35727878 35727881 48
30964814 30964818 29
35727912 35727915 44
35727947 35727950 56
35728145 35728148 43
35728191 35728194 29
35728213 35728216 35
35728227 35728229 35
35728381 35728383 85
35728432 35728436 22
35728445 35728450 5
35728492 35728495 100
35728537 35728542 72
35728596 35728599 1
35405402 35405411 43
35728610 35728613 87
35728690 35728693 53
35728701 35728705 63
35728763 35728766 90
35728783 35728786 48
35728787 35728791 81
35728830 35728834 51
35728889 35728892 4
35728967 35728969 71
35728999 35729002 92
35729003 35729005 70
35729016 35729019 84
35731973 35731974 72
35733382 35733386 81
35736078 35736079 30
35736082 35736083 70
35736087 35736088 44
36489264 36489266 53
36489707 36489709 38
36489773 36489776 50
36491135 36491137 34
36493787 36493790 24
36495526 36495527 42
36496219 36496220 48
36502886 36502890 17
36507896 36507898 6
36507947 36507950 54
36734489 36734491 99
36739959 36739960 9
37692650 37692654 60
38082912 38082913 87
3819254 4060684 4
8469365 8469371 81
35718202 35718205 14
21678760 21678762 43
28557496 28557500 74
38812471 38812472 41
15452212 15452215 76
31108455 31108456 76
38823346 38823349 94
39473697 39473700 30
39487397 39487399 57
39499889 39499891 42
39500387 39500391 83
39503458 39503462 66
39503767 39503770 29
39506774 39506778 79
39519689 39519693 34
39526768 39526770 4
39592192 39592196 4
39942939 39942940 27
39946436 39946437 84
39949531 39949532 77
39950911 39950913 89
39950970 39950972 66
39953260 39953262 17
39954083 39954084 77
39954111 39954112 22
39955199 39955200 92
39956701 39956702 17
39957301 39957304 58
39957666 39957667 60
30870353 30870357 68
39958426 39958428 64
39958752 39958753 80
39958801 39958802 91
33614440 33614444 10
39959433 39959434 1
39959467 39959468 65
39960529 39960530 84
39960541 39960543 98
39960970 39960971 51
39961372 39961375 86
39961419 39961421 82
39961920 39961921 24
39962996 39962997 63
39963063 39963065 88
39963190 39963191 46
39963396 39963397 50
39963771 39963772 46
39963882 39963883 54
39964075 39964076 48
39964096 39964097 32
39964118 39964120 12
39964157 39964158 29
39964755 39964756 82
39964906 39964907 47
39964992 39964994 12
39965063 39965065 33
39965121 39965122 35
39965141 39965142 15
39965313 39965315 41
39965398 39965400 99
33614441 33614446 80
39965532 39965534 47
39965561 39965564 42
39965719 39965720 91
39965864 39965865 9
39965889 39965891 45
39965899 39965900 59
39965925 39965926 87
39965952 39965954 58
39966118 39966122 41
39966135 39966138 67
39966162 39966163 31
33526509 33526511 68
39966413 39966415 8
39966487 39966488 72
39966817 39966818 99
39966856 39966858 35
39967082 39967085 66
39967159 39967160 10
39967354 39967355 16
39967389 39967392 100
39967434 39967435 74
39967473 39967475 21
39967525 39967527 46
39967553 39967554 23
39967633 39967634 15
39967639 39967640 34
39967702 39967706 85
39967738 39967741 34
39967742 39967743 90
39967744 39967746 63
39967756 39967759 11
39967765 39967766 98
39967767 39967769 33
39967786 39967787 26
39967814 39967816 7
39967891 39967894 25
39967943 39967945 24
39968003 39968006 81
39968110 39968114 26
39968197 39968199 75
39968219 39968222 51
39968265 39968267 62
39968341 39968343 83
39968775 39968776 68
39968780 39968781 95
11414634 11414639 100
39968822 39968824 41
33326122 33326132 30
39968890 39968892 15
39968923 39968925 48
39968926 39968928 32
39968973 39968976 49
39968994 39968995 18
39969177 39969178 6
39969184 39969187 5
39969253 39969254 40
39969297 39969300 85
39969355 39969358 45
39969373 39969374 12
39969408 39969410 88
39969482 39969483 28
39969498 39969500 55
39969517 39969518 63
39969563 39969565 24
39969588 39969593 20
39969612 39969613 35
39969710 39969711 16
39969715 39969717 31
39969742 39969744 75
39969762 39969764 82
39969834 39969839 15
39969871 39969874 77
39969932 39969935 90
39969938 39969939 86
39969947 39969949 40
39969964 39969965 94
39969999 39970000 86
39970001 39970004 51
39970007 39970009 3
39970065 39970066 63
39970129 39970133 30
39970172 39970174 99
39970235 39970236 49
39970272 39970273 31
39970336 39970337 8
39970450 39970451 6
39970524 39970526 90
39970554 39970556 45
39970568 39970569 84
39970586 39970587 12
39970589 39970590 55
39970600 39970601 46
39970602 39970606 59
39970620 39970622 23
39970706 39970709 67
39970728 39970729 14
39970782 39970785 20
39970831 39970832 69
39970842 39970843 63
39970853 39970855 99
39970866 39970867 42
39970929 39970931 24
39970963 39970965 54
39970973 39970978 66
39970985 39970988 49
39970989 39970992 43
39971045 39971047 43
39971052 39971054 80
39971057 39971059 40
39971081 39971083 57
39971086 39971087 56
39971102 39971103 68
39971108 39971110 70
39971125 39971126 46
39971127 39971128 96
39971203 39971205 55
39971212 39971213 69
39971216 39971218 37
39971236 39971238 93
39971241 39971244 51
39971252 39971254 90
39971284 39971286 50
39971297 39971299 47
39971322 39971324 45
39971325 39971327 24
39971370 39971372 10
39971388 39971389 53
39971409 39971410 37
39971476 39971477 20
39971495 39971497 55
39971504 39971506 96
39971521 39971524 89
39971555 39971556 50
39971558 39971560 8
39971563 39971566 60
39971573 39971576 33
39971595 39971598 11
39971601 39971604 73
39971608 39971611 71
39972457 39972461 80
39972462 39972463 43
39972469 39972474 18
39972477 39972480 98
39972500 39972502 70
39972505 39972507 1
39972518 39972519 79
39972543 39972545 68
39972550 39972552 62
39972553 39972556 1
39972557 39972560 94
39972571 39972572 85
39972611 39972612 24
39972632 39972633 1
39972645 39972647 95
39972652 39972655 38
39972661 39972663 24
39972690 39972693 60
39972694 39972695 30
39972696 39972697 76
39972712 39972715 86
33426437 33426441 22
39972749 39972753 78
39972768 39972771 84
39972783 39972787 11
39972788 39972790 19
39972793 39972794 47
39972839 39972841 62
39972853 39972854 98
39972855 39972857 90
39972871 39972874 100
39972907 39972908 18
39972919 39972920 19
39973302 39973304 76
39973305 39973308 75
39985572 39985573 30
39994170 39994171 2
39998164 39998165 4
40004188 40004189 41
40005717 40005718 83
40006547 40006548 49
40006583 40006584 3
40007049 40007050 51
40007445 40007446 37
40023011 40023012 25
40023050 40023051 88
40023054 40023056 81
40023130 40023131 11
40023132 40023133 54
40023161 40023162 3
40023173 40023174 87
40023183 40023184 35
40029020 40029021 5
40036281 40036282 43
40036646 40036647 1
40037464 40037465 47
40037738 40037739 42
40037795 40037796 69
40037797 40037798 83
40037854 40037855 2
40037866 40037867 92
40037888 40037889 64
40038078 40038079 10
40038100 40038101 40
40038183 40038184 19
40038214 40038215 51
40038218 40038219 23
40038243 40038244 16
40038339 40038340 51
40038460 40038461 81
40038478 40038479 91
40038554 40038555 28
40038558 40038559 60
40038583 40038584 74
40038642 40038643 50
40038649 40038650 7
40038667 40038668 32
40038705 40038706 21
40038707 40038708 5
40038723 40038724 54
40038726 40038727 73
40038730 40038731 10
40038744 40038745 26
40038749 40038750 94
40081711 40081712 1
40084405 40084406 96
40086269 40086270 88
