10102047 446248 69
1090170 446248 93
1090170 1954709 62
10102076 534624 93
696278 534469 91
281665 446248 96
281665 534467 65
3997094 446248 24
3523346 532869 40
1960807 446248 45
1401784 534641 14
696279 532869 63
696279 1450889 64
2289932 532869 3
2289932 534467 78
1003942 446248 45
1003942 534467 89
223351 446248 74
223351 534467 4
848686 446248 56
848686 1453204 6
173194 534467 69
173194 534469 37
728363 446248 4
12215755 578744 1
6927802 6927827 91
1715795 532869 10
4114348 446248 64
4114348 532869 21
12499128 446248 8
12499128 534467 48
4353961 446248 19
12508290 534467 51
1396318 446248 54
1715796 532869 47
1715796 1450889 75
964190 446248 72
964190 534467 78
1715797 532869 61
3973657 446248 77
3973657 1453204 32
1396319 1453204 98
1850591 534469 79
12942270 1453204 22
1587729 446248 73
13478907 534467 44
697191 534467 86
697191 970306 16
686083 534469 86
14762497 446248 97
14762497 534467 33
697192 446248 19
697192 1453204 46
697192 1453209 15
697192 1453215 56
1001163 446248 46
1001163 534467 51
15014723 446248 84
15093549 2619395 42
15147197 680643 41
15147197 4230010 100
15147197 534469 81
15259380 446248 73
15826127 534641 14
1417422 446248 56
1417422 534467 58
21642668 446248 96
4455177 446248 92
21651495 446248 44
21651495 534467 80
1533622 446248 64
1533622 534467 68
1964926 678092 9
21667597 446248 68
21667597 534467 50
21676038 446248 96
21676038 534467 57
21678511 446248 31
676589 446248 65
676589 534467 39
2083368 2619395 29
2083368 534469 52
3468778 1453204 48
1964929 678092 36
21769066 446248 32
21769066 534467 14
3508225 2934318 1
9284292 446248 36
877510 446248 87
877510 534467 83
1416749 970306 35
21870883 446248 11
21870883 534467 88
4154927 446248 81
4154927 532711 97
4154927 964225 82
4154927 534467 75
1416626 446248 31
1416626 534467 97
21923602 446248 100
21923602 534467 39
3271238 446248 43
3271238 534467 31
1417495 578744 86
1417495 534467 33
1341395 532869 38
172767 532869 65
227707 680643 69
227707 534469 73
4201099 680643 50
4201099 678092 18
28363280 532869 99
28363770 1662762 83
28364605 532878 81
28368381 2197874 99
28368381 290132 27
2502687 534641 85
2502687 1662762 92
1445074 446248 93
1445074 2314403 22
3647581 680643 46
3647581 3958486 6
3647581 1695034 56
3647581 534469 79
2551145 532878 88
28385612 678092 17
173209 532878 63
173210 446248 5
173210 534624 12
4094719 446248 61
3198986 532878 78
28388046 532878 29
228277 703966 54
228277 703972 76
1390501 534469 54
1390502 532869 26
3530121 532869 46
3530123 532869 62
28730173 680643 13
15227910 680643 68
2439250 446248 22
15093551 446248 40
3365384 532869 12
2773751 680643 7
2773751 2619395 29
2773752 532869 60
28733025 446248 17
28733025 534467 74
2991821 3507250 73
28733224 532869 19
28733225 532869 100
28733226 532869 16
1609033 446248 4
172768 532869 24
791351 650197 43
791351 534469 6
369087 446248 54
1417213 680643 68
1417213 534469 97
1417214 446248 92
1417214 534467 33
1417215 532869 46
1417216 532869 98
28733727 532869 95
28368382 532869 100
3188086 534469 43
3136787 446248 62
3136680 446248 23
3136680 534467 66
3136761 680643 84
3136761 534469 46
2773753 680643 62
2536808 1434885 62
2536808 678092 27
3271240 534641 93
3271241 534641 29
1807755 678092 21
1807755 534467 36
1807755 2619395 4
28733445 678092 3
2197412 650197 3
1417496 532869 36
28734367 532869 78
3507257 3507250 93
3504271 3507250 81
1455023 2324479 46
3271242 680643 27
3271242 1695034 50
3271242 534469 74
3878222 532878 28
3523352 446248 87
3770707 446248 16
3770707 534467 59
4030908 532869 8
28734743 532869 18
28734745 532869 96
28734746 532869 85
28734747 532869 73
28734748 532869 78
14704436 678092 53
14704420 446248 74
28734763 532878 31
28734764 532869 44
28734765 532869 24
2652137 970306 50
1849010 532869 32
1849010 2652140 84
28734858 532869 58
28734859 446248 50
1577825 446248 57
532868 680643 6
532868 534469 56
1244836 446248 38
1244836 534467 27
1416974 532869 84
1416975 534467 97
28368385 446248 73
28368385 2197874 44
28734983 534469 53
28734984 446248 67
28734991 532869 48
28735064 446248 88
28735064 534467 28
28735082 446248 49
28735110 446248 93
28735110 534467 53
28735111 532869 95
28735133 446248 43
28735147 532869 5
28735173 532869 34
28735174 446248 61
12228544 532869 45
12228545 532869 4
1340810 534469 18
1340811 970306 40
3973662 532869 78
3973663 532869 67
2445254 532869 43
2321287 1094683 86
28736043 446248 93
3507258 3507250 61
968434 446248 3
2551061 532878 72
1715814 446248 11
1715815 532869 69
3321922 446248 30
697202 532878 42
697203 532878 14
2363818 678092 16
2363819 678092 54
1854653 678092 67
172769 532878 47
172770 532869 83
1694987 532869 44
1694987 1850524 99
1694988 532869 49
1694988 1850524 30
1694989 532869 87
1694989 1850524 27
3530124 532878 87
3530125 446248 33
28737101 534467 92
28737101 970306 86
28737102 678092 96
28737106 532878 59
28737107 532869 42
28737210 678092 20
28737211 534467 8
28737211 13504102 36
28737215 534469 98
28737216 970306 82
28736048 532878 4
28737895 446248 45
28737896 446248 88
10905832 446248 39
10905832 2197874 21
10905832 534467 14
10905833 678092 41
1341396 446248 54
1341397 532869 49
1326591 534641 15
28738125 678092 59
697204 532878 1
13350744 446248 60
697205 697223 75
697205 534469 33
697206 532869 29
220310 678092 97
28760844 678092 3
28760844 534467 22
28760870 678092 100
28759449 446248 100
14204416 532869 3
1767170 446248 12
28736049 702585 48
28736050 702585 72
28764076 1460417 79
28764077 1460417 93
28736044 532878 38
28776984 534467 73
28734985 532869 48
1001167 532869 8
1001167 1850524 82
1417501 532869 67
4191805 2289700 16
173214 534641 79
173214 532869 4
3973664 532869 25
29026894 13504102 33
2993257 2197874 80
29027429 532878 11
29027568 1094683 27
29027927 1453204 87
3522728 532869 36
172772 532869 41
12228546 532869 13
12228547 532869 23
1341112 534624 4
1341112 532869 87
697207 532869 35
3271243 532869 5
28851448 290132 98
28851448 1460417 57
1445077 2314403 70
1445077 678092 32
10576064 446248 40
10576064 534624 94
10576064 534467 71
29028084 678092 8
1341398 532869 10
29028086 532878 88
29028114 678092 48
29028131 532869 48
29028134 534641 75
2502541 534641 57
29028495 534641 83
29028505 446248 70
173215 534624 20
173215 532869 98
28733237 702585 17
29028751 290132 48
5695553 532869 79
3598531 534641 15
10484014 532869 74
28851449 534641 24
3119463 680643 96
3119463 534469 91
2983586 1453204 9
2983586 678092 60
29028848 678092 97
29028891 534641 94
28760951 446248 8
29029029 678092 39
3270915 532878 22
29029039 678092 49
700990 534467 92
700990 534469 90
28311877 534641 11
1401789 680643 40
10483974 446248 31
29370737 446248 91
29370737 534467 72
10593952 532869 38
10593953 446248 78
10593953 534467 91
3973665 532869 42
3973666 532869 13
1417218 290132 19
15227933 680643 97
29371296 680643 46
29371297 680643 5
2551062 532878 45
1715816 532869 88
3198984 532878 87
2551063 532878 39
2551079 532878 72
2551064 532878 75
2551080 532878 83
1715817 532869 49
862807 534641 31
1401790 534641 7
1401792 678092 42
29371876 13504102 19
29371877 532869 9
28737219 532869 47
28737218 446248 28
28737218 534467 17
1960662 534641 12
1964977 534469 37
1396349 1453204 90
28966468 1453204 6
2270515 1453204 91
2270515 678092 23
2270613 1453204 100
29704461 446248 9
29704467 534641 100
2270637 2619395 68
2443043 1453204 80
29704515 446248 77
29704577 2934318 93
2443046 1453204 83
29704627 2197874 71
29704629 2934318 17
29704639 2934318 22
29704652 2197874 7
1582423 534641 81
1577151 678092 48
29704730 534641 88
3507673 1453204 90
29704757 2619395 23
29704864 1453204 74
29705129 534641 46
29704202 2934318 81
29705239 1453204 59
29705252 534641 29
29705256 534467 64
29705269 446248 61
29705269 534467 96
29705387 2197874 34
29705390 534641 23
3124968 2934318 6
29705454 534641 81
29705476 2197874 43
29705508 2197874 41
29704558 2197874 55
29705592 2197874 40
29705594 2197874 94
29705637 2197874 81
3862578 534641 56
28737112 1453204 91
29705736 534641 88
29705906 534641 12
2270616 1453204 53
29705973 446248 38
29705973 534467 61
29705974 678092 18
28732667 446248 98
28732667 534467 12
4353993 532869 97
4353994 532869 49
3271244 290132 11
14704421 680643 40
14704421 534469 64
29706089 680643 70
29706089 534467 70
29706089 534469 72
29706183 532869 13
29706183 2291621 55
29706185 532869 97
29706185 2291621 32
29706194 532869 94
1003770 964225 73
1003770 532869 71
1003770 534467 78
29706377 678092 45
1587596 534469 100
366386 964208 16
1416751 534641 54
1416752 290132 56
29706420 532878 21
29706442 290132 28
3523354 532869 100
29706444 532878 82
3523355 532869 82
29706445 1453271 76
3523356 678092 83
3523357 532869 5
13413202 650197 77
29706556 970306 69
2267643 290132 1
29706575 680643 46
2267649 1453204 44
3602190 2619395 87
2875682 446248 100
1423626 446248 13
1423626 680643 53
220623 680643 13
220623 678092 47
1293342 2171001 11
2912324 1434885 15
681501 1434885 97
1422836 290132 86
12953188 446248 68
29711936 446248 6
29711937 678092 8
29711940 446248 82
796329 446248 82
1401794 678092 84
29712261 532878 15
1401796 534641 54
2276188 534641 93
1825842 534641 23
29712303 532878 16
368369 534641 13
366387 446248 10
366387 678092 57
366387 964225 45
29712462 534641 69
366388 446248 19
366388 290132 29
1804137 534641 98
1804138 534641 66
966995 534641 73
368374 534641 35
366389 446248 90
366389 964225 36
368378 446248 49
368378 678092 42
1587747 446248 100
29712577 678092 89
29712588 534641 34
29712592 534641 6
29712613 534641 88
29712618 534641 13
29712633 534641 53
29712634 534641 89
29712635 534641 9
29712637 534641 47
29712641 534641 53
29712654 534641 82
29712660 534641 34
29712662 534641 75
29712665 534641 1
29712668 534641 89
29712669 534641 22
29712670 534641 6
29712676 534641 27
29712677 534641 45
29712707 534641 57
29712712 534641 41
29712715 534641 70
22127364 534641 91
29712722 534641 64
29712729 534641 57
29712732 534641 23
29712733 534641 84
29712735 534641 84
29712736 534641 16
29712750 534641 13
29712755 534641 66
29712764 534641 55
29712770 534641 72
29712808 534641 89
29712819 534641 83
29712878 534641 61
29712882 534641 20
29712884 534641 15
29712913 534641 48
29712925 534641 40
29712929 534641 41
29712938 534641 25
29712940 534641 84
29712945 534641 44
1396369 1453204 4
29713118 680643 26
29713118 534469 94
2743350 534641 24
29713284 534641 42
1100926 446248 1
1100926 532878 16
2267726 446248 53
2267726 534467 10
2267726 970306 81
2267726 534469 65
2743353 534469 18
2743357 534641 33
29713302 534469 87
29713310 534641 74
2743364 534469 34
29713325 534469 61
10484105 532869 82
3019551 446248 66
29713515 446248 8
29713621 678092 55
29713678 446248 90
4465103 532878 67
4465103 534469 86
4201100 532869 83
1964938 678092 25
683428 446248 90
10479773 534467 29
29714507 534641 27
29714958 534641 4
444529 1094683 18
4566175 1094683 49
1960607 1094683 30
4798130 1094683 15
4798131 1094683 65
1435709 1094683 40
1435710 1094683 21
1960608 1094683 30
29715157 1094683 30
2305196 1094683 76
2305197 1094683 58
29715200 1094683 87
29715201 1094683 29
29715238 1094683 49
682206 1094683 43
6482506 534641 37
3508227 3863141 35
3508228 534641 2
22199786 446248 14
22199787 446248 13
22199787 678092 71
2930053 678092 38
2930055 446248 63
2930055 678092 7
2930056 678092 72
29715546 446248 96
29715554 446248 37
29715555 446248 26
29715556 446248 89
29715557 446248 96
29715558 446248 38
29715559 446248 88
29715560 446248 5
29715561 446248 97
29715562 446248 74
29715548 446248 34
29715563 446248 20
29715564 446248 43
29715565 446248 73
29715566 446248 38
29715567 446248 39
29715568 446248 66
29715569 446248 71
29715570 446248 49
29715571 446248 16
29715572 446248 42
29715573 446248 37
29715574 446248 98
29715575 446248 99
10605420 446248 65
1609038 680643 63
1609038 534469 11
3136685 680643 62
3136685 678092 72
3136739 446248 64
3526654 678092 83
3526656 446248 47
3526656 534467 21
29715709 678092 37
29715757 678092 4
29715766 678092 6
29715835 534641 27
29715844 534641 54
29715852 678092 86
29715852 534467 82
29715857 678092 50
29715874 678092 43
29715876 678092 45
29715878 534467 24
29715879 446248 43
29715879 534467 72
1342976 2171001 48
1342976 532869 48
1342977 2171001 15
1342977 532869 67
1580288 678092 71
29716325 446248 7
28777091 678092 91
28777078 678092 67
28777043 678092 93
29716326 678092 72
28776996 678092 3
28777044 678092 6
29716437 446248 68
29716461 702585 57
29716465 446248 68
29716466 702585 70
29716467 446248 48
29716467 678092 13
29716468 678092 62
29716472 678092 31
28737356 446248 18
29716694 678092 1
1712884 2171001 72
1712884 1453204 48
29716793 532878 73
29716796 532878 13
29716804 532878 74
29716807 532878 51
29716808 532878 11
29716812 532878 47
29716815 532878 38
29716818 532878 36
29716821 532878 81
29716824 532878 99
29716827 532878 71
903361 678092 9
29717345 678092 95
29717552 678092 27
29717647 534469 40
29717682 970306 1
13416871 534641 91
214031 534641 28
213727 534467 88
213727 650197 98
213727 534469 92
214038 534641 24
214042 534641 42
214049 534641 42
213728 650197 34
213728 534469 84
2934723 534641 73
1326562 1453204 32
790781 1453204 65
790781 534467 59
29719418 678092 88
28965322 678092 14
29719578 678092 37
1003954 534641 85
29719657 534641 29
29719708 2934318 13
2934846 1453204 88
29719741 2197874 89
1854660 534641 73
29719757 534641 32
29719806 2619395 88
29719813 534641 62
29719856 534641 42
29719925 2934318 98
29720223 680643 68
29720288 534641 6
29720308 534641 67
3842345 534641 54
1421103 1453204 62
29720405 680643 53
29720544 534641 58
29720579 2197874 22
29720582 2934318 54
2655755 678092 51
29720634 680643 29
1326363 2197874 21
2198088 532869 69
2934669 534641 27
2934704 2934318 52
2934704 678092 41
2934704 2619395 36
29720895 534641 100
29717015 534641 23
29720943 534641 42
29720979 534641 49
29717174 534641 22
29721081 534641 43
29721104 534641 83
2543700 1453204 54
1003960 1453204 53
29721204 534641 60
29721330 534641 43
29721420 534641 21
1326571 680643 55
29721228 534641 45
30294476 1662762 73
30297428 1662762 88
3522731 534641 30
2289620 680643 3
2289620 534469 11
30298499 534641 62
2502453 534641 69
2502532 534641 56
2501968 1662762 18
370300 446248 61
370300 970292 79
370301 534469 96
30306714 446248 48
30306722 1662762 38
30308208 678092 51
30308208 532869 6
14204418 446248 67
14204419 532869 52
1662717 1662762 33
2983667 532869 83
1767173 532869 18
1767173 534467 25
30325591 1662762 26
1767175 532869 43
1767175 534467 52
30330503 534641 1
30330527 1662762 95
848738 1662762 76
30331746 534469 54
30334564 532869 41
2502017 534641 69
28851450 532878 21
28851451 446248 95
2501969 534641 50
141513 446248 92
848739 534641 33
9741543 534641 98
9741543 1662762 5
2502454 534641 1
2502455 1662762 97
1417223 534641 17
1417223 532869 65
1417223 970306 68
30347219 702585 71
30347223 532869 61
30347224 532869 33
30347225 532878 90
30347226 532878 4
30347227 532878 26
1417321 290132 19
1417322 1453204 46
1417322 702585 38
1417322 534467 90
1417323 532869 66
1417323 2291621 57
1417324 290132 9
1417325 532878 14
30348732 532878 58
30350305 532878 65
1579652 532869 50
1579653 532869 38
30350310 532878 72
28734767 680643 77
28734767 534469 1
28734768 532869 89
30350400 534641 29
2312823 532869 22
2312824 680643 9
2312824 534469 84
14204421 532869 55
14204422 532869 2
14204423 532869 14
14204424 534469 1
14204425 1434885 96
14204425 534641 90
14204426 532869 84
14204427 532869 70
14204428 532869 48
2983588 532869 9
2983589 532869 73
2983590 534641 100
2983591 534641 73
30351467 534641 61
1001180 678092 10
1001181 702585 77
1001181 534467 12
30351837 534641 31
30351838 534641 50
12228548 532869 64
12228549 534467 56
12228549 970306 26
1340812 702585 15
1340813 678092 86
30353270 534641 34
1340814 1460417 6
30353271 532878 88
3973667 532869 57
3973668 532869 70
3973669 534469 78
3973670 532869 64
30358611 534641 27
30358611 1662762 13
30362401 534641 2
30362403 534641 47
30362408 534641 53
2651904 532869 26
30363216 1662762 40
30363218 1662762 100
6920886 446248 3
6920886 534467 67
6920887 446248 17
6920887 534467 97
1445078 532869 72
1664112 446248 46
1579654 680643 48
1579654 534469 88
30364036 534641 23
22050492 534641 85
1445079 446248 22
1445079 2314403 28
1445080 532869 10
1445081 532869 58
1715818 532869 19
30368672 532878 85
30368674 532878 58
1715819 532869 40
1715820 532869 88
28730178 680643 55
21847955 534641 67
30380080 534641 37
30380809 678092 61
30380887 678092 70
30381007 446248 57
30383021 532878 79
30383022 532869 98
30383022 13504102 44
30383027 532878 59
30383028 532869 6
30383071 532878 3
28737105 532878 52
30383072 532869 73
30383073 678092 57
30383074 532869 76
28737217 702585 40
28737217 534467 43
30383075 678092 91
30383134 532869 77
30383135 678092 8
30383138 532869 26
30383139 446248 55
30383142 532869 26
30383143 532878 7
30330545 446248 13
30384167 1453204 11
30384167 534469 45
30388409 534641 34
30388412 534641 23
791502 534641 93
30398431 1662762 90
2501765 1662762 7
30405171 534641 3
30405171 1662762 88
2502689 1662762 59
30405480 534641 80
1767178 532869 69
1767178 534467 62
30622550 446248 91
10489468 446248 91
10489468 534467 15
30813000 678092 100
2551067 532878 84
30813383 532878 41
2551159 532878 51
2551074 532878 44
536526 678092 71
31073327 678092 8
29371879 13504102 45
31073622 534469 3
3325536 678092 54
3325536 534467 28
877526 446248 26
877526 680643 97
877526 532869 21
877526 1695034 37
877526 534469 29
999916 680643 44
999916 534469 29
2501820 1662762 49
28851454 534641 85
999917 532869 11
1578035 532869 51
877527 534641 78
1417428 532869 53
31076791 532878 20
31076791 2289898 10
1417505 532878 77
1416981 678092 81
1416982 532869 51
31076795 532878 16
31076795 2289898 86
31076796 532878 55
31076796 2289898 53
13441050 532869 4
1001185 532869 35
1001186 532869 7
31076806 532878 97
31076806 2289898 64
31076808 680643 74
31076808 534469 18
173216 532878 41
173217 532878 87
172773 532869 5
31076975 532878 24
31076975 2289898 50
31076980 446248 72
31076980 534467 41
2312826 532869 98
700685 1458563 24
1417506 680643 38
1417506 534469 84
1445082 532869 78
1445083 532869 94
173218 534641 25
31074957 678092 89
31078511 446248 33
31078511 534467 84
31078519 13504102 30
31078738 532878 66
1416641 680643 100
1416641 534469 13
173219 532869 81
28851455 680643 88
28851455 534469 6
1417328 680643 87
1417328 534469 94
1417328 2291627 80
28734865 680643 12
28734865 534469 17
31081309 534641 68
31081310 534641 93
31081311 680643 96
31081311 534469 52
1416753 532878 54
1416753 2289898 19
172774 532869 21
1416983 680643 21
1416983 534469 65
2983593 532869 70
2983594 678092 72
31081330 532878 4
13441051 532869 59
31081334 532869 73
31081340 532869 62
31081341 532869 40
1416642 534641 2
1416642 2289625 42
31081891 446248 92
29026895 446248 54
29026895 1453271 8
3877982 680643 94
3877982 534469 49
14671066 532869 20
2290577 532878 78
2290577 2289898 96
2983595 532869 75
28734986 532869 5
173220 532878 21
173221 532878 18
31090694 532869 19
3973671 532869 54
2551156 532878 44
2551165 1453271 14
2551157 532878 65
697209 532869 51
697210 532869 29
28737212 534467 16
28737212 13504102 19
31103659 678092 37
1442987 446248 24
172775 532711 24
172775 532869 75
1453240 446248 57
1453240 534467 90
5964432 446248 51
5964432 534467 63
28897982 446248 8
28897982 532878 59
28919679 446248 26
28919679 534467 76
5695389 446248 61
5695389 578744 19
2647448 534467 68
30347229 532878 36
1579663 446248 32
1579663 534467 99
1579664 532869 12
1579664 534467 69
10477834 446248 97
32814932 532878 99
1001200 532869 55
32829539 532869 79
4201104 534624 65
4201104 532869 96
28734771 532878 87
28734772 532878 58
28734773 532878 91
28734774 532878 2
28734775 532869 80
173226 446248 73
173226 534624 65
697214 1453271 82
1809349 532869 93
970290 446248 10
33094678 532878 36
33094679 532878 60
2983605 532869 98
689576 532878 43
31081892 446248 59
33094762 532878 46
1416762 446248 77
1416762 534467 44
3973672 532869 75
14671071 446248 58
14671071 534467 88
1416763 680643 97
1416763 534469 18
33055781 532869 21
33095446 532869 5
33055784 532869 61
14671072 532869 14
33095530 532869 91
33095540 532878 96
33095576 534624 56
33095577 534624 52
33095578 534624 93
33095578 532878 92
14671073 532869 4
14671074 532869 16
14671075 290132 23
14671076 290132 78
4201106 680643 91
4201106 678092 43
28897985 702585 48
28897985 534467 44
28897986 446248 32
28897986 534467 35
28897987 532869 71
33095624 532878 71
33095625 532878 64
877537 702585 89
2438461 532878 92
3530130 970306 41
3271248 3710335 71
3271248 970306 27
28734871 532869 21
3877987 532878 22
3119470 532869 69
3119471 532869 19
33095661 534624 53
33095662 534624 42
1416993 290132 13
2651912 532869 80
33095664 532878 47
33095666 532878 20
13441058 702585 19
13441058 534467 73
13441059 534624 91
13441059 534469 53
1001201 532869 14
33095670 290132 75
33095672 532878 95
33095674 532878 26
33095675 532878 41
33095676 290132 93
33095677 2197874 13
33095677 532869 6
33095678 2197874 54
33095678 532869 10
33095679 532878 11
33095680 532878 99
33095682 532878 53
4465104 446248 69
3973673 532869 38
2651913 446248 25
2651913 534467 62
3119472 446248 74
3119472 534467 25
3270904 446248 81
3270904 534467 17
1416764 532869 41
13441060 446248 1
13441060 1453204 79
13441060 534467 20
9015301 446248 39
15014726 1453204 15
15014726 702585 22
790141 446248 57
790141 534467 18
33097359 532869 12
33097362 532878 11
33097365 702585 19
4255580 2291621 39
28897988 532869 2
33097408 532869 14
29028132 532869 4
33097410 532869 66
33097412 532869 80
33097414 532869 16
33097416 678092 9
1578036 532869 97
3271249 532878 44
33097424 532878 64
1416994 532878 4
1416995 532878 29
33097439 290132 33
790142 702585 73
2312837 446248 8
2312837 534467 2
1731421 680643 71
1731421 534469 52
28733228 446248 6
1416657 970306 96
33098064 532869 96
999929 532869 26
33055785 532869 49
33098268 532869 11
33095681 532869 75
33098298 532878 11
33098269 532869 16
1417234 532878 48
14671077 678092 49
3770714 532869 87
3770714 1850524 23
2312838 532878 72
28897989 532869 53
33098399 534641 55
33098400 534641 31
33098401 532869 29
33098402 532869 59
33098404 532869 48
4154936 3710335 57
4154936 970306 9
4255581 532869 68
4255582 532878 41
33098406 532878 97
33098407 532878 91
28734776 446248 23
28734776 534467 51
28734777 532869 37
28734777 534467 42
28734778 532869 75
28734778 534467 99
28734872 970306 34
28734873 290132 94
2312839 532869 39
2312840 532878 1
33098416 532878 32
28734874 532869 55
33098417 532869 100
1417335 290132 3
33098422 532878 79
3119473 702585 89
3119474 532869 29
3119475 532878 17
1417438 702585 28
1417438 970306 74
1417439 532869 48
4255583 446248 75
4255583 534467 82
1416843 1460417 46
1416996 970306 49
14204434 970306 22
2651914 532869 59
2983606 446248 60
1001202 532869 89
33098441 534641 34
33098442 532878 71
15014727 532878 4
31081336 532869 94
31081335 532869 54
33098444 678092 84
33098445 532878 74
33098446 532878 59
33098447 532878 96
33098448 532878 11
33098449 532878 61
33098450 532869 85
33098451 532878 32
33098452 532878 68
33098454 532878 44
33098455 678092 49
33098456 532869 94
33098458 532878 51
33098459 2197874 9
33098459 532869 79
33098460 534469 84
33098463 532878 83
33098461 532878 76
33098464 532878 80
33098465 532878 86
33098467 532878 68
33098468 532878 39
3010602 970306 33
28851458 532878 34
187412 532869 84
33098499 702585 67
33098500 446248 44
33098500 534467 97
12228551 532869 74
12228552 532869 50
1578039 532878 98
1578040 532878 40
1340816 446248 99
1340816 534467 30
790143 1460417 91
3119476 290132 7
33098553 446248 48
1416658 532869 52
1417235 532869 78
1579193 446248 84
1715822 532869 58
1715823 532869 67
1715824 532869 100
3199003 532878 96
33098727 532878 66
697215 532869 32
790144 970306 49
33099040 446248 57
28798954 532878 44
33099543 970306 41
33099543 534469 80
1416659 290132 98
3271250 534641 12
28851487 532869 77
33099667 532869 57
1417336 532869 9
1417336 2289700 23
33099690 532878 83
33099691 532878 12
28734779 532869 97
28734779 534467 12
28734875 1460417 63
33099738 446248 81
33099738 534467 61
4154937 534641 36
3877988 1460417 19
3877989 532869 37
33099742 532878 69
33099743 532878 43
3119477 532869 72
1416844 702585 70
1417516 532878 86
1416997 2289700 20
1001203 532869 94
33099748 532878 32
33099749 532878 29
15014728 532878 48
33099751 532878 79
33099752 532869 86
33099753 532878 78
33099754 532878 7
33098462 2197874 85
33098462 532869 43
33099755 532878 9
33098466 532878 36
4201107 534641 79
14671078 532869 98
2312841 532869 81
33099785 1415096 81
33099785 446248 95
33099785 534467 99
1340817 532869 83
1849043 532878 47
33099870 532878 77
33099942 446248 6
5695390 5695566 96
5695390 678092 43
33100291 532878 9
33100292 532869 15
3270919 534624 82
3270920 534641 7
33100293 532869 81
33100295 678092 92
33100296 532869 38
33100297 532869 22
1001204 532878 35
33100298 532878 60
31090695 532869 75
32134750 680643 70
32134750 534467 23
32134750 534469 71
1578044 532878 39
33100332 290132 5
1731422 446248 42
1731422 1453204 8
1731422 534467 54
1417517 532869 96
28851459 702585 70
28897990 532869 76
33095531 532878 12
2438462 532869 56
33100356 532878 90
33100357 532878 99
33100358 532878 64
3882224 532878 49
28734780 532869 93
3270921 532878 29
3270922 532878 48
3270923 532869 97
3270924 532869 80
3270925 532878 80
3270926 532878 26
3522735 446248 2
3522735 534467 17
3522736 446248 36
3522736 534467 67
3522737 1460417 11
28851507 446248 48
28851507 534467 20
28851508 702585 86
28851509 970306 77
3877990 532869 3
3877991 532878 60
3119478 532878 26
1417440 532869 7
1417441 532869 5
1417441 2291621 86
1417442 532869 86
532880 534624 50
532880 532869 21
1417518 532878 100
1417519 970306 26
1731423 446248 12
1731423 702585 12
1731424 532869 17
1731425 532869 26
1731426 532869 66
1731427 290132 93
2651915 532869 95
13441061 532869 1
3877992 532878 47
30813384 532878 79
2551151 532878 57
2551146 532878 4
1731428 534641 8
1731428 2291627 92
1847156 532869 11
2438463 532869 42
2438440 532869 82
33100618 532869 30
33100620 532869 28
33100621 532878 18
1416845 290132 97
33100632 532869 49
12228553 534469 52
2551149 532878 58
999930 446248 36
33100800 532869 5
33100804 532878 41
33097366 446248 4
33097366 534467 61
4201108 680643 83
4201108 678092 31
33100805 532878 57
790145 532869 37
28734876 534641 16
3877993 534641 98
33100806 532878 73
33100807 532869 1
33100808 532878 48
33100809 532878 99
999931 532878 92
3119479 532869 9
1416765 532878 1
14704424 532869 95
33100812 534641 71
1417236 534641 44
1417237 534641 98
3530131 680643 85
3530131 534469 46
3530132 678092 25
3530133 532878 32
28734781 446248 38
3270927 680643 34
3270927 678092 69
3270928 534641 13
4987260 532869 75
3522738 532878 74
28851510 532869 75
2312842 532869 33
2309957 532869 68
33100813 2171001 38
33100813 532869 38
1416660 290132 21
1416660 2289700 77
2652139 680643 79
2652139 534469 5
33100814 678092 46
4351026 678092 25
33055782 446248 91
1001205 680643 18
1001205 534469 62
5695391 578744 93
5695391 702585 89
5695394 532869 4
5695394 1450889 80
5695395 532869 32
5695395 1450889 65
5695397 5695577 89
5695397 532869 28
5695398 532869 23
5695399 532869 37
5695564 578744 42
5695564 532869 54
5695565 532878 11
5695565 1453271 58
5695760 964225 11
5695760 532878 78
5695760 1453271 91
33247407 534641 36
33247404 532878 50
33247404 1453271 44
33247409 532869 50
5695401 678092 55
5695402 532869 40
5695402 1450889 32
822893 1630800 31
21978958 446248 77
33944886 532878 94
21802105 446248 34
9707201 446248 45
9707201 534467 23
2989335 680643 91
3877994 532869 77
34379985 532878 74
15167717 534469 23
28734782 532878 98
1587642 532878 69
29371878 534467 97
29371878 13504102 56
2786582 446248 83
34397990 532869 85
34404628 534641 27
1417444 532869 24
172779 532869 96
31078520 13504102 97
34414990 446248 82
34416818 532878 99
1662550 964225 59
1662550 532869 29
1662551 446248 43
1662551 578744 64
34419162 534641 73
697218 1453275 61
189270 446248 73
1417445 680643 37
1417445 534469 40
1416998 290132 55
3598517 532869 47
3598521 532869 50
34443207 532878 90
6048608 446248 24
3522739 532869 56
13515216 534624 45
28734784 532878 70
34463901 290132 23
34463902 290132 88
34465646 534469 25
34472408 680643 59
34472408 534469 92
5726580 446248 1
3973674 532869 96
34482426 532869 98
1703802 446248 88
34488441 534641 61
34490938 678092 82
34491004 534641 75
4465111 532869 7
1603761 970306 89
34495427 532869 45
3259979 446248 30
172722 532711 65
34727710 532878 65
34727712 532878 80
3178379 534641 24
173231 446248 17
173231 534624 63
1416846 532869 57
34867978 446248 36
34867978 534467 99
2651919 532878 64
34893912 678092 71
34899368 678092 31
34899759 678092 92
34899759 534467 87
34899761 446248 23
34899761 534624 68
34900524 678092 100
34901602 446248 62
34929980 532878 40
34929982 532878 22
34946582 532878 96
34978133 532878 88
10455075 446248 34
10455075 532869 85
995239 446248 99
4143238 446248 87
4143238 578744 95
4143238 534467 2
5671102 446248 72
5671102 534467 85
701203 446248 83
35077715 532878 100
3878366 446248 46
35080480 446248 49
686213 446248 68
1442537 446248 7
995240 532869 63
4987263 446248 66
4987263 534467 16
2551075 1453271 25
35355219 532878 29
30813385 532878 37
35355221 532878 64
2551152 532878 98
2551081 532878 11
35355223 532878 58
35355225 532878 64
35355227 532878 65
35355229 532878 37
28759451 534467 73
35355235 446248 97
35355235 534467 2
10597758 534467 56
2502028 1662762 61
2502030 534641 72
2502030 1662762 44
2502031 1662762 59
15219540 446248 52
35355315 678092 16
30661185 446248 28
30661185 534467 94
22199796 446248 61
22199796 678092 16
35355427 532878 17
28867731 678092 71
22199808 446248 75
22199808 678092 72
1807758 534467 89
35355533 446248 39
35355533 534467 72
35355537 678092 75
2502699 1662762 43
2651920 532869 6
2651920 2619395 65
3270639 702585 16
3270639 532869 30
2651921 534469 63
2651922 446248 7
2651922 1453204 80
2651922 534467 64
3508233 534641 2
33582801 446248 42
13479379 446248 63
35355635 534641 53
35355635 1662762 5
848694 1662762 33
848751 1662762 69
35355636 534467 95
2501772 534641 83
2501772 1662762 70
1662723 1662762 3
2502400 1662762 63
35355658 1662762 5
2501831 1662762 88
3170727 534641 27
35355757 678092 72
582095 678092 60
5726583 680643 11
12228554 446248 92
12228554 534624 75
12228555 532869 42
12228555 534467 57
12228556 532869 75
12228557 532869 19
12228558 532869 2
2222252 534467 87
2222252 2954114 95
2222252 534469 45
35355889 532869 35
35355893 446248 84
35355893 678092 43
35355893 534467 44
30693841 534467 16
35355978 446248 42
35355987 534641 64
35356760 1434885 88
35356760 534641 45
35356946 534641 48
10102199 680643 73
1662552 534467 22
1662552 534469 19
1603764 534469 93
35357455 446248 26
3973676 532869 29
3973677 532869 71
3973678 532869 8
3973679 532878 87
3973680 532869 31
35357844 532878 93
35357845 532878 99
35357846 532878 69
35357847 532878 17
35357848 532878 21
35357852 532878 82
35357882 678092 34
33725239 446248 1
35357999 678092 28
35358008 534641 32
4081122 534641 71
4990899 446248 56
35358242 2289700 73
1390506 446248 12
1390506 534624 30
28832306 678092 98
35359124 35359125 93
35359152 678092 28
2619376 678092 78
32571388 446248 45
32571388 534467 2
35359439 678092 52
35359439 532869 30
35359527 678092 37
35359554 532878 80
3140656 3616698 70
3508234 534641 61
35360118 446248 79
4154939 534467 14
4154940 532869 77
35360213 532878 55
4154941 290132 37
35360214 532878 12
35360233 446248 95
35360244 534467 49
4987201 532869 53
35360860 2619395 41
30617756 446248 78
30617756 534467 22
30617757 1450889 2
13515221 697223 15
1341150 534469 89
2773755 678092 18
2773756 532869 30
2773757 532869 84
2773758 532869 80
2773759 532869 23
1587748 446248 81
2773760 532869 43
2773761 290132 74
2773762 532869 35
2773763 290132 93
2773764 290132 32
2773765 678092 79
2773766 290132 40
2773767 290132 90
2773768 290132 65
2773770 678092 28
3710315 446248 75
3710315 534467 8
1417239 532869 4
1662724 1662762 41
35361702 1662762 31
2501984 534641 86
35361769 534469 46
35361770 532878 4
35361771 532878 32
35361772 532878 44
35361773 534641 61
35361774 534641 20
33185339 532869 59
33185339 532878 61
33185340 534641 41
35362057 446248 73
35362057 534467 10
35362060 532869 31
35362058 532869 50
15227777 680643 32
35362063 446248 21
35362277 13504102 51
35362280 532869 69
35362281 532869 86
35362278 970306 19
35362279 13504102 38
31896264 678092 13
10593955 532869 89
28737213 532869 50
28737214 532869 71
35362575 532869 31
35362576 532869 31
35362577 532878 65
35362578 532878 89
35362700 1662762 82
35362851 534467 6
31078521 534469 89
227672 702585 49
227672 534467 69
10896113 446248 90
1580074 1434885 24
35363163 534641 2
35363164 534641 19
1579669 532869 35
1579669 534467 72
35363165 532878 15
35363166 532869 53
35363167 532878 17
35363168 532869 77
35363169 532878 78
35363170 532878 57
35363172 532878 73
35363173 532878 32
35363174 532878 41
35363175 532878 34
1579670 532878 87
1579671 532878 71
35363581 2619395 56
9486160 446248 56
35363670 678092 10
35363738 534469 59
1001210 678092 75
35363762 678092 49
35363763 532878 83
35363764 678092 25
35363765 678092 87
35363766 678092 78
35363767 532878 95
35363768 532878 55
35363769 532878 11
35363770 532878 88
35363771 532878 1
35363772 532878 69
1001211 532878 19
35363773 532878 42
35363774 532878 79
35363775 532878 80
35363776 532878 5
35363777 532878 11
35363780 532878 56
3259980 678092 5
35363825 680643 11
35363826 680643 6
35363831 534641 65
35363832 532869 52
35363833 290132 25
35363834 534469 42
35363835 532878 38
35363837 532878 2
35363839 532878 70
35363840 532878 83
35363841 532878 56
35363842 532878 86
28897993 532869 100
35363843 532878 68
28897994 678092 38
28898018 532878 55
28898019 532878 94
28898020 532878 4
3228328 532869 1
35363909 532878 95
21999918 446248 37
35363947 534467 72
1340818 532869 98
2214255 532869 75
35364196 532869 49
35364197 532878 17
1340819 678092 50
35364547 534467 3
35364554 678092 35
35364575 446248 35
35364577 2289898 96
35364578 680643 91
35364581 2289898 29
35364579 680643 13
35364591 680643 17
3986251 678092 38
35364626 532869 52
35364634 532869 79
4987264 532869 10
4987265 532869 43
4987266 532869 86
4987267 532869 13
1417339 534641 17
1417340 532878 96
35364646 532878 89
35364647 532878 79
1417341 532878 3
35364649 532878 90
35364650 532878 22
35364871 1662762 57
35364952 678092 90
35364957 532878 43
35364958 532878 7
35364959 532878 63
28734785 532878 40
28734786 532869 24
1390508 532869 37
1390509 532869 8
35365329 534467 31
31863693 446248 45
31863693 702585 48
31133350 1662762 38
3170830 1662762 44
14671079 678092 16
14671080 678092 94
35365726 534641 63
35365727 532869 89
35365728 532878 2
35365808 678092 34
35365808 2619395 99
1970267 534641 71
35365888 532878 11
2312844 532869 47
2312845 532869 58
35365890 532878 53
35365892 532878 55
2312846 532869 20
35365893 532869 79
35365894 532869 100
2312847 532869 51
35365895 532878 2
35365896 532869 4
35365897 532869 29
2312848 532878 14
2312849 532869 55
35365898 532878 80
35365899 532878 17
35365900 532878 6
2312850 532878 13
35365901 532878 91
2312851 532878 40
1416666 532878 52
1416667 532878 18
1416668 532878 31
1416669 678092 98
1416670 532878 25
1416671 290132 12
3598519 446248 42
3598519 534467 10
3270930 532869 100
3270931 532869 78
3270932 534641 64
3270933 534641 40
3270934 532878 1
3270935 290132 27
1850522 532869 65
1850522 1850524 6
3271253 532869 32
3271254 532878 91
3271255 290132 71
3271256 532878 63
3271257 290132 37
35365947 532878 36
35366018 970306 40
35366018 35366019 98
35366224 446248 85
35366384 534467 27
2786583 678092 96
35366692 532869 73
35366693 534469 51
35366694 532869 89
35366695 532869 63
35366903 680643 34
2309969 532869 7
3882225 532878 92
35366904 532869 46
35366905 532869 9
35366906 532869 97
35366907 532869 6
35366908 532878 1
35366910 532878 21
1398487 446248 42
3522740 532878 98
3877997 532869 75
3877998 532878 76
3877999 532878 48
3878000 532878 67
3878001 532878 19
35367068 678092 68
35367085 1662762 85
35367089 1662762 4
14704425 702585 82
14704425 2289700 84
14704440 532869 6
14704440 2291627 30
35367095 532878 92
35367097 532878 55
35367098 532878 81
35367099 532878 1
35367100 532878 70
35367365 532878 21
15550144 1453204 1
1662725 1662762 51
970305 702585 42
970305 970306 3
970294 534469 5
35367429 532878 26
35367430 532878 26
35367431 532869 21
35367432 532878 81
370307 970306 32
35367455 532878 59
1417002 532878 71
1417003 532878 36
1417004 534641 3
1417005 534641 34
35367668 534467 63
33098555 446248 14
33098558 532869 34
28368450 1662762 22
35367877 1662762 9
35368089 290132 14
35368090 534641 28
35368091 534641 87
35368092 534641 13
1416847 290132 13
1416848 532878 10
1416849 532878 92
35368093 532878 2
13441062 290132 86
13441063 290132 90
13441064 532869 83
13441065 532878 39
13441066 532878 80
35368137 532878 19
35368138 532878 49
35368139 532878 16
35368140 532878 35
35368141 532878 3
35368142 532878 62
35368143 532878 14
1416767 290132 25
1416768 532878 85
1416769 532878 85
35368145 532878 26
35368146 532878 71
35368147 534624 77
1416770 290132 49
35368150 532878 40
877540 532869 20
877541 532869 18
877542 534641 92
877543 532869 69
877544 532878 16
35368152 532878 48
877545 532878 22
877546 532878 37
877547 532869 78
3930624 446248 97
35368355 532869 67
35368356 532869 100
35368359 678092 79
35368361 532878 35
35368362 532878 64
35368363 446248 39
35368364 446248 98
28730192 680643 94
28730192 532869 47
35368595 680643 49
35368595 1244845 5
1417448 534641 45
1417449 290132 78
1417450 532878 2
1417451 532878 59
1417452 290132 62
1417453 2291621 2
1417454 532878 81
1417455 532878 34
35368598 532878 99
35368626 534641 16
35368694 534467 100
35368846 678092 96
35368850 446248 28
1731431 532878 27
1731432 532878 75
1731433 532878 2
1731434 532878 60
35368926 532878 67
35368927 534641 71
35369082 534467 30
35369082 534469 19
35369244 446248 88
35369244 534467 74
15167718 446248 64
15167718 534467 18
15167719 446248 82
15167719 534467 99
15167720 678092 22
15167721 678092 17
15167722 678092 76
15167723 532869 98
35369818 534641 35
35369822 534641 96
2989339 578744 78
22012312 446248 100
35370103 534467 66
35370104 446248 77
35370104 534467 47
35370105 702585 90
35370106 678092 80
35370107 532878 57
30383029 532869 99
35370125 534641 41
35370126 534641 9
35370149 534641 79
35370161 446248 37
35370162 680643 36
30683718 678092 22
35370271 534467 75
34899720 534467 5
35370501 532878 22
35370569 970306 41
29715866 678092 35
3245575 290132 97
3245576 290132 26
3245577 290132 74
1804200 446248 54
227673 532869 87
35371035 534641 16
35371043 678092 61
2989340 680643 99
35371374 1098850 100
35371376 1098850 27
35371378 1098850 79
35371380 1098850 8
35371382 1098850 69
35371384 1244845 70
35364555 678092 51
1417240 532878 17
14120749 446248 12
3119480 532869 69
3119481 532869 23
3119482 534641 81
35371821 532869 28
3119483 532878 28
28734744 532869 37
35371822 532869 17
35371823 532869 2
35371824 532869 4
35371825 532869 69
3119484 532878 99
1417241 532869 48
1417242 534624 82
1417243 680643 24
1417243 678092 57
1417244 678092 42
1417245 534641 26
1417246 532878 90
1417247 532869 77
1417248 532878 93
35371860 532878 11
35371861 532878 25
1695069 532869 6
1695069 1850524 17
35372057 534641 49
35372062 1662762 66
35372287 678092 73
35372288 446248 8
35372288 534467 21
35372290 534469 80
14917508 534641 52
3270642 678092 46
35372491 534467 38
24425473 446248 77
24425473 1453204 71
34472410 534641 50
35372527 680643 8
35372528 534641 54
35372531 534641 35
35362059 532869 46
1603766 678092 14
3882036 532878 10
3882039 532878 94
35372719 534624 44
35372719 534467 50
35372759 446248 53
35372759 534467 4
30383141 532869 54
30383140 532869 6
35372809 532878 99
35372810 532869 89
35372811 532869 20
35372812 532869 92
35372813 532869 8
35372814 532878 51
35372815 532878 73
28798955 534641 63
35372857 534641 31
28798964 534641 83
30672601 534641 100
35372891 446248 25
35372891 534467 86
35372897 534467 29
35372903 532878 99
35372904 532878 76
35372911 446248 79
35372913 532869 31
35372914 678092 75
35372914 534467 94
35372988 532869 54
35372990 678092 52
35372992 446248 86
35372992 534467 55
35372994 680643 38
35372994 534469 35
35372995 970306 69
35373009 534641 74
35373013 534641 88
35373027 534641 29
35373039 534641 82
35373042 534641 3
35373046 534641 96
35373080 534641 62
15025158 534641 6
35373089 534641 39
35373093 534641 72
35373104 534641 96
35373106 534641 66
35373107 534641 63
35373115 534641 72
35373118 534641 15
35373119 534641 22
35373176 446248 65
35373176 1453204 74
35373176 534467 59
35373176 2291627 74
35373180 532878 18
35373182 532878 34
35373183 532878 87
35373184 532878 94
1957392 1850524 41
35373212 534467 37
28815643 446248 40
28815643 534467 39
33100301 532869 1
33100302 532878 25
33100303 532869 80
33100304 532878 71
33100305 532878 74
33100306 532878 19
9874403 446248 57
9874403 1453204 52
35373510 678092 45
28940237 534641 21
35373662 446248 91
35373663 446248 4
35373675 1662762 3
35373679 534641 52
35373679 1662762 71
672023 1415096 42
14204435 532869 23
14204436 532869 100
4465112 532869 8
35373846 532878 43
35373847 532878 63
35373889 290132 74
35373890 446248 16
35373890 534467 64
2291625 678092 39
2291625 2291627 33
3523690 446248 52
3523693 680643 58
3523693 534469 62
33185341 446248 33
33185341 33185354 46
33185342 290132 69
33185343 532869 11
33185344 532869 58
33185345 534469 2
33185346 532869 14
35373958 532869 3
35373993 534641 35
35374023 534641 83
35374077 446248 74
35374077 534467 85
35374078 532869 88
35374079 678092 68
35374080 678092 33
35374081 532869 58
35374169 532869 3
28735181 678092 83
35374171 532869 80
29027430 532878 20
2551082 532878 50
2551147 1453271 6
35374183 532878 78
3199054 532878 92
3199055 532878 49
3199056 532878 1
3198987 532878 25
3199004 532878 44
3199058 532878 28
35374189 446248 58
35374192 678092 36
28734878 532869 78
28734879 532878 7
28734880 532869 72
28734881 532869 38
28734882 532869 84
28734883 534641 97
30699494 680643 28
5964485 446248 42
5964485 534467 31
35374267 532878 30
28851460 532869 18
28851461 532869 51
28851462 532878 86
28851463 532878 72
28851464 534641 42
1417725 534467 68
35374349 446248 60
35374349 534467 35
35374352 446248 22
35374352 534467 51
32134751 532869 69
32134752 532869 29
32134753 446248 57
32134753 532878 49
32134753 534467 88
32134754 532869 51
32134755 532869 33
32607018 446248 21
32607018 534467 72
2652894 532869 44
1295528 532878 80
1295529 532878 54
1295530 532878 6
1295531 532878 24
1295532 532878 7
1295533 532878 1
1295534 532869 24
1295535 532878 83
1295536 290132 29
1295537 532878 61
28731431 446248 46
29371880 532869 59
35374586 532878 13
2651923 678092 66
2651924 532878 75
2651925 532869 63
999937 534641 21
35374791 534641 94
35374793 534641 16
999938 290132 49
999939 532869 59
999940 290132 82
999941 532878 70
35374794 532878 58
999942 532869 41
999942 1849066 5
31078512 970306 49
31078516 532869 75
35375077 532869 22
35375078 532869 50
35375079 532869 2
35375080 532869 38
31078513 534469 78
35375081 532878 68
35375082 532869 99
35375083 532869 65
35375084 532878 38
35375085 532878 35
35375086 532878 65
35375087 532878 94
35375107 532878 65
31078514 446248 57
31078514 534467 96
31078515 532869 78
31078517 534469 46
35375144 532869 57
35375145 532869 61
31078518 532869 45
35375146 532878 53
35375147 532878 38
35375148 532878 29
35375149 532878 33
35375150 532878 99
35375151 532878 96
35375162 532878 92
29026896 446248 46
29026896 13504102 14
3534744 680643 41
2983609 532869 23
2983609 2289700 93
2983610 290132 45
2983611 290132 1
2983612 532878 26
2983613 532878 58
2983614 532878 58
28737104 532869 31
28737103 446248 22
35375637 532878 21
35375638 532869 10
35375639 532878 28
35375641 532878 10
3522741 532869 97
3522742 532869 78
3522743 532869 21
3009946 534641 68
3522744 532878 37
3522745 532878 32
3522746 532878 86
3522747 532878 39
35375650 532878 39
35375778 446248 76
28851511 534469 99
28851512 532869 85
28851513 678092 77
28851514 532878 78
28851515 532878 82
28851516 532878 17
28851517 532878 92
28851518 532878 56
3882233 532869 92
4255585 678092 46
35375818 532869 43
4255586 678092 65
4255587 678092 79
4255588 532878 40
4255589 532878 28
4255590 532878 84
173233 532869 82
173234 532878 74
173235 532878 41
173236 532878 86
173237 532878 3
173238 532878 66
173239 532878 52
173240 532878 33
173241 532878 83
173242 532878 22
173243 532878 90
686100 1440296 85
790146 534641 37
35376041 532878 72
35376042 532878 17
35376043 532878 2
35376044 532878 66
35376045 532878 55
35376054 680643 44
4201109 678092 73
4201110 532869 60
4201111 532878 91
4201112 532878 81
4201113 532878 14
4201114 532878 84
35376065 532878 45
35376066 532878 31
4201115 532869 43
4201115 532878 95
14035631 446248 84
35376162 446248 8
35376162 1453204 96
35376162 534467 70
5695403 290132 76
5695404 532869 54
5695404 1450889 47
35376394 532869 79
33247405 532878 22
33247405 1453271 37
35376395 532878 83
35376452 532869 12
35376456 532869 81
2350519 446248 13
2350519 534624 50
33099788 534467 34
33099788 970306 98
30383024 532869 89
35376476 532869 89
35376477 532869 74
35376478 532869 80
35376479 532869 4
35376480 532869 80
35376481 532869 14
35376482 532869 81
35376483 532869 21
35376484 532869 43
30383025 446248 19
30383023 30383025 77
30383026 532878 100
35376485 532878 57
29026897 13504102 92
29026898 532869 20
29026902 532869 35
29026899 532869 95
29026900 532878 23
29026903 532878 16
35376489 532878 96
29026901 532878 79
1841943 446248 7
1841948 532869 30
1841947 532869 33
35376491 532869 34
35376493 532869 7
35376494 532878 68
35376495 532878 77
35376496 532878 83
35376497 532878 8
35376498 532878 84
35376492 532869 3
35376505 532878 17
35376508 532878 42
35376510 532878 48
35376513 532878 23
35376514 532878 45
35376517 532878 1
35376520 532878 38
35376523 532878 35
35376526 532878 78
35376529 532878 66
35376532 532878 82
35376533 532878 95
35376536 532878 74
35376539 532878 78
29720887 532878 58
35376542 532878 40
2531722 446248 77
2531722 534467 89
2531723 446248 23
2531723 534467 84
35376649 446248 11
35376649 534467 34
35376808 534641 39
3178384 534641 2
3178388 534641 93
3178389 534641 26
3178390 534641 87
3178392 534641 55
3178395 534641 48
3178401 534641 99
3178402 534641 65
3178403 534641 67
3178404 534641 88
3178406 534641 89
35377174 678092 85
30703105 534641 25
1849012 532869 80
1849050 532869 67
35377254 1662762 59
4987268 532869 6
4987269 532869 36
35377511 13504102 56
35377512 534467 95
35377512 13504102 9
35377513 678092 46
35377514 678092 66
35377516 532869 35
35377517 532869 85
35377515 678092 56
35377518 13504102 54
35377519 534467 62
35377519 13504102 29
35377520 532869 39
30383136 534467 74
30383136 970306 45
35377547 532869 5
30383137 446248 17
35377549 446248 49
35377550 446248 82
354242 534467 21
354243 534467 51
3191160 446248 72
35377628 534641 83
35377630 678092 16
3248260 678092 50
3986203 678092 41
35377656 678092 92
10576074 534469 23
22199768 446248 13
22199768 678092 12
1417523 532869 17
1417524 532869 54
1417525 532869 42
1417526 532869 95
1417527 532869 96
1417528 532878 14
1417529 532878 94
1417530 534641 77
1417531 532878 27
1417532 534641 47
1417533 290132 82
35378294 534469 67
35378308 446248 42
35378319 446248 80
35378319 534467 97
30684645 446248 27
30684645 534467 27
28797931 446248 82
28797931 534467 86
28797943 534469 63
35378516 680643 4
35378653 2619395 38
15299368 446248 5
15299368 1453204 12
13504094 532869 23
13504095 532869 31
13504096 534467 2
13504096 13504102 12
13504097 534467 1
13504097 13504102 2
13504098 534469 69
13504099 532878 17
13504100 532869 91
35378794 290132 85
35378810 446248 71
35378813 678092 62
35378821 678092 11
35379021 534641 71
1322584 446248 50
1322584 534467 31
34052032 446248 5
34052032 534467 31
34052033 532869 65
34052034 532869 67
35379471 678092 53
35379633 680643 37
35379683 678092 33
29706528 678092 3
29706529 678092 42
29706530 678092 11
35380081 680643 62
35380081 2619395 48
14915205 446248 99
14915205 534467 86
35380517 534641 35
35380713 446248 89
35380754 446248 71
35380763 1453271 65
35380843 678092 35
35381194 678092 34
35381195 678092 79
10458787 446248 80
35381918 678092 63
35381919 678092 85
2306983 446248 18
2306984 532869 89
35383326 1453271 92
35383344 534469 3
35383440 534641 24
995241 532869 22
10627407 446248 50
35383644 680643 61
35383645 680643 50
35383718 534467 65
35383789 678092 13
13297145 446248 18
13297145 534467 24
13297146 534467 11
35383825 35383827 72
445098 1095964 55
35383964 678092 27
35384307 446248 2
35384307 534467 21
35384370 446248 73
35384388 446248 19
35384388 534467 70
14647593 2289700 76
3611560 678092 43
35384585 532869 32
223384 532878 85
14904619 446248 78
14904620 702585 6
14904621 1460417 17
14904622 678092 82
14904623 532869 84
14904624 532869 49
14904625 534469 72
14904626 534641 85
14904627 534641 23
14904628 534641 76
14904629 532878 41
14904630 532869 15
14904631 532869 5
14904632 532869 72
14904633 532878 48
35384802 532878 52
35384803 532878 38
35384804 532878 94
35384805 532878 74
14904634 532869 37
35384806 970306 77
35384808 532878 70
35384809 532878 14
35384810 532878 62
35384811 532878 23
33185353 446248 72
35384828 446248 16
35384833 1453204 31
35385118 534641 62
8119413 446248 53
1970138 678092 27
37401122 678092 29
37401122 37401123 17
3837073 678092 57
4077333 678092 56
3837074 678092 78
37881699 534641 47
3837076 678092 25
47766792 534641 55
2619300 678092 32
48193574 1453271 5
30660707 534641 27
49421392 1453204 49
49421393 13281558 92
49421394 534641 87
49421395 534641 33
49421396 534641 28
49421397 534641 21
49421398 534641 76
49421399 534641 21
49421400 534641 82
49421401 534641 91
49421402 534641 73
49421403 534641 37
49421404 534641 38
49421405 680643 57
49421406 2171001 90
