5254539 2915872 76
3399935 3792906 65
5602058 3745201 57
5757660 5757666 4
5930796 467339 76
6038514 556362 26
6121854 560134 74
3101137 3585602 21
6623104 32317 77
6784204 4209182 56
6987927 666839 32
7026543 1674284 11
7116643 2295770 47
7269371 2901995 96
7274902 3704680 1
7341788 1858774 8
7296180 3168860 16
7561004 327004 58
7642608 173779 39
7662186 3046843 46
4449877 334736 22
7754710 1160087 65
7849889 196325 49
8241893 430066 28
8271460 2614675 75
4998452 1815370 75
8799065 8799072 16
8829441 2403355 31
8963735 7432997 87
9099272 2290559 56
9137459 7351002 99
9211388 930057 38
9236352 7114548 70
4296941 4379710 25
9597272 1414667 45
10670974 3210988 76
10854643 186886 47
10892893 1848873 49
10948873 10948878 11
10950069 10950074 82
11076895 3959762 62
11099949 3246735 27
11164387 8888713 56
11200874 10663337 19
11227859 861125 93
9016209 102929 39
11393225 893805 25
11396133 3329109 1
12009505 670619 81
12032608 8539674 84
12069572 1536995 24
12243657 2949626 53
12338075 2091590 12
3315638 3738472 67
12608287 1677708 76
13106794 6608143 95
13178336 5606464 9
14251956 3810286 15
14297705 14245 24
14327073 3818449 23
14430636 548717 21
14747224 2278809 70
14761315 4974151 16
15265896 2517189 12
15270323 2231503 46
15272075 10354910 26
15272296 224966 25
15279058 600009 16
15281849 2178790 45
6677624 2139723 12
15292697 2230833 12
15293402 3941435 77
15302503 187002 66
15306648 830570 58
15316627 2480404 81
4159145 2468483 66
15325949 3421246 98
15330123 2063140 74
15331265 1491045 34
15337974 6253167 89
15339317 356244 80
15347440 2721842 66
15347982 2758860 79
4263242 2316257 46
15355541 3752683 100
15355878 6734297 9
15358272 6067874 23
776131 1438963 17
15362036 397046 72
15362313 1660119 43
15377386 1353840 87
1527566 1461306 13
15383579 1582123 3
15411276 2407392 3
15437699 915720 52
15441949 4707672 59
4022717 102875 22
15452016 948193 15
15470295 887157 2
15471708 2073831 99
15493436 949106 25
7241345 7241375 7
12792611 3329039 53
15529575 2216418 24
15531414 850400 14
15539673 2173034 28
15560157 329138 47
15566450 4400219 66
15586336 2072212 66
4998453 2870713 19
15601565 4043646 95
15615725 8256255 85
15642982 2511941 94
15644793 1624547 38
15647381 4528495 32
15654731 2912038 88
15656797 3959902 66
25413840 3282136 61
28466128 6323186 63
28727929 861711 51
15609107 2327158 41
28749048 5211577 60
28755767 721030 1
28757768 793353 3
28757972 1604782 92
28990560 2388140 39
28993014 1007334 16
28993306 7600929 31
9061565 4650032 55
31115643 2502999 89
31149791 3923331 50
5853773 419212 75
31150726 962505 11
28463967 1424472 50
34863547 791652 75
34866397 1675709 100
34866398 1313520 61
36668298 4556861 24
36669155 3622661 9
36669295 3021477 82
36669759 6487652 93
36669783 4507750 99
36670719 301379 10
4998456 4312888 45
36671344 1400340 78
36672561 3092209 4
15272301 10359963 99
6867445 3459946 38
36672744 1499112 82
36700833 218737 87
39439717 1945281 50
39532085 5872839 29
40154262 3671878 18
40165273 325102 65
3904714 4119764 17
40222990 3850473 98
40633293 1523735 59
15268015 1439257 97
1561129 620905 99
4375685 2499716 47
15362405 7565677 11
40633817 2396729 6
40633818 2564433 36
6338700 154879 35
45120363 691997 98
45120462 10359998 24
46098215 6077849 41
46098403 7023269 94
46112231 1577900 60
46112232 328959 27
46112233 4998981 86
46112234 9472532 94
46112235 625973 22
46112236 3014883 47
46112237 2781909 99
46112238 10298827 70
46112239 2432716 33
46112240 1593770 16
46112241 2867104 20
46121975 1184060 72
46124322 1677447 9
46124324 3251424 71
46124325 3219017 15
46124327 2496497 28
46124328 4157407 43
46124331 920078 11
46124332 4051974 62
46124333 4958129 67
46124557 2564605 17
46138757 1620586 90
46378762 1734517 74
46378860 7987531 44
46379124 7727688 56
46379219 50802 34
46379325 755541 96
46379412 3620358 35
46379472 867531 27
46381039 3861341 85
46381506 2306682 63
46382227 9128164 4
46382566 3421507 34
46383074 4135723 58
46383550 2437532 6
46383634 994771 31
46383691 6642849 2
46383919 2298866 37
46383957 3721842 86
46384128 671548 14
46384323 5763205 17
46384402 486741 74
46384476 687250 81
46385080 1326060 15
46385632 299657 66
46386047 3804957 38
46386268 1060820 61
46386300 657846 63
46387522 735245 75
46387758 5733863 55
46388080 4582172 99
46388579 24177 62
46388581 3939930 63
46389138 3419499 54
46389196 1601440 100
46389625 606661 60
46389667 1357435 41
46390419 5385535 63
46391005 7125251 5
46391832 357845 24
46392157 1263621 59
46392548 878095 36
46392620 2986916 24
46392852 3549598 98
46392874 913404 77
46392998 6894160 24
46394172 2373820 5
46395531 9727858 73
46397174 664317 64
46397716 8503 51
46398199 16365 96
46398528 1444123 80
46398536 232098 29
46398875 1975580 20
46399610 3079540 86
46399722 890644 63
46400095 2010852 55
46400619 2576082 53
46400633 107822 52
46401689 5804135 25
46401916 2782972 73
46401936 2213057 89
46402983 2487330 36
47754213 1783803 45
47888321 1929619 14
50252211 780635 37
50252212 2044016 77
50252213 491298 81
50252214 1171889 81
50252215 1171867 39
50252216 1470578 56
50252217 4808629 7
50252218 7040133 51
50252219 8726130 68
50252220 4809172 50
50252221 4528497 22
50252222 2150053 74
50252223 6650355 88
50252224 8106123 29
50252225 3419422 65
50252226 2962814 57
50252227 3338592 67
50252228 660832 69
50252229 2526510 70
50252230 2358531 51
50252231 3643456 82
50252232 160829 14
50252233 4384184 24
50252234 2582864 69
50252235 2436300 34
50252236 1696093 4
50252237 7109623 61
50252238 10660305 75
50252239 2610298 21
50252240 3835689 16
50252241 3128459 60
50252242 892319 56
50252243 1419546 77
50252244 6062774 67
50252245 10270065 90
50252246 2447623 21
50252247 5303679 87
50252248 2132742 75
50252249 3858110 15
50252250 52730 32
50252251 6693407 66
50252252 4937966 61
50252253 1326327 29
50252254 8433966 96
50252255 677412 18
50252256 924025 64
50252257 4412082 92
50252258 189874 6
50252259 4241654 17
50252260 4274973 92
50252261 4149823 52
50252262 3529860 54
50252263 4474607 13
50252264 2499393 77
50252265 2796291 6
50252266 9347682 17
50252267 10322262 56
50252268 925145 6
50252269 5321503 32
50252270 40055 62
50252271 27512 20
50252272 556160 16
50252273 8272064 88
50252274 6080477 72
50252275 677327 36
50252276 15348276 60
50252277 2591577 95
50252278 4509353 2
50252279 12001316 13
50252280 2183194 31
50252281 394809 17
50252282 3584448 12
50252283 2024598 27
50252284 5230487 8
50252285 1854153 71
50252286 7115076 25
50252287 2902672 16
50252288 946319 100
50252289 3338006 18
50252290 2984609 22
50252291 2649748 28
50252292 3081542 74
50252293 2650230 93
50252294 5183012 31
50252295 15431016 19
50252296 6042213 80
50252297 1742393 62
50252298 981423 93
50252299 3641942 92
50252300 950653 21
50252301 1306938 13
50252302 1975819 4
50252303 19736 22
50252304 40367 58
50252305 321271 76
50252306 194108 58
50252307 668777 20
50252308 1344408 19
50252309 10871194 56
50252310 10276390 70
50252311 2652217 2
50252312 220097 87
50252313 6241729 96
50252314 2538326 7
50252315 3250887 16
50252316 11350859 38
50252317 5723333 71
50252318 4311877 43
50252319 883159 52
50252320 10631248 90
50252321 868539 85
50252322 1709038 24
50252323 907352 74
50252324 1663889 49
50252325 3449577 43
50252326 1303829 96
50252327 1904595 6
50252328 2621669 96
50252329 5390730 18
50252330 2921509 78
50252331 3532081 43
50252332 1724190 12
50252333 3291336 31
50252334 3459809 55
50252335 1723749 15
50252336 6370749 72
50252337 953376 86
50252338 1303397 52
50252339 891663 81
50252340 6280795 81
50252341 252380 16
50252342 660454 63
50252343 1743325 7
50252344 1326489 12
50252345 3785819 97
50252346 3261440 95
50252347 2179825 30
50252348 791379 42
50252349 2365857 53
50252350 875260 56
50252351 2575299 60
50252352 916613 71
50252353 6420270 99
50252354 2129170 10
50252355 1801405 31
50252356 8039359 47
50252357 698758 30
50252358 9244580 100
50252359 2735522 81
50252360 3034189 69
50252361 1414634 54
50252362 955646 67
50252363 5077193 12
50252364 782557 29
50252365 5957707 21
50252366 23859001 98
50252367 1850140 28
50252368 324767 58
50252369 2576548 47
50252370 1056056 23
50252371 95602 90
50252372 17093313 8
50252373 1405538 40
50252374 6929254 83
50252375 671403 21
50252376 207310 85
50252377 1753155 90
50252378 4236416 15
50252379 13132987 17
50252380 2953031 80
50252381 1640280 10
50252382 1490124 5
50252383 4139048 95
50252384 5456166 26
50252385 6764537 30
50252386 2983800 1
50252387 1415222 84
50252388 2575699 7
50252389 1687481 58
50252390 874267 73
50252391 415276 77
50252392 3114729 2
50252393 304972 70
50252394 126266 3
50252395 2163935 19
50252396 675515 76
50252397 948590 3
50252398 889278 89
50252399 5501721 61
50252400 5088864 56
50252401 2226804 72
50252402 2004565 65
50252403 202318 40
50252404 810118 6
50252405 3369535 24
50252406 1434087 46
50252407 3395836 86
50252408 2957069 80
50252409 950135 25
50252410 3275455 19
50252411 2783545 56
50252412 1637596 67
50252413 791779 17
50252414 2226811 16
50252415 2821441 98
50252416 2775653 73
50252417 483481 33
50252418 853158 31
50252419 224532 66
50252420 421108 16
50252421 1640914 39
50252422 1730590 70
50252423 2226799 99
50252424 1711498 71
50252425 402131 19
50252426 1783440 25
50252427 3723037 68
50252428 3650254 72
50252429 1345748 55
50252430 329368 48
50252431 153185 76
50252432 849007 56
50252433 924442 12
50252434 2516020 24
50252435 2070580 86
50252436 3387970 45
50252437 2772182 39
50252438 2139066 6
50252439 1273536 85
50252440 500890 18
50252441 1799737 52
50252442 483544 40
50252443 1277577 4
50252444 2226786 97
50252445 2991032 15
50252446 2775719 32
50252447 2226762 26
50252448 500034 43
50252449 1633464 92
50252450 2842289 59
50252451 1692924 68
50252452 1316191 51
50252453 965911 99
50252454 2467603 30
50252455 1678712 98
50252456 1678302 71
50252457 2061986 85
50252458 3440006 66
50252459 5311461 82
50252460 1834757 61
50252461 1013824 91
50252462 1391415 97
50252463 1132776 38
50252464 2682398 7
50252465 220143 81
50252466 550461 10
50252467 195208 32
50252468 1850209 54
50252469 1022791 73
50252470 3526453 93
50252471 6892244 85
50252472 1022082 72
50252473 1783271 94
50252474 6857755 82
50252475 1014229 38
50252476 5606257 42
50252477 2662499 13
50252478 859120 34
50252479 3055188 24
50252480 696237 100
50252481 830411 44
50252482 1899523 25
50252483 3152871 30
50252484 1076465 37
50252485 2424614 37
50252486 961142 9
50252487 7127759 19
50252488 1309768 38
50252489 351826 22
50252490 877411 66
50252491 2813070 89
50252492 357054 74
50252493 3284823 69
50252494 1692954 5
50252495 1069133 30
50252496 1304127 14
50252497 190214 30
50252498 2489897 65
50252499 888051 62
50252500 1792957 61
50252501 3814046 42
50252502 996067 39
50252503 1421851 28
50252504 962501 77
50252505 2588544 25
50252506 691571 84
50252507 5751087 16
50252508 193531 34
50252509 1420604 22
50252510 4686887 95
50252511 4544765 4
50252512 2321227 13
50252513 664211 83
50252514 1758964 49
50252515 1758964 63
50252516 3833110 45
50252517 7285387 100
50252518 625399 18
50252519 6355033 34
50252520 669768 13
50252521 992448 58
50252522 1115909 37
50252523 1689191 12
50252524 97512 45
50252525 1070566 34
50252526 2047082 3
50252527 992551 57
50252528 436264 94
50252529 2937776 75
50252530 341497 36
50252531 2425123 38
50252532 6050107 21
50252533 791384 28
50252534 992593 50
50252535 602780 47
50252536 2425153 24
50252537 1637700 2
50252538 4032399 12
50252539 1649382 20
50252540 11621837 49
50252541 5448727 16
50252542 9702055 9
50252543 330828 26
50252544 3110001 66
50252545 1803781 76
50252546 5377394 75
50252547 1026257 72
50252548 618985 71
50252549 13208500 37
50252550 4344816 99
50252551 5276616 97
50252552 3111129 70
50252553 3067006 27
50252554 893608 79
50252555 1005334 97
50252556 6610621 23
50252557 856850 30
50252558 2719484 40
50252559 5649006 74
50252560 2425206 57
50252561 661430 12
50252562 3157489 87
50252563 4148677 3
50252564 2575455 8
50252565 4694087 52
50252566 1746081 84
50252567 6032866 97
50252568 946607 11
50252569 2746791 23
50252570 1970185 28
50252571 6780432 16
50252572 131717 88
50252573 4724462 81
50252574 962912 60
50252575 6134076 88
50252576 1658186 20
50252577 898921 83
50252578 5758208 1
50252579 879287 9
50252580 3311572 14
50252581 5227230 60
50252582 2349259 96
50252583 1724809 35
50252584 95767 35
50252585 7822065 73
50252586 11096931 27
50252587 1262613 73
50252588 916266 27
50252589 2158079 83
50252590 821841 59
50252591 701679 43
50252592 5690864 53
50252593 757906 96
50252594 1204462 16
50252595 256923 1
50252596 2681373 65
50252597 4639578 72
50252598 3282726 69
50252599 765246 63
50252600 1634645 69
50252601 1728690 91
50252602 3390283 90
50252603 2132945 96
50252604 825527 82
50252605 2734071 69
50252606 3384409 70
50252607 4092981 69
50252608 7005063 36
50252609 849282 8
50252610 6402516 94
50252611 1399430 31
50252612 405016 94
50252613 58763 76
50252614 1756329 21
50252615 294901 7
50252616 245039 33
50252617 860252 90
50252618 2402144 100
50252619 2079801 96
50252620 2808689 30
50252621 2784211 77
50252622 3368870 13
50252623 279972 27
50252624 2528234 9
50252625 2725540 43
50252626 1856535 47
50252627 2048461 46
50252628 911698 96
50252629 1574805 34
50252630 1732693 44
50252631 2945727 36
50252632 280022 31
50252633 2338220 24
50252634 2808706 55
50252635 1346254 78
50252636 1005848 89
50252637 1322876 98
50252638 1574738 92
50252639 3363712 69
50252640 48659 84
50252641 123407 31
50252642 1656125 10
50252643 2338237 23
50252644 1026213 74
50252645 875039 74
50252646 3038214 35
50252647 1595133 72
50252648 279918 52
50252649 3100964 25
50252650 787712 96
50252651 2784171 20
50252652 1085346 36
50252653 1755270 92
50252654 2322601 27
50252655 657591 44
50252656 1792852 61
50252657 873725 8
50252658 679251 52
50252659 893760 95
50252660 4030432 58
50252661 2209476 11
50252662 3378220 65
50252663 279993 46
50252664 4195309 10
50252665 3368818 83
50252666 3116970 99
50252667 1819909 91
50252668 2048492 8
50252669 1626180 97
50252670 3368889 10
50252671 2183019 98
50252672 1125391 29
50252673 1574833 99
50252674 786793 83
50252675 280094 62
50252676 710920 49
50252677 1574781 14
50252678 1573614 38
50252679 1379386 90
50252680 21635 16
50252681 1574394 32
50252682 1997205 26
50252683 675614 41
50252684 3597313 31
50252685 296009 93
50252686 3651407 65
50252687 880196 25
50252688 7994165 94
50252689 3702785 98
50252690 884023 9
50252691 1001188 70
50252692 101656 100
50252693 3220242 16
50252694 2665994 16
50252695 3687373 29
50252696 779067 63
50252697 674819 88
50252698 109987 92
50252699 396414 13
50252700 288839 58
50252701 2212436 24
50252702 1270846 52
50252703 2654494 77
50252704 1715566 13
50252705 123533 95
50252706 326905 31
50252707 2694173 32
50252708 6284584 22
50252709 1563859 92
50252710 828130 48
50252711 1088152 24
50252712 284250 60
50252713 7446254 99
50252714 3010252 86
50252715 3228010 19
50252716 994274 99
50252717 321643 70
50252718 3690249 93
50252719 675615 10
50252720 761060 31
50252721 4444785 21
50252722 1677796 9
50252723 1208146 55
50252724 11622547 98
50252725 1763312 44
50252726 3402373 77
50252727 6863743 86
50252728 5481563 84
50252729 9377829 51
50252730 6721312 52
50252731 3349720 52
50252732 6381876 13
50252733 663466 51
50252734 4707067 24
50252735 12927469 50
50252736 9632864 13
50252737 5448663 2
50252738 2988871 9
50252739 5271341 2
50252740 8932875 98
50252741 108845 69
50252742 5320131 12
50252743 2536251 7
50252744 7672326 1
50252745 7057567 42
50252746 4362785 19
50252747 14656769 33
50252748 3508276 36
50252749 3286835 43
50252750 6858789 28
50252751 2937794 8
50252752 7183450 53
50252753 891047 98
50252754 1639777 67
50252755 2931959 95
50252756 6821295 92
50252757 6913397 95
50252758 5732353 43
50252759 1513616 5
50252760 4505550 32
50252761 4737833 50
50252762 8834263 90
50252763 4632055 62
50252764 2590411 29
50252765 8784185 73
50252766 4019288 73
50252767 6895413 34
50252768 3012711 55
50252769 849138 74
50252770 868324 42
50252771 4491753 99
50252772 5238087 46
50252773 2436786 49
50252774 2554523 27
50252775 665485 92
50252776 25626536 19
50252777 1531552 58
50252778 874460 96
50252779 2962681 44
50252780 2554379 20
50252781 954886 43
50252782 6628946 32
50252783 2840734 70
50252784 867002 25
50252785 7313698 10
50252786 1563208 31
50252787 1413237 45
50252788 4841510 42
50252789 85553 58
50252790 2323686 48
50252791 1705689 20
50252792 1759777 54
50252793 7218440 59
50252794 1800778 42
50252795 830633 12
50252796 3132516 85
50252797 3627705 9
50252798 6405840 66
50252799 2774588 82
50252800 3561560 72
50252801 1086901 53
50252802 9862080 45
50252803 2220077 87
50252804 910157 85
50252805 2540437 92
50252806 119066 79
50252807 672789 52
50252808 321430 56
50252809 1513437 86
50252810 6209062 34
50252811 11655355 29
50252812 889771 33
50252813 3505558 23
50252814 13184394 2
50252815 1794295 91
50252816 2595562 86
50252817 1944898 90
50252818 3230324 33
50252819 2785588 39
50252820 107168 81
50252821 3031513 94
50252822 565293 50
50252823 3367568 92
50252824 450675 25
50252825 3938949 11
50252826 13487137 99
50252827 4444131 83
50252828 4938025 3
50252829 12120270 37
50252830 260698 1
50252831 8768367 52
50252832 1695859 21
50252833 6645827 64
50252834 3687939 69
50252835 5179314 19
50252836 1581531 37
50252837 726277 93
50252838 5128582 82
50252839 4941443 36
50252840 2435582 28
50252841 7336177 65
50252842 7007269 94
50252843 8738327 24
50252844 1696092 80
50252845 5730047 57
50252846 9018038 46
50252847 678326 31
50252848 2108295 80
50252849 5308671 44
50252850 3054062 15
50252851 915476 30
50252852 726273 79
50252853 2441323 47
50252854 1583284 35
50252855 3332225 56
50252856 7148550 17
50252857 4171132 66
50252858 2738847 82
50252859 5493098 61
50252860 6412964 62
50252861 11718408 83
50252862 7093135 88
50252863 3926072 81
50252864 5977403 57
50252865 6433877 27
50252866 5243345 47
50252867 1830150 86
50252868 8031955 18
50252869 172414 13
50252870 1765999 35
50252871 2823980 56
50252872 3684845 66
50252873 910938 24
50252874 830843 34
50252875 9157678 52
50252876 2532645 16
50252877 3563981 33
50252878 416325 28
50252879 791040 10
50252880 564456 7
50252881 2637563 3
50252882 4151254 61
50252883 4573943 100
50252884 557033 16
50252885 2692065 12
50252886 2623800 7
50252887 694437 55
50252888 1005971 40
50252889 940444 57
50252890 4927093 92
50252891 4556800 67
50252892 2500194 56
50252893 423868 29
50252894 3878182 77
50252895 4788547 17
50252896 2535939 16
50252897 108152 49
50252898 3329570 25
50252899 1249424 55
50252900 4940913 80
50252901 890454 8
50252902 953313 5
50252903 566781 58
50252904 566708 58
50252905 1853960 16
50252906 5952062 1
50252907 5692149 3
50252908 5035487 93
50252909 2550674 53
50252910 7378791 61
50252911 1961114 79
50252912 2804699 44
50252913 3709557 13
50252914 14830634 7
50252915 908284 91
50252916 3441326 99
50252917 1407216 27
50252918 5954001 35
50252919 2410326 60
50252920 4520906 5
50252921 144234 79
50252922 824779 73
50252923 890116 70
50252924 483849 46
50252925 439919 19
50252926 947264 25
50252927 1607322 58
50252928 1777890 52
50252929 6146324 36
50252930 3284895 25
50252931 1776336 7
50252932 4394149 36
50252933 104950 72
50252934 2162222 41
50252935 1560895 42
50252936 5301594 66
50252937 5229291 5
50252938 4744399 91
50252939 622803 68
50252940 5690795 61
50252941 5842161 39
50252942 4081765 3
50252943 2213367 30
50252944 6236136 11
50252945 564994 4
50252946 2513187 56
50252947 321842 98
50252948 7216674 69
50252949 1947066 53
50252950 2264620 87
50252951 3202259 49
50252952 9554847 52
50252953 9371569 76
50252954 5620705 12
50252955 1312174 71
50252956 671196 66
50252957 2556343 11
50252958 3152866 79
50252959 5584892 1
50252960 1957681 67
50252961 8483481 67
50252962 5567412 58
50252963 3172685 95
50252964 2281834 46
50252965 707764 17
50252966 1466326 35
50252967 868507 57
50252968 707730 87
50252969 1058817 19
50252970 1613925 83
50252971 437438 25
50252972 4781782 9
50252973 2463827 24
50252974 218741 15
50252975 2335789 50
50252976 2290781 78
50252977 2582332 5
50252978 23147 37
50252979 4128243 53
50252980 5570084 79
50252981 1450061 43
50252982 883206 85
50252983 5673984 75
50252984 429548 79
50252985 425148 52
50252986 7110994 72
50252987 6166595 51
50252988 2864189 21
50252989 362119 83
50252990 7527224 90
50252991 2604715 17
50252992 13104540 24
50252993 8160349 18
50252994 6828156 43
50252995 10232841 60
50252996 963535 92
50252997 1661637 56
50252998 1661569 48
50252999 847523 80
50253000 1518865 71
50253001 2500890 5
50253002 2500871 44
50253003 391185 56
50253004 2148600 98
50253005 1180289 85
50253006 1273015 56
50253007 2052941 59
50253008 3636063 55
50253009 847524 6
50253010 847519 93
50253011 4166452 99
50253012 5372200 5
50253013 107906 95
50253014 2927664 68
50253015 5489849 1
50253016 2021781 44
50253017 107103 1
50253018 726353 45
50253019 351534 77
50253020 5522490 100
50253021 7972999 88
50253022 2292605 33
50253023 593437 95
50253024 3600079 52
50253025 2298932 10
50253026 1640179 11
50253027 2538482 25
50253028 9144233 89
50253029 1588556 53
50253030 734078 68
50253031 1505504 83
50253032 2369386 97
50253033 1599059 69
50253034 6369111 10
50253035 9932186 22
50253036 358796 18
50253037 3595154 13
50253038 8556858 13
50253039 6118219 51
50253040 3063621 15
50253041 884391 23
50253042 1414296 96
50253043 5384427 13
50253044 1806022 63
50253045 11821560 49
50253046 1003196 62
50253047 2125867 76
50253048 5531656 19
50253049 13347038 100
50253050 5239482 57
50253051 2874034 90
50253052 108155 42
50253053 1304929 47
50253054 2125877 56
50253055 606550 55
50253056 11702929 29
50253057 1579909 91
50253058 2615079 36
50253059 5347012 31
50253060 238832 65
50253061 690037 63
50253062 4181702 15
50253063 2992008 5
50253064 960483 26
50253065 1210266 91
50253066 1799624 76
50253067 4027701 93
50253068 3479836 73
50253069 5846087 11
50253070 9152948 73
50253071 7120053 12
50253072 19404411 19
50253073 191756 98
50253074 389003 86
50253075 4052442 89
50253076 3424252 76
50253077 5658640 57
50253078 889220 97
50253079 103030 77
50253080 302510 81
50253081 5675684 27
50253082 5508568 28
50253083 3014418 35
50253084 10318350 19
50253085 262456 91
50253086 859888 88
50253087 1438387 17
50253088 1597807 9
50253089 10366010 48
50253090 725831 37
50253091 4001729 39
50253092 5237823 90
50253093 4576466 51
50253094 9142300 68
50253095 4211714 52
50253096 6334313 81
50253097 3142003 41
50253098 918014 81
50253099 356734 30
50253100 2272042 63
50253101 2642478 13
50253102 10319587 24
50253103 2100171 50
50253104 6920956 59
50253105 5251571 48
50253106 5627990 77
50253107 2841932 2
50253108 4442824 58
50253109 8565165 88
50253110 684432 95
50253111 4487264 15
50253112 670561 8
50253113 16347548 67
50253114 4238715 64
50253115 5501983 65
50253116 12826054 36
50253117 3055905 39
50253118 3069673 10
50253119 39513 65
50253120 2538300 85
50253121 1334425 71
50253122 3332096 51
50253123 1525136 82
50253124 800246 38
50253125 952963 22
50253126 324817 28
50253127 9948985 20
50253128 10793648 82
50253129 137456 76
50253130 4695637 11
50253131 2271718 71
50253132 3986916 44
50253133 4490121 56
50253134 10198682 86
50253135 9337407 32
50253136 2299931 81
50253137 9473912 9
50253138 2527939 67
50253139 6325885 58
50253140 2351912 50
50253141 11657853 74
50253142 1977751 79
50253143 2292884 45
50253144 3429795 37
50253145 12687278 97
50253146 352072 9
50253147 4181567 34
50253148 8583158 39
50253149 698446 29
50253150 997453 69
50253151 4804405 31
50253152 4973758 40
50253153 5949991 14
50253154 1004966 5
50253155 711369 55
50253156 3284833 76
50253157 3887793 71
50253158 5985386 47
50253159 1612153 18
50253160 7949922 99
50253161 6383320 35
50253162 6315347 28
50253163 5564427 100
50253164 13646975 25
50253165 1004929 11
50253166 1453461 84
50253167 1775526 74
50253168 17617914 43
50253169 2538910 34
50253170 10705002 21
50253171 10366312 53
50253172 5655050 20
50253173 5864734 80
50253174 10366336 24
50253175 8191375 1
50253176 7224993 62
50253177 3385348 94
50253178 857349 15
50253179 3328003 92
50253180 9541731 61
50253181 121157 71
50253182 5985220 34
50253183 6783967 10
50253184 95430 25
50253185 316847 11
50253186 22322210 46
50253187 3188469 76
50253188 22394048 49
50253189 5942877 6
50253190 1798258 52
50253191 12478929 12
50253192 4905391 47
50253193 5553151 59
50253194 13067283 75
50253195 2869097 66
50253196 1658503 31
50253197 3131096 24
50253198 1828861 90
50253199 4193823 21
50253200 6912989 96
50253201 1855135 49
50253202 2991110 22
50253203 1820989 36
50253204 5704337 28
50253205 3740879 70
50253206 589815 3
50253207 4740818 27
50253208 286175 26
50253209 6245751 1
50253210 1377446 66
50253211 6856011 3
50253212 3110299 91
50253213 1796711 74
50253214 5369280 16
50253215 941782 19
50253216 1416352 86
50253217 6073807 95
50253218 5512715 25
50253219 816080 92
50253220 14116587 82
50253221 1544349 40
50253222 6185840 79
50253223 5501780 49
50253224 445644 52
50253225 1051605 48
50253226 3093998 22
50253227 4166222 93
50253228 1626481 44
50253229 4341436 42
50253230 2621161 51
50253231 6557176 23
50253232 359776 58
50253233 390489 85
50253234 21342 34
50253235 6734296 85
50253236 5671833 28
50253237 10366764 27
50253238 438033 23
50253239 672841 94
50253240 3470991 27
50253241 15441672 4
50253242 441538 90
50253243 9718353 48
50253244 2585493 52
50253245 8272618 42
50253246 5202779 3
50253247 12119057 34
50253248 1005312 3
50253249 906208 46
50253250 3998113 17
50253251 3976710 66
50253252 8896206 52
50253253 4797896 4
50253254 14194545 82
50253255 5908187 51
50253256 2435699 39
50253257 6740738 72
50253258 5338128 99
50253259 3955930 77
50253260 10039544 10
50253261 14936457 23
50253262 1323019 72
50253263 4345600 93
50253264 5808799 74
50253265 1392070 41
50253266 6625264 70
50253267 2469256 38
50253268 17268878 23
50253269 1659103 19
50253270 1416761 19
50253271 3958532 27
50253272 1742761 28
50253273 6732090 70
50253274 6244607 62
50253275 5881635 63
50253276 870058 91
50253277 8453758 70
50253278 659300 65
50253279 9341939 31
50253280 25340483 43
50253281 2315638 8
50253282 603300 8
50253283 2184145 95
50253284 1012137 37
50253285 1433810 67
50253286 1619229 96
50253287 8751290 87
50253288 890832 45
50253289 3341475 22
50253290 1749727 14
50253291 3158936 58
50253292 7242431 79
50253293 1626448 57
50253294 999505 98
50253295 6274827 89
50253296 2439088 10
50253297 3156938 80
50253298 11660694 62
50253299 2299731 41
50253300 1046642 95
