626203 1364405 85
48976 208690 11
288473 804354 64
120708 114106 59
301132 825658 16
281491 790283 39
407177 1040263 64
208470 624839 24
445752 114231 93
190155 583680 89
9744113 9744127 51
22635 122830 81
1367241 2089504 74
10098049 1112703 37
532872 1244920 48
608266 1345252 96
41358 170505 63
632908 1372493 50
40193 165061 87
10663857 10663902 90
640061 374764 30
3392086 114161 39
880428 1696164 74
880428 1696165 7
625926 1364169 61
122918 403099 1
328412 891889 98
173563 285410 1
296001 818034 64
608460 1345421 58
326018 880484 81
11972485 11972508 76
1197500 2074577 12
12359279 12359294 59
12359296 12359312 7
401393 1014505 43
264026 762434 20
124767 406992 33
1616829 2466418 95
1616829 401026 17
22364 122408 20
9721415 9721440 81
635219 1373774 89
625880 1364102 69
50370 212922 18
94274 319987 97
167297 520784 66
3001068 3517812 93
13258009 13258017 39
123075 403718 59
39252 160287 22
635229 1373790 83
210278 637447 96
125464 263962 14
160395 504272 38
288497 804617 3
629 5777 22
21965 120728 42
505283 1197246 14
667749 1410530 29
503882 511089 40
160806 506471 52
13262072 2756944 73
624840 1363410 55
106367 118715 69
116849 375939 83
3115 39335 88
99383 329255 18
16813 86682 93
96813 326114 19
48977 208754 39
161019 507216 91
49991 211386 8
99977 330276 67
654697 114004 84
120710 397677 23
124715 406797 2
51765 217237 34
110467 355321 6
106645 350931 54
504844 1196510 36
51408 216431 94
1480934 2348456 31
13266993 13267006 81
53071 219691 30
111154 357707 16
46981 202498 91
1567833 403718 88
47002 202599 87
13269286 13269296 73
124883 114178 82
123400 404854 54
113195 369701 17
165028 517892 65
765501 1549839 25
622124 1360976 14
50933 215678 40
50933 215679 81
49129 209281 38
2316 23071 72
629656 1367300 80
2595515 3230724 23
87088 296924 71
124959 407895 59
498420 1184649 24
655467 1397755 10
49992 211514 15
54160 221528 31
52315 218048 71
2732627 3323068 63
13279372 13279386 52
118938 352909 54
387262 998584 97
530831 1241603 75
856616 1671676 17
721052 1480932 97
13285624 13285634 62
86628 295597 20
8341128 114231 68
124717 406877 82
13286454 13286470 55
120711 397699 59
3642269 3955057 7
721053 1480953 32
13287372 13287381 24
19384 110634 54
19384 110635 63
219099 672954 40
13289103 3346520 84
160896 506806 62
403773 1028383 37
2057741 1366082 86
620256 1359535 94
4638732 4234088 88
123138 404039 79
503769 1193738 62
620333 1359575 31
13291871 13291888 43
13291943 2842846 85
326021 880529 40
2751189 3341932 47
173608 536487 81
804677 1604963 1
160718 114008 70
213352 649850 55
352766 942123 49
2348425 114311 5
400733 1012855 29
55287 228248 24
666143 1407799 95
160939 506998 22
502890 113709 4
208763 627944 100
41763 171944 81
13296036 13296056 78
6731341 6731368 85
2239066 2967729 70
1195896 2070404 40
160897 506830 72
215648 654742 71
13298939 1164621 54
13299083 2808402 9
1798401 2612897 40
412033 1049795 3
884644 1701109 44
864649 1678215 87
13300529 13300543 44
38779 158529 87
2348426 114201 88
106368 350526 87
625809 1363909 49
1360809 2236854 71
382915 993218 60
621122 1360208 15
4247718 4347521 67
1855737 2657114 55
51499 216656 100
2251439 2976519 29
4080360 4234088 76
9026706 9026771 2
2646256 3267027 22
13310812 2036317 82
813536 1616201 39
13311339 795117 78
288499 804646 68
626074 1364278 40
648792 1390263 71
2073699 2830046 13
502891 1192697 100
534652 1250043 5
96989 326386 52
161217 507546 86
3771141 4031365 28
390179 114052 14
1624177 2472138 18
505150 1197038 48
9026744 9026806 5
1037014 1901784 18
1198214 2075273 5
4248852 4348212 68
13319269 13319284 12
643429 114087 49
160940 507037 42
123076 403767 69
624530 1363252 83
2667559 3281108 49
13327198 13327207 61
49724 210681 63
13328913 13328933 92
2220309 2952699 83
628523 1366082 8
142477 448978 37
505587 1197531 13
13333887 13333909 58
108668 352814 59
355568 110635 66
3036389 3541027 99
4246933 4347124 6
286478 799148 20
1774024 2589387 50
13341367 1911226 52
288501 804666 57
412094 1049922 66
504730 209141 90
49093 209141 68
756766 1539227 95
13346455 13346469 48
872841 1688954 79
48874 208491 50
160807 506500 61
4099098 4248407 68
13353157 13353179 18
631072 1369366 97
4250786 2426492 59
49384 209962 44
4414412 4462849 19
498372 1184535 42
498372 1184536 15
39257 160367 42
2838656 3398873 30
7713119 7713143 88
401238 1014160 44
3856574 4089246 32
791972 1582629 36
13366845 13366864 69
1089909 1954223 26
639400 1376078 52
48981 208858 34
13371680 13371693 68
126586 412088 33
920388 1727579 86
95704 322778 60
10593948 10593973 42
1193097 2068546 100
1044589 1907145 2
13409504 2905574 60
13420458 13420477 10
3155238 3626414 99
4976726 4976741 24
13489300 13489319 36
2934460 3469016 70
14762403 14762423 30
383059 993607 65
94840 321334 28
160808 118720 68
920106 1726938 73
21694 120034 71
4413734 4462403 93
160457 504529 39
395108 352908 79
48755 208176 13
108735 352908 16
108735 352909 37
1199466 2075634 71
123340 404602 81
625881 1364123 77
630963 1369071 37
14773302 14773314 5
124961 407973 57
124769 407052 100
14776139 14776144 99
14777395 14777410 12
14778469 14778490 37
2242242 453049 42
48757 208210 14
48757 208211 28
498421 1184681 30
505588 1197544 32
212873 648361 63
39259 160391 9
14882738 2028297 4
106370 350542 38
2220426 2952770 10
135233 424500 97
14883223 14883243 22
502989 1193023 49
817705 1624206 19
215986 655199 87
4248827 4348119 15
14883695 14883713 31
623132 1112221 6
124772 114065 78
3224554 3675070 23
172792 532964 95
14883926 14883941 7
14884089 2426514 41
620455 1359767 24
14884229 114026 45
14884327 14884352 45
14884413 14884424 89
2253701 2978417 48
14884521 14884538 21
369659 969509 5
369659 969514 12
369659 969515 87
369659 969516 98
162147 511661 89
48758 208239 82
1200575 2076605 51
14884867 14884883 18
6061810 6061846 52
160719 506107 24
14884960 2326364 66
526115 1233925 23
14884981 3635414 10
624190 1363011 71
14885125 14885144 48
14885327 14885346 98
160809 506559 79
160809 506560 77
1042595 1905384 87
14885656 1480165 45
1030746 1893448 89
14885744 14885767 60
14885892 2493798 97
14885996 2075634 6
10786698 228248 11
2583050 1826002 84
14487092 11596615 57
14886172 3267027 24
1096751 1962692 98
629693 1367405 72
3868946 4099309 50
123234 404214 35
14886549 14886557 45
382917 993288 1
288505 804701 38
341899 932022 97
442177 1091064 98
442177 1091065 48
507047 397677 28
165031 517919 58
14887081 14887100 54
653143 1395893 9
4900584 4900641 49
13284942 2493757 24
404183 404214 72
14887649 2756804 99
14887686 969509 29
14887740 3346912 78
1253880 2132388 58
14887901 14887916 59
14887920 14887934 31
4163975 4293754 49
14888125 14888145 71
1362987 2239045 6
160720 506134 12
295608 817355 77
160721 506161 20
208698 627050 71
14888325 14888330 11
14888433 3518689 25
2581269 3167884 89
14888687 14888696 71
165032 517932 71
288506 804731 29
2235164 2965352 32
14769162 14769179 64
14889249 2089480 60
14889460 14889488 4
14889693 2426523 31
14889711 1480210 56
14889751 3165642 81
14889792 14889811 89
955460 1786392 60
14889848 14889860 97
262110 759292 8
14890020 14890031 68
14890073 780794 85
2114 22678 3
14890131 14889488 69
638467 1375470 21
14891194 14891210 76
14891538 14891554 22
14903864 14903875 83
14923465 14923475 34
11596589 11596615 3
14932488 114104 79
534640 1249866 52
11596618 11596674 40
294969 816104 19
1456029 2326005 1
123267 404316 19
124884 407614 20
14965623 114193 86
626584 1364690 36
14976004 14976009 21
14982516 14982522 5
14983461 14983468 31
526195 1234108 21
14994254 1112646 26
14997198 14997202 40
217157 661421 62
623622 1362283 45
15000905 15000918 65
15002577 15002585 19
15006053 15006071 6
1345233 2220066 52
637165 1374130 70
15014948 15014962 8
4933936 4933963 40
2252326 2976819 55
15021391 3044898 74
15023482 113714 3
623832 1362547 94
2831841 3394456 83
15028873 15028886 23
124963 374765 15
504845 1196527 23
526116 1233955 40
15054358 15054367 30
160459 424500 69
645500 720098 90
15061441 15061456 35
15064928 15064947 3
15067281 1479941 67
15076630 15076636 47
15077095 2507805 57
49130 208211 88
15079463 15079477 72
15082085 81291 61
15084544 1407799 68
15085143 15085162 32
15089072 3111301 57
8366341 8366365 8
15095340 511092 37
400681 1012229 11
15098269 15098282 63
15100167 15100175 52
15101862 759292 91
643109 1382162 71
937865 1768294 4
15111656 13489319 36
640611 1377368 1
4414355 4462786 37
15113560 15113566 18
125110 408429 81
15116343 453123 31
15120047 15120056 15
1192902 2068340 4
15121778 15121796 73
15124019 15124028 14
1041985 1904876 38
15124508 4485304 35
15126006 15126025 86
12000008 12000032 55
15138353 14983468 84
634322 1373347 79
15155836 15155848 15
240560 728314 88
270400 773256 33
15168698 507674 58
48759 208276 11
1362988 486843 81
1445808 2314889 94
123077 403829 1
623833 1362581 54
426804 1071019 20
13284943 2036281 78
3868793 4099120 98
506629 1198839 80
14769163 14769190 38
215030 653819 63
623681 1362409 93
412051 1049816 41
504846 1196544 65
3319561 373752 13
161104 507301 58
819936 1626853 2
954853 1785883 50
122798 402919 39
503770 1193764 38
262224 759857 59
160898 506864 1
2243710 2970522 47
212876 648384 48
638358 1375106 9
631419 1370025 41
12051169 12051190 52
15829658 375575 90
124965 408069 100
504211 1194049 33
1901636 2682450 15
1016836 1868416 42
1303247 817394 38
7985250 7985279 34
124885 407653 37
1905594 2685073 15
160723 506223 34
15831997 15832004 25
160942 507072 29
15832070 15726096 70
15832163 3066657 55
1434150 2304426 5
10278935 10278972 54
2504659 3173465 71
202912 609123 99
15832941 2336713 3
2511128 1984116 10
15833699 15833712 91
1364312 2240911 99
208473 624954 74
2818198 1480188 73
326026 880596 29
355293 950762 51
4362938 4425499 96
208049 114408 33
15835091 4485304 99
648371 1389337 44
295758 817729 81
1198840 2075473 5
15835683 15835699 83
160724 506255 72
160724 506256 97
160724 506257 72
13335276 114159 83
328041 889124 73
2252327 114068 79
864301 1678103 99
3868806 4099181 29
406512 1037231 61
400682 113708 78
355447 951068 15
124886 407704 80
636296 1373952 17
15838454 114104 96
15838541 15838550 89
15839024 1984852 18
620124 114179 24
606419 1343821 69
15839425 15839440 73
15858201 15858215 32
640349 1184535 17
1403254 2277748 11
504212 1194062 14
3798215 4047530 27
369662 969536 75
938375 1769181 11
369663 969536 3
369663 969581 49
225844 699388 19
502990 1193040 95
15871178 2493744 71
682555 1435927 96
625810 1363929 80
383061 993658 47
608065 1344850 26
161218 507572 64
320885 869045 22
15888483 15687292 62
15888630 15888650 49
625811 1363962 31
107932 352477 7
160612 505979 80
48983 208893 26
400945 1013421 13
15890798 1360468 32
382919 993332 68
624844 1363429 84
282465 793140 100
15892776 15892800 21
15774617 805083 32
505151 1197058 42
8754985 453138 37
49738 210703 18
15898312 1112299 6
644451 1383901 81
3394370 3788957 62
640293 1249866 31
640293 1376979 36
95793 323139 53
236333 721087 37
4498600 4526098 23
623839 1362676 22
22379033 22379046 36
288515 805063 64
22379487 22379495 65
22379497 22379503 16
22380628 1798194 96
22381032 3111240 68
22381169 22381180 48
22383071 22383079 64
22383614 1480147 65
22383986 2089429 70
3873402 2955190 49
22384346 22384356 9
1456031 2326013 11
3003842 114042 87
4252920 1999513 21
22381430 22381442 31
22389383 114176 18
5695567 5695778 80
22390595 1984320 74
22390938 22390943 46
638359 1375134 19
4252397 1479930 79
22391639 2132180 24
22383794 22383819 31
4414602 4462904 25
22392943 22392962 92
22393097 22393104 27
22393141 22393152 32
22393733 1868416 25
22394168 14885346 51
640612 113717 63
22398513 1527661 17
22406391 982902 20
22406816 22406831 100
2234594 2964954 38
22406894 22406908 22
22406931 22406945 10
22408473 2842822 92
22408494 22408502 79
22408566 22408579 25
626924 1365003 86
2073757 2830060 19
22408780 22408792 79
1849009 202498 33
22408930 2776630 77
1199450 2075598 67
22409348 3942057 94
922587 1731392 63
1365428 2089393 93
4992959 4992976 79
13317320 13317336 88
22409909 22409912 86
22409913 22409922 85
530744 1241532 15
124779 407399 15
22410256 22410266 9
22410392 3167814 33
4242544 1999513 15
652921 1395580 20
22410627 22410640 1
123402 404922 48
635009 453180 44
635009 1373667 31
22411312 14903875 10
2214527 511094 12
807597 1609232 85
2277580 2997818 91
373640 976654 59
872654 1688540 9
22411777 22411796 43
22411835 22411850 78
22412231 1650982 60
161067 507262 33
1199470 114073 18
498423 1184710 72
22412977 22412990 79
3870318 4100175 49
22413072 22413083 43
1193905 2070152 17
22413802 967701 36
17806374 3247620 50
621254 1360450 56
4250500 4348921 72
22413961 3640758 84
4250410 2347686 29
22414532 22414536 62
22414605 2905564 3
8352657 2347606 75
625148 1363540 48
638360 977947 19
161160 507441 38
627065 1365140 100
1774027 2589419 37
22414933 22414943 51
22414998 22415003 33
22415194 22415199 8
22415229 22415237 45
22415243 976822 33
22415579 22415602 73
624053 1362870 89
623175 1361744 14
640614 1112954 24
1774028 2589429 48
160811 506604 3
638363 1375226 27
638364 507546 95
22416340 22416357 60
997348 1846878 13
10769577 10769602 98
400736 1012937 12
383039 212922 87
22416824 22416837 11
22416848 22416861 87
624282 1363114 37
1245324 2124455 64
3444630 3819815 83
22417079 22038766 94
22038741 22038766 40
160568 505922 7
988898 1834692 70
22417658 15064947 85
620457 1359790 9
22417745 655199 94
22417840 22417848 25
22417878 22417892 28
160726 506281 82
22418052 3167805 62
14566947 2905583 41
645704 1386435 21
637219 1374383 73
22418525 22418544 26
22418575 22418584 86
819937 1626882 42
1078343 1940270 29
14679096 14679114 8
638365 1375263 87
22419303 22419314 75
22419385 511090 56
22419405 3518689 17
22419427 22419435 3
22419474 22419488 59
22419563 3306575 18
1198007 2075204 86
1042060 1904890 32
22419711 22419720 7
1301862 2181253 93
22419793 22411850 38
22420127 22420140 3
17586213 17586331 72
22420171 114007 40
4249017 4348338 79
22420203 1112970 24
4031832 4201596 38
640184 1376753 56
955385 1786355 96
1199570 2075881 7
22420289 1361048 96
22420540 22420554 78
1199921 2076042 67
643431 1382299 27
22421047 22421055 21
22421084 22421095 82
22421349 1480932 18
22421351 1480932 96
654703 1397320 73
22421981 15901202 76
22422057 22422070 73
124887 407732 91
22422183 22422202 73
78006 275830 45
104216 336332 78
22422278 22422287 7
22422413 22422423 87
3871143 4100497 58
160814 506647 48
1183505 2056356 10
623841 374781 49
13299157 2089513 29
22424726 1345252 37
626241 1364424 29
4525808 4548374 58
721060 1481031 87
505772 1197716 3
22424984 22424997 75
22425121 22425135 51
22425183 114155 50
124969 397677 89
4250065 4348710 8
22425286 22425296 43
22425423 22425438 66
22425445 22425462 18
22425571 22425582 39
22425916 22425923 46
160727 506305 24
160945 507113 32
22426226 780759 23
160728 374778 5
137981 431340 49
625814 1363988 100
22426534 2507630 31
208714 114358 32
1045955 1908158 46
22426742 22426755 86
505014 1196953 91
22427006 22427024 60
22427036 22427054 81
4900586 4900654 87
22427624 22427645 40
13317321 13317358 25
22427799 1112646 17
171953 530947 75
22428038 22428060 3
3868766 4099083 46
506047 1197876 19
22428235 22428238 8
22428254 22428272 26
2234596 113721 91
22428580 22428586 22
22428609 22428624 87
11354881 160287 4
22428671 114006 55
22428711 2905583 38
22428749 370984 15
22428838 1112378 21
403782 1028497 31
22393770 22393779 67
22429458 22429472 15
1043184 1906539 10
22429550 22429558 45
22429550 10769602 7
22429734 22429746 100
22429785 22429796 53
39805 163257 63
3002297 3518689 89
9044120 9044139 54
160946 507142 32
1185198 1984903 45
22430106 22430117 48
22430212 1650998 15
22430356 22430364 30
22430397 22430409 100
4525818 4548398 87
406609 1037449 36
122856 402979 34
1198599 2075383 62
2976493 3496343 13
431323 1076539 88
22431786 114177 30
22431906 22431921 35
536460 1254088 9
22432064 22432074 36
320264 866033 53
22432132 22432153 92
22432278 22432292 72
1042596 1905408 31
1042597 1905433 79
22432343 22432358 78
22432376 22432390 28
22432441 22432452 23
22432477 22432492 96
288516 805083 32
365376 963604 92
86633 295663 82
22432665 1984356 23
2234597 1984356 73
22432677 1984892 51
1038495 1902983 34
22432695 22432698 57
2220247 2952652 94
2220248 1363909 12
503701 1164566 12
630969 1369203 58
4413427 3731183 22
1198300 1527708 59
22433192 22433209 24
1091092 114202 38
22433329 22433345 72
22433411 22433425 22
22433429 22433446 93
22433429 22433447 5
1199923 2076074 26
622276 1361048 67
125054 408346 5
15832165 15832194 24
781762 1567821 99
4900587 3122695 33
22433729 22433741 96
608067 1344872 40
683450 1436429 4
49344 209898 53
624432 1363167 79
404184 1030743 47
22433909 22433918 24
22433921 3346596 73
1549819 1984337 13
634363 1373424 52
635012 1373706 51
1036587 1901247 57
2667575 3281131 19
22433991 113715 49
22434008 22434018 100
19828331 2426576 32
22434077 22434084 40
160769 506398 79
406273 1036602 89
22434377 22434392 59
635013 720098 87
2976568 720098 67
22434729 22434738 71
3871135 4100468 41
22434867 22434873 31
22434898 22434903 11
22435722 22435733 10
22435854 2842857 32
22435869 22435883 82
1039589 1903179 70
10333837 1984543 48
22436152 350526 48
22436263 22436275 97
13295606 13295646 92
22436369 845470 71
22436467 22436480 47
22436488 22436502 15
22436643 114163 50
22436814 22436816 58
503773 1193796 85
22367614 22367641 8
22436992 3362510 4
161311 507674 14
3874605 4102826 58
505230 1197154 12
640185 1376777 57
22437248 22437257 53
22437270 3044886 6
625763 1363876 71
22437322 22437339 48
22437345 2426561 12
1017021 1868469 78
22437620 2347721 95
22437678 22437698 63
22437735 22437747 75
530746 114188 29
14428252 14428268 24
22437772 22437782 78
49995 211585 83
22437908 22437921 96
22437983 2756790 32
295668 817541 90
1198314 2075325 38
22418081 15885447 21
123377 404741 39
22438418 22438424 20
1889525 2676456 48
400948 113708 49
640398 285322 70
22438482 22438490 38
15501562 15501582 28
22438779 22438793 93
22438836 1112318 58
22439038 22439056 40
22439061 15724794 92
22439170 4145449 79
22439335 22439345 60
1233967 2113715 70
22439776 22439785 61
22439776 22439790 34
2976647 3496432 73
208386 624698 48
666793 1408799 61
22441004 22441022 81
4979815 4979842 61
22441025 22441042 24
2667497 3281092 4
4413419 2712664 48
22441419 3411051 5
22441462 14888330 23
638424 1375444 86
2685065 3286523 1
217171 661876 74
3604556 3929272 33
22441607 22441610 11
22441785 22441792 77
22441797 22441792 98
22441968 976194 60
22442218 22442233 33
22442282 22442293 100
22442282 2245236 77
22442399 22442419 45
662655 1404813 43
22442423 22442439 33
1016948 1868436 44
383068 993762 35
526123 1234034 71
3866695 4095549 96
22442627 22442649 17
22443389 22443400 88
637789 1374747 29
22444108 22444130 59
22444196 15724804 33
22444212 22444226 93
4918784 4918880 16
124889 407759 40
160815 114181 57
14891820 1112410 7
4248332 4347843 33
608068 1344899 36
1030369 1892732 38
160816 506685 49
608463 1345465 25
641729 1379697 52
2624047 3251540 33
22444787 22444788 39
22445246 22445254 89
22445389 22445397 84
22445793 2493848 81
22445878 22445889 97
636029 1373918 4
22446300 817355 99
22446412 2712654 91
22446429 1505823 61
643716 1382356 71
1374447 2252302 61
369666 969619 42
22447021 22447037 20
160770 506436 42
4247213 1984868 91
22447289 1984868 66
22447956 22447970 45
22447989 3123779 81
22448081 22448092 84
22448312 2498111 94
643091 1382104 11
22448407 22448424 60
2234598 2965016 84
160817 355321 33
793112 1583093 47
22448585 1527731 92
22448663 22448667 14
22448668 22448678 36
1604822 2455348 55
504644 1196146 46
124971 408150 27
621131 1360368 63
22449027 114096 17
22449065 1480119 8
22449578 1984510 32
160729 506351 29
3867298 4098149 79
22449694 2123170 84
160818 506714 75
22450112 967704 39
22450290 22450302 3
22387557 114158 95
864653 1112259 22
22450451 22450468 13
22450497 22450503 35
22450505 22450503 4
623842 1362723 88
22450735 22450757 36
640187 1376841 20
160403 504356 21
7976789 7976848 47
160902 506926 87
22451528 22451543 23
22451558 5709325 58
5709284 5709325 37
621256 1360468 58
22451693 1656438 77
22451881 2507850 32
13284945 977948 13
640617 1377495 25
22452079 22452095 28
22452116 22452127 47
640618 1377513 3
22452214 22452225 68
22452229 3542897 37
22452239 1835319 13
10435424 10435448 45
160904 506962 69
22452754 506559 15
406933 506559 4
6096485 6096516 21
4250759 453004 54
10987261 3165664 60
22452983 22453010 94
406139 1036308 2
382927 993451 41
1199474 114095 19
208767 374779 18
22453351 22453360 41
22453368 22453382 94
295613 817394 47
860853 734430 72
638369 1375322 37
22453872 114092 11
9742155 9742222 27
1198315 114076 8
124786 407492 82
1028404 1889519 54
661951 1403334 80
22454170 22454173 91
621425 1360604 90
22454190 22454208 18
22454214 1688540 59
22454263 22454268 47
2629906 3255671 89
952391 1783610 59
22454704 22454710 17
22454858 22454875 64
3003978 3519569 21
626115 1364309 49
22455203 619639 50
86639 295837 26
22455256 1480012 28
955461 1786418 92
22455292 22455306 50
22455408 22455423 86
1456482 2326364 42
721064 1481068 1
403784 1028572 23
22455594 22455602 3
1199475 2075788 51
1040870 1904531 88
22455848 22455857 20
5839377 3247622 91
22456411 22456421 85
22456534 1479996 93
328440 891921 60
22456768 22456787 56
22456835 22456856 49
22456943 22456949 34
4525790 4548342 62
22457167 22457184 84
22457191 22457208 14
124973 408179 53
22457343 1112629 12
623843 1362755 15
652711 1395007 82
22458032 22458047 15
22458051 22458055 13
638947 1376025 44
504645 1196171 44
504646 976796 42
504647 1196171 79
22458337 3401917 31
22458418 22458432 50
22458502 22458506 85
638371 1375364 91
22459074 22459091 86
22459170 22459181 16
217174 661919 78
2831615 3394337 11
22459487 22459504 11
22459628 113722 21
1199476 2075806 29
22459712 22459728 5
625817 1364037 53
22460723 22460737 42
22460802 2954988 30
161163 507505 22
22407456 22407466 18
22461103 22461115 98
22461283 22461301 96
22329106 22329200 17
22461384 1567068 93
22461567 22461579 80
22461599 22461618 22
1773154 2588381 40
22461868 22461888 59
22461893 22461904 75
22461907 22461918 71
2238396 2967341 62
22461971 22461995 96
124974 408209 60
4251244 3929272 71
22462205 22462223 47
22462237 15888650 53
642251 1380951 80
22463423 22463427 87
22463429 22463447 75
634656 1373552 1
22463534 22463541 37
357874 955383 37
22463803 15602891 67
2074861 2830744 5
22464225 3592518 71
22464225 2830744 73
1042598 1905460 17
507463 1200861 13
640096 1376688 66
864559 1678168 48
22340733 22340751 52
22465474 22465485 83
1863664 3291 92
22465851 403099 68
22364416 22364448 7
22466422 22466425 4
14887372 2386698 79
3870862 215678 32
640255 1376943 58
22466574 22466583 7
22458361 22458383 79
22466986 114208 21
22467022 22467035 25
22467084 22467096 60
22467503 22467522 42
1036615 3285 42
620458 1359805 84
643092 1382139 54
880633 1697035 29
22467936 1819871 89
1036616 3285 37
22468023 22468035 19
22468070 22468077 71
1316132 2187126 44
124977 114053 28
22468625 22468632 2
22468861 22468873 100
22469111 22469113 84
2057742 2816653 91
394010 1004220 48
22469263 2757335 90
22469384 22469389 68
22469416 22469430 54
22469517 22469530 17
22469617 22469630 87
22469791 22469795 52
4525762 4548235 3
22470294 1505809 21
22470801 22470817 43
3002631 3518942 57
1298935 2178485 92
22471285 22471290 40
22471393 22471403 85
22471763 22471768 71
643831 319987 77
406937 1039019 16
22472168 3635466 96
623844 954414 9
22472354 22442293 48
403785 1028586 3
22472384 22472395 20
173957 537239 36
1369051 2245236 23
22472488 22472500 52
14465550 14465569 37
22472950 1582629 16
608464 1345478 86
628119 983405 29
22473625 22473638 7
22473826 2036246 44
22473884 22473893 78
22474169 22474176 71
124978 408292 7
22474618 114023 7
22474714 22474726 20
22474728 22474740 85
22474742 22474749 90
22475256 22475273 48
2076274 2076265 11
22475595 22475607 63
22475629 22475639 36
22475805 22475811 88
22475945 22475956 21
22475981 22475989 17
22476219 721087 82
640433 1377263 11
1538660 2397852 70
48989 209097 57
22476497 22476510 56
3910873 4124018 42
4414140 4462578 12
1253450 2132180 32
22477132 22477136 66
1253451 2132202 14
620459 216431 32
22477716 114020 3
4296985 4379777 54
83911 288345 43
22478222 22478232 46
625819 1364075 47
22478569 22478571 77
22478868 22478872 50
22479825 22479847 48
1786328 699388 41
22483694 1626882 88
22485702 22485709 11
626927 1365039 45
22485834 2498163 93
506631 1198910 45
22487385 22487401 26
1365432 2242306 45
22488139 14428268 61
22489214 238784 74
22489319 22489330 75
22489572 22489585 48
220773 680930 12
22489833 2466418 36
22490022 22490025 53
22490288 22490292 47
22490406 22490423 34
22490779 22490786 39
22491133 22491138 65
2966418 839935 91
22491769 2757324 24
22491820 15124028 85
22491951 22491958 52
22366251 22366266 45
22492240 1527694 89
643914 1382727 97
8992014 8992061 73
1377053 2254844 21
22492640 2494298 51
400738 1012956 79
22493358 22493361 20
526127 114005 2
22493798 1651495 58
11337294 11337315 90
22494022 14887934 82
22494137 2498099 21
1200110 2076265 98
22494371 4295250 2
22495351 22495366 13
22495585 22495600 65
22495668 22495673 55
22496131 22496141 72
22496172 22496182 63
22496257 22496265 74
22496315 1479963 46
1934345 114359 15
2514602 3181126 16
22497659 403718 60
355295 950779 99
22498270 22498277 24
22498309 22498321 100
22498326 453327 77
9026747 9026837 33
22498764 22498767 67
22498768 22498770 3
22499261 373753 8
23664474 2842910 33
505156 1197098 31
208389 624733 97
23666004 23666007 59
23670014 23670020 50
23671547 3401927 96
23672063 23672066 87
23672076 2170165 23
122356 401026 85
23672268 23672274 96
25394677 25394680 81
647693 1388740 39
274219 779371 74
32688592 22490786 53
406973 114093 44
32935491 30734575 36
32950828 2493782 93
33141527 33141531 7
33164527 2075204 34
33248422 33248426 84
33248899 33248901 38
34387221 34387222 98
4250069 4348735 51
35056457 2905574 32
35056638 35056647 60
124904 407836 11
35057689 15682888 6
32800860 32800862 52
35058002 35058009 100
23923778 2426561 63
33147961 3176018 36
35059881 33549413 89
35060017 3635402 6
35075195 2501424 98
35084643 35084645 55
703973 1462391 67
629428 1366615 76
506595 1198839 27
4900595 4900728 22
9711176 9711203 18
22486260 14983468 59
33188692 33188696 90
35836464 35836471 76
35837137 35837141 75
35840145 817541 95
35843138 35843144 57
35845137 374777 27
35845183 33498553 14
35847207 35847216 23
35849317 35849326 94
922388 1730576 83
35854119 35854125 76
2076704 2832637 30
36851383 22456949 1
36851406 36851412 50
640309 1377079 16
36853884 36853891 33
36854082 36854088 65
36854281 36854288 29
36856637 36856639 15
6328611 114025 86
36857194 36857196 65
36857715 36857723 41
36857825 22461618 27
36858166 36858173 33
36858587 36858591 32
36859004 36859006 50
37803474 37803479 78
37805624 33500424 9
22462159 22462180 98
37809943 37809949 34
37810267 37810273 78
37816284 37816291 57
1363494 2239591 29
37803568 37803575 9
38150865 36500889 90
4965656 4965664 7
33033710 33033717 82
38824082 14887934 47
39452672 39452677 96
39452779 120728 84
39452780 3346479 25
24237396 2493812 13
39452867 506714 1
39452873 954409 4
39452924 3111311 79
39453135 39453136 95
39453141 39453143 5
39453144 32791377 31
39453173 39453176 8
39453185 295663 82
39453187 39453191 7
39453192 22434873 75
39453231 39453235 48
39453287 39453288 43
39453314 39453316 69
39453320 39453324 40
39453326 29029523 85
39453336 2024636 5
39453367 39453369 12
39453371 22462180 62
39453394 39453398 79
39453422 39453424 29
39453425 39453427 93
39453428 2036317 16
39453429 2347664 64
39453451 39453452 15
39453460 1984852 58
39453465 212922 10
674408 1416385 5
39453493 537239 25
39453505 22458432 91
39453512 39453515 5
39453516 33549413 45
39453557 39453559 91
39453570 3401936 89
39453594 39453595 9
39453596 39453598 26
39453650 3346547 15
39453698 39453702 34
39453759 39453761 3
39453770 39453772 80
39453775 39453779 73
39453800 39453802 54
39453805 39453809 42
39453813 39453814 49
39453821 39453822 36
161126 507393 7
39453891 39453894 72
8914677 8914681 8
39453908 721087 93
39453920 39453922 88
39453938 39453940 25
39453967 1539227 50
39453971 2461936 73
39453973 39453977 35
39454020 13327207 43
38767153 2347753 91
39454062 3592528 21
39454092 39454095 99
39454103 2223712 15
39454106 39454110 81
39454135 39454140 4
39454172 976822 48
39454285 39454287 53
39454322 39454324 20
39454325 1196510 85
39454530 22422287 41
22389651 22389666 7
43211428 43211431 97
43212005 43212007 33
43212725 982905 82
15063869 15063875 65
43215336 43215338 18
45346801 45346804 17
45870033 45870035 71
47962874 47962878 32
48145211 114043 4
48145323 48145327 77
48145339 4234088 11
48145340 4234088 70
48145423 48145425 18
48145448 39457119 94
48145607 48145608 87
49364875 22434738 24
50275773 2657114 49
50275774 50275775 18
50275776 50275777 49
50275778 50275779 2
50275780 50275781 31
50275782 50275783 36
50275784 50275785 45
