4163974 503484 82
4163974 49201 53
4163974 49416 95
160263 49416 90
119982 49201 80
119982 382928 86
119982 382941 2
119982 49416 22
160301 503484 98
160301 503487 97
208635 49201 66
208635 382941 5
208635 625678 64
208635 49416 26
160266 49201 75
160266 382941 88
160266 49416 43
160266 503093 85
288505 58156 91
288505 208384 43
288505 208395 34
288505 208396 79
13268353 58156 38
13268353 624672 17
13268353 208395 32
13268353 208396 55
4112923 208384 11
4112923 208395 90
4112923 208396 65
4770086 4770707 64
4770086 4114948 63
4770086 4770711 80
1345426 503484 31
3119143 3598208 20
1905594 58156 98
1905594 208384 15
1905594 208395 59
1905594 208396 4
86631 49416 56
236333 58156 50
236333 208384 83
236333 208395 20
236333 208396 76
22326020 49416 81
22326985 503484 92
504214 49416 41
22331480 503484 23
22332411 49201 94
22332411 382941 66
22335934 49416 62
22336808 49201 43
22336808 49416 23
1197698 49201 48
1197698 382941 93
1197698 49416 41
1380921 49201 76
1380921 49416 68
22339623 49416 100
22340182 49416 77
22347465 49416 76
1402987 49201 85
1402987 382941 35
1402987 640179 100
993825 49201 54
160267 49416 79
217160 49416 91
22363169 49416 22
22365935 49201 100
22368028 49416 16
275780 640179 3
1345427 49416 84
208346 49416 22
22373772 49416 32
5726 49201 80
1184542 49416 69
22391670 49416 18
211273 382941 99
211274 640179 52
403778 49201 10
319919 49416 21
955493 49416 40
211276 49201 56
407441 1041061 4
502897 49416 86
404792 49201 97
404792 382941 33
404792 49416 79
407665 49201 53
407665 49416 85
22411801 208384 67
208709 49201 7
208709 627369 32
208709 382941 58
997348 208384 96
997348 208395 63
997348 208396 28
9680364 58156 17
9680364 208384 11
9680364 208395 65
9680364 208396 90
504394 503484 73
22418301 49416 56
160470 49201 22
160470 504843 45
160470 49416 50
22329179 22329204 46
22329179 49416 99
407005 503484 80
22419066 49416 19
407247 627369 74
407247 382941 34
22423633 49416 73
22426690 49201 19
22426690 382941 10
22426690 49416 4
22426690 640179 17
160474 503484 24
160474 49201 38
160474 49416 41
208081 49416 3
22427503 49201 79
22427503 382941 44
796223 49201 97
350838 49201 44
350838 49416 79
122349 49201 57
504232 49201 84
504232 49416 59
22429479 503484 4
22429479 49201 81
22429479 49416 35
217926 49201 99
217926 382941 44
217926 49416 95
217926 640179 7
217926 666202 23
321297 49416 96
22434085 49416 26
208092 49416 10
322711 49416 56
322711 666202 58
5730 49201 39
5730 49416 22
211284 49201 95
211284 406610 54
211284 49809 86
5732 49416 24
407482 49201 37
407482 382941 98
407482 640179 54
407859 49201 60
407859 382941 13
407859 49416 4
407859 1042568 75
407859 640179 37
22442852 49201 67
22442852 382941 77
22442852 49416 48
22442852 49809 96
22443990 49416 19
22445398 49416 75
211414 49416 92
1868368 503484 60
208100 49416 6
296882 49416 24
22449915 209402 51
22449915 49416 67
22449915 503093 82
22451500 49201 98
503051 49201 85
503051 49416 98
208101 49416 3
122352 49201 63
406889 49201 65
209594 49201 7
5737 49201 91
5737 49416 24
22461694 49201 50
208287 209402 55
208287 49416 39
942111 503484 1
942111 49201 62
942111 49416 3
221472 49201 24
221472 49416 84
221472 503093 31
375903 503484 97
375903 49416 10
375903 503093 62
507402 49416 47
319933 49416 20
124686 49201 87
124686 406610 36
124686 49416 60
10768301 58156 59
10768301 624672 18
10768301 208395 59
10768301 208396 72
208114 49416 7
22478704 382941 78
22478704 640179 53
407860 49416 27
402939 49416 97
402961 49201 30
402961 49416 59
23665500 49416 58
23778181 382941 78
23778181 49416 38
23793937 49416 88
23797884 209402 14
23797884 382941 1
23797884 640179 94
1395034 49416 37
23824664 49201 58
23824664 382941 86
23915659 49416 4
23967508 49416 6
23971633 49416 39
504245 49201 76
504245 382941 63
504245 49416 75
124690 49201 13
24052982 49201 26
24052982 382941 59
24052982 49416 28
24052982 640179 99
24055615 49416 67
24064951 503484 45
24066248 49201 52
24066248 382941 24
24070634 49201 58
5741 49201 19
5741 49809 56
5741 49810 39
4124003 49201 26
2830052 49416 51
3929260 382928 25
24238022 49416 21
24238327 503484 54
24238327 49416 40
24252733 640179 41
1359269 503484 27
24295848 49416 79
24458920 49416 94
24459797 49416 4
24461237 49201 95
24474917 49201 7
24474917 49416 4
24474917 1042568 8
24486099 209402 98
24486099 49416 91
24486099 640179 54
24508383 503484 61
24508383 503093 52
24508383 24508391 46
24530327 49201 74
24537595 49416 59
24537595 640179 37
24638772 49201 13
24638772 49416 97
24974574 49201 83
24974574 382941 68
25092382 503484 32
25100055 503484 38
25384557 382941 90
25394623 49201 19
511118 382941 6
30886432 49416 65
24153248 58156 33
24153248 208384 78
24153248 208395 70
24153248 208396 84
13295563 208384 10
13295563 208395 92
13295563 208396 73
23667679 58156 4
23667679 208384 58
23667679 208395 97
23667679 208396 45
24504031 58156 70
24504031 208384 44
24504031 208395 49
24504031 208396 20
24504031 24504046 23
1374458 49201 33
1374458 504843 32
1374458 58156 38
1374458 208384 70
1374458 208396 89
24446541 208384 32
942846 208384 40
24259498 58156 67
24259498 624672 88
24259498 208395 28
24259498 208396 79
9742133 624672 97
9742133 208395 5
9742133 208396 13
4900562 58156 30
4900562 208384 59
4900562 208395 94
4900562 208396 18
4051071 58156 35
4051071 624672 98
4051071 208395 59
4051071 208396 71
3896433 58156 53
3896433 208384 46
3896433 208395 48
3896433 208396 55
4961714 58156 50
4961714 208384 6
4961714 208395 54
4961714 208396 59
2251066 58156 8
2251066 208384 20
2251066 208395 31
2251066 208396 81
4918699 58156 72
4918699 208384 58
4918699 208395 40
4918699 208396 71
24428890 58156 96
24428890 208384 52
24428890 208395 29
24428890 208396 98
4293787 58156 17
4293787 208384 3
4293787 208395 95
4293787 208396 35
3972365 58156 2
3972365 208384 99
3972365 208395 5
3972365 208396 8
13347011 58156 12
13347011 208384 24
13347011 208395 66
13347011 208396 61
13354876 208384 22
5002914 58156 72
5002914 208384 61
5002914 208395 73
5002914 208396 11
22331562 58156 98
22331562 208384 65
22331562 208395 97
22331562 208396 19
2727893 58156 30
2727893 208384 53
2727893 208395 3
2727893 208396 32
22454690 58156 15
22454690 208384 3
22454690 208395 45
22454690 208396 54
13405481 58156 36
13405481 208384 61
13405481 208395 49
13405481 208396 23
13405719 58156 35
13405719 208384 83
13405719 208395 36
13405719 208396 59
4258963 208384 90
4258963 208395 69
4258963 208396 56
13284915 58156 92
13284915 208384 92
13284915 208395 46
13284915 208396 69
1199322 58156 38
1199322 208384 19
1199322 208395 80
1199322 208396 63
627570 49201 67
627570 58156 13
627570 208384 12
627570 1365433 93
627570 382941 87
627570 208395 41
1200032 58156 100
1200032 208384 73
1200032 208395 58
1200032 208396 90
4112972 58156 72
4112972 208384 34
4112972 208395 19
4112972 208396 16
35774049 208384 26
9745366 208384 79
9745366 208395 34
9745366 208396 79
13296090 58156 49
13296090 208384 2
13296090 208395 77
13296090 208396 4
2057866 58156 6
2057866 208384 37
2057866 208395 32
2057866 208396 65
2250852 58156 100
2250852 208384 92
2250852 208395 51
2250852 208396 18
23917576 58156 45
23917576 208384 24
23917576 208395 26
23917576 208396 66
2235270 58156 68
2235270 208384 98
2235270 208395 99
2235270 208396 99
13300984 58156 49
13300984 208384 22
13300984 208395 70
13300984 208396 65
4112339 58156 50
4112339 208384 77
4112339 208395 16
4112339 208396 78
23811002 58156 64
23811002 208384 85
23811002 208395 75
23811002 208396 99
13294096 58156 43
13294096 208384 83
13294096 208395 69
13294096 208396 73
22462765 58156 27
22462765 208384 5
22462765 208395 47
22462765 208396 97
4113112 208384 30
4113112 208395 23
4113112 208396 28
23883265 58156 13
23883265 208384 92
23883265 208395 63
23883265 208396 67
502917 58156 80
502917 208384 51
502917 208395 92
502917 208396 68
13353828 58156 55
13353828 208384 36
13353828 208395 82
13353828 208396 50
9743310 58156 4
9743310 208384 5
9743310 208395 23
9743310 208396 47
9744900 58156 90
9744900 208384 89
9744900 208395 66
9744900 208396 59
24084567 58156 56
24084567 208384 47
24084567 208395 75
24084567 208396 59
22410674 58156 18
22410674 208384 36
22410674 208395 36
22410674 208396 42
13350286 58156 33
13350286 208384 47
13350286 208395 13
13350286 208396 69
13377455 58156 7
13377455 208384 59
13377455 208395 21
13377455 208396 69
24186850 58156 77
24186850 208384 37
24186850 208395 44
24186850 208396 17
4341467 58156 95
4341467 208384 35
4341467 208395 23
4341467 208396 40
967076 208384 75
967076 208395 56
967076 208396 81
35774104 58156 10
35774104 208384 63
35774104 208395 28
35774104 208396 26
35774106 58156 64
35774106 208384 73
35774106 208395 79
35774106 208396 36
22351401 58156 3
22351401 208384 13
22351401 208395 22
22351401 208396 25
13347356 58156 64
13347356 208384 12
13347356 208395 39
13347356 208396 2
1192602 58156 98
1192602 208384 61
1192602 208395 83
1192602 208396 48
24171184 208384 94
24171184 208395 20
24171184 208396 46
9680420 58156 39
9680420 208384 89
9680420 208395 69
9680420 208396 54
24475206 58156 5
24475206 208384 64
24475206 208395 13
24475206 208396 96
2551767 58156 96
2551767 208384 9
2551767 208395 96
2551767 208396 70
24499857 58156 13
24499857 208384 14
24499857 208395 90
24499857 208396 12
4281640 58156 33
4281640 208384 87
4281640 208395 1
4281640 208396 10
22328957 58156 100
22328957 208384 4
1839156 58156 33
1839156 208384 8
1839156 208395 90
1839156 208396 89
35774108 58156 62
35774108 208384 21
35774108 208395 42
35774108 208396 15
3379212 58156 77
3379212 208384 35
3379212 208395 12
3379212 208396 42
3920731 208384 85
3920731 208395 62
3920731 208396 11
4940400 58156 1
4940400 208384 36
4940400 208395 74
4940400 208396 36
24177247 58156 23
24177247 208384 36
24177247 208395 46
24177247 208396 7
9678103 208384 14
9678103 208395 88
9678103 208396 17
22414118 58156 91
22414118 208384 42
22414118 208395 9
22414118 208396 68
13383375 58156 88
13383375 208384 86
13383375 208395 15
13383375 208396 19
13396489 58156 100
13396489 208384 15
13396489 208395 99
13396489 208396 90
13343857 58156 4
13343857 208384 62
13343857 208395 62
13343857 208396 47
35774112 208384 60
35774112 208395 72
35774112 208396 5
24468031 208384 10
24468031 208395 82
24468031 208396 89
4973450 58156 37
4973450 208384 72
4973450 208395 1
4973450 208396 75
4973417 58156 73
4973417 208384 35
4973417 208395 76
4973417 208396 15
4973436 58156 35
4973436 208384 40
4973436 208395 64
4973436 208396 62
9672025 58156 25
9672025 208384 62
9672025 208395 87
9672025 208396 43
24646966 58156 50
24646966 208384 19
24646966 208395 20
24646966 208396 90
9744985 208384 6
9744985 208395 61
9744985 208396 94
22327424 58156 34
22327424 208384 69
22327424 208395 68
22327424 208396 96
24633907 58156 52
24633907 208384 40
24633907 208395 57
24633907 208396 81
13350047 58156 41
13350047 208384 58
13350047 208395 86
13350047 208396 16
22350840 208384 28
22350840 208395 84
22350840 208396 46
5005332 208384 96
5005332 208395 4
5005332 208396 53
9680645 58156 57
9680645 208384 29
9680645 208395 40
9680645 208396 96
13443955 58156 82
13443955 208384 100
13443955 208395 38
13443955 208396 52
24089530 58156 5
24089530 208384 95
24089530 208395 96
24089530 208396 46
9680451 58156 89
9680451 208384 53
9680451 208395 22
9680451 208396 48
25115921 58156 17
25115921 208384 81
25115921 208395 66
25115921 208396 32
24184840 58156 4
24184840 208384 5
24184840 208395 54
24184840 208396 3
9745010 58156 90
9745010 208384 8
9745010 208395 12
9745010 208396 32
9700025 58156 24
9700025 208384 21
9700025 208395 39
9700025 208396 84
13357759 58156 39
13357759 208384 51
13357759 208395 46
13357759 208396 72
13352583 58156 39
13352583 208384 86
13352583 208395 60
13352583 208396 8
23867220 58156 86
23867220 208384 81
23867220 208395 28
23867220 208396 5
24473538 58156 53
24473538 208384 70
24473538 208395 47
24473538 208396 24
23918504 58156 53
23918504 208384 1
23918504 208395 15
23918504 208396 44
9680257 58156 38
9680257 208384 27
9680257 208395 66
9680257 208396 59
24189798 58156 11
24189798 208384 23
24189798 208395 83
24189798 208396 69
24155373 58156 38
24155373 208384 62
24155373 208395 85
24155373 208396 43
23903144 58156 36
23903144 208384 93
23903144 208395 57
23903144 208396 44
25121123 58156 62
25121123 208384 5
25121123 208395 11
25121123 208396 5
35774114 58156 18
35774114 208384 85
24504257 208384 45
24630536 58156 27
24630536 208384 52
24630536 208395 69
24630536 208396 95
1037800 208384 57
1037800 208395 23
1037800 208396 100
13340842 58156 43
13340842 208384 50
13340842 208395 20
13340842 208396 43
9674573 58156 30
9674573 208384 92
9674573 208395 65
9674573 208396 69
4213517 58156 28
4213517 208384 33
4213517 208395 74
4213517 208396 87
9746334 208384 46
9746334 208395 65
9746334 208396 49
2123901 208384 22
2123901 208395 25
2123901 208396 23
2235071 58156 20
2235071 208384 19
2235071 208395 20
2235071 208396 89
22416379 58156 76
22416379 208384 28
22416379 208395 2
22416379 208396 55
22324910 58156 14
22324910 208384 13
22324910 208395 20
22324910 208396 30
15830874 58156 89
15830874 208384 36
15830874 208395 22
15830874 208396 13
22453921 58156 85
22453921 208384 79
22453921 208395 96
22453921 208396 65
22416530 58156 47
22416530 208384 34
22416530 208395 32
22416530 208396 42
9677801 208384 20
9677801 208395 57
9677801 208396 90
4112573 208384 81
4112573 208395 10
4112573 208396 9
9680323 58156 91
9680323 208384 10
9680323 208395 28
9680323 208396 99
24458432 58156 86
24458432 208384 65
24458432 208395 93
24458432 208396 23
25183594 208384 41
25183594 208395 30
25183594 208396 5
14766896 58156 22
14766896 208384 74
14766896 208395 58
14766896 208396 93
4042614 208384 93
4042614 208395 21
4042614 208396 14
13297994 58156 76
13297994 208384 17
13297994 208395 26
13297994 208396 28
1901802 58156 22
1901802 208384 52
1901802 208395 8
1901802 208396 28
1901822 58156 82
1901822 208384 4
1901822 208395 81
1901822 208396 73
35774116 58156 57
35774116 208384 38
35774116 208395 63
35774116 208396 12
13288878 58156 48
13288878 208384 21
13288878 208395 66
13288878 208396 71
24635041 58156 31
24635041 208384 23
24635041 208395 92
24635041 208396 52
24295615 58156 4
24295615 208384 67
24295615 208395 25
24295615 208396 26
24188035 58156 60
24188035 208384 39
24188035 208395 17
24188035 208396 81
4931203 58156 100
4931203 208384 34
4931203 208395 32
4931203 208396 60
2251146 58156 23
2251146 208384 24
2251146 208395 14
2251146 208396 99
24217189 58156 15
24217189 208384 23
24217189 208395 70
24217189 208396 73
13293768 208384 13
13293768 208395 76
13293768 208396 22
22348062 58156 85
22348062 208384 11
22348062 208395 63
22348062 208396 20
22475122 58156 74
22475122 208384 23
22475122 208395 86
22475122 208396 36
471295 58156 71
471295 208384 71
471295 208395 35
471295 208396 1
24181919 58156 58
24181919 208384 55
24181919 208395 78
24181919 208396 83
24179952 58156 55
24179952 208384 73
24179952 208395 30
24179952 208396 72
23897050 58156 21
23897050 208384 86
23897050 208395 61
23897050 208396 93
13298444 208384 14
13298444 208395 32
13298444 208396 65
2251042 58156 16
2251042 208384 52
2251042 208395 7
2251042 208396 11
13352082 58156 37
13352082 208384 22
13352082 208395 77
13352082 208396 31
23930849 58156 6
23930849 208384 28
23930849 208395 96
23930849 208396 20
23987498 58156 86
23987498 208384 9
23987498 208395 40
23987498 208396 52
23927797 58156 69
23927797 208384 5
23927797 208395 87
23927797 208396 68
22424675 58156 16
22424675 208384 4
22424675 208395 75
22424675 208396 35
15797484 58156 100
15797484 208384 10
15797484 208395 52
15797484 208396 86
24634053 58156 26
24634053 208384 21
24634053 208395 41
24634053 208396 90
24981152 58156 58
24981152 208384 77
24981152 208395 79
24981152 208396 64
4932366 58156 49
4932366 208384 57
4932366 208395 67
4932366 208396 5
24592048 58156 66
24592048 208384 80
24592048 208395 17
24592048 208396 59
22419135 208384 25
22419135 208395 70
22419135 208396 71
13307272 208384 1
35774118 208384 15
35774118 208395 59
35774118 208396 57
24577207 58156 31
24577207 208384 82
24577207 208395 31
24577207 208396 5
25073536 208384 29
25073536 208395 57
25073536 208396 92
35774122 208384 99
35774122 208395 87
35774122 208396 17
722052 58156 5
722052 208384 26
722052 208395 59
722052 208396 28
22350130 208384 26
22350130 208395 27
22350130 208396 2
25159793 58156 90
25159793 208384 48
25159793 208395 25
25159793 208396 80
24276341 58156 47
24276341 208384 38
24276341 208395 87
24276341 208396 89
24154122 58156 27
24154122 208384 19
24154122 208395 42
24154122 208396 61
23962728 58156 11
23962728 208384 12
23962728 208395 93
23962728 208396 59
13325816 58156 48
13325816 208384 44
13325816 208395 38
13325816 208396 55
24003374 58156 43
24003374 208384 57
24003374 208395 41
24003374 208396 90
13283910 58156 74
13283910 208384 85
13283910 208395 49
13283910 208396 54
13397079 58156 57
13397079 208384 31
13397079 208395 73
13397079 208396 60
13299401 208384 34
13299401 208395 100
13299401 208396 6
13298739 58156 90
13298739 208384 95
13298739 208395 88
13298739 208396 23
24188915 58156 20
24188915 208384 78
24188915 208395 64
24188915 208396 2
24193037 58156 53
24193037 208384 68
24193037 208395 17
24193037 208396 83
9746378 58156 43
9746378 208384 41
9746378 208395 63
9746378 208396 68
22491147 58156 48
22491147 208384 22
22491147 208395 78
22491147 208396 8
2355586 58156 30
2355586 208384 24
2355586 208395 89
2355586 208396 82
13377253 58156 13
13377253 208384 19
13377253 208395 9
13377253 208396 81
24191498 58156 12
24191498 208384 4
24191498 208395 18
24191498 208396 28
13366369 58156 76
13366369 208384 88
13366369 208395 34
13366369 208396 3
22324974 58156 82
22324974 208384 12
22324974 208395 100
22324974 208396 33
13331994 58156 71
13331994 208384 99
13331994 208395 8
13331994 208396 97
13299011 58156 45
13299011 208384 60
13299011 208395 44
13299011 208396 97
24602086 58156 56
24602086 208384 17
24602086 208395 11
24602086 208396 16
35774124 58156 43
35774124 208384 24
35774124 208395 16
35774124 208396 65
24009207 58156 46
24009207 208384 20
24009207 208395 31
24009207 208396 55
24168200 58156 77
24168200 208384 31
24168200 208395 39
24168200 208396 39
24203639 58156 82
24203639 208384 65
24203639 208395 39
24203639 208396 2
22422396 58156 16
22422396 208384 69
22422396 208395 76
22422396 208396 4
22422559 58156 15
22422559 208384 21
22422559 208395 91
22422559 208396 33
22422606 208384 1
22422606 208395 55
22422606 208396 10
14763747 208384 72
22332285 58156 69
22332285 208384 64
22332285 208395 67
22332285 208396 71
23886837 58156 83
23886837 208384 72
23886837 208395 12
23886837 208396 84
24187961 58156 66
24187961 208384 95
24187961 208395 18
24187961 208396 86
2251092 58156 25
2251092 208384 23
2251092 208395 90
2251092 208396 94
24625816 58156 89
24625816 208384 80
24625816 208395 68
24625816 208396 73
22327704 58156 12
22327704 208384 54
22327704 208395 56
22327704 208396 65
22342390 58156 24
22342390 208384 86
22342390 208395 29
22342390 208396 84
22463121 58156 74
22463121 208384 19
22463121 208395 3
22463121 208396 58
13299479 208384 61
13299479 208395 10
13299479 208396 79
24008848 58156 82
24008848 208384 27
24008848 208395 73
24008848 208396 68
24263761 58156 39
24263761 208384 98
24263761 208395 25
24263761 208396 2
23863008 58156 13
23863008 208384 16
23863008 208395 78
23863008 208396 6
23949601 58156 99
23949601 208384 2
23949601 208395 22
23949601 208396 46
23784198 208384 64
23784198 208395 14
23784198 208396 38
24171644 58156 88
24171644 208384 51
24171644 208395 50
24171644 208396 74
13299347 58156 61
13299347 208384 41
13299347 208395 16
13299347 208396 38
24260463 58156 87
24260463 208384 1
24260463 208395 25
24260463 208396 38
13299374 208384 31
13299374 208395 76
13299374 208396 84
22422849 58156 36
22422849 208384 94
22422849 208395 75
22422849 208396 18
24001977 58156 69
24001977 208384 9
24001977 208395 83
24001977 208396 4
23933711 58156 82
23933711 208384 85
23933711 208395 56
23933711 208396 33
13301645 58156 6
13301645 208384 13
13301645 208395 45
13301645 208396 87
22422967 58156 24
22422967 208384 81
22422967 208395 52
22422967 208396 66
35774129 208384 66
35774129 208395 95
35774129 208396 79
23789564 58156 97
23789564 208384 52
23789564 208395 51
23789564 208396 22
23788490 58156 6
23788490 208384 91
23788490 208395 71
23788490 208396 74
22332373 58156 39
22332373 208384 48
22332373 208395 82
22332373 208396 42
22329334 58156 3
22329334 208384 49
22329334 208395 12
22329334 208396 33
24265289 58156 57
24265289 208384 7
24265289 208395 40
24265289 208396 22
13353770 58156 52
13353770 208384 28
13353770 208395 56
13353770 208396 86
24291357 58156 98
24291357 208384 78
24291357 208395 97
24291357 208396 66
24530000 58156 73
24530000 208384 91
24530000 208395 80
24530000 208396 71
24168800 58156 34
24168800 208384 10
24168800 208395 21
24168800 208396 76
23888466 58156 37
23888466 208384 83
23888466 208395 89
23888466 208396 30
22338990 58156 37
22338990 208384 61
22338990 208395 91
22338990 208396 3
4956200 208384 26
4956200 208395 24
4956200 208396 97
22423617 58156 48
22423617 208384 29
22423617 208395 65
22423617 208396 78
24008811 58156 13
24008811 208384 57
24008811 208395 20
24008811 208396 31
24135540 58156 4
24135540 208384 97
24135540 208395 71
24135540 208396 12
24239446 58156 62
24239446 208384 96
24239446 208395 60
24239446 208396 68
23917200 58156 75
23917200 208384 5
23917200 208395 82
23917200 208396 48
22442003 58156 98
22442003 208384 56
22442003 208395 7
22442003 208396 11
9755120 58156 27
9755120 208384 55
9755120 208395 72
9755120 208396 14
1483008 58156 47
1483008 208384 65
1483008 208395 99
1483008 208396 29
22345977 58156 37
22345977 208384 12
22345977 208395 49
22345977 208396 90
13330635 58156 78
13330635 208384 7
13330635 208395 11
13330635 208396 9
22423755 58156 20
22423755 208384 62
22423755 208395 95
22423755 208396 54
23964736 58156 3
23964736 208384 46
23964736 208395 87
23964736 208396 89
23780123 58156 58
23780123 208384 22
23780123 208395 37
23780123 208396 98
24217907 58156 75
24217907 208384 90
24217907 208395 71
24217907 208396 72
22345558 58156 4
22345558 208384 55
22345558 208395 2
22345558 208396 30
35774133 58156 92
35774133 208384 3
35774133 208395 27
35774133 208396 65
4928885 58156 81
4928885 208384 27
4928885 208395 31
4928885 208396 74
24265731 58156 100
24265731 208384 58
24265731 208395 81
24265731 208396 65
24062802 58156 89
24062802 208384 37
24062802 208395 33
24062802 208396 51
13297085 58156 4
13297085 208384 27
13297085 208395 4
13297085 208396 66
4975008 58156 69
4975008 208384 66
4975008 208395 12
4975008 208396 69
13374496 58156 64
13374496 208384 64
13374496 208395 81
13374496 208396 84
24756791 58156 70
24756791 208384 67
24756791 208395 53
24756791 208396 15
22424026 58156 88
22424026 208384 88
22424026 208395 47
22424026 208396 25
1840421 58156 42
1840421 208384 1
1840421 208395 68
1840421 208396 52
22424096 58156 7
22424096 208384 95
22424096 208395 24
22424096 208396 18
22415899 58156 62
22415899 208384 10
22415899 208395 90
22415899 208396 14
22424258 58156 45
22424258 208384 60
22424258 208395 12
22424258 208396 5
9747961 58156 40
9747961 208384 21
9747961 208395 35
9747961 208396 11
24180536 58156 29
24180536 208384 40
24180536 208395 70
24180536 208396 76
9673780 58156 48
9673780 208384 14
9673780 208395 35
9673780 208396 53
22426034 58156 24
22426034 208384 69
22426034 208395 34
22426034 208396 81
22426073 58156 83
22426073 208384 34
22426073 208395 34
22426073 208396 54
2057800 58156 62
2057800 208384 24
2057800 208395 82
2057800 208396 97
13288729 58156 57
13288729 208384 75
13288729 208395 37
13288729 208396 18
22426566 58156 51
22426566 208384 41
22426566 208395 97
22426566 208396 91
15757984 58156 74
15757984 208384 55
15757984 208395 44
15757984 208396 82
22372382 58156 21
22372382 208384 85
22372382 208395 45
22372382 208396 53
9680552 58156 20
9680552 208384 20
9680552 208395 74
9680552 208396 23
23880005 58156 16
23880005 208384 85
23880005 208395 84
23880005 208396 85
9680486 58156 72
9680486 208384 17
9680486 208395 30
9680486 208396 72
22356147 58156 49
22356147 208384 5
22356147 208395 44
22356147 208396 56
632935 58156 90
632935 208384 26
632935 208395 8
632935 208396 89
13415049 58156 69
13415049 208384 62
13415049 208395 8
13415049 208396 55
24239372 58156 33
24239372 208384 40
24239372 208395 100
24239372 208396 50
13369782 58156 10
13369782 208384 45
13369782 208395 17
13369782 208396 57
25117023 58156 39
25117023 208384 91
25117023 208395 61
25117023 208396 62
1586536 58156 71
1586536 208384 58
1586536 208395 46
1586536 208396 74
13369754 58156 42
13369754 208384 52
13369754 208395 54
13369754 208396 74
13301047 58156 82
13301047 208384 45
13301047 208395 65
13301047 208396 45
24264762 58156 90
24264762 208384 74
24264762 208395 16
24264762 208396 51
13347858 58156 87
13347858 208384 17
13347858 208395 46
13347858 208396 40
24921978 58156 25
24921978 208384 70
24921978 208395 30
24921978 208396 53
24306608 58156 65
24306608 208384 68
24306608 208395 13
24306608 208396 60
1205532 58156 5
1205532 208384 91
1205532 208395 98
1205532 208396 61
23787693 58156 18
23787693 208384 91
23787693 208395 74
23787693 208396 85
1586495 58156 15
1586495 208384 79
1586495 208395 79
1586495 208396 24
4921755 58156 48
4921755 208384 10
4921755 208395 64
4921755 208396 8
23880164 58156 96
23880164 208384 9
23880164 208395 28
23880164 208396 75
13407584 58156 9
13407584 208384 24
13407584 208395 9
13407584 208396 5
24228434 58156 31
24228434 208384 56
24228434 208395 45
24228434 208396 16
24188897 58156 42
24188897 208384 32
24188897 208395 75
24188897 208396 34
22325837 58156 51
22325837 208384 24
22325837 208395 90
22325837 208396 90
24182466 58156 20
24182466 208384 44
24182466 208395 75
24182466 208396 84
22428468 58156 70
22428468 208384 62
22428468 208395 30
22428468 208396 61
24622471 58156 68
24622471 208384 51
24622471 208395 54
24622471 208396 100
35062608 208384 58
35062608 208395 52
35062608 208396 6
9701601 208384 41
9701601 208395 62
9701601 208396 16
3896356 208384 51
3896356 208395 85
3896356 208396 57
1587535 58156 95
1587535 208384 98
1587535 208395 55
1587535 208396 25
23874745 58156 23
23874745 208384 38
23874745 208395 53
23874745 208396 40
22424747 58156 51
22424747 208384 25
22424747 208395 62
22424747 208396 33
2235118 208384 23
2235118 208395 17
2235118 208396 19
15828330 58156 67
15828330 208384 76
15828330 208395 2
15828330 208396 16
13302244 58156 27
13302244 208384 60
13302244 208395 25
13302244 208396 51
2667468 58156 39
2667468 208384 88
2667468 208395 85
2667468 208396 30
13342247 58156 68
13342247 208384 30
13342247 208395 79
13342247 208396 34
13372573 58156 69
13372573 208384 26
13372573 208395 14
13372573 208396 100
2708970 58156 86
2708970 208384 76
2708970 208395 98
2708970 208396 59
24624628 208384 48
22430482 58156 99
22430482 208384 45
22430482 208395 84
22430482 208396 95
1198977 208384 31
1198977 208395 61
1198977 208396 51
13304062 58156 8
13304062 208384 15
13304062 208395 92
13304062 208396 16
25118746 58156 48
25118746 208384 29
25118746 208395 48
25118746 208396 31
35774139 208384 49
35774139 208395 3
35774139 208396 32
3036433 208384 65
3036433 208395 35
3036433 208396 3
35774143 208384 28
35774143 208395 95
35774143 208396 47
3064088 208384 1
3064088 208395 36
3064088 208396 5
1032888 58156 100
1032888 208384 29
1032888 208395 27
1032888 208396 71
22432579 58156 56
22432579 208384 70
22432579 208395 16
22432579 208396 76
23847948 58156 12
23847948 208384 34
23847948 208395 41
23847948 208396 94
24517201 58156 18
24517201 208384 81
24517201 208395 89
24517201 208396 64
22324704 58156 40
22324704 208384 91
22324704 208395 30
22324704 208396 23
22340829 58156 76
22340829 208384 64
22340829 208395 3
22340829 208396 56
13305233 58156 98
13305233 208384 61
13305233 208395 99
13305233 208396 67
35774145 58156 8
35774145 208384 92
35774145 208395 10
35774145 208396 20
24544437 58156 66
24544437 208384 85
24544437 208395 90
24544437 208396 12
24499652 208384 64
24499652 208395 13
24499652 208396 35
2251015 58156 50
2251015 208384 82
2251015 208395 38
2251015 208396 15
13305262 58156 100
13305262 208384 51
13305262 208395 100
13305262 208396 90
9697091 58156 79
9697091 208384 36
9697091 208395 1
9697091 208396 48
23880052 58156 20
23880052 208384 24
23880052 208395 66
23880052 208396 79
23920020 58156 25
23920020 208384 98
23920020 208395 19
23920020 208396 91
22440460 58156 61
22440460 208384 70
22440460 208395 4
22440460 208396 88
9680686 58156 15
9680686 208384 9
9680686 208395 57
9680686 208396 11
25120486 58156 87
25120486 208384 19
25120486 208395 42
25120486 208396 94
24044199 58156 40
24044199 208384 15
24044199 208395 90
24044199 208396 61
3063459 58156 84
3063459 208384 72
3063459 208395 46
3063459 208396 19
35774151 58156 17
35774151 208384 4
35774151 208395 88
35774151 208396 83
13346193 58156 65
13346193 208384 71
13346193 208395 64
13346193 208396 53
2235799 58156 35
2235799 208384 85
2235799 208395 91
2235799 208396 10
2235174 58156 26
2235174 208384 21
2235174 208395 25
2235174 208396 58
23818095 208384 4
23818095 208395 95
23818095 208396 39
9743042 208384 24
9743042 208395 37
9743042 208396 16
14769255 58156 18
14769255 208384 53
14769255 208395 23
14769255 208396 46
24178603 58156 28
24178603 208384 14
24178603 208395 71
24178603 208396 69
13305920 58156 26
13305920 208384 23
13305920 208395 68
13305920 208396 30
9746512 58156 8
9746512 208384 55
9746512 208395 98
9746512 208396 83
23664913 58156 56
23664913 208384 87
23664913 208395 76
23664913 208396 77
24505888 208384 22
24505888 208395 53
24505888 208396 32
13300235 58156 15
13300235 208384 79
13300235 208395 51
13300235 208396 25
23669160 58156 75
23669160 208384 22
23669160 208395 75
23669160 208396 40
24253652 58156 42
24253652 208384 3
24253652 208395 94
24253652 208396 11
24239757 58156 92
24239757 208384 87
24239757 208395 98
24239757 208396 79
24259417 58156 78
24259417 208384 49
24259417 208395 34
24259417 208396 71
13286532 208384 12
13286532 208395 30
13286532 208396 10
24276878 58156 40
24276878 208384 22
24276878 208395 95
24276878 208396 89
13357731 58156 6
13357731 208384 28
13357731 208395 97
13357731 208396 5
23904744 58156 42
23904744 208384 52
23904744 208395 82
23904744 208396 31
35774155 58156 9
35774155 208384 24
35774155 208395 64
35774155 208396 38
24003953 58156 67
24003953 208384 94
24003953 208395 94
24003953 208396 57
23911169 58156 39
23911169 208384 41
23911169 208395 33
23911169 208396 44
24187029 58156 2
24187029 208384 11
24187029 208395 37
24187029 208396 100
9680523 58156 73
9680523 208384 18
9680523 208395 24
9680523 208396 65
2836618 58156 60
2836618 208384 23
2836618 208395 10
2836618 208396 48
23784716 58156 23
23784716 208384 19
23784716 208395 97
23784716 208396 39
23918467 58156 15
23918467 208384 55
23918467 208395 78
23918467 208396 20
24181072 58156 27
24181072 208384 83
24181072 208395 30
24181072 208396 19
23901999 58156 31
23901999 208384 45
23901999 208395 63
23901999 208396 2
4295683 208384 53
4295683 208395 4
4295683 208396 65
22436035 58156 32
22436035 208384 3
22436035 208395 4
22436035 208396 81
9680602 58156 46
9680602 208384 44
9680602 208395 47
9680602 208396 21
13347802 208384 75
13347802 208395 7
13347802 208396 51
73597 208384 40
73597 208395 45
73597 208396 50
2831239 58156 3
2831239 208384 49
2831239 208395 97
2831239 208396 72
25077935 58156 10
25077935 208384 20
25077935 208395 73
25077935 208396 33
5003140 208384 53
5003140 208395 10
5003140 208396 100
9671981 208384 11
9671981 208395 47
9671981 208396 45
2831205 58156 61
2831205 208384 7
2831205 208395 82
2831205 208396 93
13309418 58156 81
13309418 208384 17
13309418 208395 83
13309418 208396 2
22438519 58156 82
22438519 208384 34
22438519 208395 23
22438519 208396 13
13309593 58156 53
13309593 208384 70
13309593 208395 96
13309593 208396 75
5003227 58156 27
5003227 208384 63
25071724 58156 78
25071724 208384 33
25071724 208395 27
25071724 208396 20
24505662 58156 12
24505662 208384 96
24505662 208395 82
24505662 208396 57
356315 208384 31
356315 208395 62
356315 208396 21
35774162 58156 51
35774162 208384 45
35774162 208395 9
35774162 208396 14
24182114 58156 7
24182114 208384 37
24182114 208395 51
24182114 208396 18
23802053 58156 36
23802053 208384 83
23802053 208395 16
23802053 208396 84
22440329 58156 68
22440329 208384 57
22440329 208395 54
22440329 208396 46
2831312 58156 21
2831312 208384 4
22440376 58156 31
22440376 208384 57
22440376 208395 12
22440376 208396 57
22334996 58156 76
22334996 208384 82
22334996 208395 22
22334996 208396 19
13301011 58156 76
13301011 208384 75
13301011 208395 18
13301011 208396 17
13403847 208384 28
13403847 208395 52
13403847 208396 33
35774168 208384 50
35774168 208395 38
35774168 208396 17
13336545 58156 56
13336545 208384 24
13336545 208395 23
13336545 208396 96
23918363 58156 93
23918363 208384 47
23918363 208395 12
23918363 208396 26
13371416 58156 26
13371416 208384 62
13371416 208395 61
13371416 208396 48
13371376 58156 12
13371376 208384 8
13371376 208395 77
13371376 208396 53
4922550 58156 99
4922550 208384 71
4922550 208395 72
4922550 208396 66
4919743 208384 32
4919743 208395 22
4919743 208396 69
13285644 58156 92
13285644 208384 63
13285644 208395 48
13285644 208396 71
24499945 58156 72
24499945 208384 91
24499945 208395 1
24499945 208396 84
13290052 208384 57
13290052 208395 80
13290052 208396 9
15837627 58156 40
15837627 208384 88
15837627 208395 15
15837627 208396 78
22333305 58156 20
22333305 208384 8
22333305 208395 63
22333305 208396 10
13390555 58156 83
13390555 208384 23
13390555 208395 75
13390555 208396 12
35774173 58156 96
35774173 208384 1
35774173 208395 86
35774173 208396 15
24020083 58156 24
24020083 208384 25
24020083 208395 76
24020083 208396 85
24648427 58156 23
24648427 208384 56
24648427 208395 6
24648427 208396 43
22347040 58156 17
22347040 208384 37
22347040 208395 9
22347040 208396 64
24332182 58156 68
24332182 208384 47
24332182 208395 10
24332182 208396 89
24002756 58156 32
24002756 208384 1
24002756 208395 59
24002756 208396 6
23902663 58156 29
23902663 208384 2
23902663 208395 67
23902663 208396 37
9680724 58156 39
9680724 208384 44
9680724 208395 21
9680724 208396 75
22334705 58156 98
22334705 208384 22
22334705 208395 14
22334705 208396 10
23929974 58156 66
23929974 208384 30
23929974 208395 10
23929974 208396 2
13334551 58156 81
13334551 208384 69
13334551 208395 31
13334551 208396 26
35774179 58156 14
35774179 208384 24
35774179 208395 22
35774179 208396 97
23945788 58156 29
23945788 208384 28
23945788 208395 62
23945788 208396 21
13348407 58156 51
13348407 208384 30
13348407 208395 43
13348407 208396 45
24265640 58156 69
24265640 208384 38
24265640 208395 75
24265640 208396 35
15885494 58156 28
15885494 208384 87
15885494 208395 55
15885494 208396 83
2250884 58156 46
2250884 208384 66
2250884 208395 91
2250884 208396 71
24175241 58156 14
24175241 208384 68
24175241 208395 28
24175241 208396 48
13361590 208384 14
13361590 208395 15
13361590 208396 95
9740701 58156 19
9740701 208384 15
9740701 208395 63
9740701 208396 89
15831315 58156 57
15831315 208384 33
15831315 208395 59
15831315 208396 57
24175040 58156 43
24175040 208384 19
24175040 208395 70
24175040 208396 44
23847099 58156 32
23847099 208384 13
23847099 208395 82
23847099 208396 81
22334345 58156 28
22334345 208384 66
22334345 208395 59
22334345 208396 23
735377 208384 99
735377 208395 98
735377 208396 24
14975292 208384 67
14975292 208395 95
14975292 208396 9
9742869 58156 36
9742869 208384 31
9742869 208395 84
9742869 208396 18
35774185 58156 25
35774185 208384 84
35774185 208395 77
35774185 208396 39
22441212 58156 99
22441212 208384 4
22441212 208395 3
22441212 208396 47
23969866 58156 72
23969866 208384 38
23969866 208395 66
23969866 208396 22
24147064 58156 37
24147064 208384 66
24147064 208395 96
24147064 208396 13
9680770 58156 16
9680770 208384 56
9680770 208395 35
9680770 208396 95
9730099 58156 41
9730099 208384 76
9730099 208395 87
9730099 208396 14
24554893 58156 75
24554893 208384 58
24554893 208395 11
24554893 208396 49
22462629 58156 4
22462629 208384 31
22462629 208395 87
22462629 208396 50
22462859 58156 77
22462859 208384 100
22462859 208395 91
22462859 208396 73
35774187 58156 23
35774187 208384 64
35774187 208395 28
35774187 208396 20
13334309 58156 48
13334309 208384 9
13334309 208395 86
13334309 208396 17
2760018 58156 9
2760018 208384 6
2760018 208395 88
2760018 208396 68
1962988 58156 83
1962988 208384 32
1962988 208395 41
1962988 208396 57
2727045 208384 11
23880473 58156 79
23880473 208384 61
23880473 208395 96
23880473 208396 61
13311295 58156 37
13311295 208384 82
13311295 208395 4
13311295 208396 47
24218795 58156 43
24218795 208384 94
24218795 208395 13
24218795 208396 7
24314927 58156 53
24314927 208384 12
24314927 208395 74
24314927 208396 2
13361987 58156 82
13361987 208384 16
13361987 208395 55
13361987 208396 42
9741440 58156 95
9741440 208384 100
9741440 208395 63
9741440 208396 51
24631346 208384 43
48786 58156 69
48786 208384 23
48786 208395 46
48786 208396 26
13337528 58156 5
13337528 208384 13
13337528 208395 79
13337528 208396 26
24219724 58156 29
24219724 208384 71
24219724 208395 98
24219724 208396 51
23888109 58156 92
23888109 208384 7
23888109 208395 87
23888109 208396 76
24142757 58156 71
24142757 208384 52
24142757 208395 86
24142757 208396 99
23785553 58156 62
23785553 208384 60
23785553 208395 59
23785553 208396 4
24277155 58156 72
24277155 208384 10
24277155 208395 50
24277155 208396 13
23780100 58156 74
23780100 208384 50
23780100 208395 9
23780100 208396 61
23926790 58156 57
23926790 208384 4
23926790 208395 80
23926790 208396 36
1042151 208384 47
1042151 208395 53
1042151 208396 27
24211095 58156 17
24211095 208384 27
24211095 208395 67
24211095 208396 75
24509718 58156 82
24509718 208384 97
24509718 208395 49
24509718 208396 16
24529888 58156 76
24529888 208384 34
24529888 208395 56
24529888 208396 57
35774191 58156 94
35774191 208384 46
35774191 208395 43
35774191 208396 86
23848847 58156 98
23848847 208384 100
23848847 208395 23
23848847 208396 29
24168276 58156 41
24168276 208384 57
24168276 208395 26
24168276 208396 48
35774197 208384 67
35774197 208395 25
35774197 208396 85
22444521 58156 99
22444521 208384 50
22444521 208395 96
22444521 208396 43
9741081 58156 27
9741081 208384 98
9741081 208395 36
9741081 208396 10
24631238 208384 60
24631238 208395 78
24631238 208396 31
2250915 208384 99
2250915 208395 50
2250915 208396 6
35774200 208384 63
35774200 208395 32
35774200 208396 45
13342819 58156 42
13342819 208384 51
13342819 208395 99
13342819 208396 6
13330691 58156 22
13330691 208384 91
13330691 208395 80
13330691 208396 92
35774206 208384 36
35774206 208395 99
35774206 208396 75
24654921 58156 67
24654921 208384 34
24654921 208395 90
24654921 208396 16
24218123 58156 24
24218123 208384 10
24218123 208395 33
24218123 208396 56
35774208 58156 53
35774208 208384 74
35774208 208395 24
35774208 208396 41
9679996 58156 99
9679996 208384 78
9679996 208395 64
9679996 208396 71
9743922 58156 20
9743922 208384 37
9743922 208395 75
9743922 208396 77
23948459 58156 41
23948459 208384 66
23948459 208395 78
23948459 208396 37
25121821 58156 41
25121821 208384 65
25121821 208395 76
25121821 208396 91
4918401 58156 98
4918401 208384 33
4918401 208395 31
4918401 208396 44
24191353 58156 23
24191353 208384 66
24191353 208395 63
24191353 208396 3
24625852 208384 6
24625852 208395 81
24625852 208396 79
9674277 208384 6
9674277 208395 49
9674277 208396 17
35059685 58156 81
35059685 208384 83
35059685 208395 2
35059685 208396 96
1586298 58156 61
1586298 208384 99
1586298 208395 41
1586298 208396 100
22350758 58156 52
22350758 208384 31
22350758 208395 33
22350758 208396 5
22349374 58156 33
22349374 208384 56
22349374 208395 86
22349374 208396 67
13299531 208384 13
13299531 208395 84
13299531 208396 30
23932415 58156 91
23932415 208384 9
23932415 208395 18
23932415 208396 56
13359490 58156 28
13359490 208384 2
13359490 208395 32
13359490 208396 23
23923764 58156 52
23923764 208384 20
23923764 208395 77
23923764 208396 84
24478039 58156 84
24478039 208384 45
24478039 208395 56
24478039 208396 38
22447467 58156 32
22447467 208384 87
22447467 208395 62
22447467 208396 86
24009929 58156 28
24009929 208384 88
24009929 208395 1
24009929 208396 94
9701873 58156 26
9701873 208384 2
9701873 208395 37
9701873 208396 11
24172070 58156 29
24172070 208384 37
24172070 208395 50
24172070 208396 33
23894684 58156 67
23894684 208384 46
23894684 208395 19
23894684 208396 39
24505362 58156 39
24505362 208384 71
24505362 208395 71
24505362 208396 9
24626610 58156 3
24626610 208384 100
24626610 208395 66
24626610 208396 51
13312540 58156 6
13312540 208384 69
13312540 208395 59
13312540 208396 25
24168682 58156 35
24168682 208384 100
24168682 208395 23
24168682 208396 18
22448007 58156 76
22448007 208384 70
22448007 208395 61
22448007 208396 15
13341881 58156 81
13341881 208384 46
13341881 208395 70
13341881 208396 9
23856056 58156 14
23856056 208384 58
24189088 58156 47
24189088 208384 17
24189088 208395 42
24189088 208396 91
9679659 58156 83
9679659 208384 31
9679659 208395 57
9679659 208396 3
9672450 58156 32
9672450 208384 19
9672450 208395 48
9672450 208396 25
35774214 58156 24
35774214 208384 14
35774214 208395 71
35774214 208396 38
2689930 58156 54
2689930 208384 28
2689930 208395 2
2689930 208396 24
9674505 58156 85
9674505 208384 99
9674505 208395 76
9674505 208396 36
9677547 208384 73
9677547 208395 88
9677547 208396 58
24179890 58156 20
24179890 208384 79
24179890 208395 61
24179890 208396 56
23819567 58156 95
23819567 208384 9
23819567 208395 93
23819567 208396 2
13396753 58156 59
13396753 208384 11
13396753 208395 45
13396753 208396 97
22449867 58156 36
22449867 208384 86
22449867 208395 63
22449867 208396 70
3503090 58156 94
3503090 208384 52
3503090 208395 81
3503090 208396 49
13411448 58156 68
13411448 208384 21
13411448 208395 72
13411448 208396 40
22412461 58156 24
22412461 208384 34
22412461 208395 89
22412461 208396 76
24262282 58156 13
24262282 208384 93
24262282 208395 32
24262282 208396 13
208987 58156 68
208987 208384 64
208987 208395 28
208987 208396 23
24260926 58156 72
24260926 208384 50
24260926 208395 7
24260926 208396 69
24035591 58156 67
24035591 208384 55
24035591 208395 30
24035591 208396 46
24183399 58156 2
24183399 208384 26
24183399 208395 29
24183399 208396 78
24174633 58156 96
24174633 208384 94
24174633 208395 93
24174633 208396 93
9756701 58156 55
9756701 208384 94
9756701 208395 9
9756701 208396 14
24004799 58156 99
24004799 208384 87
24004799 208395 35
24004799 208396 59
9743803 58156 28
9743803 208384 51
9743803 208395 43
9743803 208396 74
13298301 58156 84
13298301 208384 62
13298301 208395 91
13298301 208396 53
9679464 58156 2
9679464 208384 4
9679464 208395 57
9679464 208396 4
13314232 208384 9
35774216 58156 63
35774216 208384 46
35774216 208395 19
35774216 208396 100
24000505 58156 26
24000505 208384 39
24000505 208395 40
24000505 208396 93
35774218 208384 39
22452772 58156 44
22452772 208384 37
22452772 208395 53
22452772 208396 44
24631395 208384 19
9723755 208384 78
9723755 208395 59
9723755 208396 75
3205959 58156 88
3205959 208384 32
3205959 208395 87
3205959 208396 72
4341497 58156 2
4341497 208384 58
4341497 208395 77
4341497 208396 34
15793228 208384 54
1036056 58156 19
1036056 208384 77
1036056 208395 20
1036056 208396 59
2443711 208384 96
2443711 208395 29
2443711 208396 11
23670166 58156 86
23670166 208384 68
23670166 208395 98
23670166 208396 94
9744611 58156 92
9744611 208384 29
9744611 208395 46
9744611 208396 32
9744548 58156 54
9744548 208384 60
9744548 208395 71
9744548 208396 78
24237379 58156 96
24237379 208384 70
24237379 208395 83
24237379 208396 96
9674534 58156 94
9674534 208384 86
9674534 208395 8
9674534 208396 38
9748263 58156 68
9748263 208384 74
9748263 208395 16
9748263 208396 49
4921833 58156 13
4921833 208384 62
4921833 208395 97
4921833 208396 81
25175836 208384 26
35774220 58156 100
35774220 208384 32
35774220 208395 97
35774220 208396 81
9680791 58156 69
9680791 208384 89
9680791 208395 62
9680791 208396 100
22478086 58156 27
22478086 208384 48
22478086 208395 43
22478086 208396 14
23929820 58156 66
23929820 208384 3
23929820 208395 55
23929820 208396 6
1482314 208384 37
1482314 208395 50
1482314 208396 88
4259351 208384 67
4259351 208395 13
4259351 208396 63
13315616 208384 23
24639138 58156 11
24639138 208384 79
24639138 208395 75
24639138 208396 16
25077229 58156 18
25077229 208384 7
25077229 208395 14
25077229 208396 4
24631378 208384 33
24631378 208395 41
24631378 208396 29
9722541 208384 90
9722541 208395 5
9722541 208396 36
24177278 58156 86
24177278 208384 73
22462916 58156 1
22462916 208384 66
22462916 208395 34
22462916 208396 18
3036399 208384 96
3036399 208395 56
3036399 208396 91
13268189 208384 59
13268189 208395 80
13268189 208396 96
24169810 58156 68
24169810 208384 39
24169810 208395 39
24169810 208396 85
13317832 58156 52
13317832 208384 88
13317832 208395 49
13317832 208396 78
24631410 208384 95
22406782 58156 37
22406782 208384 86
22406782 208395 84
22406782 208396 64
24152727 58156 7
24152727 208384 48
24152727 208395 10
24152727 208396 62
24225153 58156 42
24225153 208384 17
24225153 208395 45
24225153 208396 24
24175985 58156 58
24175985 208384 11
24175985 208395 20
24175985 208396 98
24287993 58156 75
24287993 208384 11
24287993 208395 27
24287993 208396 94
24155849 58156 48
24155849 208384 70
24155849 208395 70
24155849 208396 80
25092910 58156 5
25092910 208384 97
25092910 208395 21
25092910 208396 38
24184630 58156 71
24184630 208384 62
24184630 208395 15
24184630 208396 60
23928149 58156 35
23928149 208384 41
23928149 208395 40
23928149 208396 17
13327503 58156 30
13327503 208384 73
13327503 208395 74
13327503 208396 57
9745323 58156 8
9745323 208384 78
9745323 208395 85
9745323 208396 95
35774226 58156 46
35774226 208384 33
35774226 208395 53
35774226 208396 19
22457405 58156 66
22457405 208384 15
22457405 208395 73
22457405 208396 95
13317960 58156 14
13317960 208384 77
13317960 208395 63
13317960 208396 42
25091748 58156 90
25091748 208384 62
25091748 208395 42
25091748 208396 7
24171616 58156 63
24171616 208384 20
24171616 208395 34
24171616 208396 92
22457502 58156 54
22457502 208384 78
22457502 208395 17
22457502 208396 70
24263290 58156 77
24263290 208384 2
24263290 208395 95
24263290 208396 44
25200206 58156 36
25200206 208384 15
25200206 208395 44
25200206 208396 55
35774232 58156 13
35774232 208384 49
35774232 208395 7
35774232 208396 15
23916535 58156 22
23916535 208384 72
23916535 208395 6
23916535 208396 13
15835154 58156 76
15835154 208384 50
15835154 208395 2
15835154 208396 77
24626553 58156 49
24626553 208384 26
24626553 208395 62
24626553 208396 21
22457962 58156 54
22457962 208384 53
22457962 208395 68
22457962 208396 75
35774237 58156 55
35774237 208384 59
35774237 208395 14
35774237 208396 54
25139471 208384 65
25139471 208395 38
25139471 208396 15
24727046 208384 33
24727046 208395 64
24727046 208396 12
9744812 208384 100
13326794 58156 94
13326794 208384 92
13326794 208395 49
13326794 208396 51
9680169 58156 99
9680169 208384 100
9680169 208395 29
9680169 208396 10
35774243 58156 10
35774243 208384 86
35774243 208395 18
35774243 208396 34
22458719 58156 15
22458719 208384 10
22458719 208395 5
22458719 208396 60
22345090 58156 44
22345090 208384 52
22345090 208395 65
22345090 208396 90
24168771 58156 49
24168771 208384 34
24168771 208395 88
24168771 208396 11
24318730 58156 30
24318730 208384 10
24318730 208395 48
24318730 208396 17
22334728 58156 17
22334728 208384 83
22334728 208395 41
22334728 208396 83
13346763 58156 98
13346763 208384 83
13346763 208395 43
13346763 208396 59
24153511 58156 43
24153511 208384 56
24153511 208395 98
24153511 208396 30
24257713 58156 30
24257713 208384 49
24257713 208395 84
24257713 208396 48
13318538 58156 42
13318538 208384 83
13318538 208395 73
13318538 208396 50
35774249 58156 74
35774249 208384 91
35774249 208395 97
35774249 208396 47
24217213 58156 32
24217213 208384 64
24217213 208395 98
24217213 208396 28
24280637 58156 52
24280637 208384 83
24280637 208395 23
24280637 208396 77
13355957 58156 66
13355957 208384 16
13355957 208395 49
13355957 208396 88
25091224 208384 69
25091224 208395 93
25091224 208396 39
24624479 58156 27
24624479 208384 2
24624479 208395 80
24624479 208396 28
13318597 58156 56
13318597 208384 69
13318597 208395 66
13318597 208396 35
23987611 58156 29
23987611 208384 86
23987611 208395 88
23987611 208396 88
23987637 58156 44
23987637 208384 35
23987637 208395 58
23987637 208396 26
13336112 58156 55
13336112 208384 13
13336112 208395 83
13336112 208396 48
24183527 58156 29
24183527 208384 67
24183527 208395 73
24183527 208396 81
9679874 58156 22
9679874 208384 39
9679874 208395 40
9679874 208396 87
24167081 58156 41
24167081 208384 22
24167081 208395 55
24167081 208396 94
24468146 58156 79
24468146 208384 6
24468146 208395 64
24468146 208396 31
24266537 58156 58
24266537 208384 19
9672491 58156 70
9672491 208384 4
9672491 208395 68
9672491 208396 14
35774255 58156 38
35774255 208384 40
35774255 208395 29
35774255 208396 44
14889966 58156 99
14889966 208384 49
14889966 208395 65
14889966 208396 40
9677311 58156 12
9677311 208384 9
9677311 208395 29
9677311 208396 87
25077134 58156 85
25077134 208384 65
25077134 208395 56
25077134 208396 71
35774257 58156 50
35774257 208384 41
35774257 208395 86
35774257 208396 81
35774259 58156 60
35774259 208384 96
35774259 208395 94
35774259 208396 11
23998117 58156 22
23998117 208384 13
23998117 208395 46
23998117 208396 88
24135173 58156 13
24135173 208384 51
24135173 208395 44
24135173 208396 9
35774263 208384 99
35774263 208395 26
35774263 208396 100
35774266 208384 89
35774266 208395 2
35774266 208396 15
13319752 58156 57
13319752 208384 76
13319752 208395 85
13319752 208396 29
13319779 58156 86
13319779 208384 79
13319779 208395 9
13319779 208396 72
9742254 208384 46
9742254 208395 76
9742254 208396 79
22337957 58156 74
22337957 208384 59
22337957 208395 28
22337957 208396 50
13382862 208384 53
13382862 208395 17
13382862 208396 64
13329375 58156 59
13329375 208384 66
13329375 208395 21
13329375 208396 64
13388945 208384 60
13388945 208395 65
13388945 208396 57
35774271 58156 22
35774271 208384 88
35774271 208395 73
35774271 208396 72
35774278 58156 95
35774278 208384 68
35774278 208395 95
35774278 208396 100
624151 58156 37
624151 208384 8
624151 208395 44
624151 208396 58
35774287 208384 78
35774287 208395 3
35774287 208396 76
9677216 208384 93
9677216 208395 73
9677216 208396 70
24263231 58156 72
24263231 208384 35
24263231 208395 32
24263231 208396 14
24150380 58156 90
24150380 208384 89
24150380 208395 9
24150380 208396 52
24166374 58156 70
24166374 208384 10
24166374 208395 41
24166374 208396 59
24243085 58156 37
24243085 208384 21
24243085 208395 80
24243085 208396 55
13353047 58156 42
13353047 208384 45
13353047 208395 56
13353047 208396 37
13270485 58156 61
13270485 208384 45
13270485 208395 89
13270485 208396 51
2070045 208384 84
2070045 208395 5
2070045 208396 24
1198943 208384 77
24457534 58156 76
24457534 208384 86
24457534 208395 36
24457534 208396 26
9742434 208384 2
9742434 208395 35
9742434 208396 80
9677527 208384 14
9677527 208395 41
9677527 208396 90
22413660 58156 35
22413660 208384 48
22413660 208395 83
22413660 208396 70
35774291 208384 61
35774294 208384 100
35774294 208395 41
35774294 208396 89
35774300 208384 43
35774300 208395 34
35774300 208396 98
25393452 58156 52
25393452 208384 49
25393452 208395 14
25393452 208396 8
35774304 58156 56
35774304 208384 30
35774304 208396 25
24461404 208384 58
24461404 208395 58
24461404 208396 15
25085999 208384 48
25085999 208395 74
25085999 208396 33
2241912 58156 25
2241912 208384 8
2241912 208395 50
2241912 208396 96
13431498 504843 54
13431498 58156 50
13431498 208384 37
13431498 208396 92
13338892 58156 61
5003299 58156 80
5003299 208384 38
5003299 208395 36
5003299 208396 74
9711176 58156 52
9711176 208384 15
9711176 208395 4
9711176 208396 60
13317249 49201 5
13317249 58156 13
13317249 208384 95
13317249 208395 42
4565401 208384 23
4565401 208395 51
4565401 208396 78
4916846 382941 33
4916846 640179 96
40600683 58156 47
40600683 208384 46
40600683 208395 72
40600683 208396 78
40600687 58156 39
40600687 208384 19
40600687 208395 65
40600687 208396 96
41699732 49416 1
41699737 49201 42
41699737 640179 84
41699768 49201 64
41699772 49201 73
41699807 503484 35
41699819 49416 51
41699839 640179 8
41699844 382941 44
41699864 382941 42
41699873 49416 53
41699887 49416 79
48145591 503484 95
48145602 49201 88
48145602 382941 44
48145602 49416 26
48145602 503093 77
48145629 503484 77
50339719 382941 32
