2314165 39289 92
10102819 790488 68
1257422 20839 28
12027529 2798170 13
173111 534032 27
1745439 637415 31
723123 1250417 95
1682206 193214 61
1682206 859766 53
446516 1062495 98
532706 1244422 8
2221151 299645 13
3009050 1686248 73
13359857 2463311 9
723124 332678 99
2720384 910208 39
723125 542755 94
13395140 983504 45
2741582 3333745 48
13480936 2022983 44
13491909 56165 12
14440841 603683 28
14908835 213930 36
14917043 50520 6
14920894 104682 71
14926940 1634907 56
2122319 1693483 76
1211017 30814 3
2753254 484101 36
14947412 9518 71
2666094 226895 22
14962696 1305760 18
14963854 744211 90
14969246 810183 64
14978007 1374454 83
1745446 2088286 7
14980014 682760 6
14983621 362323 31
14990757 815993 26
2666095 341267 59
15003074 137371 29
15003100 216893 28
15003125 822640 46
15003133 1491921 82
15003563 1044928 74
15005003 1990131 59
1756163 1578880 20
15005018 2162509 66
15013699 371645 20
15014752 522636 58
15015042 300474 68
3009054 109690 20
15020129 1934800 71
2753396 2026810 26
15035769 80250 13
3280043 2233303 2
1866884 2081168 46
15041968 364838 41
15042560 544071 98
1866885 1836384 19
15046555 658073 78
15047438 3633307 85
15053552 1658319 37
15056439 340921 64
15056875 57951 2
15056875 22250 13
2354111 1293247 61
15058347 292159 59
3383002 1784754 28
3150745 385922 66
15061048 145107 39
6133692 2856 32
15065142 962310 73
15066763 48130 59
15066763 99330 69
3036976 313069 13
2353598 336312 31
15067027 422601 63
1861078 1312344 43
15067477 1382239 10
4185066 654634 98
6493369 3330256 41
2753398 475487 2
15078689 42218 54
1211019 7805 85
15080929 600195 86
15081003 324041 68
15081005 590275 65
15081074 877453 90
15081192 206276 58
15081248 2453699 17
15081253 336586 79
2720390 939247 39
1671289 468523 68
6265337 1721622 98
3425415 2233911 94
15102495 1191087 75
15111503 49568 18
15119223 364581 38
15126053 278273 56
15126131 70121 1
15127696 785401 40
4458823 1738938 80
15131526 93168 55
15132825 756188 72
4161524 353198 21
15139221 1745811 38
15140206 199288 3
15140938 870605 14
15141190 666866 84
15145174 604099 84
15146414 962369 100
15146421 392996 47
15148338 987356 93
15148716 99638 36
15148817 353427 30
15149538 1419463 29
15150873 932620 1
15150965 3433701 61
15153465 313672 15
2314172 484566 86
15155143 1498650 79
4185067 1536616 11
2951551 741086 42
3117894 360152 40
15159308 213940 64
3417974 1135597 71
15161186 334619 68
15161308 626718 10
2123418 800791 99
15162899 222320 34
15163475 2333801 43
15167444 964421 87
15167572 919544 57
15167632 1746173 87
15167636 884477 70
15167885 739965 58
15168725 108528 100
15169213 164479 79
12737803 347973 32
3625354 220225 71
15170006 1705134 70
15170185 330180 29
15170515 388377 58
15170839 603526 100
15171039 2322155 18
15171834 1149388 9
13384478 35362 81
15172425 2356158 68
15174079 1453816 81
15175042 3524049 77
15176215 32927 25
15177241 476184 57
15177557 352882 63
15178655 872979 84
15180612 4028682 97
15304748 109691 17
15364193 1021138 1
15371836 739991 45
15375601 85238 66
15443796 820061 3
2666097 1897995 34
2713995 1153737 98
15500078 340923 84
15503731 1904785 3
15531250 401335 87
15531811 635238 65
15902084 129365 83
15902091 326120 50
15902097 317768 18
15902423 96196 26
15902467 1853200 96
15902472 618179 84
15902491 1305838 83
15902925 288913 52
15903157 3531806 52
15903311 1625104 81
15903773 791825 24
15903790 279274 9
15904279 884237 69
15904448 95540 4
15904453 140562 37
15904470 322454 58
15904710 1482613 13
15904749 444620 49
15904754 1373289 40
15904778 635901 30
15904802 668569 87
15904830 2736243 20
15904976 69003 91
15905053 929164 4
15905311 394902 49
15905315 449877 44
15905318 539256 88
15905465 368047 7
2753478 1223064 71
15905499 415563 68
15905631 195499 55
15905752 258101 36
15905754 659649 50
15905770 339142 26
15905825 208196 41
15905841 3050914 48
15905843 291957 4
15906104 2433359 44
15906919 1749032 54
15906922 107042 88
15906925 329510 30
15907004 2861308 90
15907561 1859415 17
15909642 218356 12
15910108 157140 62
15910406 820839 10
15910870 118784 59
15910879 236837 9
15910882 3712952 71
15910889 645418 7
15911405 739307 19
15911444 2662893 92
15911697 832125 86
15911704 1700685 81
15911982 1492929 10
15912467 261495 38
15912790 924058 4
15904628 1518881 55
15914084 65903 45
15914114 152529 51
15914378 218187 30
15915258 933284 41
15916024 1975634 49
2741674 385184 75
15916626 2777808 81
15916703 685757 35
15916870 93238 55
15917340 2147926 25
15917497 945152 85
15917783 875889 35
15917962 557741 45
15918470 54867 26
15918605 2314996 71
15918702 1024305 13
15918744 1731554 14
15919015 17052 60
15919161 335129 67
15919304 277964 16
15919511 933116 49
15919563 552814 66
15919567 94589 19
15919602 1801068 66
15919617 98990 30
15919656 333538 64
15919666 913813 44
15919669 739648 37
15919672 253285 12
15919682 218350 96
15919760 653263 43
15919786 95844 19
2741679 337483 38
15919961 283178 27
15920057 494397 30
15920073 667376 33
15920102 157977 82
15920105 463127 71
15920141 614686 33
15920162 750800 62
15920222 2235412 23
15920266 208982 31
15920269 1692859 49
15920273 532424 79
15920276 291720 77
15920432 336226 18
15920478 915603 75
15920742 898138 5
15920763 608646 89
15920970 440645 40
15921074 806963 22
15921166 1734862 20
15921526 3706778 94
15921582 1000070 51
15921969 2272995 46
15922028 480328 1
15922035 42383 32
15922092 109077 15
15922166 416542 81
15922245 3367697 16
15922284 2566470 31
15922330 145499 94
15922384 14343 56
15922387 301353 9
15922390 494208 50
15922440 3596183 96
15922609 119698 24
15922646 234169 20
15922649 605044 9
15922652 135882 65
15922665 24217 63
15922668 663176 64
15922695 248635 56
15922724 260541 41
15922742 41926 21
15922843 947409 7
15922891 51589 21
15922908 2570575 61
15922957 136683 20
15922980 181952 30
15923025 1676488 72
15923028 462428 32
1671294 85355 39
1671294 1176033 37
15923036 451865 51
15923194 2197611 94
15923351 1681124 96
15923394 333042 72
15923402 1381207 31
15923490 349429 67
15923504 350129 21
15923637 1223655 82
15923640 1425861 74
15924108 108045 48
15924120 442629 95
15924371 2585691 68
15924377 100479 36
15924397 1155793 39
15924404 480304 71
15924429 521244 4
15924465 1725458 5
15924468 291682 61
15924472 360990 19
15924475 508308 79
15924478 644456 79
15924484 443338 81
15924487 306996 42
15924490 343876 46
15924493 3596192 24
15924496 366392 56
15924507 2356490 77
15924510 361232 79
15924513 218125 74
15924517 961144 28
15924520 105885 64
15924523 1954392 38
15924526 489559 79
15924533 393744 58
15924537 250542 79
15924547 365098 37
15924574 102460 39
15924582 4891004 96
15924793 74134 51
15924795 260700 73
15924809 291751 55
15924815 3098879 1
4849415 431925 22
15925020 2868281 23
15925024 2868281 17
15925358 499452 40
15925616 299760 56
15925624 323698 81
15925628 100480 97
4849416 4849554 94
15925634 98597 23
15925759 57569 18
15925763 207413 6
15925763 231641 41
15926194 66234 20
15926542 893224 56
15926549 515367 94
15926708 1054482 2
15926715 576491 90
1946877 101551 38
15926718 53003 91
15926819 3979116 35
15927063 1429131 75
15927066 1429276 1
15927069 718381 90
15927078 1248818 95
15927139 2800230 3
15927198 347048 31
15927427 344568 45
15927474 736849 42
15927570 520043 74
15927628 606239 54
15927638 78435 94
15927809 1193894 99
15927843 232511 66
15927980 334618 53
15928000 915830 78
15928040 1423992 48
3584669 3627347 76
15928268 1635384 84
15928310 883680 35
15928467 932753 73
15928500 216934 61
15928515 136262 2
15928518 945830 38
15928527 2657356 44
15928568 328832 30
15928589 649606 69
15928593 499359 14
15928596 1238253 57
15928599 330002 70
15928619 346052 41
15928714 129865 31
15928757 2141395 28
15928803 421507 55
15928849 282758 74
1758083 198619 49
15928865 623599 98
15929093 3423367 22
15929109 285143 65
15929141 857513 41
15929167 913951 34
15929176 917989 79
2572372 879692 7
15929197 336452 29
15929235 1492181 61
15929243 1228570 90
15929259 3839943 30
15929262 249354 26
15929280 664869 74
15929287 790894 66
15929290 856846 54
15929293 935303 25
15929296 539539 81
15929299 137387 14
15929302 2219801 39
15929361 431925 53
15929364 431925 56
15929367 431925 91
15929459 298284 13
15929543 1887099 34
15929579 659527 50
15929597 882678 84
15929600 1425657 87
15929603 115238 41
15929608 229120 45
15929615 92447 43
15929703 911998 28
15929723 1188670 14
15929755 3255072 84
15929828 1538825 33
15929831 1603012 26
15929845 395175 13
15929855 1669300 25
15929896 316793 63
15929899 443471 94
15929902 219940 29
15929905 345960 40
15929908 448313 100
15929964 1372425 4
15929967 559472 34
15929970 900782 9
15929973 635201 90
15930034 859988 42
15930147 107220 42
15930205 534505 42
15930224 219518 51
15930358 2603594 56
15930398 3444188 34
15930401 658158 67
15930434 992887 57
15930671 865168 74
15930728 480335 35
15930765 949549 17
15930788 1206102 62
15930791 307633 45
15930857 659558 4
15930912 249988 96
15930936 45797 94
15931277 108557 45
15932036 302325 53
15932071 1393207 60
15932331 342317 81
15932335 331213 60
15932339 1449732 18
15932343 901138 81
15932347 96886 91
15932386 1672998 41
15932436 857460 68
15932594 971039 21
15932899 390689 84
15933146 657957 91
15933665 49530 84
15934117 916559 81
15934268 3212181 56
15934304 2538909 58
15934338 509768 8
15934363 322645 33
15934400 385242 14
15934403 3958529 81
15934411 2004050 86
15934559 825235 16
15934596 962755 34
15935536 1155794 56
15935599 2576327 35
15935625 480331 91
15935655 2604210 52
15936044 962386 2
15936517 3046836 93
15936686 1691485 96
15937070 943400 36
15937098 4890973 99
15937101 2808645 5
15937110 1887494 20
15937113 2211673 11
15937328 2570729 69
15937519 3066972 81
15938144 386689 62
15938570 536427 24
15939602 1723943 10
15939841 376170 14
15940141 1436831 66
15940207 683996 72
15940984 72231 19
15941117 208484 61
15941367 663178 37
15941459 1319388 54
15942622 1510867 26
15943967 1479012 97
15943971 1748333 45
15943974 2499377 77
15944036 1064715 66
15944194 490956 33
15944204 362326 64
15944735 654165 67
15945274 973298 25
3425419 756056 36
15945613 177127 77
6411691 41541 85
15945749 893145 98
15945759 878470 75
2753402 3344170 32
15945762 238234 63
15945846 4891224 39
15946389 278871 59
15946462 145605 69
15946562 1796672 34
15946768 341907 92
15946783 863792 94
15947107 687244 85
15947682 186615 61
15947846 150719 57
15947855 537970 50
15948399 841983 32
15948407 960382 92
15948890 739297 91
15948905 2289641 29
15949006 97603 10
15949546 383854 14
15949549 109138 63
15949815 19582 20
15949818 209945 52
15949829 2246182 41
15950111 1213072 79
15950539 481322 74
15950970 995351 78
15952754 765240 90
15952914 624724 67
15953014 311276 35
15953317 979682 85
15953656 601451 3
15953710 396216 9
15953713 3919126 52
15953774 942069 73
15953777 2873579 76
15954278 295714 12
15954502 796042 72
15954534 1418722 84
15954712 1027689 90
15955061 280725 44
15956750 2125429 55
15957051 1419314 2
15957229 2528739 75
15957316 935838 81
15957329 480337 95
15957491 962905 92
15957506 3270913 70
15958024 517130 51
15958488 917699 90
15958490 325801 16
15958808 2841940 48
15961472 874156 48
15961918 1033509 43
15962214 1125057 81
15962302 1207303 87
15962475 1639590 50
15962836 107535 64
15964435 1306609 94
15964579 83419 89
2741961 443588 10
15964642 1600966 90
15964645 489650 20
15964648 657993 35
15964651 861616 71
15964654 4020688 52
15964659 1198303 9
15964662 1115770 85
15964665 2871662 53
15964668 828531 39
15964671 1402095 64
15964674 2606927 1
15964733 2234914 87
15964739 1391405 44
15966064 218398 22
15966067 1205334 2
15905613 1113158 8
15966671 2657726 32
15966704 804712 30
15967200 1378046 97
9128043 1750010 78
15967356 2016906 2
15967451 1297765 77
15967837 1778876 68
15967938 3469342 87
15968319 392885 45
15968418 1165607 50
15968878 693863 34
15969304 1510873 38
15930074 3886200 26
15972207 1075813 75
15972314 3971 37
15972334 422956 7
15972418 931645 69
15972421 1171790 84
15972608 322400 67
15972792 2946146 67
15972855 607226 33
15972875 822481 49
15973021 658131 75
15973157 2887385 66
15973372 741089 80
15973735 349596 10
15973757 244310 36
1646397 52928 78
15974672 1870533 75
15974764 332986 48
15974984 333022 33
15975701 2125436 30
15976080 364104 17
15976387 1731932 95
10080255 1420505 65
15976751 2154137 31
15976779 455041 65
15976982 1155798 26
15977140 355120 38
15977287 655984 67
15977636 2459938 74
15977676 941475 73
15977920 2102138 46
15977950 2091249 83
15978231 891455 86
15978381 22660 88
15978732 237028 87
15979737 351962 93
15979986 84113 22
15979992 385008 9
15980654 382266 27
29581871 3277448 32
29584161 627086 79
29584686 1204503 10
29584691 849874 33
29585722 43531 35
29585723 435833 92
29585812 1041547 22
29585815 148624 87
29585816 97508 23
29585817 99467 14
29586380 607513 72
29586381 587007 16
29586605 36070 65
29586652 218990 89
29587683 599450 81
29588683 332882 8
29588688 441876 61
29588705 214079 39
29590605 1298205 72
29592211 890428 86
29592618 1331049 90
29592619 883713 70
29592620 660276 7
29592621 3096308 2
29592632 66896 31
29592965 1244085 38
29592969 1111275 50
29593070 534869 27
29593236 454373 26
29593257 447165 96
29593283 455492 33
29593285 1095688 39
29593288 86699 18
29593289 1040909 55
29593293 286734 52
7023794 228579 53
29593643 888012 44
29594120 3817983 30
29594136 1677069 99
29594142 324929 11
29594390 13587 28
29594935 30283 28
29594978 688942 33
29594979 1488393 99
29595059 361757 66
29595103 105833 22
10092681 1069764 66
29595628 4133286 56
29597970 195397 57
29599283 598860 45
29599284 192374 45
29599314 237997 8
29599430 938850 53
29599635 328733 91
29599711 571120 35
29599773 1819697 40
29599774 1208062 98
29599777 927614 27
29601569 771648 6
29601742 325375 77
29601843 94381 96
29601938 213500 18
3059681 659966 93
13098491 481294 58
29601970 1403380 68
29601973 1329679 69
29602033 123474 30
29602054 392221 5
29602245 347748 23
29603986 619086 92
29603988 394679 12
29604661 307017 41
29604676 226595 78
29604906 620876 82
29604908 1067262 22
29604911 52403 8
29604935 171964 50
29606647 4025301 35
29606648 1580260 24
29606649 2658171 85
29606651 3625229 100
29606653 1580260 36
29606741 87589 13
29607519 272734 10
29712497 1126290 27
6265346 1297765 78
31186647 55366 11
31186650 41934 45
31186652 378676 27
31186654 275622 47
31186656 1468584 89
31186662 85829 76
31186664 710237 22
31186666 186570 53
2314182 511951 26
31186668 709884 41
31186673 686718 70
31186675 255307 39
31186677 267323 95
31186678 1212683 48
31186680 50513 50
31186682 364030 99
6412112 312772 68
31186684 1968205 32
31186686 95890 11
31186690 190413 4
31186692 1570854 84
31186694 260843 58
31186696 417138 34
31186698 339675 13
31186700 107879 84
31186702 217935 42
31186707 112008 64
31186709 256260 97
31186712 395766 23
31186714 333203 7
31186716 275802 81
31186722 70616 44
31186724 94641 72
31186726 1321205 36
31186728 62372 27
31186731 39657 36
31186737 130282 73
31186739 93763 81
31186741 702606 84
31186743 3204 54
31186745 195239 17
31186747 75157 27
31186749 77153 41
31186751 980748 95
31186753 512898 56
31186755 218717 26
31186757 102227 39
31186761 46759 19
31186766 127777 73
31186769 97967 54
31186772 188937 44
31186774 134385 36
31186776 77830 37
31186778 67461 18
31186780 1713467 17
31186784 133316 4
31186786 1216584 16
31186790 704187 80
31186792 366316 53
31186794 471927 56
31186796 121292 63
31186798 131191 32
31186800 51071 4
31186802 128023 67
31186804 342725 6
31186806 320856 36
31186808 1667535 34
31186813 246840 78
31186815 226588 52
31186817 828846 82
31186819 172287 92
31186821 366029 26
31186823 884233 47
31186825 361646 37
31186827 524081 88
12585066 65891 33
31186829 230942 30
31186833 324174 1
31186835 96101 1
31186837 125121 32
31186839 1403 34
31186846 330879 88
31186851 537634 85
31186853 94441 49
31186855 110313 18
31186857 310730 6
31186859 41577 80
31186862 52443 86
31186864 75544 24
31186866 122644 63
31186868 181904 73
31186870 938511 57
31186872 137390 45
31186874 1273621 29
31186876 442763 30
31186878 93660 31
31186880 55305 19
31186882 423314 96
31186884 1340417 58
31186886 395917 58
31186888 253706 37
31186890 142164 86
31186892 1128704 37
31186894 17122 98
31186895 1038875 57
31186897 269850 33
31186900 123342 50
31186902 87869 67
31186904 48859 15
31186909 1417499 24
31186913 453809 33
31186915 153889 94
31186917 332850 100
31186919 112353 42
31186921 1078563 54
31186923 252442 66
31186925 97968 43
31186927 109872 48
31186929 95420 13
31186931 144659 34
31186933 383150 91
31186935 53912 41
31186937 137994 84
31186939 77299 66
31186941 2051 19
31186943 189083 12
31186945 362064 62
31186947 216887 63
31186948 94379 39
31186950 100173 69
31186952 220047 51
31186955 192467 56
31186957 128627 75
31186959 366153 36
31186961 946161 40
31186963 163053 99
11056284 907401 62
31186965 324478 70
4999770 146869 80
31186967 265798 10
31186969 949665 21
31186971 1653648 55
31186973 213363 2
31186975 416660 60
31186977 270261 67
31186982 134384 73
31186984 321575 53
31186986 576789 63
31186990 312668 16
31186992 102869 100
31186994 338363 66
31186996 642107 22
31186998 215258 95
31187000 404560 44
31187002 156326 20
31187004 215179 66
31187006 272747 32
31187008 664061 53
31187010 336477 15
31187013 48843 65
31187017 312898 3
31187019 353622 35
31187021 685833 51
3945162 1268545 28
31187023 170776 57
31187025 1031016 95
31187027 1228653 53
31187029 112766 21
31187031 325865 95
31187036 109136 63
31187038 101773 71
31187042 782545 59
9207198 1394 98
9207198 219889 27
31187046 107816 65
31187048 340407 6
31187050 259815 12
31187057 177083 24
31187059 330019 48
31187061 127306 63
31187064 15332 19
31187066 216935 57
31187068 279686 76
31187070 1489902 39
3737495 80691 13
2310111 297558 68
31187072 151790 36
31187074 241027 41
31187078 100865 84
31187080 634476 25
31187082 222729 78
3737496 333075 69
31187084 986897 31
31187086 389454 20
31187088 365907 96
31187090 313730 92
31187094 301148 58
31187096 1530750 94
31187098 1180040 56
31187100 227444 93
31187103 124601 87
31187105 227326 94
31187107 190414 15
31187109 233355 51
31187111 207959 14
31187113 862062 19
31187115 1488841 32
31187117 392706 12
31187119 81079 76
31187121 1183336 17
31187123 196253 99
31187128 38601 63
31187130 63457 10
31187132 109460 64
31187134 52283 60
31187136 235251 11
31187138 218184 97
2753263 207674 24
2720548 99466 83
31187140 338367 37
31187142 1070617 24
31187143 109361 67
31187145 1071066 8
31187146 92391 51
31187148 248043 72
31187150 623712 28
31187153 95477 19
31187155 159430 87
31187157 396893 77
31187162 824632 66
31187164 335602 55
31187169 350373 37
31187171 413231 63
31187176 502448 56
31187180 855424 33
31187182 295527 82
31187184 105965 31
31187186 329653 3
31187188 218531 25
31187192 193833 20
31187194 674775 21
31187196 396127 20
31187199 2765 28
31187203 1007039 57
31187205 299646 18
31187207 673588 45
31187210 131309 14
31187212 94642 84
31187214 46551 32
31187216 1154492 86
31187221 1788206 63
31187221 4888324 20
31187226 99329 27
31187228 539310 97
31187230 111052 95
31187232 338527 19
31187234 327725 71
31187236 478401 62
31187238 852853 49
31187240 136229 67
31187242 28935 92
31187244 758426 94
31187246 960600 78
31187251 266066 26
31187253 519960 50
31187259 341132 70
31187261 50956 97
31187267 332982 99
31187272 98089 51
31187275 19416 29
31187277 71210 82
31187279 952808 60
31187281 947136 16
31187283 328978 95
31187285 896486 35
3417986 689658 98
3417987 6000 32
31187290 325329 97
31187292 787402 63
31187294 917038 92
31187296 53807 63
31187298 870374 74
31187300 296409 74
31187305 849003 78
31187310 327896 46
31187312 1307620 86
31187315 324927 40
31187317 624142 65
31187319 893148 91
31187321 190192 65
31187323 629407 62
31187325 1738674 3
31187327 619124 16
31187328 675651 71
31187330 600522 80
31187332 378572 69
31187334 449793 71
31187336 340476 41
31187340 325558 6
31187342 347117 57
31187346 98090 48
31187348 650610 2
31187351 107936 89
31187355 371696 51
31187357 952805 85
31187362 1501851 28
31187364 339007 2
31187370 333406 23
31187365 856699 12
31187372 70132 55
31187377 445273 60
31187379 350302 90
31187381 361082 85
31187383 173386 40
31187385 172028 43
31187387 28569 7
31187389 204474 96
31187391 192607 39
31187394 235554 95
31187396 174182 58
31187398 228832 47
31187400 637775 61
31187402 42273 8
31187404 880778 38
3737497 220091 45
31187408 413949 11
31187411 738446 33
31187413 95715 58
31187415 50641 18
31187422 452599 93
31187424 1397676 51
31187426 360230 49
31187428 867410 1
31187430 665568 77
31187433 473646 77
31187435 932223 96
31187437 143678 38
31187439 96569 56
31187441 765631 58
31187445 279687 100
31187447 80692 51
31187449 79062 66
31187451 1231827 2
31187453 218351 2
31187455 146505 38
31187457 864661 75
31187459 109953 75
31187462 170566 9
31187464 425033 90
31187467 107847 86
31187469 343490 63
31187473 5574 68
31187475 648680 35
31187479 95585 99
31187481 354659 78
31187484 305812 47
31187486 63517 50
31187488 659889 96
31187490 121432 98
31187492 606728 79
31187494 581132 39
31187496 94291 92
31187498 109557 73
31187500 35770 43
31187502 910410 65
31187504 308389 16
31187506 384675 54
31187511 53775 61
31187513 1025104 73
10175923 208330 35
10175923 142975 63
31187518 18045 38
31187518 56614 23
31187520 214916 65
31187520 56307 90
31187522 65892 25
31187522 141977 84
7089177 50953 57
7089177 65893 38
31187524 1314048 72
31187527 100174 78
31187529 94802 38
31187532 247392 83
31187532 211889 53
31187534 330443 9
31187537 904582 81
31187540 441675 2
31187542 35117 84
31187545 349477 76
31187545 387913 60
31187547 327750 58
10095813 50846 49
10095813 51272 59
31187551 49226 17
31187551 186701 72
31187553 174013 9
31187553 54526 24
31187555 209913 30
2336236 571365 30
2336236 150755 20
11098777 209388 20
11098777 232110 72
31187557 193217 18
31187559 76283 74
31187559 1630 31
31187561 115808 43
31187561 56308 38
31187563 320857 38
31187564 213723 44
31187564 94517 38
31187567 56306 70
31187568 1019349 99
31187574 207244 64
31187574 224515 35
7902557 16634 2
31187576 21168 55
31187578 21168 57
31187579 21168 71
31187580 21168 64
11051945 987693 16
31187583 38609 28
11099726 339406 61
7084756 56882 25
31187585 164414 18
12491540 99703 29
31187587 99703 53
31187589 99703 88
31187592 99703 22
31187595 99899 1
31187598 530423 4
31187602 188442 73
31187604 345892 83
31187606 36136 90
31187608 2060898 70
14854323 201889 42
14854324 201889 24
14854325 201889 50
31187611 201889 32
31187613 201889 35
31187615 201889 2
31187617 201889 77
31187619 201889 69
31187621 201889 67
31187623 201889 78
31187625 201889 57
31187628 201889 87
31187630 201889 25
14801097 251760 96
31187631 399326 96
31187633 642860 48
31187635 100612 47
31187637 696664 59
31187642 275721 1
11791194 133581 2
31187645 235022 9
31187646 717246 33
31187648 229156 71
31187650 55776 48
31187653 340834 44
31187655 131310 34
31187660 192468 40
31187662 50847 35
31187664 527950 13
12663007 39645 81
31187667 98795 79
31187672 460478 21
31187674 460478 89
31187676 460478 80
31187678 460478 79
31187680 460478 95
31187682 460478 26
31187683 48180 41
3400320 285750 26
31187686 153107 38
3059639 101824 81
31187688 283810 13
31187698 797461 65
14786480 534666 26
31187700 51072 88
6110722 52284 72
31187702 72776 78
11079498 874028 85
31187704 828782 9
31187705 123203 65
11046102 324697 99
31187708 20525 12
11270341 119839 43
31187711 87760 55
31187713 667701 83
31187715 1023485 77
31187717 1405 59
6819578 100356 93
31187719 361805 4
31187722 306744 46
31187724 306744 13
31187726 1417754 37
31187728 1417754 36
31187729 1417754 64
31187730 1417754 16
31187731 1417754 62
31187732 1417754 65
11076391 226733 64
7088898 536794 46
31187733 659890 66
31187735 43032 22
31187737 70121 52
11101790 256121 23
31187738 1623 89
31187740 194014 84
31187745 280820 100
31187746 25026 96
31187751 345071 59
31187753 332711 63
11350302 38891 14
2840336 355110 47
31187755 70658 40
31187757 1314486 47
11046400 99838 2
31187762 1247532 9
11270321 135379 2
11270322 135379 23
11270323 309048 82
31187765 511952 89
31187767 511952 77
31187769 511952 23
31187771 340477 90
31187772 340477 42
31187774 290456 81
31187776 687342 34
11079480 126763 78
11079481 126763 41
31187783 1569918 30
6264557 126762 65
6264558 126762 44
12636606 101380 11
31187784 148971 87
14839753 470029 3
14839754 470029 67
7084757 213164 82
31187789 216889 19
31187791 216889 17
31187793 660888 93
8961774 100560 58
31187796 442889 95
31187798 296411 2
31187800 325747 91
14809179 325279 3
31187802 236667 89
31187804 233430 15
31187805 771648 22
31187807 507278 37
31187809 123404 41
31187811 11936 98
31187814 1188088 44
31187819 100513 62
31187823 604870 44
31187824 670558 11
31187825 3862627 57
31187828 858117 86
31187830 1634555 86
31187834 504252 48
11050971 754241 12
31187840 2535664 9
31187842 78367 13
31187844 522718 21
2352066 540983 25
31187846 533447 97
11058312 2693836 4
11058313 1017230 65
2408220 107121 29
31187848 392884 4
31187853 2576535 47
31187855 1950029 73
31187857 436678 9
31187859 2613726 64
31187861 4457998 75
7821219 3053270 57
31187864 220351 8
31187866 106977 72
11508530 1856279 26
31187868 226189 2
31187870 1150284 63
8236412 87287 70
31187872 1328246 46
31187874 332061 9
31187876 848935 92
11078735 363356 58
31187878 1596825 24
31187880 222117 93
31187882 787906 69
31187884 721918 38
31187886 175348 25
31187888 1814742 58
31187890 301953 46
31187892 862200 48
31187897 871654 16
31187898 568702 55
6459733 350417 44
11079087 702451 66
11079088 702451 6
31187900 618177 11
3036815 5827 12
31187905 511953 29
31187907 1415559 95
14848698 386065 77
31187909 262702 5
31187911 1419055 11
31187913 798708 78
31187915 1717385 33
31187917 211297 56
31187919 920448 68
31187921 2332571 5
31187923 1280755 94
31187925 1286331 56
31187927 343944 39
31187929 215489 58
31187931 78210 48
31187933 66832 4
31187935 61714 64
31187937 1232390 43
31187939 158138 22
31187941 35772 25
31187943 893481 93
31187945 1250417 56
31187950 1653341 43
31187953 468879 15
31187958 26268 31
31187960 1144836 43
31187962 11711 38
31187964 392782 82
3471089 305986 50
31187966 290050 55
1388178 15681 74
31187971 106837 92
31187973 991193 86
8800138 3327983 95
31187975 1139456 74
31187977 494785 22
31187979 122449 18
31187982 547116 19
31187984 381184 6
31187986 772308 68
11271026 189084 72
12932452 552773 48
1484307 391102 100
31187988 27992 10
1484308 595927 23
31187989 117598 3
31187994 1537316 44
10178510 199329 86
31187996 466947 76
31187998 513020 90
31188000 660801 29
31188002 174443 96
31188004 316854 70
31188006 906915 19
6156745 818645 23
31188008 370041 2
31188010 896666 23
31188012 1975881 44
31188014 923603 44
10178511 228103 60
31188016 848934 1
31188018 1065121 73
14802703 13190 95
31188021 127360 52
31188023 346666 66
31188025 117775 41
31188027 1006744 41
31188029 8074 7
31188031 460448 13
31188033 460448 74
31188035 460448 61
31188037 460448 61
31188038 4703402 53
31188040 95293 38
31188043 1678845 13
31188045 494274 100
31188047 205585 90
31188049 389506 24
2937031 1934778 55
31188051 219512 44
7446846 141641 43
2086958 233831 28
31188053 1244925 14
31188055 233845 33
10074530 412412 33
31188059 1827482 79
31188060 419590 6
31188065 325149 48
31188072 805046 45
31188074 472452 41
31188076 271950 34
31188079 671429 25
31188083 1777371 59
31188086 906817 14
31188092 1485738 83
31188095 1581953 49
31188098 1046009 62
31188099 995340 32
31188103 2570106 14
31188106 2620778 43
31188111 1672504 83
31188112 1079567 27
31188114 90911 31
31188117 328584 1
31188120 482842 35
31188125 1037212 44
31188126 20034 2
31188127 266064 46
31188128 1028009 80
31188131 98507 62
31188133 328582 49
31188135 653682 11
31188138 829334 72
31188141 668116 92
31188142 953611 93
31188145 97458 42
31188147 327898 11
31188150 596470 19
31188153 1898447 45
31188155 2020568 65
31188158 1617652 55
31188160 607910 65
31188162 300761 36
31188164 17048 86
31188167 1249462 38
6156670 658920 17
8395902 669610 21
6151611 98509 73
31188170 394366 13
6156671 671781 3
2840262 95845 89
3036865 408567 31
31188172 1575364 50
31188177 689337 25
31188179 1582566 2
31188181 926731 40
2336305 500717 39
31188183 1083422 40
31188185 596479 77
2510138 1930722 66
31188187 1520876 92
31188190 435621 8
10093559 260141 48
3058388 944915 62
3470860 759511 59
7144242 116765 59
31188192 277547 46
31188195 327549 27
31188197 649948 100
31188199 316390 51
31188200 424327 32
31188201 123242 24
31188202 477141 99
31188205 889582 13
31188208 889582 78
31188211 1122000 59
31188212 859051 77
31188214 104155 5
31188216 774199 14
31188218 1183086 6
31188220 1036129 80
31188225 359538 61
31188227 1828892 42
31188229 655705 83
31188231 879282 86
31188233 1131084 18
31188235 300255 58
31188237 190193 33
31188239 948058 7
31188241 875921 47
31188243 2344966 2
31188245 952960 37
31188249 926754 35
31188251 1003191 77
5707155 33421 96
31188253 98319 72
31188255 710665 49
31188257 1898462 84
31188259 109689 42
31188261 1965545 40
31188263 2696726 46
31188265 388268 47
31188267 839576 41
31188269 1355673 84
31188271 1623476 72
31188273 6428 88
31188276 1306852 28
31188278 2186310 73
31188282 889218 52
31188284 217375 75
31188286 1484247 72
31188288 356968 43
31188294 358307 62
31188296 1578027 43
31188298 828222 64
31188300 1313383 50
31188302 17049 66
31188304 94293 54
31188306 425128 24
31188308 722714 66
31188310 123564 66
31188314 123564 49
31188315 1005229 10
31188318 83633 4
31188319 94746 94
31188322 700272 35
31188325 1071196 37
31188328 296394 45
31188333 88091 49
31188335 23133 2
31188338 1626 3
31188341 218681 48
31188342 892211 65
31188344 152870 44
31188347 641948 49
3047696 96929 57
31188348 161074 54
31188354 1775446 76
31188355 1541500 75
31188357 2248515 20
31188359 669513 63
31188362 1921334 24
31188363 1643107 6
31188367 1315866 3
31188370 2340659 28
31188372 1415558 92
31188374 35764 39
31188376 386757 33
31188378 106917 82
31188382 922299 87
31188384 98037 73
31188387 808296 18
3877473 497929 85
31188389 604394 57
31188391 737068 56
31188395 660371 41
31188397 1405194 2
31188401 112082 70
31188403 1257926 75
31188405 354667 50
3667117 1202471 9
31188407 1209402 60
31188408 1209402 53
31188409 1209402 71
31188410 1209402 85
31188411 1209402 15
3667118 891733 44
31188412 397260 91
31188414 397231 79
31188416 394934 36
31188418 1428322 67
31188420 529482 98
31188422 898111 64
31188424 606765 26
31188426 1428425 7
31188428 248581 27
31188430 818649 61
31188432 911409 29
31188434 1231046 91
31188436 1238342 21
31188438 529299 50
31188440 539020 72
31188442 252584 56
31188444 1428570 97
31188448 66523 59
31188452 344674 5
31188454 729539 81
31188456 1421741 17
2869990 412597 14
31188458 215262 85
31188460 1250969 60
31188462 99397 27
31188464 1428712 67
31188466 358484 84
1756164 391309 30
31188468 1428792 14
31188470 1428817 32
31188472 19306 3
31188474 336533 23
31188476 918263 91
31188478 99170 98
31188480 903016 56
1866892 1290247 45
31188482 389772 83
31188487 388658 3
31188489 903130 97
31188491 158182 20
31188493 1290299 3
31188495 907778 32
31188497 2241654 89
31188499 1429208 46
31188504 300337 82
31188506 574958 78
31188508 731976 15
31188510 220138 10
31188511 502910 55
31188513 172630 4
31188515 1429416 39
31188517 913873 91
31188519 1429481 75
31188521 2167591 78
31188523 353528 5
31188525 258011 58
31188527 891660 72
31188529 654635 49
31188531 637156 19
31188533 1069246 56
31188535 362867 69
31188537 332214 90
31188539 137477 78
31188542 96766 35
31188544 440972 94
31188546 345149 40
31188549 1019046 25
31188551 760151 82
31188555 117310 39
31188557 1215996 80
31188559 52776 81
31188561 316555 13
31188563 1168975 30
31188567 962013 2
31188569 825946 25
2822519 699697 52
31188573 346532 75
31188575 86009 3
31188579 860765 45
31188581 2268123 45
31188582 3563662 43
31188587 343180 86
31188590 101071 39
31188594 1026040 89
31188596 832042 31
31188598 916558 90
31188602 1083419 27
31188604 996406 45
31188606 507833 97
31188607 464085 38
31188610 676770 73
31188612 140104 58
6370860 731515 95
31188619 228405 40
31188621 1335864 29
31188627 264076 17
31188630 827852 87
31188634 822643 92
31188639 822643 12
31188640 325919 92
31188644 576530 87
31188646 445686 73
31188648 1724799 47
31188650 513488 18
31188652 462986 49
31188654 1125261 8
31188658 348001 24
31188662 2404372 62
31188664 486194 88
31188666 1387058 15
31188668 109523 43
31188670 316453 24
31188673 173901 64
31188676 103342 100
31188678 93511 95
31188680 759229 77
31188682 983496 61
31188684 55340 95
31188686 301557 54
31188688 957528 93
31188690 1594227 95
31188692 299542 36
31188694 51998 75
31188698 344758 100
31188702 1029773 98
31188706 389904 65
31188710 1900623 50
31188712 318701 2
31188714 367380 20
31188715 367380 23
31188719 70337 12
31188721 262842 39
31188725 108319 76
31188727 858723 73
31188731 643886 87
31188733 98222 95
31188735 508792 76
31188739 324799 78
31188744 347275 38
9079048 826593 91
31188746 230553 90
5567181 295965 100
11392332 51831 86
31188749 291741 9
31188751 34446 69
31188753 198837 58
31188759 342239 76
31188761 202482 65
31188762 3075701 75
31188763 336755 8
9012523 94747 44
9012524 58040 4
31188765 84111 40
31188769 878077 72
31188771 632505 17
31188776 665497 14
31188778 2544044 88
31188780 158676 11
31188782 509558 8
31188784 1003192 89
31188786 932284 84
31188788 2250976 41
31188790 97127 97
31188792 1612843 16
31188794 830792 30
31188796 98510 46
31188798 325508 29
31188800 273294 39
31188810 641117 62
31188801 180780 54
31188813 900925 73
8168644 592007 22
8168671 328979 27
3209629 130349 29
31188815 328833 53
31188819 284728 33
31188821 65974 19
31188825 1445899 67
14809047 239805 44
7041036 342726 34
11505460 197711 31
31188828 397072 62
31188833 288535 96
31188835 932590 10
31188835 330745 53
31188837 1938361 78
31188842 109290 82
4082493 94288 56
31188846 1908485 6
31188848 669611 8
4082494 105187 31
31188850 869762 37
4082468 51067 42
31188852 3676910 39
10083124 51905 98
10096077 224632 88
12626951 126216 80
31188855 1680505 25
31188856 41211 98
31188858 2719220 94
31188860 243050 5
31188862 471568 19
31188864 370523 74
31188866 1002736 92
31188868 1002736 68
14783636 167536 88
31188870 979282 12
3470861 151559 42
31188871 50849 72
4441191 77422 35
31188873 636617 25
10061937 343225 58
14779360 217287 56
10061938 344215 54
31188875 171964 36
31188878 330180 74
6206305 219478 76
31188880 274126 39
4367441 579095 69
31188882 224732 28
31188884 56835 54
31188886 431479 48
31188892 830217 79
31188894 131815 95
11987702 430714 84
10082883 43893 86
31188896 1122130 13
6533645 154332 52
10092682 5457 82
31188898 830502 4
11505461 50960 70
31188903 665441 20
2908342 312628 8
31188905 48622 28
2908343 1577209 46
31188907 222998 3
31188909 213166 64
31188912 1308826 28
8059179 376072 41
31188914 912675 80
31188917 352096 62
2572426 862937 23
31188919 1854152 31
31188921 376172 54
31188923 1283804 16
31188927 313989 5
31188929 300803 69
31188931 107910 81
31188933 1606302 30
8059180 56113 87
31188935 688398 22
31188938 1925230 82
31188940 5810310 100
31188942 1740828 69
31188944 839507 27
8340826 222178 16
8340827 93490 90
8340828 698348 88
31188945 293695 22
31188947 450899 97
31188950 1927990 83
31188952 854644 70
31188954 333687 86
31188956 445150 74
31188958 333658 1
31188961 333535 39
31188963 1494732 94
31188965 333569 67
10063054 41917 78
10063055 176500 87
10063056 551462 86
31188967 43323 91
31188969 221190 11
31188973 180223 98
31188975 1003822 53
31188977 1042144 45
11084612 53079 7
12696138 252045 81
31188979 900250 21
31188981 836886 81
31188983 645362 42
31188985 55626 8
31188987 659192 59
31188993 348545 73
31188995 818761 86
31188997 654753 5
31188999 97376 78
31189001 507054 79
31189003 162460 13
31189005 5460 30
31189008 440773 85
31189010 216932 67
31189011 954715 37
31189013 886400 55
31189019 1732334 41
31189022 2292306 12
31189024 228617 51
31189026 15451 39
31189028 1242158 78
31189030 176541 44
31189032 213070 39
31189035 692670 28
31189037 981998 95
31189039 2120845 60
31189041 217210 1
10092683 831 92
3425202 190572 33
7576620 515801 11
31189043 866096 15
31189044 933162 83
3564916 1106488 90
11402103 20035 49
10184324 50136 80
4306159 166626 61
4306160 197487 46
7283799 104403 77
31189045 22602 6
31189047 858359 27
10053765 343902 31
12742935 110314 67
31189050 95948 65
13022184 99171 70
13022185 51275 58
10049172 17051 5
6217783 105229 47
6217784 303181 49
31189052 989719 77
6992453 172188 60
31189054 248617 82
6992420 283933 58
7083947 5461 91
31189056 122484 85
31189059 129759 95
31189062 362166 35
31189065 5596 25
31189066 1972203 84
31189067 56469 60
31189069 326973 95
31189070 202054 86
31189073 98662 93
11087134 54017 69
13004695 855621 57
13004696 50388 27
11033356 128212 86
31189074 224261 61
12562025 146221 18
10899930 345851 98
7083589 42883 33
3083863 755999 76
3564814 702189 44
3425457 151366 90
31189076 639957 66
31189078 939562 77
31189080 939886 84
31189083 1311632 99
10081584 519657 32
31189085 315282 32
10081585 212969 30
11479231 168419 99
31189087 1625423 69
31189090 1072693 50
31189092 116945 71
31189094 122189 56
31189099 1968048 78
31189102 85493 43
31189107 2580031 40
31189109 793144 85
31189112 100318 40
31189114 786917 19
12694265 961614 8
31189118 941449 92
13062629 72229 86
31189121 1039110 72
31189125 1721416 86
31189127 343130 56
10092874 220312 78
3083864 42616 55
31189129 1207671 69
3083865 134253 69
11389835 102667 77
11389836 37782 67
31189131 2278948 26
2390751 556219 70
11389837 42697 35
31189136 57093 81
31189138 883397 79
3834292 671093 52
4136680 349661 100
31189141 39566 86
11471095 99244 87
31189145 860214 44
11090976 339342 12
31189147 213626 34
31189149 445076 86
31189152 445089 72
11090977 177132 73
31189154 99516 97
31189155 333540 19
8176430 52916 50
31189158 39567 54
31189161 1557726 38
8176431 316575 23
13046115 285621 69
31189166 1430929 74
31189169 356918 86
31189172 1431004 99
11241356 94748 80
31189174 960218 17
31189178 1340029 100
31189180 395594 20
11552113 356974 81
31189184 1431216 35
3877474 111874 72
31189188 848735 57
31189192 425281 31
31189195 396491 17
10049173 96767 97
31189199 497893 51
31189202 317786 100
31189205 665644 31
31189208 213064 16
31189210 698349 95
3877475 51775 20
31189212 102670 22
10057471 225049 97
31189215 703726 99
31189217 309852 52
10057472 202586 15
31189218 345954 94
11556793 99582 97
11556794 330067 93
31189219 370109 84
31189221 457352 11
31189223 93661 60
31189225 532270 71
31189227 311572 59
31189230 853271 17
31189232 901051 43
31189236 97849 86
31189238 202407 14
31189240 322613 23
31189242 1223571 3
12791629 335394 2
31189243 669493 47
31189247 142031 65
31189254 401242 47
31189256 544286 73
31189259 170879 53
31189261 104529 12
31189262 155436 85
31189264 97074 93
31189266 454990 51
31189268 454990 82
31189270 376363 28
31189271 581832 50
31189275 100905 74
31189277 203404 65
31189284 394805 11
31189286 314780 97
3967769 110235 15
31189288 21101 93
31189290 96709 64
31189292 523886 83
31189295 889128 77
31189297 112010 100
4161371 220264 93
31189302 1401888 79
6586837 216938 68
31189304 333746 22
31189309 418814 3
7024386 56375 47
31189310 1755265 26
31189312 2053580 71
7210365 100733 69
31189314 1600568 50
31189316 660423 26
31189317 1949079 34
12631146 198583 1
5885090 104821 72
31189320 324083 86
2265021 355881 1
31189321 110236 39
2265022 19583 23
6459734 682850 96
2265023 323991 74
31189325 662349 27
31189328 471996 17
31189329 52723 25
31189331 97203 85
6001077 144277 38
31189332 96047 67
31189334 98038 51
8168645 50963 57
8168646 92825 51
31189336 200309 54
31189337 92988 55
31189339 368333 44
31189340 223272 63
31189342 21657 50
31189344 186737 9
31189350 112245 46
31189352 77739 62
31189354 221303 82
31189356 327088 65
31189358 1292629 49
4053055 1463729 47
31189359 736761 85
4053056 1055235 17
31189362 485027 49
10671509 915763 30
31189364 333744 1
31189366 609761 96
31189368 802720 2
31189370 22247 28
31189372 360934 2
31189374 284865 99
3177780 868072 24
2336306 946507 91
2510078 358945 62
2510079 65676 59
31189377 838121 88
31189380 324744 15
31189382 536092 82
31189384 94164 25
13154595 694757 51
31189386 1417156 19
31189388 652252 69
31189390 142165 46
31189392 88062 65
31189394 88062 81
31189396 407822 61
31189398 152826 58
31189400 95717 42
31189402 227465 5
31189406 318824 54
31189408 499216 71
31189411 294962 78
31189413 121844 59
31189415 887570 17
31189417 3462272 9
31189421 35308 20
31189426 1286129 46
31189427 250001 33
31189429 1091504 76
31189431 852710 73
31189433 1091494 33
31189435 252420 74
31189437 2181215 89
31189440 251586 23
31189442 691668 51
31189444 1475741 55
31189446 1522968 95
3020817 375676 68
31189448 1054830 59
31189450 226726 12
8229068 733379 12
8229069 327390 8
10091969 108744 1
10082884 202938 38
31189457 297870 5
10089754 881217 70
2944748 2145 72
31189460 108931 73
31189462 669180 86
3058389 983563 80
10082885 2367441 94
31189467 318508 6
31189474 121508 70
31189480 1150705 39
31189483 2817345 19
31189488 1575689 96
31189490 842868 20
31189491 916473 40
31189492 1277381 21
31189493 1951437 41
31189495 327368 80
31189497 173387 26
14783637 1682263 89
4292166 3724746 58
3177738 681634 26
31188843 892538 84
31189499 339996 57
4441192 687750 54
3425420 1303255 88
31189501 2661815 73
31189503 299768 31
31189505 764363 41
31189507 2306933 74
14783638 1562215 65
31189509 4031498 18
31189510 1787057 5
31189523 396293 73
31189525 2984787 20
31189527 3329043 16
31189530 2025887 13
6206243 1417787 34
7083590 1438124 31
6206306 195366 62
6206307 84115 58
31189532 2066342 65
4367442 937422 81
31189535 2032829 50
6256401 1197868 79
3554392 174183 53
7340079 194698 5
4367443 883599 95
31189540 914029 26
31189544 568335 70
31189546 1400981 65
31189548 107315 82
31189550 353765 16
31189552 18113 98
12566050 1775864 35
31189555 2489484 33
4260462 1211668 62
4260463 2349128 53
31189557 1004660 29
12662132 394808 19
6533646 744237 51
11494478 2096876 93
31189559 655259 72
31189560 816160 88
31189562 1674367 13
31189564 608160 87
31189566 192687 73
31189568 19585 88
31189570 391820 85
31189572 620374 86
31189574 686810 61
31189576 100319 56
31189577 668153 7
3562888 2439996 10
31189579 961085 30
31189581 782088 8
31189585 728615 80
31189582 332946 12
31189587 333953 33
31189589 911264 28
31189591 340341 10
31189593 5462 93
31189597 2988432 5
31189599 2148545 84
31189602 665614 48
31189604 324498 63
31189606 1553132 98
31189608 94808 100
31189610 959426 22
31189612 1848727 84
31189614 279083 93
31189616 775067 19
31189618 2144023 46
31189620 544472 84
31189625 1491487 61
31189627 1071981 10
31189629 109873 5
31189631 2835810 22
31189638 961577 16
31189639 961577 29
31189642 2048758 28
31189643 1204368 42
31189645 1204368 26
31189646 1204368 86
31189647 203358 60
31189649 899281 82
31189650 1465325 75
31189651 945704 29
31189654 839785 21
31189657 790527 41
31189658 831511 16
31189660 665749 20
31189662 1493798 60
31189664 110844 10
31189666 2114755 9
31189668 53885 21
31189670 343131 90
31189672 3150555 92
31189674 190195 20
31189676 833370 65
4011670 1775863 96
31189678 874078 24
31189680 979486 1
31189682 864439 67
31189684 832002 24
31189686 123683 16
31189688 923747 30
31189690 1518879 71
31189692 83923 3
31189694 609360 44
31189696 257811 82
31189699 895625 53
31189701 364294 81
31189706 1028748 70
31189715 1804620 100
31189721 1595513 67
31189725 1387207 29
31189727 1997942 18
31189732 640536 28
31189734 2486676 40
31189736 320382 45
31189740 569856 83
31189742 1123506 3
31189747 1646095 86
31189748 1123664 88
31189749 3071012 69
31189751 2493503 15
31189753 1981600 30
31189755 1141025 95
31189757 530882 3
31189759 660451 43
31189761 51832 34
31189763 1747235 68
31189765 809235 27
31189767 1723573 83
31189769 224627 40
31189771 960787 88
31189773 52917 63
31189775 920480 26
31189777 759695 45
31189779 226491 60
31189780 1123707 77
31189782 1767640 81
31189784 534191 16
31189786 671198 98
31189788 671232 68
31189790 409262 95
31189792 2344496 92
31189794 2557874 25
31189796 1409458 49
31189798 1506854 35
31189800 93430 30
31189806 106978 8
31189810 900573 81
31189814 904406 83
31189817 17880 87
31189817 384486 27
31189818 938315 36
31189822 352651 23
31189823 1660934 100
31189825 1667149 52
31189829 1210577 74
31189830 1822364 45
31189833 2285571 51
31189835 1054886 48
31189838 2773728 72
31189839 1194291 51
31189842 780031 65
31189846 347115 70
31189849 787147 65
31189851 1425150 58
31189853 1023826 1
31189855 899989 73
31189857 1731413 67
31189859 21989 99
31189862 743279 95
31189864 1425178 81
31189866 653206 91
31189868 630947 72
31189870 1198223 84
31189872 347904 98
31189874 892373 14
31189876 1425205 27
31189878 1103579 49
31189880 1425221 66
31189882 343036 15
31189884 977562 85
31189886 1738803 27
31189888 502459 50
31189890 1027159 25
31189893 343733 57
31189898 768562 97
31189900 224423 20
31189902 859787 69
31189903 365701 22
31189905 624547 38
31189909 109652 61
31189911 944426 2
31189913 340470 7
31189915 320102 11
31189919 1048660 21
31189921 362237 26
31189926 66895 58
31189930 412500 27
31189932 1342971 41
31189934 1343057 30
31189937 1239294 48
31189939 801238 42
31189943 3772270 92
31189945 2611068 56
31189947 38742 46
31189949 758790 35
31189951 1757333 4
31189953 336592 90
31189954 3368163 19
31189956 392708 91
31189958 3426269 3
31189960 1650266 48
31189962 2161902 25
31189964 1786942 24
31189966 3443094 68
31189968 346765 23
31189970 3960796 52
31189973 97539 36
31189975 2791913 54
31189977 889480 67
31189980 462315 10
31189982 342794 11
31189984 1636207 56
31189986 898057 89
31189988 1774658 66
31189990 340193 54
31189992 782812 2
31189994 462345 82
31189996 261853 31
31189999 124693 4
31190001 643916 72
31190005 1295564 13
31190006 85430 66
31190012 52120 5
31190015 1303490 13
31190018 445153 88
31190020 83939 65
31190022 109250 67
31190024 4198455 5
31190026 3034716 45
31190028 940992 21
31190030 667501 61
31190036 3343365 66
31190038 1081492 73
31190040 671149 69
31190042 1754133 89
31190044 332523 22
31190046 293905 97
31190048 299143 43
31190050 790425 24
31190052 324555 49
31190054 513638 97
31190056 1095207 12
31190058 14225 48
31190060 48326 32
31190062 22874 72
31190064 91908 24
31190066 78119 79
31190068 50715 87
31190070 373427 44
31190072 508793 62
31190074 1344066 7
31190076 95333 57
31190078 2272149 14
31190079 189091 67
31190082 387478 5
31190087 1839072 97
31190088 388897 27
31190092 442556 83
31190094 442556 36
31190095 442556 33
31190096 2405391 21
31190097 187200 2
31190099 53598 54
31190101 2319772 75
31190102 868205 37
31190104 2991980 56
31190105 339832 73
31190107 3049959 4
31190109 222318 47
31190111 930131 12
31190115 619190 53
31190116 1578708 75
31190117 1407117 47
31190119 51268 80
31190120 394511 45
31190121 927576 3
31190122 104407 4
31190123 100614 95
31190124 777609 79
31190126 927339 15
31190131 917988 68
31190133 831766 33
31190137 2249701 57
31190139 866131 66
31190141 712922 16
31190143 1162852 4
31190144 5393 43
31190146 322840 26
31190148 1706375 31
31190150 1400982 53
31190152 354570 59
31190154 966412 39
31190156 329412 40
31190159 96710 72
31190163 103416 38
31190164 166427 27
31190165 352018 39
31190168 524449 2
31190169 1706089 9
31190170 2348164 75
31190171 785402 3
31190172 1824451 63
31190173 352269 31
31190174 538729 1
31190176 215088 32
31190180 660146 44
31190181 611880 43
31190184 173213 87
31190188 1537983 56
31190190 343327 33
31190193 35775 8
31190200 501440 20
31190202 684482 45
31190204 99038 12
31190206 362061 87
31190208 88039 71
31190210 105526 1
31190212 84411 84
31190214 961434 67
31190216 160655 52
31190218 354664 5
31190220 222733 17
31190222 161796 25
31190224 224060 73
8271428 213168 71
31190228 2405572 13
31190234 299349 52
31190236 857256 37
31190194 336503 74
31190238 393563 73
31190240 330474 99
31190242 759697 46
31190246 314364 11
31190248 216026 42
31190250 157292 13
31190252 222723 10
31190255 346486 96
31190257 154224 38
3280048 49903 2
31190258 349982 12
31190260 92465 47
31190262 242452 43
31190264 110315 28
31190265 257215 6
31190265 340600 6
31190267 157928 27
31190269 1082047 3
31190278 100512 12
31190282 5849 98
31190284 252908 34
31190286 488862 89
31190288 217288 25
31190290 333747 82
31190292 320962 84
31190294 94693 68
31190296 858787 42
31190298 626173 51
31190300 346667 46
31190302 345205 78
31190303 588801 95
31190306 323562 23
31190311 219826 73
31190313 369500 24
31190315 109558 95
31190317 100868 75
31190319 285250 81
31190321 849715 27
31190325 476808 77
31190327 251161 99
31190329 256650 27
31190332 1042785 50
31190334 1372345 99
31190335 251763 94
31190337 221026 83
31190339 325609 20
31190341 3044351 57
31190343 3044351 70
31190345 3268831 50
31190347 394570 49
31190349 3436435 65
31190351 3059064 28
31190353 100561 91
31190360 861020 34
31190363 861020 69
31190365 214267 54
31190367 697332 71
31190369 616661 70
31190371 2802390 2
31190373 842943 41
31190375 395514 38
31190377 395089 96
31190379 1416339 52
31190381 1611692 98
31190383 3374562 86
31190385 881533 87
31190387 271450 76
31190389 95547 97
31190392 408278 59
31190395 1581171 42
31190398 765060 52
31190400 3014967 87
31190402 341304 64
31190404 2114244 91
31190406 1009967 15
31190411 1167577 17
31190414 2284988 70
31190417 323327 81
31190420 108226 22
31190422 509598 10
31190424 1717346 70
31190426 2576828 72
31190429 2606095 40
31190431 308646 4
31190433 226592 53
31190435 1680700 54
31190437 2039541 70
31190440 3270964 34
31190442 811716 75
31190445 3374672 65
31190448 660211 57
31190451 1836137 96
31190453 396492 95
31190456 1492041 99
31190460 293486 67
31190462 340291 64
31190464 1941552 25
31190467 518683 79
31190470 1074449 53
31190473 925300 88
31190475 488814 74
31190477 414989 45
31190479 3580742 65
31190481 569966 17
31190483 445158 46
31190485 1719170 29
31190487 49225 50
31190489 109830 15
31190491 2404578 69
31190493 1217267 45
31190496 1085576 61
31190499 390414 92
31190502 827487 6
9837370 1449977 23
31190504 1699317 79
31190507 1382317 38
31190510 1198916 88
31190519 318586 76
31190521 4858436 32
31190523 1005372 5
31190525 1448967 62
31190529 375908 9
31190531 638621 67
31190533 224840 26
31190535 2901952 68
31190537 2921539 43
31190539 2161306 41
31190541 1028593 62
31190543 342695 68
31190545 345114 83
31190547 699185 27
31190549 995554 68
31190553 364365 64
31190555 19594 6
31190556 4575647 69
31190558 2133610 39
31190562 678359 13
31190564 51656 91
31190568 1515591 97
31190570 107625 56
31190572 1182917 97
31190574 1097902 26
31190575 1658417 100
31190576 1403120 16
31190578 664352 20
31190579 246775 67
31190580 1058778 93
31190583 515322 78
31190585 1165552 31
31190591 94891 85
31190598 361763 72
31190600 905530 39
31190603 618175 65
31190605 286637 53
31190607 325289 44
31190611 95797 19
31190613 3161004 55
31190615 900229 53
31190619 898520 37
31190621 1310574 63
31190624 324846 12
31190626 99993 30
31190628 945948 82
15146416 962380 83
31190631 122805 65
31190633 458057 24
31190638 889803 32
31190640 856760 52
31190643 1003030 10
3667070 882910 53
31190648 354375 29
31190650 860457 5
31190652 962405 86
31190654 790035 79
31190656 2683382 26
31190658 543974 12
31190660 2729134 69
31190662 2948877 62
31190664 672329 72
31190666 1485561 57
3737864 662159 4
31190671 1704662 80
31190673 222066 63
31190675 673946 67
31190677 1754499 48
31190679 299354 15
31190681 534281 70
31190683 2359134 38
31190685 436329 86
31190687 1586016 94
31190689 1716454 93
31190691 1310948 10
31190693 853204 84
31190695 2289023 51
31190697 120919 69
31190699 939454 98
31190700 859512 74
31190701 364504 91
31190704 641717 55
31190706 4869039 28
31190708 4869055 80
31190710 2833875 53
31190712 1814274 40
31190714 678931 78
31190716 217646 99
31190718 325983 41
31190720 41800 69
31190722 858160 27
31190727 756228 9
2871195 1852810 61
31190732 2391282 78
31190736 1694187 96
3625595 640304 30
31190738 1757415 58
31190740 850228 80
3541514 396958 76
31190742 886402 13
31190745 1724150 32
31190748 369764 15
31190751 3454047 18
31190753 2655627 49
31190758 4870655 42
31190760 1146837 19
31190762 2591103 87
31190764 608416 92
31190766 937983 73
31190768 216756 52
31190773 1724271 79
30926828 128 87
31190775 2759440 57
31190777 393102 3
31190779 1255276 37
31190781 888355 3
31190783 888355 45
31190785 3572569 85
31190787 2622516 2
31190789 645097 62
3889717 940194 31
31190793 651773 2
9643926 815947 44
31190795 1020613 84
9620885 92331 59
31190798 899022 72
31190804 1262908 43
31190806 819485 15
4324906 101778 52
4324907 877944 25
6213945 142240 86
10082634 333786 32
31190808 819876 56
31190810 1920551 93
31190813 1681442 2
31190815 6514 18
31190816 893863 31
31190818 488423 39
31190820 677075 26
31190822 871799 25
31190824 1475029 24
31190826 374044 85
31190827 48929 14
31190830 922590 95
31190831 922590 38
31190832 1340967 96
31190834 2259421 94
31190836 630860 30
31190838 2266771 57
31190840 1657937 30
31190842 62106 38
31190844 813637 35
31190846 332904 43
31190848 1334086 68
31190850 1611862 63
3549268 189402 53
31190851 740675 21
31190856 916848 55
31190857 697411 76
31190860 391104 1
31190862 447082 20
31190866 100231 100
31190868 665182 59
31190870 1777838 87
31190872 93522 50
31190874 103354 86
31190876 1592025 20
31190878 1196558 24
31190880 1419654 82
31190882 2633447 37
31190884 658916 3
31190886 2569015 19
31190888 684275 52
31190890 897786 85
31190892 4705469 79
31190894 506384 84
31190896 671574 63
31190898 296100 51
31190900 1801504 33
31190902 2530963 67
31190904 166807 55
31190906 63511 58
31190908 116960 70
31190910 332859 79
11097792 3891382 79
31190912 346672 3
31190915 740651 100
31190916 1719448 49
31190917 226745 24
31190919 913530 6
31190920 4009932 60
31190922 3254906 63
31190925 3054797 1
31190927 3009064 32
31190929 349147 15
31190930 249937 1
31190931 3199899 18
31190933 249875 98
31190934 506636 86
31190936 1340624 52
31190938 365968 45
31190946 1752613 53
31190948 597647 24
31190950 2128000 6
31190953 1708418 3
31190954 53430 32
31190956 2840417 20
31190957 1448921 69
31190958 658964 17
31190960 665641 20
31190962 112011 93
31190964 96197 31
31190965 104320 3
31190967 651772 73
31190969 889648 82
31190970 218518 8
31190972 338911 66
31190974 343992 47
31190976 353531 93
31187217 1749572 72
31190978 361810 93
31190980 785988 99
31190984 108045 50
31190985 175421 92
31190987 884237 35
31190990 884237 19
31190991 431952 54
8468766 343397 17
31190993 914624 9
31190995 2985014 20
31191000 226282 77
31191002 1580632 73
31191007 1329722 31
31191011 960675 84
31191014 667706 72
31191016 952120 47
31191018 699852 90
31191020 334563 74
31191021 795032 82
31191023 952106 36
31191025 951933 52
31191027 1178578 31
31191029 435392 29
31191031 2121881 9
31191033 1082818 76
31191035 686719 75
31191037 349889 12
31191039 2066792 46
31191041 848890 80
31191043 332906 9
31191045 1178671 95
31191047 622285 4
31191049 1726617 10
31191051 434763 6
31191053 397232 70
31191055 2314964 100
31191057 1831669 12
31191059 1487846 40
31191061 224118 40
31191063 92466 83
31191065 497132 11
31191067 1068433 4
31191069 2837772 35
31191071 1289248 38
31191073 863823 76
31191075 945779 51
31191077 694028 65
31191079 1789646 63
31191080 1629216 50
31191082 957412 9
31191084 786011 94
31191086 4149251 52
31191087 863770 29
31191089 3359418 67
31191091 3805107 59
31191093 2072057 2
31191095 2582901 76
31191097 1025983 26
31191099 167924 54
31191101 221025 99
31191107 1757842 83
31191109 393189 58
31191111 51654 89
31191113 100907 29
31191114 531027 28
31191115 499307 79
31191116 1414277 14
31191117 401454 90
31191118 670870 36
31191119 466730 66
31191120 817950 59
31191121 739608 11
31191123 1722242 32
31191125 911931 3
31191126 97708 100
31191127 339476 55
31191128 1056554 81
31191130 1601233 96
31191132 1191404 63
31191134 53244 68
10831347 53604 38
31191136 1329933 26
31191138 2057 86
31191140 2713865 32
31191143 1027801 72
31191145 1510795 89
31191146 674548 8
31191148 915149 25
31191149 642752 53
31191150 362173 35
31191151 451672 28
31191152 78190 66
31191154 606520 64
31191156 1776739 14
31191160 1454959 19
31191162 361847 23
31191163 1292974 90
31191164 349480 2
31191166 944664 97
31191169 4597653 56
10440026 1510730 75
31191171 338722 4
31191173 653285 76
31191174 154037 19
31191175 1708310 26
31191177 347777 95
31191178 3346045 71
31191181 1231512 93
31191184 364949 80
31191191 926939 53
31191192 3202498 73
31191193 3202498 55
31191194 3202498 96
31191195 878266 36
31191197 739571 41
31191199 3345956 15
31191204 96486 59
31191205 227136 57
31191210 582016 56
31191212 1536047 30
31191214 4885138 41
31191216 1300097 2
31191218 1510653 24
31191220 3106137 82
31191222 1343604 22
31191224 666719 55
31191237 2182844 57
31191238 642892 33
31191239 1049898 6
31191240 249824 98
31191244 344178 41
31191245 2261989 89
4213721 1595046 2
31191248 671021 27
31191252 374294 21
31191254 814008 15
31191256 54945 85
31191258 1024434 28
31191262 1510293 10
31191264 1034794 18
31191266 943440 29
31191268 1696094 90
31191270 157929 57
31191275 1228297 28
31191277 685282 9
31191279 896796 82
31191281 1310713 36
31191283 693645 91
31191285 2011464 56
31191287 1763559 71
31191289 608347 25
31191291 1426847 82
31191296 102047 96
31191298 849130 43
31191300 1659889 38
31191305 1601234 23
31191308 4052084 25
31191310 366282 23
31191312 2538244 44
31191314 4272091 83
31191317 671551 85
31191319 871341 70
31191320 107626 27
31191322 1344322 78
31191324 651678 64
31191326 2285426 70
31191328 52192 56
31191330 976376 75
31191332 916391 72
31191334 1420431 71
31191336 288915 76
31191338 2785757 25
31191340 976420 71
31191342 332657 100
31191344 2134627 23
31191346 2471146 88
31191348 904121 10
31191350 1140061 87
31191352 457489 50
31191354 349148 66
31191356 227539 12
31191358 140515 32
31191360 907335 85
31191362 909825 4
31191364 1425675 33
31191366 603214 80
31191368 1425704 94
31191370 1425723 98
31191372 39363 53
31191374 928173 14
31191376 118149 66
31191378 108415 75
31191380 651063 96
31191382 1425824 21
31191384 1425843 46
31191386 1423830 9
31191388 882678 40
31191390 2873574 21
31191392 31620 39
31191394 918584 96
31191396 349504 24
31191398 325984 52
31191400 818536 47
31191402 1101512 29
31191404 1768330 61
31191405 1087746 47
31191407 1710033 59
31191409 107849 64
31191411 3899696 10
31191413 625825 84
31191417 883457 18
31191419 2455515 27
31191421 53553 58
31191423 2358024 25
31191425 54120 9
31191427 324316 28
31191429 1920465 13
31191431 1493513 99
31191433 140460 37
31191435 1840310 20
31191437 1711646 26
31191439 946717 98
31191443 1436736 96
31191447 2601533 76
31191449 1002207 8
31191451 218808 5
31191453 2905629 49
31191455 2433381 67
31191457 664657 53
31191459 1401946 25
31191461 87886 90
31191463 649865 97
31191465 2306165 54
31191467 829522 29
31191470 914030 65
31191472 338912 45
31191474 915163 20
31191476 343993 6
31191478 800162 83
31191480 2125421 71
31191482 1353781 85
31191484 231962 64
31191486 962560 3
31191490 1140096 38
31191494 205992 85
31191497 353767 54
31191499 136498 60
31191501 102970 24
31191503 1681472 51
31191505 1624251 96
31191507 1626980 73
31191509 1708117 49
31191511 3424437 65
31191513 2189136 37
31191515 3070394 44
31191517 332857 36
31191522 386761 85
31191524 2873555 12
31191526 810011 50
31191528 765624 50
31191533 405087 90
31191535 1850733 33
31191537 2777911 61
31191539 175954 64
31191541 354502 86
11375909 486420 50
31191543 954215 93
31191545 650903 18
31191547 1727009 29
31191549 1579655 88
31191554 854198 22
31191556 593434 73
31191558 1675153 21
31191560 4890591 13
31191565 407823 62
31191568 4747785 85
31191570 631215 76
31191572 82272 79
31191574 296542 77
31191576 39079 79
31191578 3148424 60
31191580 504308 3
31191582 224522 27
31191584 2273500 50
31191586 1595981 56
31191588 1640518 59
31191590 2543823 16
31191592 340670 30
5575399 2298601 93
31191594 988078 84
31191596 1904573 95
31191598 225234 35
31191600 799279 38
31191605 2602731 2
31191607 3439899 99
31191609 217008 43
31191611 2979696 44
31191613 194695 3
31191615 946035 49
31191617 584026 94
31191619 1797343 23
31191621 2725655 90
31191623 1090042 14
31191625 1724980 47
31191627 863727 95
3968315 442193 18
31191629 876025 57
31191631 506453 34
31191633 1408833 49
31191635 416172 89
31191637 1735858 89
31191640 1448570 66
31191642 1374909 96
31191644 339204 95
31191646 351531 65
31191648 2997741 5
31191650 1381631 3
31191652 1823434 35
31191654 2384231 81
31191656 325538 11
31191658 3102060 83
31191660 3102092 55
31191661 225518 67
31191664 1016054 31
31191666 828914 2
31191668 100557 35
31191670 3750846 31
31191672 1018852 35
31191674 1394681 77
31191676 977558 62
31191678 2308262 96
31191680 996063 62
31191682 2427123 61
31191684 297153 93
31191686 2994820 28
31191688 4052581 34
31191690 1418874 64
31191692 396655 87
2741480 1038216 51
31191694 1321839 4
31191696 4891537 88
31191698 1035147 24
31191700 480320 19
31191704 2067639 31
31191706 319013 63
31191708 4891610 25
31191710 1155796 30
31191712 346489 37
31191716 344423 92
31191718 880193 79
31191720 480316 59
31191722 1082135 11
31191724 1742230 83
31191726 480343 53
31191728 1098911 93
31191730 426825 18
31191732 2279113 2
31191734 392388 38
31191736 1660109 76
31191739 1616353 38
31191741 1772005 32
31191743 857261 68
31191745 1710911 63
31191747 2145468 9
31191749 49103 85
31191751 1436594 67
31191753 1777855 71
31191755 948084 84
31191758 1229837 100
31191761 1658869 57
31191763 681204 89
31191765 797981 61
31191767 480324 59
31191768 1671977 13
31191770 480311 52
31191772 355579 58
31191776 537564 1
31191778 907913 34
31191780 1033765 46
31191782 324644 95
31191784 480345 51
31191786 1420428 11
31191788 480349 44
31191790 926588 37
31191792 480347 86
31191794 645103 61
31191796 867005 16
31191798 402039 77
31191800 1186008 8
31191802 630891 22
31191806 1402392 83
31191808 865936 92
31191813 926523 35
31191815 1913165 28
31191817 861772 77
31191819 2286075 10
31191821 2690409 27
31191823 1432313 22
31191825 880296 81
31191827 1304541 9
31191829 1423588 14
31191831 121018 12
31191833 4892250 25
31191835 663876 16
31191837 374679 16
31191839 339001 71
31191845 226746 1
31191847 606521 7
31191849 828404 74
31191851 2529015 26
31191853 523366 47
31191855 8092 77
31191860 98854 48
31191862 2230259 27
31191865 2489810 99
31191867 977001 98
31191869 3328928 38
31191871 1445702 83
31191872 146506 86
31191874 938850 78
31191876 975805 74
31191878 1745930 46
31191879 2171164 77
31191881 2171164 78
31191883 316438 52
31191885 486773 13
31191885 691004 98
31191887 1665859 86
31191889 1984567 71
3564917 921189 50
31191891 2018957 78
31191892 1339305 64
31191893 1031691 92
31191894 173972 62
31191896 2681681 19
31191898 2467914 79
31191900 93520 16
31191902 1066419 48
31191904 1210942 4
31191906 681681 46
31191908 360881 64
31191910 721850 58
31191912 3161685 59
31191914 1249373 40
31191919 857149 5
31191921 2947093 52
31191923 3544239 81
31191925 87887 7
31191927 1634601 24
31191928 1754452 59
31191933 1752100 96
31191935 1615436 49
31191937 461330 44
31191939 458025 32
31191941 2757092 35
31191943 1544575 90
31191946 1250972 87
31191948 609182 66
31191950 2082442 27
31191952 3301484 31
31191954 2127551 16
31191955 2624857 6
31191956 1391482 85
31191958 413506 48
31191962 2748910 9
31191963 879954 99
31191965 879969 18
31191967 792553 26
31191969 1615835 51
31191971 365100 15
31191973 1128772 61
31191976 381250 23
31191978 1158772 84
31191980 3062293 71
31191982 312774 75
31191984 199436 96
6370861 396778 16
31191986 1106190 66
31191988 1675051 86
31191989 19700 35
31191992 51077 44
31191994 1718745 7
31191996 21102 18
31191998 95248 16
31192000 1978152 61
31192002 613374 25
31192004 200060 27
31192006 358786 93
31192008 744565 51
31192010 907584 37
31192012 2150719 14
31192014 216075 90
31192016 332550 81
532186 226406 34
31192018 1142375 11
31192020 293979 11
31192022 381562 63
31192023 120308 97
31192025 130414 28
31192027 1059320 40
31192029 102967 77
2840337 1027286 4
31192031 332578 1
31192035 277416 20
31192037 329340 76
31192039 285881 79
31192042 849880 1
31192043 1202297 39
31192044 160826 78
31192046 78042 83
31192048 480922 74
31192050 51282 53
31192052 502384 100
31192054 97977 76
31192056 654795 29
31192058 298977 74
31192060 435450 90
31192062 1316595 78
31192064 269315 66
31192072 376279 46
31192072 401353 31
31192074 333633 24
31192075 739703 36
31192077 104530 91
31192079 240202 9
31192081 1743853 67
31192083 4279085 65
31192086 962559 65
31192089 267546 18
31192091 1426146 98
31192093 53862 41
31192095 1426175 82
31192099 996899 87
31192101 352598 83
31192103 1079547 41
10184865 488630 84
31192105 1294158 93
15929325 4884803 1
31192106 2867790 47
31192107 817599 95
31192108 403685 25
31192110 928084 93
31192111 1497632 91
31192113 2042218 55
31192115 341746 44
31192117 695187 60
31192119 3560131 45
31192121 2161158 14
31192123 1580618 15
31192125 3164539 8
31192126 120915 29
31192128 792933 58
4213722 2708632 72
31192129 3053244 90
31192131 2288479 53
31192133 2288479 44
31192134 347230 49
31192136 740191 79
2576537 346094 44
3060878 18892 42
31192138 1347522 23
31192140 2218989 20
31192142 1798905 49
31192144 696668 16
31192146 1536321 87
31192148 688086 45
2720549 3214553 60
31192150 195929 1
31192152 2224837 31
3470853 205334 22
31192154 1077712 29
31192155 655361 82
31192156 655361 90
31192157 784330 41
31192160 389627 14
31192161 2571656 25
31192163 342609 97
31192165 931283 52
31192166 180314 11
31192167 551669 96
31192168 1326257 84
31192172 441941 57
31192176 309596 74
31192180 1275192 21
31192182 180225 45
31192183 882696 2
31192186 2788394 69
31192190 551736 10
31192195 507096 80
31192196 2162688 74
31192198 365698 75
31192200 231509 57
31192201 1308033 76
31192203 4281618 53
31192205 654069 50
31192207 18423 51
31192209 554377 18
31192211 2161707 72
31192213 3148805 79
31192215 96670 16
31192217 1344414 53
31192219 1475818 55
31192221 537475 8
31192223 1671223 54
31192225 4878416 85
3667071 1526672 99
31192227 3443750 98
31192229 3773924 99
31192231 322786 71
31192232 1042333 85
31192233 336478 45
31192237 386508 80
31192239 871573 28
31192240 2916385 69
31192242 2525382 67
31192244 663147 41
31192246 4135908 5
31192248 2019756 56
31192250 674478 87
31192252 686584 43
31192254 920168 16
4052961 2657540 2
31192256 837912 20
31192258 901285 94
31192261 341185 46
31192263 1030517 30
31192265 3429703 21
31192267 174758 45
31192270 348126 77
31192271 99705 21
31192272 78929 9
31192273 3077500 14
31192274 450818 39
31192275 51833 55
31192276 333453 81
31192278 172017 18
31192280 1758451 63
31192282 284147 74
4264670 1812645 6
31192283 961555 59
14851976 912042 70
10050643 268741 40
31192285 356934 60
31192287 4288293 80
31192289 391819 79
31192290 1278402 25
31192292 95949 67
31192294 108746 25
31192296 94806 11
31192297 1535227 7
31192299 1420867 56
31192301 1848857 9
31192303 3425246 18
31192305 860612 68
31192307 756481 42
6969485 903820 73
31192309 2405459 57
31192311 923969 32
31192313 2933656 73
31192315 3441742 26
31192317 65040 11
11999454 867035 78
31192320 874056 26
31192322 1016592 12
31192324 1733540 3
31192326 4873728 33
31192327 5342 32
31192328 879302 100
31192330 160739 4
31192332 973816 85
31192334 1400727 4
31192336 372357 50
31192338 520760 49
31192340 80045 4
31192341 383540 15
31192343 170198 10
31192347 91906 76
31192348 278847 46
31192349 1568595 24
31192351 221885 32
2723781 104531 83
31192353 1993054 6
31192356 2472996 77
31192357 1749083 26
31192361 1993017 14
3101289 631823 65
31192363 624725 42
31192364 425819 9
31192366 135509 64
31192367 4196765 57
31192368 71410 14
10093494 1403582 30
31192370 124032 80
31192372 891734 17
31192374 829587 39
31192376 217045 66
31192378 1753547 44
31192380 1798379 63
31192382 1649515 76
31192384 2724674 91
31192386 648933 96
31192388 465149 14
31192390 500334 16
31192395 226205 70
31192396 660800 54
31192398 52839 37
31192402 4687388 93
31192403 4868303 22
31192405 536719 54
31192406 241524 31
31192408 3448163 2
31192413 4867652 56
31192414 1199117 3
31192416 2975470 16
31192419 2053 74
2840583 1746080 17
2840584 1746080 69
2840585 1746080 1
31192424 23655 79
11049522 538060 51
31192426 892095 88
31192427 4866482 7
31192430 2881486 18
31192432 24809 19
31192434 889949 4
31192436 3926 97
31192438 7593 41
31192440 1405784 32
31192442 25027 95
31192444 842869 75
31192446 8902 63
31192448 31258 28
31192450 9623 85
14852298 1096670 9
31192452 33227 14
31192454 2144359 28
31192455 13193 100
31192457 28079 80
31192458 10677 24
31151495 316247 80
11182397 914625 14
31192460 330400 13
31192462 3529422 78
31192464 651950 66
10085465 483785 49
31192466 95336 64
31192468 667657 48
31192470 1263926 92
31192472 396494 21
6946668 2267225 13
31192473 7256 40
31192478 1772814 39
31192480 1249159 46
31192482 86902 69
4441193 925700 19
31192483 569620 2
31192484 1249523 21
31192486 219573 92
2510235 3177802 59
12729565 289226 17
31192490 461308 33
31192493 633384 94
31192498 220615 36
31192500 117011 40
31192501 38527 97
31192503 3171161 35
31192504 112447 14
31192506 676040 35
31192508 213276 59
31192509 1922352 79
31192511 67009 57
31192513 685716 8
31192515 1418257 37
31192517 332348 94
31192519 95193 79
31192520 259950 14
31192528 307997 65
31192529 216939 77
31192531 141974 1
31192535 485086 89
31192537 412207 85
31192539 295450 18
14963856 606656 74
31192542 2736691 81
31192546 3343621 40
3737248 928682 44
12616050 832308 59
31192547 578027 3
31192549 1090034 91
31192551 479466 14
31192553 419416 43
31192554 453808 54
31192556 196389 93
31192557 224742 44
31192559 2252333 99
31192561 3810317 1
31192563 2808847 25
31192565 102720 39
31192566 318425 10
9535517 1016774 63
31192567 788376 68
31192568 19590 42
31192569 1415706 37
31192571 1721089 9
31192575 395364 79
6411692 1301983 77
11084009 1951932 83
31192577 1672837 72
31192578 361513 71
31192581 101072 72
31192584 1821127 18
31192586 93662 10
31192588 2480395 79
31192590 1304630 21
31192592 452491 69
31192594 598824 71
31192596 363943 81
31192598 887736 80
31192599 341882 69
31192600 1848502 94
31192601 393458 72
31192602 151493 92
31192604 220051 80
31192610 31172 69
31192612 1374015 16
31192614 13086 32
31192617 31451 88
31192619 24216 92
31192620 7806 4
31192622 7952 25
31192623 24515 29
31192625 9967 12
31192627 956606 29
31192630 10100 62
31192631 9625 57
31192632 10348 78
31192635 417787 47
31192636 5620 19
31192638 25666 60
31192640 14677 54
31192642 25768 68
31192645 364066 37
31192647 3214679 75
31192648 578078 98
31192651 4875160 86
31192652 639225 40
31192654 580551 65
31192655 283554 72
31192657 402579 20
31192659 34941 65
31192660 332947 67
31192662 819627 9
31192664 1365852 70
31192666 573868 31
31192669 99900 92
31192671 139588 32
31192673 352695 83
31192678 874198 6
31192680 3598342 52
31192683 1199385 48
31192684 462461 37
31192690 2502337 80
31192692 4894173 35
31192694 226299 31
31192696 955512 70
31192698 2645556 64
31192700 761914 28
31192702 3106053 61
31192704 359336 74
31192706 1041522 77
31192708 2425713 19
31192710 775035 68
31192712 2458038 5
31192714 1438397 85
31192716 1077922 85
31192721 1849613 97
31192723 3325842 57
31192725 944775 51
31192727 2876676 76
31192729 1755533 60
31192731 989953 61
31192732 908368 91
31192734 4894345 12
31192736 4262564 37
31192738 961620 85
31192740 1381300 43
31192742 1758346 82
31192744 2885510 50
31192746 1249328 89
31192748 1792675 75
31192750 1125517 78
31192752 1312114 64
31192754 226300 49
31192756 99251 62
31192757 1585022 44
31192759 313760 58
31192761 173573 12
31192763 696408 54
31192765 1673996 47
31192767 276927 84
31192769 2270120 95
31192771 3484505 95
31192773 794035 96
31192775 2433823 21
31192777 1213020 45
31192780 573977 77
31192783 1249230 85
31192787 582428 7
31192788 100051 69
31192791 479262 51
31192792 363286 1
31192796 520697 45
31192801 230234 74
31192803 659848 58
31192807 342241 32
31192809 41709 78
31192811 181478 18
31192816 432469 10
3382487 1407007 12
31192819 94516 32
31192824 329359 20
31192826 600966 74
31192830 200825 11
31192827 126782 58
31192832 288090 39
31192834 91380 8
31192836 156267 98
31192841 224734 13
31192843 283028 13
4306664 209912 28
31192845 397389 93
31192849 339195 86
31192851 84946 35
31192853 668045 54
31192855 395841 4
31192857 255737 61
31192862 151052 81
31192864 333689 1
31192866 135609 66
31192868 65479 83
31192870 317464 50
31192872 86013 79
31192874 709455 83
31192876 686492 17
31192878 627857 58
31192880 809104 43
31192882 497616 54
31192884 385473 14
31192886 649394 31
31192888 625934 13
31192890 178359 4
31192892 332422 84
31192894 431325 17
31192896 996156 35
31192900 384484 69
31192902 1020463 33
31192904 696761 94
31192906 313042 29
31192908 162645 52
31192910 397290 26
31192912 410104 64
31192914 213169 89
31192916 303222 73
31192918 362960 54
31192920 636958 17
31192923 344035 98
31192925 783429 12
2908344 98988 3
31192927 41920 37
31192929 797617 69
31192931 368402 58
31192933 103163 46
31192935 678801 61
31192937 218800 38
31192939 364373 11
31192941 1007114 84
31192943 579809 19
31192946 322057 100
31192951 110318 88
4441267 1017587 61
31192955 96435 29
31192959 401505 89
31192962 285123 43
31192965 742240 62
31192967 137998 44
31192969 132379 6
31192972 221979 5
31192974 49534 22
31192976 554198 92
31192978 981950 96
31192980 962602 22
31192982 537840 85
31192984 330582 49
31192986 722687 84
31192988 623552 100
31192990 534503 49
31192992 635180 97
31192994 143418 82
31192996 675852 89
31192998 880068 19
31193000 237080 37
3737249 902967 56
31193002 2122846 56
31193004 1362183 62
31193006 612721 51
31193008 318828 92
31193010 225594 78
31193012 137566 38
31193017 330183 75
31193019 346161 51
31193021 276180 97
31193023 336763 3
31193025 344259 75
31193027 295716 47
31193029 337083 43
31193031 234893 18
31193033 412243 29
31193035 660798 79
31193037 384487 4
31193039 89895 49
31193041 57415 37
31193043 1175032 32
31193048 489184 10
31193050 387019 73
31193052 150930 18
31193054 263476 41
31193056 469315 72
31193058 340059 18
31193060 502458 80
31193062 1057139 14
31193064 48997 49
31193066 323170 35
31193068 645042 28
31193070 18135 11
31193072 316894 36
31193074 626593 99
31193076 724384 80
31193078 19071 97
31193080 264212 24
31193082 87883 10
31193084 675375 45
31193086 327232 71
31193088 170097 18
31193090 219629 93
31193092 133242 72
31193095 360805 54
31193097 279335 56
31193099 567937 37
15003365 32217 50
31193101 103518 83
31193103 452688 28
2363757 283829 48
31193105 346711 54
31193107 221362 42
31193109 387630 51
31193111 48776 54
31193113 10790 71
31193118 275722 55
31193120 333038 68
31193122 532831 49
31193124 516344 9
31193126 572071 27
31193128 180932 64
31193130 48995 38
31193133 302054 81
31193136 110787 25
31193138 550956 64
31193140 96769 94
14356607 352883 72
31193141 676655 57
31193142 1169568 13
31193143 1754467 75
31193144 234767 68
31193146 432758 48
31193147 132493 74
31193152 131420 32
31193153 52046 21
31193154 119009 34
31193156 83208 25
31193157 687846 15
31193158 364001 72
31193159 279688 8
31193160 182040 45
1783352 269202 1
31193162 132685 77
31193164 1246503 91
31193167 336223 62
31193169 459910 31
31193178 688942 41
31193179 275230 13
31193180 245224 87
31193181 649180 19
31193182 299425 30
31193185 171963 94
31193186 106657 62
31193187 432353 50
31193188 448032 23
31193190 169956 95
31193194 926937 55
31193195 926937 83
31193196 926937 66
31193197 1785531 56
31193198 1785531 10
31193199 515193 58
31193200 101827 2
31193201 107100 56
31193202 391310 65
31193203 61342 83
31193204 498130 33
31193206 153227 35
31193208 84325 100
31193210 117483 60
31193212 1194834 78
31193213 144230 4
31193215 121059 46
31193217 83930 57
31193218 457201 80
31193219 189168 63
31193225 278157 64
31193227 285910 45
3975044 76396 42
31193228 1305577 84
31193231 365151 1
31193233 96194 47
31193234 339829 40
31193235 566555 17
31193238 33675 12
31193239 5161 88
31193241 584773 7
31193244 219479 53
31193247 1596559 74
31193248 165657 11
31193252 440444 33
31193253 295147 41
31193255 1650288 89
31193258 584285 34
31193259 433631 46
31193261 346817 55
31193262 445642 65
31193263 626416 52
31193264 217004 52
31193267 295620 38
31193268 486814 52
31193269 49453 67
31193271 1336664 70
31193272 124796 3
31193273 326496 23
31193274 475758 70
31193275 403728 59
31193277 102149 11
31193279 348207 100
31193281 96571 56
31193284 358901 37
31193286 17046 85
31193288 828718 98
31193290 858288 67
31193292 630332 44
31193293 352151 37
31193297 1315269 34
31193299 117685 29
31193301 109098 42
31193303 180781 1
31193316 431509 59
31193318 98897 62
31193322 271220 26
31193324 828439 74
31193326 213065 73
31193327 168356 62
31193329 208130 64
31193331 101710 97
31193332 1706313 48
31193334 261455 29
31193336 480576 14
31193338 327613 24
31193340 72381 81
31193341 103801 53
31193343 173058 60
31193345 74964 86
31193347 280773 58
31193349 220616 57
31193351 215185 12
31193353 87116 45
31193355 1089535 19
31193366 510441 66
1243458 48996 37
31193368 643438 62
31193370 584659 25
31193371 566330 75
31193373 479815 59
31193374 399147 8
31193376 1124000 66
31193377 656319 46
31193378 331651 99
31193383 689208 29
31193385 287978 37
31193387 1041305 63
31193389 594808 59
31193391 634889 1
31193393 360658 94
31193395 353763 77
10085466 911133 85
31193397 115637 80
31193398 216892 49
31193400 924881 72
31193402 54111 35
31193403 1491126 24
31193405 995631 85
31193407 962349 37
31193409 1152353 59
31193411 949666 20
31193413 400700 70
31193415 21103 90
31193417 325059 2
31193419 521658 99
31193421 1618192 79
31193423 340531 65
31193425 212966 89
31193429 190418 20
31193431 325920 9
31193433 650682 91
31193434 942906 95
31193436 325372 1
31193438 473755 69
31193440 40837 1
31193441 775717 69
31193443 403059 95
31193445 1096074 7
31193447 173967 90
31193449 362026 21
31193453 643266 39
31193457 226499 77
31193458 202231 61
31193460 648881 58
31193462 552880 12
31193464 196791 10
31193466 84663 45
31193468 1147897 89
31193470 295678 12
31193472 815854 35
31193474 601513 59
31193475 83127 96
29587603 111812 72
31193477 863654 14
31193479 800326 84
31193481 234728 93
31193483 147077 6
31193485 426106 32
31193487 624852 44
31193489 296030 3
31193491 333206 20
31193493 467681 91
31193495 44053 32
31193497 109826 84
31193499 116952 3
31193503 896540 52
31193505 295602 72
31193507 1028553 44
31193508 2150265 4
31193510 500847 69
31193512 1246100 99
31193514 671147 74
2880754 146428 87
31193515 51431 48
31193518 149752 60
31193519 851334 98
31193522 555385 51
31193523 555385 47
31193524 828223 39
31193526 1203636 50
31193528 150556 59
31193530 43216 89
31193534 295704 96
31193536 101892 61
31193538 634129 49
31193540 236423 35
31193541 659933 94
31193543 185072 77
31193547 360991 47
31193549 96158 49
31193553 300633 67
31193555 219109 85
31193557 408101 70
31193558 185081 13
31193560 408242 67
31193561 620537 65
31193563 276554 95
31193564 357066 22
31193566 58043 85
31193569 185092 69
31193572 185092 33
31193573 336682 55
31193575 52998 14
31193577 367955 41
31193578 238361 25
11554225 110845 99
31193579 17967 76
31193581 153672 58
31193583 96823 46
31193588 150268 4
31193590 107608 35
31193595 16409 10
31193601 51069 92
31193606 146125 27
31193611 144350 44
31193615 76285 33
31193617 46436 10
31193620 147167 51
31193622 135706 63
31193624 83931 82
31193626 154625 15
31193631 328780 7
31193636 177264 97
31193638 179588 96
3051418 97927 97
31193640 222322 84
31193641 359977 96
31193647 757103 88
31193648 193101 37
31193650 216579 96
31193651 1406944 69
31193652 211890 54
31193653 104608 71
31193654 223921 10
31193659 18112 4
31193662 255374 82
14819776 342403 86
28763244 44866 41
31193663 65225 85
31193664 67175 26
31193666 338944 81
31193667 734528 50
31193668 803933 9
31193669 1232168 98
29594637 98658 37
31193670 124901 58
31193671 213929 12
31193672 52403 40
31193673 175614 33
31193675 540399 21
31193677 201429 100
31193678 154266 92
31193679 468045 11
31193680 103541 93
31193683 415734 97
31193684 216944 51
11332401 338574 34
31193685 831857 60
31193688 322357 39
31193689 211563 31
31193692 891905 29
31193696 858357 44
31193697 361304 58
31193698 2054415 8
31193699 99585 75
31193700 226291 53
31193703 221226 72
31193705 361706 92
31193707 521620 68
31193710 178443 94
31193712 142067 59
31193714 869425 77
31193717 361228 83
31193719 831279 26
31193720 271960 89
31193722 104746 21
31193728 98759 59
31193730 117096 63
31193732 311447 71
3307330 56377 20
31193734 45765 21
31193737 349966 64
31193740 111138 85
31193742 462525 85
31193743 218354 8
31193744 361085 30
31193745 350975 78
31193746 103861 65
31193748 326924 13
31193749 336225 1
31193751 307149 90
31193756 924533 10
31193757 924533 16
31193764 662034 49
31193768 31613 13
31193773 47364 38
31193774 39914 34
31193776 364791 40
31193778 90336 90
31193779 842775 7
31193781 402554 43
31193783 988287 28
31193785 157102 24
31193786 252861 96
5810880 167371 41
31193788 361086 66
31193791 53952 9
31193793 83933 62
31193796 2032894 27
31193798 126396 74
31193799 269882 74
31193801 192829 24
31193803 227537 69
31193804 1461288 32
31193806 225889 42
31193808 1640744 51
31193810 51065 43
31193811 103350 52
31193813 988261 90
31193815 316696 89
31193817 78058 56
31193819 132608 34
31193821 35459 14
31193823 636210 11
31193826 388375 22
31193828 93715 5
31193830 338575 6
31193832 109364 32
31193834 895693 36
31193836 815199 28
31193838 189553 9
31193840 99778 67
31193842 303106 63
31193844 85923 63
31193846 113478 100
31193848 145677 36
31193850 1376934 56
31193852 235131 65
31193854 35965 56
31193856 118455 1
31193858 131730 59
31193860 60848 28
31193862 53860 78
31193864 791074 66
31193866 899205 49
31193868 103213 34
31193870 137031 81
31193872 86410 42
31193874 213279 14
31193876 294241 59
31193878 104322 20
31193880 389371 64
31193883 520934 8
31193885 218734 6
31193887 63612 45
31193889 107977 98
31193891 790295 74
31193893 137865 55
31193895 93878 14
31193897 874199 8
31193899 19308 11
31193901 259951 20
31193903 63256 62
31193905 41910 23
31193906 668773 75
31193908 362961 10
31193910 97850 42
31193912 952768 99
31193914 1072415 96
31193916 109600 91
31193918 197712 25
31193923 353530 34
31193925 466343 32
31193927 342527 93
31193929 137262 50
31193931 103634 57
31193933 484796 10
31193935 431480 36
31193937 394571 45
31193939 418213 51
31193941 49531 96
31193943 66669 38
31193945 597203 65
31193947 597202 41
31193949 441447 26
31193951 209102 39
31193953 884865 63
31193955 157454 6
31193956 1528777 25
31193958 47643 54
31193960 570638 92
31193962 1855105 57
31193964 782925 64
31193966 979077 66
31193968 322551 86
31193970 200005 59
31193972 363485 33
31193974 923438 83
31193976 52142 61
31193978 511856 44
31193980 895309 74
31193982 664779 57
31193984 1553040 90
31193986 129417 37
31193988 78465 93
31193990 240683 22
31193992 108199 30
31193994 241544 25
31193996 121381 85
31193998 129033 62
31194003 70487 99
31194005 131912 49
15939982 64015 31
31194007 135190 39
31194010 35465 25
31194012 99525 21
31194014 43998 10
31194016 129285 63
31194018 45555 16
31194020 129244 43
31194022 57007 36
31194024 126829 65
31194026 13707 1
31194028 80329 32
31194030 240932 70
31194032 126022 60
31194034 130795 88
31194036 240411 13
31194038 47075 79
31194040 92499 94
31194042 735647 60
31194044 34489 9
31194046 336128 27
31194048 636034 68
31194050 902402 1
31194055 505359 75
31194057 37190 35
31194058 282561 50
31194060 1452948 81
31194062 385820 81
31194064 105231 15
31194066 38019 6
31194067 65014 31
31194069 128705 44
31194071 125840 1
31194073 17290 32
31194074 15330 35
31194077 130163 90
31194079 95296 60
31194081 206207 36
31194083 131849 60
31194085 246503 73
31194087 14219 75
31194089 37144 5
31194091 158832 64
31194093 140187 86
31194095 487338 50
31194097 201817 97
31194100 941139 6
31194102 1867274 51
31194104 8362 31
31194106 912040 96
31194108 534477 82
31194110 415568 18
31194114 411139 81
31194119 150397 73
31194121 246899 44
31194123 306435 77
31194125 597762 18
31194127 19072 79
31194129 47367 8
31194130 100478 22
31194132 785675 39
31194134 524343 9
31194136 909471 51
31194138 659727 52
31194140 332713 79
31194142 893008 29
31194144 403376 15
31194148 397100 63
31194150 397390 37
31194152 214971 99
31194154 830625 4
31194156 793951 10
31194158 96770 44
31194160 2325111 100
31194164 127421 20
31194167 596695 85
31194169 392962 36
31194171 2193993 58
31194173 273237 44
31194175 685966 37
31194177 283331 9
31194179 353310 2
31194181 309440 88
31194183 131668 95
31194185 105190 47
31194187 360993 17
31194189 385821 70
31194191 113271 95
31194193 1291727 63
31194195 16216 58
31194197 58143 37
31194199 392183 79
31194201 848383 27
31194203 163416 38
31194205 1286304 1
31194207 581801 83
31194209 1299426 30
31194211 394982 67
31194213 517550 27
31194215 611845 39
31194217 397259 9
31194219 107009 98
31194223 449451 96
31194225 146324 20
31194227 167266 40
31194229 401153 78
31194231 858834 94
31194235 1304676 57
31194237 715652 39
31194239 312013 7
31194241 295317 59
8744073 99402 49
31194245 308150 78
31194247 109198 65
31194249 467358 92
31194253 148655 84
31194255 1095689 11
31194259 236895 30
31194260 221843 80
31194262 95634 35
31194264 473614 4
31194266 232712 72
31194268 922229 23
31194270 658702 52
31194272 660886 95
31194274 500932 8
31194276 337567 96
31194277 831655 79
31194279 394936 94
31194281 311820 93
31194283 295772 37
31194285 878767 39
31194287 1002446 9
31194289 126906 51
31194291 53519 89
31194293 329411 36
31194295 101039 38
31194297 53116 10
31194299 1005994 82
31194301 358781 18
31194303 756341 31
31194305 505328 83
31194307 332680 44
31194309 629991 62
31194311 628417 98
31194313 219665 94
31194315 448221 48
31194317 147251 70
31194319 620309 15
31194321 373127 8
31194323 1608905 6
31194325 112013 62
31194327 38479 38
31194328 496212 18
31194333 300804 75
31194335 927792 8
31194337 299543 41
31194339 438195 72
31194341 203764 29
31194380 318443 86
31194382 629903 25
31194384 208329 61
31194386 223088 75
31194388 896541 16
31194390 384485 77
31194392 1124278 44
31194394 387018 23
31194396 94886 44
31194398 105274 72
31194400 265994 70
31194402 68046 12
31194404 639184 91
31194406 914990 86
31194408 23657 65
31194410 446344 23
31194412 900742 7
31194414 329499 27
31194416 363944 97
31194417 310297 75
31194419 249484 25
31194421 99707 38
31194422 844194 83
31194424 554776 75
31194426 619963 59
31194428 1389157 82
31188802 99901 73
31194430 1021158 21
31194432 78379 51
31194434 162732 42
31194436 212615 53
15902276 21196 75
31194438 86823 34
31194440 126991 25
31188803 213509 9
31194442 393910 80
31194444 783454 99
31194447 541460 72
31194449 1071105 21
31194452 96483 16
31194454 337453 64
31194456 413550 36
31194458 274640 50
31194460 112014 68
31194462 623893 15
31194464 949020 37
31194466 331279 84
31194468 413322 74
31194477 822170 3
31194479 965694 48
31194481 858888 74
31194483 322106 58
31194485 1251013 60
31194490 639245 70
31194492 512158 99
31194494 389457 94
31194496 1118761 94
31194498 305516 23
31194500 97896 6
31194502 92240 26
31194504 1485352 19
31194507 863790 86
31194509 963612 46
31194512 84797 41
31194514 301151 27
31194516 1021727 16
31194518 51835 15
31194520 1252936 18
31194524 1552892 98
31194526 47456 23
31194528 1153297 53
31193450 357573 37
31194530 42698 41
31194532 421508 60
31194534 1579054 69
31194536 532098 37
31194538 42806 39
31194540 224946 93
31194542 397391 29
31194544 1418480 52
2576538 1039905 22
31194546 231965 37
31194548 298843 30
31194550 918210 8
31194552 149298 88
31194554 871572 86
31194556 330882 40
31194558 53474 15
31194560 163482 74
31194563 673243 25
31194565 394197 26
31194567 190184 11
31194569 224510 93
31194571 1345275 64
31194573 890307 98
31194576 648636 36
31194578 109688 32
31194580 678929 8
31194582 1487845 12
31194584 789679 100
31194586 961051 18
31194588 1993475 44
31194590 306172 18
31194592 836889 58
31194594 328514 20
31194596 324552 88
31194598 198386 92
31194600 331194 20
31194602 78660 63
31194604 999879 79
31194606 440316 12
31194608 946318 74
31194610 453333 63
31194612 412240 39
31194614 46845 13
31194616 36180 4
31194618 289157 6
31194620 376284 3
31194622 655448 2
31194624 670130 88
31194626 929450 57
31194628 1724763 4
31194630 23041 47
31194632 1103078 7
31194634 1393024 44
31194636 1349521 11
31194638 675376 57
31194640 459674 32
31194642 145319 43
31194644 393974 34
31194646 325867 28
31194648 915713 46
31194650 41927 54
31194652 97128 60
31194654 217820 15
31194656 102921 39
31194658 844818 47
31194660 221976 69
31194662 493280 51
31194664 764188 70
31194666 584877 62
31194668 352063 51
31194670 100517 24
31194672 328099 16
31194674 407408 74
31194676 340338 43
31194678 424751 66
31194679 219830 2
31194681 110791 91
31194683 952720 49
31194685 102747 8
31194687 224950 7
31194689 639088 59
31194691 495284 55
31194693 197073 44
31194695 526304 58
31194697 355632 51
31194699 915209 51
31194704 497530 3
31194711 504316 11
31194713 959777 96
31194715 859676 69
31194717 51836 13
31194719 74713 77
31194721 2306415 48
31194723 548176 78
31194725 136134 20
31194727 109358 70
31194729 764377 44
31194735 1041231 2
31194737 136191 50
31194739 48442 74
31194741 537600 37
31194743 405234 67
31194745 53304 20
31194747 53744 58
31194749 628715 44
31186787 193512 32
31194751 225150 31
31194753 886401 95
31194755 356019 39
31194757 294299 29
31194759 100777 49
31194761 53781 9
31194763 395956 29
31194765 265991 23
31194773 361649 48
31194775 98992 75
31194776 91625 13
31194777 474067 66
31194779 110009 4
31194780 2533473 56
31194782 546623 21
31194784 478767 47
31194785 323444 50
31194786 102231 17
31194787 75652 26
31194790 216474 43
31190733 893124 42
31194791 887614 43
31194792 70251 78
31194794 1692887 32
31194800 884909 81
31194803 614728 41
31194805 3179158 50
31194808 324236 87
31194810 460119 86
31194812 153262 75
31194815 342873 25
31194817 896207 95
31194819 99990 22
31194821 347571 62
31194823 349146 16
31194825 90337 24
31194827 350366 57
31194829 659849 91
31194831 345359 38
31194832 462548 24
