9671728 9671743 16
9672308 9672316 80
9672561 9672574 75
73582 266221 48
9673762 4912331 7
245796 734415 27
9673782 9673795 25
9673797 9673805 90
9673821 735356 15
246435 735356 16
9673840 9673857 13
2335483 3036448 56
2370054 3064104 87
4912194 4912331 96
9673873 9673889 34
9673893 9673901 68
9673895 9672475 9
9673925 266221 19
9673939 9673949 93
4443263 4484496 92
9673966 9673977 24
9673980 9673987 86
9673988 9673999 77
9674083 9674096 30
246438 735420 50
2335467 3036418 16
419816 1059464 36
273095 777927 7
9677943 9677952 19
9678069 9678090 14
9678148 9678155 22
9678179 9678189 75
9678190 9678193 94
5003118 266221 94
9698874 9673987 78
9699246 9699252 13
4920270 4920286 39
9707057 9707082 93
9707084 9707091 24
9707093 9707106 55
9707107 9673987 60
9707114 9707126 54
9707127 9707132 86
9707140 9707147 98
9707149 9707157 7
9708234 735356 27
9709417 9709424 7
9710826 4912331 35
9715362 9715370 73
9718116 9718121 15
9718194 9718198 57
9721008 9721025 52
9723961 9723967 64
9723979 9721025 41
9724411 9724424 6
9725032 266236 81
9729964 9729970 91
9729992 9673977 15
9729997 4912331 6
9730001 9673977 61
9730358 266221 90
9740096 9740109 69
9740395 9740404 92
9740419 9707132 55
9740431 9707132 94
9741649 9741661 98
9742355 9742363 60
9742495 9742501 99
9742764 9740404 38
9743573 9743578 99
9743986 9743997 30
9744040 9744045 48
9744100 9744106 61
9744130 9744135 33
9744136 9744141 58
9744144 2371505 61
9744170 9744176 28
9744194 9744200 48
9744201 9744206 49
9744357 9744364 99
9744372 9744377 94
9744426 9744433 37
9744457 9744462 31
73584 266236 69
9744941 9744950 3
9745060 9745063 49
9745078 9699252 8
9745166 9745178 65
9745180 9745188 52
9745190 9745196 32
9745350 9745356 32
9745544 9745549 39
9745988 9745993 84
9745999 9721025 16
9746007 9746012 20
9746014 9746021 66
9746032 9746041 45
9701652 3050962 29
9746098 9746105 87
9746219 4920286 42
9746235 9746243 71
9746244 9746250 68
9746294 9746299 5
9746347 9678090 91
9746359 9746367 54
9746491 9746497 27
9746552 9746561 80
9746562 9746569 1
9746573 9746578 42
9746665 9746671 67
9746844 9746849 90
9747070 9747075 6
9747284 9747291 94
9747662 9747669 35
9747860 9747867 91
9748300 9748305 41
9748387 9748394 1
9748407 9748394 78
9748494 9748503 95
9756160 9756173 19
9757213 9757219 50
9757540 266221 48
9757756 9745188 46
273100 778010 24
11644344 11644363 72
13295023 13295032 16
3462200 3834947 12
1507922 2371505 33
13307953 13307961 85
13321369 13321377 91
13339746 13339754 37
13362759 13362768 25
9701654 9701675 44
13367503 13367513 83
13373786 266236 84
13392596 9678090 19
13445322 13445332 60
14763842 14763850 69
14766467 14766473 97
14766858 14766865 94
14767275 9673889 72
14771170 14771179 14
14771205 14771212 29
14775634 14775645 74
2353500 3050962 85
14886974 14886981 50
3896496 4114958 25
14890047 9741661 51
14894675 14894682 62
14906520 14906525 9
14909817 9673889 48
14914742 14914747 37
14927627 735356 63
14934093 14934098 59
14934890 14934897 49
14939315 14939320 17
14945268 14945275 68
14947546 14947550 37
14950355 9672475 41
14952235 14952244 22
14954463 9673987 18
14971069 14971074 33
14971537 14971542 9
14983396 14983401 75
14994178 14994183 45
15001090 15001098 36
15002430 9673889 66
15005053 3834947 26
15005460 15005466 33
15012530 14934098 63
15015642 15015649 31
9672443 9672475 8
15017353 15017356 45
15020804 15020811 77
15020812 15020818 61
15026226 15026232 57
15026237 15026232 21
15041057 15041062 67
15048585 15048591 67
15050204 15050207 40
15050536 15050541 80
15051035 15051040 11
15051060 14934098 17
15051249 15051256 71
15051271 15051275 81
15051277 15051282 51
15052790 9673889 48
15059531 15059537 13
15064388 15064393 20
15064486 15064491 90
15065115 15065121 3
14770708 14770720 70
15071496 15071501 84
15084524 15084529 40
15086466 15086471 51
15086779 15086784 76
15086923 9707132 35
15088402 15088409 74
15094366 15094372 93
15095544 15095551 52
15097820 15097825 35
15098671 15098677 55
15099756 15099761 87
15101358 15101362 81
15109339 15109343 47
14770709 14770720 40
15136163 15136167 24
15139272 9745196 22
15147029 14770733 47
15151518 9673987 12
15152933 15152939 8
15157742 13321377 24
15158265 15158272 97
15159170 15159178 30
15159193 15159178 99
15159200 15159178 88
15163040 15163046 22
15163771 15163776 88
15164616 15164621 78
15166042 15166048 75
15167169 15167174 54
15168996 15169001 22
15176122 9699252 46
15179432 15179436 57
15829531 15829541 69
15831618 9746561 18
15835198 15835202 12
15837002 9721025 53
23664417 735356 51
23666098 15136167 34
23667201 23667207 53
23668174 23668178 65
23668323 23668331 32
23669143 9740404 62
23669273 9672316 20
23669302 23669309 70
23671165 23671168 51
24800853 24800868 6
25160937 25160960 13
29029204 29029206 24
3017724 3527876 41
9701657 9701680 96
12176260 12176274 45
12176261 12176274 73
29038666 266236 91
29038667 29038673 29
3123263 3600342 29
30885516 30885523 71
30886513 30886518 78
30886716 30886723 36
30886907 29049374 65
31772292 9746849 15
32947364 32947369 85
32947457 32947459 79
32947643 32947647 58
32947690 32947696 90
32947816 32947820 53
32948070 13362768 80
32948140 32948143 87
32948216 32948221 61
32948405 32948411 75
32948705 32948711 74
32948715 32948721 99
32948731 32948735 83
32951070 23668178 100
32953450 9746021 84
33129443 33129446 16
15052801 9673889 71
33135851 33135857 15
33135865 33135868 9
33136030 33136033 69
33140490 9707147 47
33140888 33140894 67
33140935 33140894 97
33140960 9748503 64
33141142 33141148 82
33141977 9740404 78
33141991 3834947 26
33142000 9729970 50
33142112 33142115 21
33149914 33149920 43
33158046 33158050 5
33159794 9746849 38
33162720 33162726 85
33162886 33162891 7
33163113 9673949 46
33163259 33163263 65
33163267 33163272 22
33163281 33163287 57
33163294 33163299 56
33163307 9707157 36
33163366 33163370 57
33163391 33163394 21
13314881 13314903 60
33163518 33163525 13
33163624 4920286 71
32948413 32948423 39
9701659 9701686 5
34341900 9673949 46
34342099 34342102 33
34342132 34342134 28
34342225 34342228 47
34342553 15159178 8
34342565 34342569 81
34342570 34342573 87
34342574 34342576 70
34342577 34342582 49
34342583 34342588 73
34342590 34342594 25
34342596 34342600 12
34342602 9747867 79
34342700 266221 93
34342962 34342966 29
34343091 34343094 23
34343203 34343206 94
34343368 34343372 92
34343387 34343390 88
34343523 34343527 44
34343534 34343540 43
34343545 34343549 88
34343554 34343558 2
32948414 32948425 11
34343582 32948437 34
34343600 34343603 13
34343741 34343744 36
34343764 34343767 81
34343853 34343856 71
34343883 9673987 93
34344022 34344025 40
34344044 34344048 1
34344050 34344053 49
34344054 34344055 26
34344056 34344060 65
34344062 34344065 19
34344067 34344070 29
34344073 15159178 76
34344162 34344165 25
34344190 32948721 18
34344211 34344215 22
34344218 34344224 64
34344229 34344233 93
34344239 34344243 59
34344246 34344249 16
34344272 34344276 80
34344320 14934098 39
1716353 2551881 51
34344335 34344339 83
34344353 34344357 23
34344367 34344370 94
34344392 34344396 39
34344405 34344409 47
34344414 34344417 97
34344420 34344425 34
34344427 34344430 88
34344431 34344434 9
34344435 34344441 81
34344446 34344409 62
34344449 34344454 78
34344458 34344461 49
34344464 34344469 52
34344471 34344475 83
34344480 34344483 3
34344488 34344491 44
34344493 34344495 100
34344496 34344499 57
34344503 9748503 50
34344505 8960916 50
34344508 34344511 14
34344517 34344469 83
34344520 34344522 36
34344524 34344528 9
34344534 34344519 60
34344561 15026232 78
34344576 34344579 51
12176262 12176274 89
34344581 34344233 9
34344585 34344590 9
34344592 15026232 62
34344595 34344599 43
34344600 34344065 89
34344605 34344065 1
34344616 34344619 35
34344838 34344842 25
34344851 34344855 35
34344939 34344943 61
34345151 34345153 47
34345154 34345157 98
34345159 34345161 11
34345162 34345167 67
34345169 34345171 17
34345172 34345173 47
34345175 34345176 33
34345303 34345307 75
34345353 9673987 26
34345376 34345379 42
34345377 34345379 59
34345413 9707147 16
34345415 9707147 53
34345427 34345430 46
34345517 34345519 10
34345520 34345523 28
34345558 34345565 27
34345607 34345610 21
34345629 34345632 99
34345630 34345636 73
34345163 34345167 52
34345733 9673977 4
34345747 34345753 11
34345755 34345753 66
34345774 9742501 46
34345808 34345812 15
34345809 34345812 16
34345818 34345812 69
34345820 34345812 53
34345822 34345812 11
34345824 34345812 32
32948415 32948429 70
34345924 32948429 89
34346018 34346023 47
34346019 34346023 3
34346033 9673889 47
34346037 34346041 33
34346043 34346041 33
34346046 34346041 73
34346055 34346059 27
34346056 34346059 81
34346076 9673889 62
34346079 9673889 70
34346083 9673889 83
34346100 34346104 54
34346105 14771212 32
34346132 34346135 39
34346138 9707157 36
34346139 9707157 20
34346158 34346161 93
34346178 34344209 37
34346181 34346183 20
34346185 34346187 72
34346189 34346192 75
34346193 34346196 34
34346197 34346202 97
34346230 34346234 90
34346237 9745196 5
34346241 9745196 55
34346245 9744106 61
34346266 34346270 39
34346267 34346270 53
34346303 34346306 1
34344240 34344243 7
34346374 34346378 5
34346391 34346397 44
34346543 34346546 51
34346556 34346563 95
34347035 34347038 74
34347039 34346059 19
34347041 9673889 84
34347052 34347054 20
34347055 34347059 29
34347060 9746243 93
34347094 34347097 80
34347104 34347107 30
34347108 14934098 34
34347115 34347121 26
34347173 34347177 7
34347178 34347181 42
34347182 34347185 55
34347186 34347188 29
34347189 34347194 5
34347199 34347201 25
34347205 34347208 6
34347209 34347212 79
34347213 34347215 71
34347216 33163299 32
34347217 34347219 6
34347220 34347201 59
34347222 34347224 41
34347258 34347261 11
34347262 9748394 42
34347274 9746561 53
34347277 34347281 12
34347285 9748394 37
34347288 34347291 5
34347292 34347295 52
34347296 34347299 98
34347303 9718198 73
34347322 34347326 39
34347345 14934098 79
34347354 23669309 3
34347432 34347436 73
34347465 9746561 17
34347486 34347490 27
34347346 14934098 21
34347588 34347591 19
34347594 34347596 48
34347605 34344053 7
34347615 34347620 63
34347645 34347648 15
34347650 34347654 43
237032 722821 8
34347656 34347658 96
34347662 34347665 60
34347666 34347668 60
34347670 34347672 22
34347673 34347675 100
34347677 32947820 72
34347683 34347685 1
34347687 34347694 97
34347696 34347700 72
34347702 34347706 98
34347708 34347710 64
34347712 34347713 83
34347715 34347717 59
34347719 34347722 27
34347724 34344396 100
34347728 34347675 19
34347731 34347735 67
34347737 34347741 79
34347742 34344396 21
34347750 34347741 38
34347764 34347767 20
34347787 9672475 66
34347789 34347793 77
34347794 34347798 100
34347800 34347804 63
34347806 9748503 93
34347808 34347811 75
34347812 34347816 7
34347817 34347821 49
34347823 34347825 7
34347826 34347591 18
34347828 34347804 63
34347830 34347833 63
34347835 34347838 91
34347840 34347844 48
34347845 34347816 8
34347872 34347838 75
34347873 34347876 45
34347877 34347883 86
34347929 34347933 20
34347934 34347937 83
34347323 34347326 47
34347953 34347955 46
34349004 34349007 27
34349008 34344065 86
34349040 34349041 34
34349148 30885523 57
34349158 34349162 74
34349164 34349165 10
34349167 34349170 6
34349171 34349174 39
34349176 34349178 30
34349180 34349186 15
34349191 34349196 37
34349205 34349211 7
34349213 34349216 89
34349220 34349156 44
34349225 34349228 64
34349230 34349234 25
34349236 34349237 32
34349238 34349241 91
34349245 34349248 31
34349251 34349254 18
34349256 34349260 85
34349262 34349264 90
34349265 34349268 23
34349269 34349272 72
34349273 34349216 21
34349278 34349281 34
34349283 34349286 16
34349284 33163394 97
34349326 34349329 16
34349327 34349329 8
34349336 9741661 78
34349337 9741661 5
34349354 34344233 36
34349359 34349362 76
34349363 34349366 13
34349370 777927 95
34349373 722821 8
34349411 34349416 15
34349412 34349416 25
34349419 34349423 74
34349434 13307961 74
34349443 777927 90
34349498 34349500 10
34349550 34349555 96
34349556 34349558 4
34349559 34349562 97
34349564 34349558 28
34349566 15026232 32
34349569 34344599 33
34349577 32947820 50
34349591 34349595 97
34349632 34344215 77
34349642 34349644 31
34349783 9707132 33
34349808 34349812 91
34349843 34349847 44
34349895 33136033 27
34349899 34349902 16
34349903 34349907 7
34349909 34349910 56
34349937 34349941 42
34350113 34350115 97
34350139 29796243 18
34350190 9740404 9
34350194 34350197 51
34350219 9747669 90
34350223 34350226 41
34350255 34350259 6
34350273 9740404 99
34350381 34350384 14
34350414 9746561 87
34350888 34350891 5
34351035 14971542 25
34351041 34351046 4
34351048 9745188 2
34351053 34351056 24
34351063 34351066 98
34351074 34351077 51
34351091 9740404 33
34351100 34351105 86
34351106 34351109 65
34351112 34351115 57
34351146 34351150 67
34351173 34351177 73
34351179 34351182 18
34351186 34351189 56
34351256 9673987 25
34351283 9744433 38
34351288 9672475 37
34351300 9673795 10
34351349 34351353 66
34351354 34351357 89
34351361 34351066 97
34351424 34350226 47
34351450 34346059 95
34351454 34345430 46
34351687 34351691 87
34351780 34351783 41
34351916 34351920 86
34351917 34351923 72
34351925 34351927 38
34352014 34352017 10
34352134 34352138 29
34352174 9742501 98
34352239 34352241 69
34352257 34352259 68
34352378 14934098 46
34352486 34352490 91
34352519 34352521 45
34352531 34352536 51
34352710 34352712 55
34352821 34352825 9
34352856 34352860 67
34352861 34352865 25
34352873 34352876 20
34353009 34353010 79
34353154 34353156 93
34353367 34353372 56
34353503 13314903 70
34353544 34347591 89
34353574 34347825 43
34353575 34347825 50
34353718 34345430 77
34353776 34353778 76
34353851 34353852 7
34354004 9673805 45
34344450 34344454 30
34354060 34349228 20
34354303 34354305 53
34354510 34354513 95
34354525 34344179 19
34354618 34354621 85
34354640 34354643 42
34354733 34354736 94
34354747 34354750 34
34354813 34354815 16
34354912 34344065 11
34354996 34355000 92
34355005 34354815 25
34355076 34355078 23
34355094 34355098 10
34355109 34355112 50
34355125 34347097 48
34355126 34355128 50
34355149 34355152 90
34355216 34355220 84
34355228 34355230 86
34355242 34342615 4
34355346 34355348 45
34355370 34355373 5
34355429 34355431 34
34355434 34355439 12
34355453 34355455 39
34355484 34355487 42
34355521 9746561 81
34355547 33163299 80
34355570 266221 55
34355736 34355740 72
34355818 34355822 84
34355838 34355840 16
34355858 34355863 81
34355865 34355866 29
34355877 34355880 82
34355881 34355884 44
34355885 34355888 7
34355889 34355893 4
34355895 34355900 93
34355903 34355888 51
34348980 34348988 69
34355905 34355907 25
34355909 34349281 5
34355912 34355914 42
34346106 14771212 35
34355929 34347710 16
34355931 34355934 75
34355940 34355943 1
34355944 34344430 5
34355948 34355952 16
34355954 34355957 33
34355958 34352825 57
34355959 34355964 31
34355965 34355969 42
34355972 34355974 27
34355975 9745993 71
34355976 34355979 78
34355980 34355982 35
34355983 34355986 21
34355987 34355989 57
34355990 34355993 97
34355994 34355996 14
34355997 34356000 30
34356001 34356002 59
34356003 34356004 47
34356006 1059464 26
34356009 33252004 50
34356011 34356013 78
34356015 34356018 37
34356020 34356021 51
34356023 34344224 91
34356026 34356029 10
34356030 34356034 83
34356036 34356040 12
34356042 34356045 82
34356046 34356049 37
34356050 34356052 91
34356053 34356055 45
34356056 34356059 63
34356060 34354513 13
34356062 34356065 29
34356066 34356069 52
34356070 34356072 68
34356073 34356076 33
34356077 14934098 3
34356080 34356081 19
34356082 34356084 5
34356085 34356087 73
34356088 34356092 90
34356093 9673901 91
34356095 34356098 31
34356100 34356103 29
34344169 34344173 3
34356104 9741661 16
34356107 34346191 78
34356109 34344522 70
34356110 34352865 1
34356112 34356115 5
34356116 34356118 65
34356119 34356122 77
34356123 34356126 95
34356127 9707106 45
34356129 34356131 72
34356136 34356139 40
34356140 34356143 66
34356144 34356147 68
34356148 34356151 21
34356153 34356156 71
34356158 34356160 38
34356162 34356165 37
34356166 34356169 19
34356171 34356173 61
34356174 34356177 32
34356178 34356182 96
34356183 34356186 73
34356187 34356189 81
34356190 9746243 35
34356194 34356196 3
34356197 34355952 65
34356199 33163299 100
34356202 34349156 94
34356206 34356207 46
34344497 34344499 29
34356208 34356210 57
34356211 34356213 22
34356214 34356215 27
34356216 34356220 36
34356221 34356224 72
34356225 34356227 89
34356228 34356231 97
34356233 34344070 23
34356235 6744653 25
34356239 34344430 27
34356243 34356248 91
34356250 34356253 25
34356255 34356258 37
34356260 34356262 38
34356264 34356267 68
34356269 34356267 63
34356271 34355487 99
34356274 24800868 4
34356276 9673889 15
34356280 34356072 6
34356283 34356286 45
34356287 34356289 90
34356290 34356292 98
34356293 34356298 19
34356299 9673795 73
34356301 34356306 42
34356308 34351150 42
33101639 33101643 79
34356309 34356312 62
34356722 34356725 75
34356744 34356748 77
34356752 34356756 58
34357528 34349595 52
34357541 34357544 63
34357859 34357862 60
34357889 34357891 65
34357903 34357907 50
34357956 34357959 75
34357968 34357971 97
34357973 34349558 99
34357993 34356748 86
34358353 34355740 67
34358356 34355740 14
34358357 34358359 36
34358384 34358387 53
34358389 34358391 85
34358403 34358405 80
34358439 34358440 66
34358472 34358475 96
34358515 34358518 44
34358529 34345610 73
34358553 34358555 26
34358573 34358576 99
34358625 24800868 7
34358800 34358803 23
34358935 34358938 27
34358941 34358938 67
34359062 34345171 100
34359152 34343206 48
34359468 34359474 84
34359469 34359474 22
34359495 34344195 62
34359496 34359497 96
34359499 34359500 50
34359502 34359505 29
34359594 34359596 84
34359710 3834947 37
34359713 34355487 28
34359722 34359726 66
34359899 9673987 39
34360018 34344224 99
34360053 34360057 48
34347865 34347871 19
34360113 14763850 86
34360150 34360152 99
34360159 34351783 95
34360169 34351783 95
34360170 34351783 11
34360172 34351783 39
34360174 34351783 74
34360184 34360183 88
34360187 34360183 13
34360190 34360183 7
34360202 34360203 91
34360204 34360203 42
34360280 9673805 58
34360343 34344209 5
34360446 34360448 26
34360517 34343767 8
34360668 34360183 70
34360672 34360183 51
34360676 34360183 61
34361802 15163776 9
34362114 9707147 18
34362132 34362134 100
34362184 34362187 33
34362188 34362191 34
34362229 34362233 87
34362256 34362259 80
34362286 34362288 20
34362348 34342966 94
34362351 34362354 77
34362387 34362389 86
34362475 34347825 58
34362556 9673977 60
34362747 34352876 89
34362889 34342569 38
34362895 34362899 46
34362913 34360152 87
34362928 34362931 35
34363027 34363030 15
34363126 34363131 94
34363155 14775645 72
34363212 34363214 36
34363272 34363275 33
34363280 34363282 6
34363289 34363293 63
34363327 34363330 94
34363503 34363506 99
34363615 15097825 81
34363620 33252004 57
34363623 34363627 23
34363630 34355952 50
34363636 34354007 17
34363660 34346191 42
34363666 34349196 50
34363668 34363670 17
34363671 722821 20
34363673 34363678 90
34363679 34343767 81
34363681 34363684 10
34363685 34360183 13
34363689 34363693 83
34363695 34363699 25
34363700 34363701 3
34363703 34363705 86
34363706 14763850 18
34363709 34363712 20
34363715 34363719 15
34363788 34363790 7
34363801 34362259 70
34363806 34363627 97
34363812 34344233 81
34363820 15097825 64
34363824 34363670 93
34363828 34363833 19
34363834 34363699 68
34363836 34363719 95
34363838 34363701 7
34363841 34344224 61
34363909 34363913 8
34364462 34363719 59
34364585 34364589 10
34364609 34364614 84
34364714 9746561 1
34364759 34364761 39
34364817 34364820 58
34365002 34365006 96
34365153 34365154 97
34365341 34365345 84
34365442 34349595 61
34365478 34365483 59
34365488 34365489 16
34365491 15167174 78
34365503 34365506 17
34365537 34365540 35
34365614 34365618 32
34365630 34365633 66
34365639 34365641 16
34365645 34365647 81
34365685 9742501 75
34365696 34344409 52
34365699 34355888 3
34344191 34344195 45
34365729 34365732 31
34365801 15065121 28
34365804 34365806 55
34365950 34365954 46
34365977 34365981 86
34365986 34365988 91
34366005 34366007 38
34366229 9672475 61
34366407 34349241 6
34366408 34349241 20
34366409 34349241 74
34366410 34349241 60
34366415 9741661 38
34366421 34366423 10
34366425 9673987 46
34366427 14934098 40
34366461 34346202 35
34366520 34348988 11
34366564 34366568 58
34366602 34349216 8
34366624 9673977 77
34366672 9672475 94
34366715 9748394 78
34366885 34349595 80
34366898 29038673 71
34366901 34366905 6
34366915 15086784 65
34366919 34366922 65
34366925 34366929 32
34366930 34344249 53
34366965 34366968 23
34367024 34355487 11
34367029 4484496 78
34367032 9746497 40
34367080 34362259 66
34367086 34355907 95
34367542 34365732 13
34367551 34367555 37
34367556 33136033 21
34367566 34367570 86
34367576 34367581 84
34367583 34367587 81
34367590 34367594 62
34367619 34367623 74
34367626 34367631 32
34367632 34367636 63
34367645 9707126 91
34367651 34367654 92
34367666 34367670 40
34367671 34367675 11
34367676 34367679 25
34367681 34367683 24
34367694 29049374 18
34367700 34351177 63
34367715 34367718 5
34344447 34344396 68
34367724 34367727 72
34367738 34367740 6
34367742 34344396 62
34367746 9672475 65
34367760 34367765 36
34367772 34367776 61
34367822 34367824 86
34367831 15048591 80
34367853 34367856 96
34368493 34368495 49
34368517 1059464 94
34368559 34368561 85
34368565 34368568 72
34368572 34368574 32
34368756 34368759 35
34368761 34368764 18
34368771 34368774 98
34368776 34344396 94
34368781 34367594 72
34368785 34368789 100
34368791 34368795 12
34368796 34368797 77
34368798 34368800 38
34368801 34346059 24
34368807 34368810 100
34368812 34368818 63
34368838 34356231 17
34368844 34368847 26
34368849 34368853 39
34368854 29796243 27
34368864 34368868 27
34368878 34355989 93
34368911 266221 63
32948416 32948433 56
34369010 34369013 59
34369031 34369033 70
34369041 9699252 75
34369047 9723967 59
34369056 34369058 63
34369059 34369062 61
34369151 34369153 24
34369349 34369351 27
34369405 34369407 52
34369450 34369453 65
34369454 34369458 73
34369459 34369461 57
34369485 34349260 53
34369491 34369494 52
34369633 29796243 35
34369877 34369879 13
34369889 3036418 10
34369909 34369912 74
34369913 34369917 73
34370018 34344579 94
34370081 34370085 37
34370082 34370085 31
34370088 34370085 36
34370124 34370127 28
34370241 34370246 71
34370310 34370313 95
34370447 34367581 41
34370526 34352521 30
34370539 34344224 8
34370595 34344522 33
34370747 9707157 56
34370767 34370771 59
34370795 34343206 45
34370798 34366905 29
34370813 34370816 49
34370825 34370828 52
34371670 34371673 1
34371675 34360057 25
34371686 34371689 85
34371700 34371703 45
34371784 34371788 65
34372037 34372039 3
34372054 2371505 19
34372285 34372290 55
34372292 34372297 77
34372321 34372324 62
34372325 34372329 74
34372330 34372335 93
34372336 34372340 40
34372341 34372340 87
34372345 34372350 48
34372352 34372356 75
34372357 34372359 26
34372360 34372365 1
34372367 34372371 34
34372372 34362187 10
34372377 4920286 92
34372380 34372386 89
34372387 29796243 84
34372391 34372395 18
34372925 34372927 84
34372943 34372945 19
34373265 9744106 30
34373326 34373328 36
34373468 34373472 42
34373473 34373475 97
34373476 34373475 15
34373479 34373472 2
34373482 34373472 74
34373484 34373472 69
34373508 34373511 48
34373512 34373511 8
34373515 34373511 82
34373518 34373511 15
34373760 34373763 67
34373805 34365732 11
34373823 34344070 31
34373825 34373827 15
34374591 34374592 17
34374719 34374721 83
34374728 9744433 39
34374841 9707147 91
34374938 9744433 52
34375030 34375033 70
34375044 34375047 33
34375052 34375057 36
34375062 3050962 85
34375068 34375070 75
34375074 15098678 99
34375655 34375657 90
34375729 34375733 95
34375752 34375754 81
34375925 15167174 12
34375935 34375938 55
34375939 34375941 80
34375942 34375945 91
34375947 9674096 4
34376418 34370828 1
34376427 34376431 98
34376525 34366423 14
34376531 34376535 35
34376536 34347844 15
34376539 14886981 65
34376558 34376562 60
34376567 34376570 94
34376615 34376618 6
34376625 34376627 39
34376634 9744106 82
34376821 34376823 13
34376963 34376967 78
34377002 33163272 87
34377007 34377009 80
34377046 9745188 75
34377058 9744433 62
34377087 34377089 56
34377596 34377599 36
34377626 34377628 89
34377685 32948437 13
32948417 32948437 6
34377686 32948437 4
34377787 34377790 98
34377823 9742501 87
34377851 34357959 45
34377949 15167174 29
34377965 34357959 68
34378019 34378023 96
34378050 34378053 46
34378054 32947647 62
34378063 34378066 56
34378384 32948721 30
34378427 4484496 7
34378435 34378437 55
34378442 34378445 62
34378458 9748503 34
34378477 34378481 78
34378507 34378509 72
34378537 34378543 77
34378546 34344519 45
34378551 34344519 5
34378553 34344519 1
34378788 34378791 1
34378803 34358803 2
34379379 34379381 25
34379492 34351177 86
34379907 34379909 31
34379936 3050962 57
34379958 34379960 50
34379975 34363627 22
34380000 9699252 87
34380055 29796243 55
34380148 34344224 12
34380254 34380256 19
34380329 34380331 5
34380392 34380395 69
34380423 9745188 61
34380424 34380427 14
34380429 9745188 63
34380568 34380570 2
34380573 34380575 70
34380576 34380579 100
34381003 34381006 74
34381007 33136033 57
34381074 34362259 69
34381078 34362259 58
34381099 9747669 64
34381126 34381129 89
34381178 34349234 77
34381206 34381210 45
34381213 34381219 45
34381245 34381248 45
34381337 34381343 22
34381346 34381349 96
34381351 9744433 14
34381356 34355455 69
34381359 34381362 53
34381364 34366905 76
34381385 34381387 12
34381561 9707147 95
34381574 34381576 22
34381577 34381581 54
34381620 34381622 3
34381667 33163299 47
34381674 32947820 45
34381723 34381725 80
34381730 34381732 58
34381733 9723967 55
34381844 34381846 87
34381876 9744045 24
34381890 34381894 94
34381895 34381896 30
34381901 9673977 97
34382064 34382068 20
34382347 34382350 56
34382394 15048591 31
34382475 34382480 52
34382597 34382601 10
34382632 9744433 7
34382726 34369453 36
34382742 34382746 77
34382783 9673805 14
34382794 9707147 21
34382880 34382883 80
34382887 34382890 88
34382891 34368759 75
34382894 34382898 24
34382899 34382902 4
34382905 34345519 92
34382914 34382919 86
34382923 34382928 46
34382929 9673795 66
34382973 34373511 92
34382981 32948711 1
34382982 34382986 30
34382987 32948711 24
34382989 14771212 89
34383015 34383017 84
34383021 34383022 55
34383026 9673987 96
34383052 34383055 15
34383061 34383064 57
34383124 34383127 31
34383145 34383149 10
34383194 9707147 1
34383283 34383286 79
34383291 34383294 17
34383337 34383341 98
34383343 34383348 63
34383426 34383427 18
34383454 34383456 98
34383464 34380395 87
34383499 34383504 74
34383532 15159178 34
34383548 34383551 100
34383597 29796243 65
34383604 34383608 72
34383612 34383614 99
34383615 9699252 95
34383620 9707147 28
34383673 9745993 46
34383846 9740404 15
34383943 34383946 58
34383960 34370246 44
34383979 34383981 10
34384648 34384653 77
34384663 34345632 57
34349364 34349366 6
34385003 34385007 32
34385012 34385016 12
34385017 9741661 49
34385022 34385024 65
34385025 34385027 95
34385029 34385034 83
34385039 34385041 18
34385043 34376627 3
34385050 34385053 11
34385054 34385057 76
34385188 34385189 41
34385218 9741661 19
34385222 9741661 2
34385226 34385229 81
34385845 34385847 24
34385920 34385923 87
34385977 34363699 10
34385993 34362259 66
34385997 34351066 93
34386002 34386007 7
34386010 14763850 58
34386013 15097825 50
34386016 34343767 49
34386018 34344233 88
34386019 34363670 95
34363637 34362259 21
34386023 34349196 75
34386025 34363693 76
34386028 34363705 90
34386032 34362259 46
34386178 34386179 47
34386328 34344224 17
34386332 34386335 2
4930809 4930828 29
34386581 15159178 36
34386583 34386586 45
34386678 34386683 47
34386685 34386686 45
34386687 34363833 15
34386718 9744433 89
34386728 34386730 53
34386738 9673987 94
34386741 34367587 99
34386754 12176274 96
34386766 34386767 78
34386837 9740404 68
34386853 34386855 13
34387209 34387211 86
34387223 34387226 37
34387251 34387253 19
34387318 34355740 95
34387452 34387454 87
34387524 34387527 24
34387722 34387726 34
34387751 33252004 20
34387756 34387758 38
34387774 34387779 86
34387781 34387783 19
34387838 9673805 89
34387843 34387846 48
34387850 34387853 53
34387855 34349174 54
34387859 34387864 84
34387866 34387864 97
34385004 34385007 31
34387873 34387876 75
34387877 34344579 18
34387893 34387896 78
34387897 34344209 97
34387903 34387906 52
34387907 34387911 3
34388037 13314903 34
34388040 14763850 43
34388043 34388047 53
34388051 34388054 50
34388063 34388066 9
34388158 34388163 41
34388165 34351066 21
34388168 34351066 90
34388171 34388174 25
34388198 34388199 13
34388201 34388203 83
34344465 9745188 96
34388214 34388219 20
34388228 34388231 95
34388290 34388293 61
34388295 34388296 61
34388309 9746021 78
34388313 33163299 44
34388324 34360057 68
34388341 34380395 65
34388344 34360057 53
34388347 34388349 65
34388353 34388354 54
34388376 34388378 12
34388382 34388385 16
34388386 34388390 64
34388416 34388417 82
34388418 34388420 25
34388421 34356286 76
10148262 10148269 84
34344535 34344537 83
32948418 32948441 83
34344481 34344486 29
34388476 34388480 36
34388482 34369879 56
34388485 34388490 94
34388491 34388494 68
34388495 34388498 66
34388507 34388510 75
34388511 14952244 20
34388520 34342600 42
34388540 9742501 29
34388544 9744045 1
34388547 34388549 31
6744646 6744653 11
34388550 34388554 93
34388555 34346059 72
34388575 34363144 38
34388579 34388582 39
34388606 34388609 21
34388610 34388613 79
34388615 34388617 84
34388621 29038673 16
34388623 34388627 61
34388629 34388631 50
34388632 34388636 100
34388638 34388643 30
34388648 34388650 13
34388659 9746041 92
34388666 34366905 56
34388668 34388671 75
34388699 34388702 65
34388704 34388710 73
34388715 34388719 38
34388720 34388724 84
34388733 9707157 69
34388744 34344224 8
34388751 1059464 67
34388756 34388758 68
34388766 34388771 30
34388773 34360057 13
34388779 34360057 71
34388783 34357959 51
34388787 34360183 29
34388793 34388796 55
34388797 34388800 46
34388801 34388804 21
34388806 34388804 56
34388808 34388811 47
34388813 34388816 82
34388818 34388820 45
34388822 34355822 86
34388824 34388827 79
34388828 34388831 94
34388834 34388838 58
34388841 34388844 42
34388857 34372340 64
34388861 34388863 62
34388865 34370246 98
34388921 34388923 62
34388944 34388949 45
34388950 34376562 52
34388957 34388963 27
34388973 34388977 82
34389001 34389003 84
34389017 34389022 39
34389024 34389026 5
34389033 34389037 95
34389041 34389044 15
34389046 33163299 81
34389051 34389055 78
34389063 34389065 54
34389078 34388231 61
34389086 34389088 61
34389091 34389094 95
34389133 34389135 19
34389142 34389146 49
34389218 34347825 6
34389292 34389294 49
34389344 34389346 73
34389388 34389391 28
34389392 14771212 73
34389524 34363275 22
34389545 9746012 63
34390023 34390026 61
34390029 15048591 55
34390071 34390074 100
34390076 34390079 31
34390128 34390131 1
34390157 34390159 16
34390161 34390163 28
34390196 34390200 98
34390202 34390203 22
34390205 34390206 24
34390215 34390217 65
34390239 34390242 87
34390292 34390295 76
34390363 34390365 93
34390397 34390399 1
34390435 34382919 47
34390650 9746561 34
34390654 9746561 21
34390657 23668178 93
34390693 34390696 51
34390699 34390696 2
34390700 34390696 10
34390782 34390784 19
34390783 34390784 47
34390789 15159178 64
34390968 34390969 38
34391060 34391062 33
34391071 15048591 73
34391072 15048591 21
34391091 34347654 100
34391337 34378543 100
34391341 34378542 70
34391373 34391375 75
34391389 34391392 9
34391726 15086471 15
34391821 34391823 99
34391875 9699252 100
34391920 34391922 71
34391921 34391922 2
34392010 34355455 43
34392015 34392017 72
34392199 34392202 72
34392292 34392295 72
34392299 13367513 9
34392302 34392305 67
34392306 34392310 74
34392754 34364761 76
34392834 34392836 60
34392838 34392841 36
34392994 15097825 90
34392998 15097825 83
34393103 34393107 75
34393111 34393113 51
34393122 34368818 53
34393129 34393131 95
34393132 34393135 50
34393230 34388490 33
34393236 34366423 71
34390672 34359474 75
34393272 34393277 62
34393286 15048591 58
34393292 34380331 98
34393387 9740109 37
34393394 34369153 88
34393411 34345753 4
34393428 34344065 52
34393429 34344065 12
34393461 34393464 76
34393466 34344855 63
34393515 34393519 81
34393568 34393572 49
34393587 9746561 59
34393614 34393617 94
34393620 34345430 77
34393624 34393627 84
34393678 34393679 55
34393713 34393715 60
34386033 34362259 62
34393755 30886518 70
34393875 34362259 45
34393906 34393910 40
34393918 34393920 93
34394014 34348083 65
34354775 34354786 79
34394020 34394024 32
34394045 15159178 75
34394049 15048591 81
34394115 34394116 73
34394126 34394130 50
34394190 9673987 36
34347878 34347883 37
34394228 34394231 57
34394232 34394235 50
34394246 34347054 75
34394249 33136033 17
34394372 34347097 63
34394399 34344396 21
34394435 34394437 23
34394468 34394470 96
34394512 34385041 40
34394522 34345523 33
34394534 34394539 59
34394574 34344224 87
34394578 9673987 38
34394579 9673987 17
34349181 34349186 59
34394870 34394872 52
34395010 34366423 62
34395015 34366423 26
34395111 34395114 14
34395280 34395283 89
34395326 34395329 9
34395378 34395381 31
34395493 14886981 79
34395664 34395667 75
34395704 34395705 76
34395706 34395705 73
34395707 34395705 48
34395876 34395878 98
34395945 34395948 25
34395952 34395954 57
34396040 34390648 56
34396051 34344195 86
34396053 9746105 98
34396059 34355152 50
34396103 34396107 6
34396109 34396111 92
34396113 34396115 35
34396140 9673977 60
34396150 34396154 94
34396155 34396158 6
34349214 34349216 9
34344256 9741661 61
34396470 34342966 27
34396539 34395667 11
34396638 34396639 50
34396726 9699252 18
34396759 34396761 37
34396958 34396960 30
34397196 9740109 69
34397220 34397223 44
34397244 34397247 80
34397296 34397299 48
34397422 34397424 97
34397450 34380575 67
34397479 34345753 30
34397503 13321377 60
34397511 33163299 57
34397518 34381129 34
34397524 9740404 32
34397531 9740404 38
34397617 34397621 69
34397673 34397675 46
34397677 34397680 48
34397696 34356139 22
34397697 34355487 100
34397729 34397733 9
34397894 34397896 52
34398013 34398015 91
34398017 34398021 65
34398023 34398027 1
34398182 34398184 50
34398696 9673805 8
34398713 34382986 52
34398862 34398864 28
34398954 34379381 67
34399324 34399326 17
34399354 34344224 13
34399779 34347804 3
34399780 34347804 38
34399903 9746041 58
34399908 34399910 63
34400023 34400027 17
34400028 9671743 99
34400439 9740404 46
34400522 15005466 5
34400545 34400548 77
34400759 34400762 43
34400954 34400957 42
34400958 13295032 36
34400979 34344209 68
34401032 14763850 59
34401235 33136033 60
34401237 34401240 94
34401254 34355487 96
34401258 34360057 42
34401260 34401265 21
34401266 34401269 66
34401272 34401276 51
34401278 15167174 13
34401281 34401283 2
34401295 34401298 88
34401388 34401391 86
34401884 9707126 99
34401900 34401902 99
34401909 34401912 88
34402115 34402117 60
34402119 9747669 89
34402121 34402124 3
34402127 34402129 60
34402130 34355487 43
34402285 34402287 62
34402403 9707106 38
34402413 33163394 2
34402435 34372290 16
34402738 34357959 50
34402739 34357959 66
34402805 34402808 3
34402913 14947550 39
34402917 34402919 20
34402974 34366423 45
34402984 34402986 72
34402999 34355740 34
34369011 34369016 48
34403111 34403113 34
34403114 23668178 17
34403118 34403121 93
34403122 34343540 11
34403125 15829541 92
34403274 34403275 97
34403276 34403279 20
34403281 34403283 48
34403285 34344409 45
34403286 34355078 62
34403290 34403292 2
34403294 9707126 65
34403298 34403300 50
34403301 34403302 4
34403303 29796243 60
34403305 34403308 99
34403309 34403312 21
34403317 34403319 84
34403321 9707147 45
34403325 34355821 74
34403333 34346023 33
34403346 34354621 85
34403350 34403355 85
34403380 29796243 88
34403397 34372945 72
34403407 34403410 89
34403411 34403415 73
34403419 34366423 100
34403429 34403432 48
34403433 34403437 9
34403438 34403442 21
34403456 34403460 44
34403472 34403475 90
34403476 34366423 78
34403485 34403488 21
34403492 34346059 73
34403494 34403497 63
34403498 34403501 14
34403503 34378543 48
34403508 34347895 61
34403510 34403514 59
34403515 15048591 99
34403525 34403528 82
34403532 34403533 84
34403534 14934098 18
34403539 34403542 81
34403544 34403548 44
34403550 34403553 62
34403554 34403557 84
34403558 34403563 72
34403565 34403568 13
34403569 34403571 41
34403572 34403574 61
34403576 34355128 43
34403580 34403582 50
34403583 34403584 62
34403586 34403589 25
34403590 34403593 12
34403595 34344579 93
34403598 34381576 69
34403599 34403602 64
34403605 34403608 60
34403610 34403612 80
34403613 34403617 4
34403619 34403621 90
34403623 34403625 48
34403627 34403629 99
34403630 34403632 58
34403634 34363790 14
34403636 34403638 37
34403639 34403642 27
34403643 9673889 94
34403645 34403646 34
34403647 34403650 90
34403651 9748394 72
34403653 34403654 86
34403656 34403658 90
34403660 34403662 61
34403663 34403665 99
34403667 34397223 27
34403669 9742366 28
34403672 34357959 50
34403675 34403678 17
34403679 34403682 60
34403684 34403687 28
34403688 9672475 67
34403690 34403693 87
34403694 34347821 99
34403696 34401276 23
34403700 34403704 36
34403705 34389146 82
34403707 34403709 30
34403710 34403715 90
34403718 34403720 6
34403721 34403724 57
34403726 34403727 77
34403729 32947820 82
34403731 4484496 34
34403733 34403734 73
34403736 34363282 79
34403738 33136033 19
34403740 30885523 37
34403744 34403746 52
34403747 34403750 9
34403751 34403754 29
34403756 34403760 95
34403761 33163299 55
34403765 34403767 57
34403768 34403771 89
34403773 34403775 76
34403777 34403779 24
34403781 34403784 27
34403785 34403788 67
34403790 34403792 81
34403794 9673977 55
34403796 34403798 55
34403799 34403801 84
34403802 34403805 16
34403807 34403809 32
34403812 34403813 72
34403814 34403818 5
34403819 34403822 64
34403823 34368574 13
34403825 34403827 87
34403829 34403832 88
34403833 9673889 38
34403836 34403839 96
34403840 34403843 99
34403844 15159178 78
34403847 34403850 69
34403851 34403854 19
34403855 34403858 94
34403859 34344224 50
34403862 9745993 4
34403866 14934897 78
34403869 34403872 62
34403873 34403875 76
34403876 34403879 33
34403880 34403884 96
34403885 34403886 76
34403887 34387864 58
34403890 34403893 83
34403894 34403896 70
34403897 34403899 48
34403900 34403904 82
34403905 34403908 50
34403910 34403912 98
34403913 34403915 51
34403916 34403919 97
34403921 9721025 23
34403925 34403928 55
34403929 34403933 1
34403934 34372371 59
34403937 34363282 82
34403938 34403941 98
34403943 34403945 32
34403947 23668178 7
34403952 34388955 46
34403957 34403961 19
34403963 34403965 95
34403967 33163299 98
34403970 34403974 7
34403976 14934098 13
34403978 34403982 62
34403984 34403988 13
34403990 34403992 58
34403993 34403996 62
34403997 34404000 60
34404001 34404003 42
34386575 34344224 63
29038672 29038673 27
34404004 34346202 23
34404006 9707132 32
34404009 34404011 38
34404012 9673889 72
34404017 14952244 84
34404019 9707157 99
34404022 34404024 78
34404026 34404028 16
34404029 15064491 45
34404031 34378543 11
34404036 34346059 68
34404041 3834947 60
34404042 3834947 91
34404044 4484496 53
34404046 34404048 90
34404050 34345753 26
34404053 34404055 89
34404056 34404059 23
34404061 34404064 4
34404065 9672475 69
34404067 34382898 38
34404070 34404073 66
34404074 34404081 74
34404082 15097825 77
34404085 34380331 77
34404121 34404126 64
34404135 34404136 62
34404146 14771212 84
34404165 34366423 45
34404214 34404217 44
34404306 34404309 1
34404311 34372945 11
34404316 34404320 63
34404342 14971542 10
34404509 34403650 11
34404525 9673857 82
34404546 34404547 45
34404548 34404552 9
34404553 34404556 20
34404705 34404707 62
34404708 34379381 17
34404775 34404778 3
34404867 34404869 34
34405136 34405139 16
34405146 34405149 41
34405162 34403275 81
34405265 34405267 89
34405279 34405281 97
34405282 34405284 28
34405286 34403928 84
34405289 9678189 50
34405312 34405316 19
34405394 34405397 13
34405485 34346059 31
34405932 34365489 86
34405944 34405948 81
34406081 34406084 74
34406086 9740109 54
34406218 34406221 49
34406241 29796243 59
34406278 34376535 61
34406289 34406292 75
34406358 34406361 24
34406368 34351066 64
34406388 34378481 3
34406436 34406438 28
34349246 34349248 31
34406516 15159178 64
34406518 34406521 48
34406540 34406542 33
34406548 34344070 67
34406578 34376627 27
34406583 23668178 90
34406587 34366905 6
34406599 34406601 34
34406602 34406604 4
34406606 34406610 15
34406635 34406637 63
34406651 34406656 26
34406673 34406675 15
34406677 34406679 92
34406681 34347838 71
34406685 34406687 40
34406718 34356227 80
34406988 34406991 20
34406996 34406998 51
34406999 34407003 21
34407005 34407008 45
34407010 34383022 93
34407013 34345753 34
34407025 34356286 5
34407042 34407044 34
34407049 34407051 52
34407057 34373511 64
34407067 34373472 83
34407076 34407079 95
34407125 34407128 61
34407130 9673889 10
34407142 29796243 66
34407166 33163299 23
34407169 34407171 11
34407212 34407216 31
34407252 15048591 54
34407255 15048591 48
34407258 9740404 42
34344247 34344249 4
34407379 9747669 5
34407380 9747669 41
34407410 34356002 70
34407433 34407437 43
34407439 34407445 24
34407452 34407455 80
34344525 34344528 19
34407459 15163776 5
34407464 34347591 51
34407467 34347591 87
34407468 9746561 43
34407470 34360057 5
34407476 34349241 19
34407479 33140894 82
34407481 9746561 25
34407484 9723967 92
34407490 33140894 40
34407492 33163394 27
34407495 34366568 51
34407499 34355487 97
34407501 13314903 35
34407508 34391375 59
34407530 34396158 63
34407545 15097825 22
34407558 34382068 33
34407582 34407586 10
34407589 34407594 100
34407596 34407594 68
34407607 9673805 79
34407611 34407614 89
34407645 34381622 63
34407656 34407660 62
34407681 34407685 67
34407707 34356021 62
34407710 15048591 38
34407720 9673987 77
34407739 34366423 28
34407758 34347591 85
34407764 34407768 81
34407795 34366423 28
34407815 34404048 93
34407831 34377009 48
34407855 15167174 50
34407871 15048591 29
34407874 14971542 8
34407890 9673805 21
34407893 34343206 64
34407896 34407594 92
34407899 15017356 27
34407914 34354007 75
34407921 34407923 57
34407927 34355487 21
34407929 13339754 24
34407934 34407937 56
34408012 34382068 99
34408031 34355078 56
34344562 15026232 10
34408037 15064491 42
34408040 9673977 6
34408042 34408046 93
34408049 34408053 96
34408059 34408063 7
34408065 34344215 55
34408067 34407685 81
34408070 34356286 83
34408076 34360057 58
34408079 34360057 32
34408085 34347883 1
34408087 34403908 78
34408092 34347883 92
34408095 34347804 29
34407688 34346191 97
34408097 34382068 69
34408099 34382068 78
34408102 34381006 35
34408104 34408109 73
34408113 34408117 27
34408119 34408122 14
34408126 34354815 96
34408129 34408132 56
34408135 9673977 96
34408137 15048591 91
34408140 34363627 32
34408142 34349241 74
34408143 34349241 98
34408144 34356286 29
34408147 9701680 28
34408150 34407808 77
34408152 34345753 44
34408158 34393113 66
34408160 34365540 45
34408167 34347281 73
34408169 34408046 47
34408170 34408173 9
34408175 34382919 98
34408181 34391375 13
34408182 34391375 25
34408183 34407614 53
34408184 34407614 89
34408185 34408046 7
34408186 34345753 87
34408189 34408193 74
34408198 32948711 85
34408200 34408203 25
34408206 9673977 86
34408209 15829541 33
34408211 34349178 75
34408213 9673977 84
34408215 34407923 62
34408218 14971542 23
34408220 34372945 19
34408223 34343856 87
34408224 34408228 41
34408230 34408228 23
34408233 14934098 20
34408236 34343206 22
34408240 24800868 60
34408244 34388047 64
34408247 34349562 73
34408249 34408254 100
34408259 34343206 69
34408260 34349562 100
34408262 9673987 40
34408264 34346191 22
34408269 34346191 65
34408273 34346191 63
34408278 34385229 12
34408279 34408281 29
34408285 34408287 30
34408289 34408291 70
34408293 34408295 69
34408296 34408300 8
34408302 34355487 66
34408309 34408313 37
34408318 9746561 60
34408320 34347591 49
34408322 34403879 8
34408324 34404547 48
34408325 9748305 40
34408274 34346191 50
34408327 34408329 41
34408330 34408333 78
34408335 34373511 23
34408337 34373511 17
34408339 34408341 12
34408342 34408341 72
34408344 34408341 92
34408346 9747669 83
34408351 34349562 67
34408353 34408355 18
34408358 15048591 57
34408361 34408365 18
34408367 34349178 85
34408369 34408372 39
34408377 34347436 4
34408386 34408046 39
34408387 9673889 83
34408393 34344575 54
34408050 34408053 69
34408399 34407923 65
34408400 34407923 15
34408401 34407923 75
34408402 34343856 62
34408403 34343856 46
34408405 34388047 59
34408408 34387876 81
34408409 34372945 36
34408413 34344254 86
34408415 34345753 52
34408418 9745188 32
34408420 15159178 20
34408427 34408430 44
34408432 34366568 20
34408435 34408228 23
34408437 34389146 20
34408442 34408445 25
34408446 34408445 79
34408449 34347675 9
34408451 34408454 6
34408455 34408458 70
34408461 34355487 6
34408463 34344430 26
34408464 34356286 58
34408467 34408471 33
34408474 32948423 86
34408477 32948433 22
34408481 34345753 71
34408485 34345753 30
34408488 34408490 45
34408496 34408499 64
34408502 34349196 20
34408504 29796243 99
34408507 15048591 76
34408509 34347591 48
34408512 34347591 5
34408513 34408515 81
34408516 34408515 4
34408517 34387758 6
34408520 34387758 75
34408521 34387758 38
34408522 9673805 34
34408527 9746561 58
34408531 34349178 87
34408533 34346041 19
34408537 34346041 30
34408539 34346041 23
34408541 34346041 68
34408544 34394437 16
34408547 34408551 51
34408553 34408554 26
34408555 34408554 12
34408556 34349196 39
34408558 34351066 37
34408562 34408565 82
34408567 34349196 24
34408569 25160960 95
34408572 34406604 43
34408577 34349562 80
34408579 34346192 41
34408580 34389044 37
34408582 34349178 63
34408584 34388955 18
34408587 34351783 41
34408590 34351783 80
34408593 34351783 75
34408596 13314903 90
34408599 34408601 43
34408603 34376627 60
34408607 34408610 61
34408612 34408046 44
34408614 34407923 70
34408615 33163394 70
34408619 34390648 71
34408622 30886518 86
34408626 4484496 59
34408628 34407660 99
34408636 9746578 65
34408639 34407937 23
34408642 34349041 4
34408645 34408355 69
34408647 13339754 71
34408731 34408733 53
34408761 30885523 6
34408764 34408767 54
34407621 29038673 9
34409029 34351066 52
34409186 34409190 98
34409251 34409254 13
34409343 9672475 39
34409360 34409364 29
34409386 34409388 60
34409389 34388816 42
34409400 4912331 13
34409406 34403308 24
34409416 34409418 90
34409420 34408046 1
34408161 34408166 35
34409422 34409424 70
34408370 34408372 88
34409425 9673977 65
34409427 34409430 65
34409432 34403884 20
34409437 34409439 87
34409440 34409442 100
34385018 9741661 90
34409443 34409444 28
34409446 34347059 10
34409450 34409452 50
34409453 33163299 17
34409457 34403612 38
34409459 34409460 80
34409462 34409464 72
34407781 34407785 100
34349200 34348988 38
34409465 34409467 53
34409468 34409471 44
34409473 34409476 93
34409477 34356092 46
34409480 34344195 66
34409481 34409483 83
34409485 34409486 21
34409488 34409490 61
34409492 34346059 59
34409496 34403988 91
34409499 34352876 41
34409501 34409503 33
34409508 735356 18
34409511 34409514 58
34409529 34409531 67
34409560 14934897 18
34409613 34344055 18
34409646 34409650 50
34409662 34409665 19
34409819 9707147 62
34409821 34370246 77
34409824 34370246 49
34409826 34370246 11
34409830 34370246 58
34409832 34370246 94
34409834 34370246 29
34409837 34370246 84
34409839 34370246 38
34409841 34370246 80
34409847 34370246 63
34409849 34370246 43
34409851 9744433 88
34409856 9744433 40
34409858 9744433 62
34409861 9744433 79
34409865 9744433 36
34409868 9744433 32
34409873 9744433 40
34409875 9744433 70
34409877 9744433 10
34409880 9744433 66
34409885 34378543 18
34409891 34378543 97
34409894 34354967 70
34409898 34378543 44
34409903 34378543 89
34409906 34378543 35
34409909 34378543 52
34409915 9744433 25
34409925 9707147 75
34409927 9707147 2
34409929 9707147 87
34409931 9707147 67
34409933 9707147 90
34409935 9707147 48
34409937 9707147 53
34409941 9707147 61
34409944 9707147 7
34409946 9707147 22
34409948 9707147 53
34409949 9707147 100
34409951 9707147 48
34410026 34410029 30
34410377 34410380 7
34410495 9742363 98
34410498 34410501 20
34410527 34410531 4
34411211 34390200 85
34411487 34397733 38
34411518 34411519 70
34411809 34411811 15
34411956 34411958 29
34412010 34412012 19
34412229 34412231 33
34412363 34402124 42
34408573 34406604 47
34412505 34343767 23
34412629 6744653 39
34412640 34412642 32
34412643 34412646 6
34412650 34412654 20
34412657 34372945 50
34412658 34412662 52
34412666 34412667 71
34412726 34349156 54
34412730 34412734 39
34412744 34412749 24
34413021 9673805 88
34413074 9707147 90
34413076 9707147 89
34413078 34378543 33
34413080 34378543 13
34413082 9744433 88
34413085 34370246 35
34408378 34347436 46
34349192 34349196 65
34407740 34366423 98
34413762 34413765 20
34413844 9746021 21
34413858 34345753 18
34413860 34413863 90
34344494 34344495 75
34412644 34412649 48
34413898 34413900 26
34413901 34413903 30
34413905 34346023 97
34414006 34395948 2
34414010 34406438 75
34414087 34414090 7
34414114 34414116 71
34414117 34414118 71
34414119 34414120 98
34414162 34414164 40
34414165 34414167 73
34414168 34414170 72
34414174 34342569 66
34414201 34403678 77
34414204 15005466 43
34414255 34378543 92
34414347 34382986 42
34414352 34382986 42
34414354 34407685 26
34414365 34344579 16
34414612 34362353 17
34414773 34414775 90
34414842 15829541 41
34414943 34355740 6
34414946 34351105 31
34344176 34344179 58
34415099 34415102 67
34415103 9723967 12
34407523 34344209 17
34415288 13314903 39
34415296 34415299 34
34407972 34351177 15
34415676 34415678 29
34415920 34415925 54
34415940 34415944 39
34415948 34370828 85
34407590 34407594 16
29049361 29049369 98
34416310 34416312 66
34416726 34416729 63
34416768 33163299 45
34417056 9673977 41
34407485 9723967 67
34417127 34417130 91
34417205 33136033 82
34417303 15159178 24
34417409 9746012 27
34417478 34397621 31
34417584 14771179 53
34417801 34344409 85
34417812 34417816 25
34417838 34417843 87
34408428 34408430 21
34417955 34347038 21
34417974 9707082 28
34408201 34408203 63
34417996 9707091 66
34418026 34368795 53
34418037 9742363 34
34418055 34418058 34
34418059 34418063 25
34418074 34418077 89
34418128 34348999 62
34418148 34418151 32
34418152 34363833 91
34418155 34418158 18
34407471 34360057 78
34418159 33252004 72
34418162 34418164 83
34418165 34418167 6
34418168 34418169 59
34418172 34418174 73
34418188 34418191 78
34418192 34418195 53
34418201 34351177 46
34418205 34418208 93
34418210 32948437 89
34418212 34418215 57
34418216 34388231 1
34418224 34418227 36
34418228 34418230 34
34418231 34418234 90
34418235 34418238 39
34418257 34418260 60
34407787 34407790 3
34418347 34418351 27
34418352 34418353 81
34418354 9721025 65
34418357 34418359 13
34418364 34347272 93
34418367 9723967 74
34418370 34418372 9
34418373 34403475 58
34418378 9672475 78
34418397 34418400 31
34418406 34418409 43
34418411 34418415 28
34418417 9673889 63
34418500 34418503 84
34418510 34388498 75
34418514 34418517 31
34418519 29796243 1
34418525 34381129 50
34418528 34397621 88
34418534 29796243 55
34418537 34418540 86
34418542 34406679 38
34418545 34418549 44
34418551 9729970 42
34418556 34418559 86
34418566 33163287 21
34418568 34418571 91
34418572 34402808 70
34418576 34359505 12
34418579 34418583 84
34418584 34418587 92
34418588 34344224 9
34418593 34349174 1
34418598 34418602 40
34418603 34418606 84
34418608 34418612 85
34418614 34418618 13
34418620 9742363 84
34418624 15163776 95
34418628 34418632 18
34418646 34418650 80
34418651 15159178 22
34418655 34342569 50
34418657 34418659 7
34418661 34418663 9
34418667 34418671 77
34418673 34418676 43
34418677 34418678 5
34418679 34418681 76
34418687 34418690 37
34418692 34418695 83
34418696 34418699 3
34418713 34418717 33
34418719 34418723 6
34418787 34418790 95
34418791 34418794 91
34418796 34358518 70
34418812 33136033 3
34418822 34418825 53
34418854 34418858 78
34418860 9746561 50
34418864 34418866 77
34418868 34418872 51
34418878 34380606 25
34418889 34344599 86
34418893 34418896 7
34418897 34418901 23
34418905 34418909 79
34418911 34370828 88
34349572 34349562 38
34418917 34418920 8
34418922 34403988 94
34418927 34357959 94
34418931 34418934 62
34418936 34418939 94
34418941 34349595 49
34418945 34418947 44
34418955 9740404 65
34418958 9740404 31
34418961 34369153 56
34418964 34369153 16
34418973 34418977 71
34407918 34351783 45
34418989 34403617 66
34419001 34381622 99
34419004 34346023 3
34419008 34352490 60
34419011 34419014 85
34419016 34419020 96
34419022 34343540 80
34419026 34389146 73
34419030 34349595 15
34419034 3036418 85
34419086 34382068 35
34419095 34419099 77
34419096 34419099 9
34419171 9745993 27
34419228 34342966 96
34407960 34388490 74
34419235 34419237 22
34419240 34419242 46
34419247 34419251 96
34408438 34389146 25
34419415 15048591 26
34419419 34372365 100
34419422 9678090 83
34419425 34419429 1
34419434 34419436 75
34419438 34356231 42
34419448 34414089 58
34419450 34419451 2
34419463 34419467 29
34385998 34351066 51
34419498 34403475 56
34419502 34419506 48
34419509 34419513 95
34419514 34419518 18
34419523 34419527 44
34419529 34419532 35
34408497 34408499 27
34408007 15048591 27
34419569 9673949 50
34419573 9673949 21
34419625 34349156 31
34419628 34363719 99
34419630 34418920 61
34419633 34363719 38
34419651 34419655 50
34419665 34366423 46
34419703 34419706 5
34419718 9741661 66
34419722 34406637 14
34419725 9741661 28
34419729 9741661 90
34419737 9741661 60
34419740 3050962 87
34420300 34420301 59
29796238 29796243 8
34420308 29796243 33
34420311 29796243 67
34420314 34420317 22
34420328 34418571 50
34420339 34355431 71
34420341 9744462 1
34420342 34347838 48
34420343 34420346 8
34420348 15167174 37
34420352 34420353 31
34420355 34397896 61
34420356 34420358 41
34420359 34388724 56
34420361 34420363 43
34420366 34409665 4
34420370 34420373 9
34420376 34408499 29
34420378 34420380 22
34420381 34389055 67
34420384 34403279 82
34420389 34420391 5
34420392 14771179 45
34420395 34420397 18
34420398 34420401 69
34420403 34420358 62
34420410 34420414 54
34420415 34420417 6
34420418 34344495 43
34420419 34418167 1
34420421 34365981 79
34420424 34389065 45
34420426 34372945 13
34420427 34420429 60
34420442 29796243 85
34420444 29796243 36
34420447 29796243 95
34420451 34349595 66
34420454 34349595 59
34420458 34349595 70
34420474 12176274 42
34420478 34420481 41
34420570 34420573 64
34420574 34420579 41
34420581 34420584 49
34420585 34420588 72
34420590 34344579 28
34420597 34420601 48
34420603 34420605 42
34420612 34420614 14
34420615 34420618 59
34420621 34420624 77
34420625 34420627 98
34420628 34420632 71
34420634 34420638 86
34420639 34420642 94
34420663 34420665 62
34420675 34388490 51
34420678 34382986 47
34420688 23668331 51
34420691 34344195 67
34420695 33163272 25
34420732 34420735 78
34420736 34420741 14
34420858 34408454 86
34420968 9672475 23
34420971 9672475 40
34420975 9672475 82
34420977 9672475 26
34420980 33163299 56
34420985 33163299 23
34421031 34421034 82
34421065 34351177 90
34421069 34352521 57
34421080 9746105 19
34421085 34421089 27
34408310 34408316 100
34421101 34360057 87
34421136 34421139 68
34421163 34421166 84
34421178 34346023 69
34421181 34421183 12
34421185 34362389 56
34421188 34372371 72
34421202 34347490 48
34421204 34421206 81
34421208 34421210 18
34421211 34421213 44
34421214 34421216 67
34408410 34372945 55
34421217 34385041 23
34421224 9671743 71
34421313 34356002 12
34421334 34421337 92
34421339 34421341 55
34421343 34355982 40
34408114 34408117 88
34421360 34421362 22
34421363 34388510 18
34421365 34421367 84
34421368 34421369 84
34421392 9746041 95
34421523 34421528 75
34421547 34342966 44
34421558 34372371 29
34421609 34421613 46
34408199 32948711 1
34421619 34372945 21
34408105 34408112 40
34421627 34421630 59
34421641 9707157 48
34408032 34355078 28
34421823 29038673 8
34422059 34378543 79
34422228 34422232 85
34422324 34382986 68
34422480 34370828 30
34422681 34422684 76
34408080 34360057 87
34423113 34423114 72
34423387 34423390 33
34344568 34344575 29
34420385 9740109 91
34423484 34423487 81
34423576 34423580 3
34423615 15101362 17
34423743 9707132 37
34423750 34423751 87
34423943 9744433 89
34424091 34356002 67
34424410 9707157 63
34424606 34424610 42
34424694 34362191 76
34344459 34344461 57
34424757 34356084 22
34424769 34424773 57
34424805 9707157 64
34424953 15164621 62
34425046 34425048 28
34425152 34370828 95
34425171 34425174 81
34425311 34425314 23
34425350 34358803 26
34425414 34367594 76
34425944 34425947 38
34426018 34426022 62
34426229 34418939 5
34426345 34426347 100
34426350 34426352 28
34426488 32948711 1
34426557 34426559 42
34426839 34412635 100
34426898 34426901 9
34426962 34426964 38
34427019 34349156 9
34427161 9673987 47
34427164 9673977 84
34427522 34412749 96
34427680 34427684 58
34427742 34349286 51
34427995 34427997 37
34428168 34428171 6
34428450 23669309 95
34407753 34349156 68
34428707 9673977 25
34407822 15159178 80
34429968 34429970 47
34430265 9746041 41
34430294 15099761 25
34430398 34430400 40
34408241 24800868 84
34431443 34431446 59
34432558 34432560 53
34432690 2371505 27
34433139 9673889 37
34433191 34433193 72
34408210 15829541 41
34433534 34433535 20
34433740 34433744 83
34433777 9707082 95
34434121 34434124 48
34434354 34434356 52
34420344 34420346 47
34434375 32948437 71
34434398 34434401 2
34434412 34434413 37
34407682 34407685 69
34408362 34408365 88
34435403 34435406 31
34435426 34344053 70
34408130 34408132 35
34344231 34344233 45
34435438 34435441 86
34435453 34403533 12
34408450 34347675 42
34408478 32948433 29
34420349 30886518 4
34435518 34347672 41
34435519 34347672 95
34435725 32947820 39
34435726 34435728 99
34421777 34396111 44
34408212 34349178 3
34391326 34391333 63
34435911 34435913 78
34436080 34436082 92
34385984 34385987 7
34436272 34436274 81
34408388 9673889 48
34408331 34408333 91
34344436 34344444 77
34436425 34396761 98
34437327 34418690 80
34437350 34356049 80
34385030 34385038 94
34407635 34349216 67
34420321 34420324 6
34437783 34401912 67
34437784 30885523 63
34408280 34408284 66
34437931 34437933 11
34437943 34437946 71
34438000 34438003 32
34438044 34403557 37
34438056 34438059 52
34363631 34355952 12
34363710 34363712 6
34438137 34438139 60
34385044 34376627 1
34408563 34408565 33
34438255 34438258 42
34407845 34389044 38
34438324 34407685 88
34438333 34347804 88
34438344 34438347 64
34420362 34420365 38
34344202 34344209 10
34438360 34371788 68
34438408 34438410 10
34408297 34408300 21
34408120 34408122 90
34438439 34378543 3
34408303 34355487 54
34408054 34408053 35
34438460 735356 23
34438509 34438512 30
34407641 9672574 14
34438942 34438945 22
34439021 34403617 93
34407575 14934098 74
34439170 34409665 31
15159173 15159178 25
34420371 34420373 17
34408060 34408063 26
34407802 34407808 74
34386020 34363670 34
34347889 34347895 21
34439214 9741661 81
34439216 34439219 46
34344601 34344065 7
34439222 34418540 24
34408456 34408458 39
34439436 34439438 50
34439452 777927 2
34439456 34344430 59
34439460 34439463 56
34365479 34365483 2
34408153 34345753 60
34412632 34412638 99
34408171 34408173 84
34408347 9747669 50
34408019 34408022 64
34407646 34381622 75
34407832 34377009 82
34439661 34439665 81
34439662 34439665 27
34408505 29796243 59
34344472 34344478 74
34407583 34407586 58
34408225 34408228 87
34408231 34408228 71
34408493 34346041 18
34408452 34408454 98
34439908 34439911 30
34407546 15097825 16
34439945 34356196 75
34420399 34420401 94
34439971 34387211 59
34347678 32947820 3
34440005 9701680 79
34408545 34394437 94
34440639 34440640 45
34440687 34440690 33
34440714 34403908 63
34440716 34403908 35
34426249 34347937 96
34440724 34440727 57
34440725 34363833 98
34408237 34343206 62
34407810 34407813 21
34385051 34385053 62
34440738 34440741 93
34386003 34386007 63
34407562 34407567 85
34344489 34344491 57
34420411 34420414 33
34407496 34366568 74
34440883 34365732 47
34349207 34349211 5
34412659 34412664 57
34440940 34440942 38
34420332 34420338 55
8960889 8960916 81
34407953 34407957 75
34441016 34441020 15
34441017 34441020 79
34441069 34403912 4
34407669 34407673 25
34441112 34403928 56
34408250 34408254 4
34407676 34383286 88
34441200 34420624 37
34441361 34393715 13
34344406 34344396 91
34407730 34407736 58
34408221 34372945 71
34442014 34442018 29
34442087 34442090 97
34408190 34408193 52
34442117 34355487 8
9742360 9742366 65
34442123 34442126 71
34347278 34347281 48
34442186 34397247 47
9747864 9747873 46
34390644 34390648 52
34442204 33252004 50
34442210 15163776 74
34407976 34389391 8
34442342 34382898 92
34442497 34367740 3
34442582 34442585 47
34442594 34442596 16
34344421 34344425 32
34420428 34420432 3
34442803 9740404 37
34442839 14771179 3
34407597 34407594 61
34412651 34412656 14
34443148 34401912 70
34443151 32948423 8
34443156 34347038 50
34443158 34400762 53
34443180 34443182 24
34408608 34408610 91
34407657 34407660 74
34408071 34367679 21
34344219 34344224 77
34443374 34443377 69
34408548 34408551 49
14770711 14770720 79
34420404 34347825 23
34386584 34386586 74
34443459 34443461 83
34443558 34443560 19
34443559 34443563 32
34347268 34347272 5
34443605 34443609 3
34443774 15051282 17
34443832 34443833 62
34409433 34409436 75
34443918 34443919 88
34443922 34443923 91
34443925 34443930 49
34443926 34443933 1
34408468 34408473 58
34444071 34444073 91
34444095 34444098 55
34444173 34444174 94
34444175 14934098 97
34444227 34382746 53
34444258 9707147 66
34444263 9707147 14
34444276 34444278 19
34409411 735356 24
34444710 34444713 52
34444739 34444741 27
34445535 34445539 16
34445692 34438059 85
34446176 34355128 57
34446665 34442126 16
34447685 15051282 89
34447762 34357959 63
34447907 34383341 76
34448318 34397621 27
34448333 34448334 13
34449294 34449296 1
34449406 34449410 57
34449448 34344579 72
34450536 34407044 57
34450761 34418695 24
34450774 34450778 55
34450808 34450810 53
34451047 34451050 70
34451081 34451085 95
34451657 34370246 38
34451687 34383286 10
34452098 9707091 53
34453076 34388231 92
34344250 34344254 20
34454201 34344590 100
34454207 9707132 79
34455218 34455220 62
34455279 34349595 1
34455479 34343767 70
34455493 34378066 23
34455547 14771179 52
34455590 34455594 22
34455597 34455599 31
34455620 34343540 21
34455632 34455635 83
34455642 34455644 9
34455647 34455651 51
34455654 34418858 47
34455658 34358391 99
34455756 34455759 90
34455760 34344339 24
34455768 34363293 48
34455772 34455775 49
34455776 34455778 36
34455923 1059464 4
34455981 34387758 55
34455988 34455991 77
34455995 34385229 2
34455998 14771179 7
34456002 34456007 67
34456009 34456013 61
34456015 34456018 85
34456019 34456021 27
34456029 34456033 29
34456036 34385418 59
34456169 34370246 16
34456171 34347177 7
34456208 9673987 37
34456212 9673987 52
34456273 14763850 86
34456275 14763850 11
34456387 9740404 90
34456899 34456901 87
34456903 34456906 82
34456907 34343372 82
34456916 34403279 32
34456971 34358359 82
34456996 34456999 49
34457060 34457062 52
34457067 34457069 41
34457070 34457074 35
34457075 34457077 69
34457086 34355455 51
34457295 34457297 50
34457323 2371505 66
34457406 4484496 67
34457409 34418602 85
34457604 15159178 32
34457609 15159178 45
34457612 15159178 41
34457617 15159178 4
34457629 29796243 73
34457638 34376627 22
34457641 9672574 68
34457644 9672574 38
34457648 34457651 31
34457654 11644363 71
34457658 34393679 94
34457661 34373511 38
34457666 34403801 18
34457670 34403801 84
34457681 9672475 75
34457683 34345753 59
34457688 34355487 73
34457693 34457696 80
34457697 34457701 13
34457702 34342966 63
34457706 34356049 64
34457730 34344224 54
34457741 15159178 28
34457745 34344224 47
34457748 34344224 34
34457751 34344224 33
34457850 34457855 11
34457857 34420624 24
34457860 34457862 65
34457881 34457885 100
34457893 34455220 81
34457896 34455220 55
34457898 32947647 27
34457902 34457906 60
34457909 34457912 62
34457913 14771212 31
34457919 34457922 41
34457923 34415944 37
34457928 34457930 33
34457957 34457960 28
29049362 29049374 90
34458079 9673987 19
34458088 34387846 45
34458219 34360183 99
34458307 34352876 24
34458317 34458321 41
34458338 34458341 68
34458354 34403574 72
34458473 34458475 52
34458576 34458579 66
34458639 34458642 14
34458711 34458714 20
34458747 34458750 33
34458752 34344179 77
34458773 34458775 86
34458812 34458816 92
34458915 34458918 47
34458919 34458918 57
34459094 34459096 58
34459097 34459099 90
34459100 34459103 98
34459107 34403557 37
34459108 34459109 31
34459110 34459113 43
34459114 34459116 61
34459117 34459120 6
34459122 34459123 4
34459125 15050541 3
34459127 34459130 20
34459131 9746021 50
34459133 34459137 80
34459141 32947820 83
34459143 34459145 47
34459146 34407736 87
34459148 34459151 60
34459152 34459137 45
34459154 34459155 93
34459156 34459158 78
34459160 34459162 78
34459164 34459166 78
34459230 34459234 59
34459235 34459240 17
34459241 34387876 38
34459383 34402808 2
34459388 34397621 13
34459390 34420624 57
34459393 34459396 28
34459398 34459401 51
34459402 34459406 82
34459415 34344070 52
34459419 34344070 70
34459422 34344070 55
34459428 34403933 25
34459439 34459442 18
34459447 34403678 42
34459498 34459501 61
34459502 34459505 9
34459506 34427684 84
34459516 34390969 66
34459519 34459522 91
34459523 34404081 96
34459526 34459529 43
34459636 34459639 7
34459641 34459645 73
34459646 34459649 11
34459650 34459653 64
34459675 34459679 2
34459680 9740109 66
34459682 33163287 36
34459685 33163287 41
34459712 9673889 57
34459718 14934098 91
34459722 14934098 3
34459726 34459729 23
34459738 9744206 62
34459743 34459747 93
34459749 34459752 29
34459754 34459758 60
34459759 9744045 72
34459765 34459767 19
34459769 34459773 73
34459775 34351177 79
34459778 34459782 31
34459787 34459790 15
34459791 34459793 84
34459794 34383341 31
34459800 34459803 37
34459804 34459807 55
34459814 34459816 14
34459821 34373328 62
34459823 24800868 18
34459826 9707132 33
34459832 34418717 69
34459839 34459840 39
34459841 34459845 40
34459847 34390200 35
34459870 34459874 51
34459886 34408122 13
34459889 9745993 42
34459896 34459899 82
34459901 34459903 85
34459905 34459908 6
34459909 34459912 45
34459913 34459912 80
34459916 34459919 8
34459920 9707132 89
34459923 34459926 17
34459927 34459930 31
34459932 9678155 6
34459936 34459939 48
34459941 34459944 76
34459946 34388490 95
34459950 34459953 31
34459955 34459958 8
34459959 34385041 83
34459962 9701680 28
34459965 34459969 85
34459982 34459985 63
34459986 34459989 31
34459994 34459997 77
34460211 34460214 23
34460215 34460219 31
34460220 34460222 56
34460224 34380570 96
34460227 34460230 7
34460231 34418676 65
34460240 34404073 91
34460243 34385923 74
34460359 34460362 69
34460365 13307961 17
34460412 9746578 29
34460415 34460417 44
34460418 34460422 64
34460439 34459715 16
34460480 15097825 63
34460483 9673901 95
34460487 9673901 6
34460489 9673901 34
34460553 34460556 70
34460586 34444713 15
34460589 34344224 35
34460625 34403693 70
34460629 34460633 42
34460634 34367587 39
34460650 34344579 24
34460657 34347059 7
34460806 34460807 17
34460808 34372927 64
34460811 34342569 29
34460816 34387211 64
34460820 34387211 27
34460823 34419014 54
34460851 34460853 56
34460860 34460863 96
34461249 34461252 89
34461255 34461259 13
34461285 23668331 11
34461327 34461330 13
34461331 34461333 9
34461334 34458579 57
34461340 34461343 96
34461344 34423390 99
34461353 34441939 25
34461355 34461358 41
34461360 34461363 31
34461364 34461366 59
34461370 34461373 43
34461374 34461378 69
34461379 34461383 37
34461384 34461387 94
34461388 34461391 51
34461394 34461396 75
34461405 34461408 79
34461415 34461418 59
34461419 34461423 2
34461424 34461427 73
34461463 34461466 15
34461467 34345430 61
34461471 34461474 33
34461475 34461478 17
34461479 34461482 97
34461483 34444713 2
34461511 34408122 9
34461533 34345430 47
34461662 13367513 51
34461667 34461670 18
34461683 34461686 5
34461689 34461692 22
34461693 34461696 21
34461697 34461700 72
34461726 34461730 79
34461842 33158050 4
34461898 34461901 21
34462097 34462098 95
34462233 34421210 38
34462256 34365154 60
34462291 34409442 52
34462320 34419655 77
34462332 34462336 71
34462337 34462341 66
34462352 34403996 99
34462356 34462358 25
34462372 34462375 71
34462376 34462379 88
34462381 34462384 3
34462385 34462388 94
34462437 34462440 84
34462447 34344579 94
34462456 34363693 79
34462459 34462461 84
34462462 34347838 7
34462565 34462568 65
34462569 34462571 22
34462620 34462623 50
34462626 34462629 53
34462631 34462633 54
34462634 34462635 49
34462679 34355934 83
34463275 14971542 54
34463313 34463315 88
34463320 34463323 93
34463440 34366905 26
34463713 34393519 77
34344509 34344511 12
34463716 34418663 26
34463746 34463748 14
34463786 34344430 53
34463857 34463859 9
34464652 34464654 28
34464678 34464680 100
34464739 15167174 92
34465390 34381622 55
34465472 34347825 79
34465487 34465489 29
34465623 34465626 40
34465629 34465631 47
34465735 14934098 43
34465738 34465742 8
34465824 34465825 45
34466126 34466128 65
34466174 34466177 2
34466213 34383294 66
34466785 34466788 74
34466819 34403121 43
34466829 34466832 70
34466858 34408454 79
34466977 34466983 68
34467009 29038673 78
34467013 34467016 45
34467939 34467942 49
34467950 34385229 31
34467956 34363833 50
34468007 15158272 97
34468341 34468344 11
34468585 34356131 10
34468674 34468676 46
34468678 34468680 84
34468723 34468727 78
34469511 34356122 24
34469581 34403933 61
34469607 34351783 36
34469611 34372290 14
34469621 34469624 37
34469737 3834947 24
34469758 34469760 47
34469846 34469848 88
34469858 34419099 58
34469894 34469895 98
34469927 34418695 35
34470173 34399326 8
34471042 34356286 80
34471661 34471665 57
34471915 34471917 37
34471987 34382919 34
34472119 34344579 80
34472221 34380570 5
34472225 34408117 98
34472232 34472234 65
34472240 32948221 10
34472345 34472348 92
34472688 34365506 31
34472946 34472948 94
34473037 34347299 50
34473047 34473049 3
34473487 34403315 23
34473548 34369016 29
34473605 34352712 89
34473658 34473662 18
34473802 29038673 64
34473849 34383055 51
34473867 34352521 67
34473907 13321377 64
34473933 34473935 14
34473946 34473948 43
34474030 34474032 14
34474086 34347591 43
34474145 34397621 60
34474158 34474159 97
34474184 34395948 24
34474425 9741661 92
34474446 34474448 51
34474503 34474506 23
34474527 34474530 82
34474603 34403992 24
34474619 722821 81
34474663 15159178 9
34474725 34474727 72
34474748 32948433 89
34474764 34474766 36
34474835 34474836 19
34474848 34474849 15
34474911 14934098 7
34474976 34346202 42
34475008 34475010 47
34475136 34355934 98
34475236 4912331 26
34475247 23668178 6
34475536 33163299 100
34475691 34352521 100
34475786 34418695 20
34475988 34346023 80
34476295 15048591 33
34476298 34476300 40
34408043 34408046 44
34476497 34476499 21
34476717 34476719 76
34477122 34459767 28
34477160 34418559 59
34477214 34477215 67
34477224 34349156 98
34477268 34477271 59
34477354 34477357 67
34477381 34474032 36
34477634 34477637 26
34477716 34388671 41
34478106 34478110 40
34478376 34343767 78
34408394 34344575 46
34478441 34478443 56
34478468 34346192 47
34478630 9742501 89
34478694 34344396 85
34478861 34478864 54
34479290 34370828 30
34479504 9746849 24
34479557 34479559 58
34479775 9707091 62
34479823 34479825 99
34479896 34479898 62
34479905 14934098 16
34479908 15163776 30
34480159 34480161 70
34480162 34372290 34
34480201 34382898 66
34480255 34480256 77
34480303 735356 36
34480423 34369016 39
34480467 34346202 25
34480490 34369458 88
34480504 34347272 18
34480522 34480523 23
34480635 34480637 23
34480638 34459944 92
34480639 34480641 64
34480657 34442018 4
34480673 34440640 83
34481123 9723967 75
34481229 15051282 22
34481293 34474032 91
34481646 34390784 10
34481856 34481858 39
34481864 9673889 30
34481980 34481982 72
34482232 34436274 94
34482437 34345430 25
34482529 34482531 16
34482538 34482541 93
34483016 34483018 59
34483250 9740109 99
34483260 34342966 31
34483274 9746849 54
34483282 25160960 67
34483820 24800868 80
34483837 34483838 41
34484083 9744433 39
34484315 34484317 22
34484362 34347844 17
34484406 34484409 33
34484421 34484423 18
34484543 34342228 34
34484586 34386335 29
34484692 13321377 84
34484849 9673987 94
34484863 34484865 10
34484949 34484953 67
34485126 34459969 31
34485261 33163299 61
34485314 34485316 32
34485699 34370246 95
34485866 9707132 71
34485867 34485870 37
34486320 34380395 75
34486353 34403315 42
34486359 34462388 98
34486375 34486378 79
34486569 34486571 94
34487019 34356092 16
34487079 34347291 98
34487167 9707147 23
34487176 34460633 8
34487262 34356182 22
34487343 34372356 10
34487368 34487370 9
34487375 34457960 9
34487390 34487393 28
34487530 34403933 88
34487540 14763850 20
34487839 34380570 6
34487921 34487923 58
34487970 34487971 84
34487994 34442018 69
34488060 34404073 16
34488068 34488071 58
34488100 9707132 60
34488141 34431446 38
34488747 34488750 91
34489119 34356004 76
34489335 34489337 99
34489561 34489567 58
34489842 34489845 81
34489927 34489930 25
34490024 34490027 52
34490116 33163394 1
34490217 34344396 39
34490300 34389391 91
34490338 34490340 16
34490357 34490360 38
34490385 34346270 44
34490399 34490400 68
34490593 34459803 21
34490874 34490877 46
34490923 34351066 41
34491199 34401276 36
34491234 34349595 44
34491235 13314903 75
34491404 9673977 91
34491566 34369058 75
34491585 34491589 52
34491592 34491593 75
34491861 34351105 52
34491928 34491930 21
34492000 15048591 20
34492046 34492047 33
34492131 34355740 2
34492374 34344224 7
34492487 34492488 86
34492506 9741661 85
34492545 34442126 74
34492568 29796243 23
34492759 34492762 25
34493606 34360203 17
34493612 34493613 79
34493744 9746578 97
34493830 9746105 21
34493835 34418896 13
34493839 34365732 80
34493992 34493994 61
34493996 34352241 41
34494135 34494138 8
34494139 34494141 91
34494571 34418077 17
34494902 34421367 30
34494904 32948711 64
34494933 34494935 61
34495110 34380331 75
34495201 34495203 57
34495237 34495240 40
34495482 34372356 98
34495640 34382480 44
34495679 34495680 53
34495726 34495728 3
34496081 34496084 51
34496120 23669309 95
34496125 34347937 50
34496187 34403275 74
34496231 34496233 66
34496237 9707091 61
34496407 34496409 92
34496473 34496476 18
34497342 15159178 57
34497381 34497383 25
34497647 34497648 12
34497668 34497671 19
34497800 34497801 26
34497949 34497951 23
34497955 34459919 57
34498015 34404073 81
34498045 34360183 26
34498082 15026232 63
34498494 34498496 33
34499268 34499270 99
34499302 33163272 38
35055886 34455652 34
35056020 35056023 20
35056058 35056061 99
35056065 35056069 48
35056105 4920286 42
35056132 9745188 100
35056433 35056436 76
35057219 35057222 37
35057367 34459782 30
35057637 14934897 89
35057876 35057879 45
35058047 34352521 5
35058063 34408300 26
14770712 14770733 21
35058589 9745196 29
35058607 34473662 46
35058610 34345430 46
35058854 35058857 80
35059034 34418208 100
35059063 35056069 58
35059066 35059069 34
35059094 34367679 92
35059147 35059150 63
35059226 33136033 14
35059355 4920286 33
35060123 33149920 13
35060327 35060330 16
35060864 35060867 81
35060953 35060956 35
35061084 34347838 76
35061132 35061135 45
35061353 23668331 73
37059817 9672316 72
12176263 12176274 7
38588994 38588997 9
38641857 38641860 18
30167636 30167639 33
40010539 40010541 64
41700053 41700055 4
41700060 34356286 43
41700062 34344243 60
41700066 34372371 37
41700067 41700069 48
41700070 41700071 82
41700073 41700075 27
41700076 41700078 22
41700079 41700081 56
41700082 34367679 80
41700083 41700085 25
41700086 41700088 2
41700089 41700092 2
41700093 41700094 74
41700095 34380570 100
41700096 41700098 82
41700099 34406656 53
41700105 41700106 34
41700108 34367856 100
41700112 41700114 93
41700119 41700121 9
41700123 41700125 42
41700127 41700129 38
41700131 41700133 72
41700135 34412635 84
41700138 41700140 30
41700154 41700156 30
41700157 34380395 39
41700159 41700161 84
41700183 41700185 61
41700187 41700189 80
41700196 34375754 21
41700199 9748394 84
14770714 14770733 4
41700201 34491593 52
41700206 41700209 60
41700210 41700212 1
41700213 9746497 66
41700215 34485870 99
41700218 41700220 3
41700221 34344409 89
41700222 9707126 19
41700225 41700227 73
41700239 41700242 15
41700243 29038673 99
41700246 34348988 17
41700249 41700251 36
41700257 34344409 86
41700260 32948429 24
41700263 41700265 28
41700270 34346563 94
41700276 34466128 78
41700278 34367636 27
41700286 41700288 45
41700290 34424610 74
41700300 41700303 82
41700304 34490340 19
41700306 41700308 97
41700309 41700311 20
41700312 41700313 64
41700316 34376562 92
41700318 34376562 93
41700320 34347281 89
41700322 41700326 12
41700335 4912331 36
41700338 34408454 47
41700343 34345430 85
41700345 34367856 15
41700354 34356756 2
41700360 34363833 79
41700362 34408365 68
41700364 41700367 68
41700368 41700370 91
41700371 41700370 81
41700374 41700376 12
41700378 41700379 10
41700380 41700265 64
41700382 34437933 91
41700398 34397223 43
41700399 34344409 33
41700406 41700411 9
41700412 41700415 55
41700416 34344409 34
41700422 41700425 27
41700427 41700428 79
41700430 34352865 32
41700431 41700432 56
41700433 41700434 76
41700436 9745549 2
41700438 34418353 7
41700439 34367740 99
41700441 41700442 79
41700443 41700444 44
41700445 34347675 8
41700447 41700448 30
41700449 34419526 99
41700451 34403475 60
41700454 41700457 95
41700458 33136033 40
41700459 15167174 56
41700462 41700464 99
41700465 41700467 41
41700469 34382898 74
41700472 41700474 65
41700475 4484496 80
41700477 4484496 77
41700480 34355078 28
41700485 41700487 92
41700492 41700494 17
41700495 41700498 5
41700507 34352490 67
41700513 34363678 73
41700516 41700518 52
41700520 34344065 47
41700525 41700527 3
41700532 34448334 75
41700534 34367594 66
41700537 41700539 54
41700540 41700542 12
41700543 41700545 68
41700546 41700548 82
41700549 41700552 72
41700553 41700556 68
41700557 41700559 65
41700560 34363275 54
41700561 41700563 50
41700564 41700567 15
41700568 41700570 79
41700571 34356286 75
41700573 34367594 56
41700575 778010 50
41700578 41700581 55
41700584 9707106 30
41700591 34383294 16
41700601 34460230 27
41700603 41700605 68
41700606 41700608 86
41700609 41700611 77
41700613 34385987 54
41700622 34365641 33
41700624 34382746 21
41700640 41700642 37
41700661 41700664 9
41700665 41700668 91
41700673 41700677 34
41700679 34431446 3
41700681 34346059 30
41700683 41700685 67
41700686 41700689 51
41700691 34351177 14
41700693 41700695 73
41700696 41700699 3
41700700 34381622 94
41700704 9745188 31
41700711 41700714 69
41700716 41700718 27
41700719 41700721 34
41700722 34407445 73
41700725 34478443 13
41700728 34344590 69
41700731 33135868 35
41700733 41700736 69
41700737 41700608 15
41700739 9673987 2
41700746 41700749 10
41700753 41700755 72
41700756 41700760 98
41700764 34344409 60
41700780 41700781 10
41700782 41700785 21
41700801 41700802 77
41700805 41700807 93
41700826 41700829 100
41700832 34403912 64
41700858 41700861 40
41700864 14952244 84
41700869 33136033 57
41700871 41700873 44
41700880 41700883 84
41700884 41700887 99
41700888 41700890 64
41700891 34344461 72
41700902 4912331 62
41700905 41700907 29
41700909 34344855 56
41700910 34370246 47
41700912 41700914 74
41700916 34347685 90
41700917 34344409 25
41700918 34344409 68
41700919 9746012 15
41700924 41700926 7
41700927 41700928 88
41700929 41700931 46
41700932 34401912 94
41700935 34365641 70
41700936 34403771 41
41700939 34407685 51
41700942 34366905 88
41700945 35056069 63
41700951 34343767 1
41700953 41700955 30
41700956 41700958 8
41700959 41700962 66
41700964 41700967 52
41700968 34459958 21
41700976 34403571 83
41700978 41700980 69
41700983 41700984 73
41700985 41700986 12
41700987 41700718 76
41700989 34356143 37
41700990 41700993 48
41700995 41700997 13
41701001 34363670 71
41701003 41701005 27
41701007 34349156 30
41701009 41701011 24
41701013 41701015 86
41701017 41701019 6
41701021 41701023 98
41701024 41701025 44
41701027 41701029 11
41701030 41700457 22
41701032 41701036 51
41701037 41701041 71
41701042 34389146 73
41701044 34368561 32
41701046 34369458 31
41701049 34344233 34
41701116 34438945 9
41701129 41701131 96
41701133 34390074 78
41701141 41701143 46
41701147 41701149 97
41701151 41701153 77
41701157 41701160 48
41701161 41701163 60
41701179 9742501 66
41701183 41701184 29
41701192 41701194 75
41701200 34403928 38
41701202 15041062 99
41701206 41701207 13
41701209 41701211 24
41701213 34347717 76
41701216 41701218 82
41701221 41701222 91
41701223 41701225 43
41701226 41701228 35
41701229 41701231 98
41701232 41701234 63
41701235 41701237 18
41701238 41701241 90
41701242 41701244 8
41701245 41701247 75
41701248 34355740 93
41701250 41701252 47
41701253 41701254 49
41701257 34363275 99
41701259 34367670 37
41701262 9745196 90
41701265 34346059 50
41701268 41701270 36
41701272 41701274 49
41701275 34344409 75
41701279 34403912 24
41701287 9747669 45
41701293 34371788 55
41701295 34372371 21
41701297 41701299 63
41701300 41701301 53
41701311 34386335 60
41701313 13321377 49
41701314 34344209 19
41701316 34382919 79
41701319 41701322 74
41701323 34382898 54
41701326 41701160 67
41701329 34419451 71
41701331 41701334 11
41701335 41701338 4
41701341 41701342 23
41701344 41701346 7
41701349 41701353 42
41701357 34491593 13
41701359 34439665 47
41701361 41701363 96
41701364 41701365 69
41701368 41701371 22
41701372 33252004 90
41701375 34382480 8
41701378 34382480 38
41701381 41701383 97
41701384 34355880 83
41701387 34367594 95
41701391 41701394 74
41701395 41701397 37
41701400 34485870 91
41701413 34355893 25
41701416 34390200 48
41701419 9707091 31
41701422 41701423 75
41701425 41701429 16
41701430 41701433 20
41701434 41701436 18
41701437 41701441 30
41701442 41701445 11
41701446 34421166 62
41701449 41701450 85
41701452 34349156 20
41701454 34343767 99
41701456 34346059 27
41701457 41701458 36
41701460 41701462 43
41701464 41701467 60
41701468 41701469 90
41701471 34349216 43
41701480 34362187 28
41701482 15829541 55
41701483 41701485 17
41701487 41700997 26
41701490 34459758 58
41701492 41701494 58
41701496 34396158 10
41701498 41701500 97
41701502 41701504 63
41701505 41701467 23
41701508 41701510 10
41701512 34344409 14
41701514 34344430 24
41701517 41700432 6
41701526 13321377 63
41701527 34406998 87
41701530 41701532 86
41701533 33136033 86
41701537 41701539 4
41701546 34363670 39
41701548 41701550 34
41701564 9744106 36
41701581 34385041 70
32948419 32948443 85
41701582 41701584 47
41701585 34346041 84
41701595 34491593 89
41701600 15041062 51
41701604 34363670 52
41701607 41701610 50
41701613 34421362 32
41701616 41701619 75
41701628 34421362 14
41701630 41701633 90
41701642 41701644 28
41701645 34367670 27
41701651 41701653 5
41701655 34403574 9
41701661 41701663 82
41701665 32948433 70
41701666 41700288 97
41701668 34356143 33
41701679 14770733 2
41701683 9707132 36
41701686 34346191 58
41701690 41701692 40
41701699 41701702 8
41701705 41701708 92
41701709 41701711 93
41701712 41701714 29
41701715 41701717 10
41701719 41700926 65
41701721 41701723 84
41701726 41701727 36
41701729 41701732 66
41701733 34438003 99
41701736 41701738 43
41701742 34389088 33
41701748 41701749 94
41701750 41701753 92
41701754 41701756 97
41701757 34381896 33
41701758 34408254 83
41701761 41701764 66
41701766 41701768 10
41701769 41701770 16
41701772 34403813 99
41701778 41701780 91
41701781 41701784 92
41701785 34408601 35
41701788 34408601 28
41701793 41701795 6
41701796 41701797 50
41701803 41701806 13
41701807 34347658 36
41701808 34418208 93
41701813 34419526 83
41701819 4912331 38
41701822 41701824 22
41701826 34408254 100
41701830 41701832 3
41701834 41701837 60
41701839 34408122 90
41701841 34431446 79
41701844 9742363 59
41701846 41701849 34
41701850 41701852 52
41731786 34418663 6
41731806 41731810 89
41731813 34346306 51
41731816 41701342 81
41731818 41731821 87
41731822 34355740 35
41731826 41731829 43
41731835 34367636 72
41731837 9672316 71
41731841 34355880 44
41731849 34369912 35
41731856 41731859 69
41731862 34458714 99
41731867 41731870 23
41731871 35056061 39
41731878 41731880 48
41731887 33142115 29
41731903 9672316 94
41731917 34368795 86
41731924 41731927 45
41731936 41701343 1
41731958 34407685 88
41731996 34408203 40
41732019 34344396 100
41732021 34344409 45
41732023 33252004 18
41732041 33252004 36
41732044 33142115 61
41732105 41732108 70
41732114 41732116 32
41732123 41732125 60
41732128 41732131 9
41732133 34347741 88
41732136 34390200 57
41732150 34346202 75
41732159 34346041 62
41732162 41732164 6
41732165 33252004 43
41732169 41732171 50
41732176 34369016 64
41732183 41732186 86
41732187 34388490 71
41732189 9740404 40
41732200 41732202 100
41732206 34474032 95
41732209 41732213 11
41732215 41732217 94
41732219 9742501 52
41732223 41732225 33
41732226 41732229 91
41732231 34351045 35
41732234 34382480 7
41732260 41732261 34
41732278 34421362 39
41732301 41732302 71
41732343 9746578 93
41732436 14766865 13
41732450 41732451 89
41732470 41732471 73
41732477 41732478 63
41732488 41732489 9
41732577 41732579 50
41732582 34347793 21
41732590 41732593 3
41732596 41732598 28
41732603 4484496 77
41732608 34424610 42
41732611 34382898 61
41732621 9746578 80
41732623 34351357 54
41732625 34367594 38
41732628 41732630 66
41732631 41732634 69
41732635 41732638 56
41732641 34382898 84
41732643 34403410 94
41732649 41732651 68
41732653 41732654 5
41732655 34389391 23
41732662 41732665 47
41732667 9723967 32
41732676 34382898 62
41732680 34412012 85
41732684 34460219 55
41732688 41732691 87
41732692 41732694 14
41732697 41700370 74
41732737 41732739 77
41732744 34367654 95
41732752 9746243 50
41732757 34349812 88
41732763 34351357 45
41732765 9701680 92
41732864 41732866 64
41732973 41732976 91
41733025 41733027 92
41733058 34403813 34
41733077 41733079 13
41733085 34403497 1
41733105 34347038 34
41733182 34351177 93
41733190 34343372 68
41733360 34344233 35
41733380 34363833 61
41733510 41733513 60
41733518 12176274 16
41733529 34419099 7
41733533 33163272 78
41733546 34347710 55
41733548 9746497 18
41733554 34345430 3
41733557 34344396 85
41733578 41733580 41
41733591 9701680 40
41733592 9742366 77
41733594 34369351 76
41733597 34388231 26
41733599 41733601 48
41733633 9721025 14
41733653 41733655 61
41733661 34416729 26
41733682 34490027 88
41733706 41733708 14
41733791 41733794 81
41733894 15026232 6
41733904 34369016 49
41733956 41733958 52
41733963 41733965 15
41733988 41733990 53
41734002 9672316 42
41734004 9707132 6
41734035 9745178 89
41734039 34380395 69
41734122 34347059 62
41734211 9672316 76
41734216 34382898 65
41734219 34403410 54
41734221 41734224 41
41734235 41734238 70
41734239 34343767 72
41734242 41734244 61
41734245 34356725 90
41734247 41734250 49
41734251 41734253 65
41734254 41734256 87
41734260 41734263 58
41734264 34347326 94
41734266 34347272 42
41734272 34355740 80
41734276 41734263 23
41734281 34359596 58
41734285 41734287 51
41734288 34352865 32
41734298 41734300 74
41734496 34403813 6
41734633 41734636 39
41734762 41700997 41
41734857 34347208 91
41734943 34347059 53
41734965 34365489 96
41734967 33142115 57
41734989 41734993 57
41735022 41735023 23
41735051 34407685 67
41735119 34363719 64
41735163 34378543 42
41735168 41735170 49
41735197 41735199 11
41735235 13314903 11
41735261 34408601 47
41735275 41700997 9
41735277 34352521 100
41735285 34487393 62
41735295 9745178 67
41735297 41735299 38
41735309 34344055 8
45106253 9673977 60
45986931 41701365 99
48113232 41732225 11
48113233 48113235 30
48113236 48113238 45
48113239 34422684 21
48113242 41701005 36
48113243 48113244 32
48113245 48113246 17
48113247 9746243 95
48113249 48113250 85
48113253 34360152 99
48113256 48113258 83
48113260 34375033 100
48113261 48113262 89
48113264 48113267 57
48113268 34349812 25
48113270 9746012 19
48113272 34356227 87
48113274 48113276 26
48113277 48113279 94
48113280 48113282 1
48113284 48113286 79
48113289 48113291 18
48113293 34418695 100
48113295 34418695 23
48113297 48113300 44
48113302 34461408 37
48113305 48113307 71
48113308 15026232 59
48113310 34403315 29
48113312 41731810 61
48113314 34462461 83
48113316 34347883 66
48113318 48113320 61
48113321 48113323 39
48113324 48113325 100
48113326 34367581 33
48113329 41733965 10
48113332 34343767 29
48113334 9746012 83
48113336 34459944 22
48113338 34368764 92
48113340 48113342 40
48113343 41701451 20
48113345 48113347 71
48113348 48113350 6
48113351 34380570 86
48113355 48113357 94
48113359 4912331 56
48113362 34421167 16
48113364 48113366 50
48113368 48113370 22
48113371 48113373 53
48113374 48113376 99
48113378 48113380 26
48113381 9707157 96
48113384 34412012 38
48113386 33163299 70
48113389 34346041 32
48113392 48113394 4
48113396 9721025 68
48113399 48113401 61
48113402 48113404 37
48113405 9748394 7
48113407 34347281 97
48113409 48113411 32
48113412 15152939 50
48113414 34408117 88
48113416 48113418 61
48113420 48113422 42
48113423 34462623 79
48113425 48113427 22
48113428 48113430 80
48113431 15158272 52
48113433 34363719 52
48113436 15064491 24
48113438 48113441 28
48113443 34359596 26
48113445 48113447 94
48113448 48113450 4
48113452 48113454 20
48113455 48113456 83
48113457 48113460 51
48113462 34403928 39
48113464 48113466 16
48113467 48113469 87
48113471 48113473 28
48113474 48113476 30
48113477 34347054 20
48113479 41731821 54
48113481 48113483 16
48113484 48113486 40
48113488 48113490 62
48113491 34403992 90
48113493 34343540 78
48113495 48113497 95
48113498 10148269 73
48113501 48113503 4
48113506 48113508 56
48113509 48113511 97
48113513 48113515 74
48113517 48113519 71
48113520 48113522 22
48113523 48113525 64
48113526 48113528 34
48113530 34350891 47
48113531 48113532 53
48113533 9745188 10
48113535 34355740 91
48113537 32948711 27
48113540 9673949 95
48113543 48113545 78
48113546 34367654 17
48113548 34356262 70
48113550 34345430 94
48113552 48113554 10
48113556 34403779 80
48113558 48113560 4
48113561 48113563 65
48113564 48113567 66
48113568 48113570 61
48113571 34407660 28
48113573 48113575 84
48113577 41700457 75
48113583 48113585 86
48113586 34380395 57
48113588 4912331 71
48113591 48113593 27
48113594 34393113 73
48113596 9707126 6
48113599 34349156 66
48113601 48113603 79
48113604 34344195 81
48113606 34356286 8
48113607 34395667 82
48113609 48113611 23
48113612 34389391 39
48113614 48113616 35
48113617 48113620 15
48113621 48113623 45
48113624 34372945 41
48113626 34352490 26
48113628 41701163 1
48113630 48113632 22
48113633 34491593 82
48113635 15064491 43
48113637 48113639 50
48113642 48113645 88
48113646 48113648 23
48113651 48113653 91
48113656 9748394 8
48113657 34362288 63
48113664 9748305 93
48113666 9748305 16
48113667 9748305 59
48113668 9748305 37
48113669 9748305 57
48113670 777927 53
48113701 33252004 90
48113703 33163370 8
49364240 49364242 37
49364245 9729970 37
49364247 34349041 2
49364249 34458714 9
49364251 34459803 62
49364253 48113267 14
49364255 15167174 15
49364257 34403775 71
49364259 49364260 98
49364263 49364264 49
49364265 49364266 99
49364268 34479559 89
49364290 49364291 95
49364292 9746849 30
49364299 41732976 7
49364300 34407736 84
49364301 9746849 86
49364306 49364307 86
49364312 49364313 55
49364317 34418170 33
49364328 49364329 99
49364333 49364334 74
49364336 41700608 18
49364358 49364359 63
49364360 29038673 59
49364363 9745196 80
49364365 48113320 76
49364378 34349237 71
49364381 34394437 47
49364382 49364384 65
49364386 49364387 58
49364392 49364393 17
49364394 14934897 62
49364396 34458714 15
49364397 34356004 68
49364399 41732116 9
49364400 49364401 69
49364402 49364401 10
49364404 49364405 17
49364407 49364408 49
49364431 9673987 15
49364433 49364434 22
49364442 14971074 3
49364444 34352865 61
49364445 49364446 56
49364447 49364448 14
49364449 49364450 47
49364451 34349216 45
49364452 34362134 48
49364453 34351783 54
49364455 49364456 14
49364460 34347054 19
49364463 34344409 47
49364466 34397897 46
49364483 49364484 63
49419659 49419661 50
49419662 30885523 66
49419663 34344396 37
49419664 41734263 7
49419665 29038673 15
49419666 49419667 90
49419668 49419669 75
49419670 49419671 57
49419672 34358475 63
49419673 34394437 81
49419681 9740404 89
49419685 34372356 19
49419686 34344842 74
49419690 3036418 98
49419691 34358803 72
49419692 49419693 88
49419696 9673987 64
49419698 34360203 8
49419699 34347591 5
49419700 34360057 2
49419704 34364820 56
49419705 34420346 59
49419706 24800868 16
49419710 34367670 63
49419712 34347281 4
49419714 4912331 100
49419717 48113286 95
49419718 4920286 65
49419721 34370246 33
49419726 34355740 90
49419728 34352865 8
