5413 47289 66
23743 126094 24
68990 257922 74
511866 188927 60
36964 147840 90
8321 64196 26
206348 616157 55
64242 77996 48
372791 77996 74
8322 64252 11
8322 64407 24
833101 1643548 76
66283 254225 54
92486 314412 30
25331 25333 24
59033 75543 96
470113 78070 44
423974 1066047 90
17225 73415 72
754281 1535093 35
10215766 10215768 81
10215787 10210977 86
4272702 4133043 44
62471 244110 87
66228 254112 63
303585 303671 81
238785 726234 77
250664 741840 81
1133000 2004643 57
88405 303678 97
303745 833240 36
250594 741636 56
43288 180106 74
271646 366770 36
522265 1227201 86
433378 1079933 90
1351376 2225536 80
2711682 3305913 59
2711682 3305914 68
270936 75998 34
270937 271581 9
421447 58881 7
1291436 1291480 24
65299 250681 42
1661917 336864 49
843101 1653837 62
238758 36561 36
467767 153487 19
610339 203347 61
65301 47654 88
711603 1470104 6
1661906 2393159 42
1661907 2393159 22
689400 522613 68
1661918 2393159 68
716470 1475425 81
258981 753789 38
753861 1534722 39
85034 291263 71
85035 186866 27
85036 291288 30
3178042 3642098 68
1227219 2105851 36
847844 1661905 44
2622094 3250215 35
10239623 10239627 90
149740 59363 57
17235 88403 90
85264 148392 65
16596 56290 39
17237 88481 92
147738 36825 39
147738 147741 80
450126 1106602 36
457004 1118531 87
144766 153478 26
144766 456810 32
69532 258960 74
833075 303671 42
180108 303671 49
88407 303746 7
60996 241167 57
36561 2395 75
64629 248943 79
37907 154489 9
8326 64709 4
46258 199232 20
66120 253816 21
66286 254248 36
250826 742131 27
250826 742139 79
1336247 1178484 51
156934 495405 1
4257155 4109127 47
43164 179176 48
179063 549387 46
179160 147889 34
549629 1272475 88
139833 434833 6
249059 466368 96
45641 196719 79
139835 434866 52
148427 467832 58
17240 88518 27
80395 279707 30
279709 786926 90
702727 1460537 66
732662 702683 41
62479 46063 5
37537 152192 69
309341 8326 84
145662 65211 19
549630 466368 89
248940 739375 79
65309 250766 36
65309 37497 48
235077 370129 95
199181 597534 92
247497 736930 100
64256 247558 37
36820 146945 14
8328 64836 3
133083 420796 97
133085 250225 77
246935 949 15
134563 423720 90
66129 253921 50
66130 253928 18
253818 747947 82
747949 1527982 83
253759 747791 10
253760 747791 57
66468 255163 25
253769 204223 51
253773 78376 78
253776 161525 39
66135 253975 10
66136 66595 41
62480 244254 95
244200 732518 56
67683 256286 12
17241 88551 54
62482 67225 31
143094 449980 16
143094 449983 77
143094 449984 14
64265 177360 28
62483 244332 100
147146 464535 82
265251 764375 6
17242 88600 77
69534 259010 8
17243 88634 34
1227755 1079933 41
47514 74553 28
144769 456863 47
139836 434892 90
62484 244411 32
17246 88674 30
576396 1292204 98
89224 305190 1
268909 75543 79
304933 72841 93
421945 1062126 45
1109224 1981308 4
232802 713140 5
268656 135078 16
72931 257549 23
250765 741922 25
55897 230208 52
17248 88742 21
129752 244439 14
58597 238620 39
58597 153787 87
75034 269253 52
17251 88774 7
64636 249215 99
17252 88786 7
13559 76848 25
2856065 2106300 88
233923 716493 86
11680 2374 18
62486 2400 70
62486 244439 83
62486 244440 62
1293170 128334 2
17253 88844 23
248944 570177 25
58600 238759 24
64643 249460 92
37771 153787 100
311661 59363 1
134457 7573 78
38005 153787 81
17255 85421 3
37035 148518 81
69300 258256 29
268484 770649 77
64037 246945 96
64037 247018 46
17257 88913 57
37342 150864 84
17951 90632 89
1505076 1485147 70
13275733 135078 97
64273 248038 17
12197 74553 62
64164 247248 71
42856 177360 99
1064225 1330435 23
150028 62217 61
840807 1652113 52
13280101 2229226 84
732596 1504013 72
4107482 4256106 54
410275 1047163 73
422904 1064231 42
64038 146945 9
90965 309488 86
62489 244486 28
73499 11911 80
40822 169020 60
74490 268599 25
2616641 2616634 25
62490 244487 8
711357 1469757 33
82526 88774 9
217361 155514 87
46200 198857 67
271369 774848 37
3946886 4148115 75
64040 146945 41
58602 58881 57
153764 151701 89
153764 154001 28
153764 180674 75
153764 37775 34
62491 62483 35
617322 268971 65
80025 161525 32
1062138 1062126 33
268939 75543 14
1127011 1104995 97
850834 768365 29
62493 924 61
93223 317636 46
93223 317640 17
233653 715955 65
69537 259039 41
1064227 1926531 32
739727 65211 51
59040 239362 38
74700 268911 34
198339 135508 39
130694 29115 80
76271 271422 36
36660 2993 37
1804427 2616634 73
421947 186651 25
3627825 3946890 9
207219 618084 68
76883 130278 54
258985 90632 90
1928198 2705364 98
139838 434911 48
85039 291291 73
85039 291309 81
3301300 2708840 68
64279 146945 19
575700 1291454 17
165385 518728 97
261111 757541 100
64894 250186 72
13565 77037 76
575701 1291465 24
111605 366860 36
268682 770761 41
268682 770762 40
279712 488108 82
85040 291354 6
85040 291355 74
266141 765663 97
1079929 1941278 40
314391 850491 87
165386 270094 85
61000 241167 16
4148113 4282957 58
273549 778511 44
64280 147864 48
4033393 2105839 22
595296 1330435 91
2729641 2229226 19
177465 546710 70
148494 148518 57
840810 58881 79
74702 924 19
64649 249529 23
1475481 1475480 54
253823 747979 29
244299 575869 96
258986 753818 1
153766 948 71
268486 268611 6
154484 487753 6
4116600 1923845 91
146950 463917 28
1330388 268971 76
1227757 522771 36
74703 268971 13
59042 77477 3
153767 151323 22
40015 40269 13
62497 244533 14
472923 1062126 65
178293 548125 9
850490 1665294 71
729467 730049 86
4423863 4468400 19
456829 1118293 54
1461343 58881 33
3977666 4167791 43
149953 472630 17
148248 467100 49
153768 148518 41
69538 259048 88
280708 788597 88
595299 135508 66
268683 770773 5
56364 56361 22
207220 618093 57
268504 770661 62
163521 182024 71
1064231 135508 20
154608 488108 94
273579 778539 61
153770 148518 54
17266 89050 96
1219772 2096432 47
2941451 2203337 26
5019222 5019243 8
163523 513974 94
13526629 13526632 18
840813 1652166 7
2708842 3303714 29
1461363 2331395 86
1461363 2331396 38
3303704 3729197 87
3727662 4006725 51
840815 1652177 91
165389 518807 58
148779 469345 33
2714581 3307649 12
5019270 5019273 92
840817 1652182 35
1652183 2494795 78
13526352 13526350 40
1652184 2494797 76
840771 1652081 52
2494725 3166213 17
840772 1652086 47
1115403 1987304 57
308078 469346 4
840821 1652193 6
13526358 13526362 23
840822 1652200 18
139839 434929 50
139840 434942 83
309460 843072 64
2885800 274298 31
19721 111933 60
17269 89065 27
468751 1136600 25
13494224 13494230 16
4301026 4173707 21
62500 244487 83
708240 1466920 31
85044 291373 22
271371 56290 56
1611883 2461642 50
47282 203193 85
754187 259362 88
15031285 15031294 55
64658 249591 63
258987 753868 84
533491 533496 44
449981 1106342 65
1118510 1990086 55
4202422 4317827 45
64663 249609 14
775242 1560128 94
1064233 1109517 57
834640 304696 61
85046 291390 33
964506 1804466 83
964507 1804466 91
258988 381223 20
1444441 2312772 58
271373 774888 33
85047 291412 9
753825 1534622 53
753826 1534640 47
258990 753893 31
753827 1534643 55
69549 259086 37
4270156 4360989 8
291615 810069 63
291616 291373 60
304515 67225 33
88547 304028 89
147835 110154 23
74443 268528 72
291268 85035 17
147741 466028 56
786925 1573881 89
434827 1082211 4
4397 44058 13
549726 1272644 22
147836 466233 60
232880 713552 90
303908 833410 35
179170 549747 24
204389 269253 96
10215768 10215770 46
10215768 10215773 64
144779 456917 36
144779 456918 2
4149395 3949240 37
981523 786743 93
36911 147747 50
304521 834300 95
1272476 2148131 92
434831 139833 58
1272477 1979522 48
131307 417732 23
549351 1272166 44
3156564 1923845 50
1929324 135078 79
69552 259090 23
69556 259162 65
713426 143673 24
69562 211734 32
143673 452110 68
718676 1478127 93
88409 303760 56
1163069 485363 74
1163068 485357 100
1163101 485369 8
1162999 485346 9
1163075 485360 3
1163080 485365 85
1163037 485348 62
29718210 593161 84
2986278 2174161 46
4240449 4344692 66
3502377 2986241 70
2986228 1327825 84
2986229 1327825 16
2266388 1327825 70
2986280 2985821 6
3859985 4090938 56
3860358 2266317 4
2986232 3502345 94
2266448 1392771 68
3502382 2174161 3
3502383 2985767 77
3502385 3860365 54
2986274 1392771 46
2266390 2986234 24
3501921 2986292 15
3470606 1327825 36
3470605 1327825 89
4091074 2986204 80
3860359 4091108 64
3843499 2199651 26
4547838 1327825 72
2266391 1392771 68
238414 238412 66
78802 277266 29
36993 148249 56
1503252 2367133 75
10240788 10240791 2
7939270 88774 65
17294 89208 37
1469755 2338729 62
10216148 10216160 15
291190 809439 48
291190 809440 15
1923865 727005 26
1923865 239552 96
3627827 1923845 62
1163039 156791 32
76984 150461 15
246957 736402 86
485346 1162999 91
1472195 1472254 50
134128 134200 52
13280104 157135 50
753324 1534304 33
85054 291459 78
15114824 15114834 98
10217142 10217155 54
4423867 4468435 48
4502843 4529605 37
4502843 4529606 47
10217093 10217123 66
85055 291475 61
711361 1469780 88
233929 716567 82
10218027 10218051 30
62514 244605 69
2007525 1537692 7
472928 1062126 56
207152 618028 13
69579 259344 82
111937 90632 33
1291438 2168628 92
3627828 1923845 98
366764 964812 92
2201950 268971 91
472625 472630 19
2428332 727005 60
2428332 3112348 88
268975 771322 62
472627 472630 54
485347 2437 26
254025 46324 1
257910 69111 75
432506 1078462 6
14589336 14589340 52
711364 775390 78
3946894 753425 45
3799266 4048233 76
1064253 135508 41
258260 258264 85
1923838 1062126 66
155576 491716 85
1064255 1330435 64
775385 271650 100
1219569 2096232 75
491490 268971 56
468114 468397 80
485348 1163037 13
485348 1163038 78
64305 248314 68
88874 274298 95
58619 238852 26
181907 78326 35
163533 514004 31
144789 456970 100
111938 367327 26
69582 259362 14
31176683 753425 84
240313 728013 51
615221 1353566 82
144791 457006 22
3410109 3799323 87
65325 250882 38
4133043 3925444 70
711365 1469809 26
144792 450616 90
2503518 3172108 73
249252 740171 49
82531 284967 38
90640 90632 8
58620 238859 15
76892 273589 73
76892 273590 5
144794 42526 84
58621 238861 67
139856 155998 81
85056 291485 91
4423868 4468444 65
89303 274298 47
3949232 303550 78
10240753 10240744 48
69583 259373 100
78804 277279 78
17299 89237 44
17300 89242 32
4029787 4200640 24
238765 726182 8
17306 89282 34
772717 153787 94
13231627 2014881 56
1291443 1067476 41
1356129 2229226 50
424929 1067476 44
1356130 2229234 44
4901379 2699872 27
2201951 268971 58
258261 753425 40
268944 75543 18
491413 491716 77
1804429 367028 76
472628 472630 4
111940 367028 90
595306 1330435 41
491495 1172679 98
148750 469300 1
148750 469301 20
1926701 135508 35
4901357 2699872 31
410654 146945 83
1143802 2014881 65
468117 1135839 39
1172631 2045290 93
772719 153787 67
491415 491716 22
69586 259390 68
180964 553146 44
111941 90632 9
518735 1219660 40
485274 151701 32
485274 154001 75
485274 151323 56
74721 69111 21
148716 939 72
165406 153787 79
30001463 491716 52
153783 485579 91
716482 1475480 92
1275806 2152629 92
2229228 2229226 14
1534772 90632 46
1356133 2229226 34
148515 468397 15
155600 492140 80
163888 514879 27
1959013 2729861 23
13268240 261435 40
78805 277297 11
238696 725938 21
66154 254042 97
153784 485624 86
250666 741868 1
250666 741869 19
1064278 1062126 9
257218 752250 23
258996 753916 64
964517 1804505 9
271378 774894 74
31768005 10233827 61
10240433 10240439 49
233934 233923 25
47548 204881 22
305005 313159 34
204401 612483 14
170885 527278 52
17313 89313 27
111943 367379 49
964521 19710 54
36995 37009 59
32693072 10215131 85
32706117 32706119 100
154338 487501 61
32839440 484613 17
88345 303584 56
88346 303598 57
244738 733316 46
88414 303769 16
147843 37907 33
66415 255096 12
1644511 88742 66
62521 244643 1
62521 244647 94
1503867 2367590 12
244926 733434 58
303622 833134 65
304347 833927 16
62525 244411 8
241717 128334 78
244319 161525 3
62526 244665 68
1503868 2367593 96
303623 833138 95
732546 1503963 98
732523 1503863 31
154339 487502 32
154340 487509 83
303376 707264 35
62529 244668 7
833974 646010 7
69599 259452 37
733261 1274959 46
244671 733222 37
67685 256303 75
88721 304449 12
1503870 2367629 44
1503917 2367695 59
732524 1503866 67
244690 733252 21
17320 89369 100
244644 733166 18
241910 131088 22
88351 303661 96
32946095 28199847 19
62536 244705 81
770665 1351933 17
65330 250887 28
32944684 1816580 72
244693 733259 80
244645 733180 94
62538 244720 6
2001992 2770312 70
62539 244721 44
1118610 1990180 90
466230 1133000 6
145470 459184 71
1163162 2034806 72
732572 1503980 22
2419810 291542 18
10216581 244411 85
66159 254059 19
33109104 1482020 35
33109104 239507 26
33109104 726949 17
771233 1553824 70
59062 239507 25
59062 239508 93
713144 771256 75
713145 771256 56
771234 1553825 20
1472314 713302 73
2414062 3101858 55
1465103 32320 57
1472221 2340854 55
3101851 1553876 15
713146 1472205 32
232808 713286 97
713242 1472367 64
33126045 13395380 38
713243 1472368 9
3095200 3581126 47
232809 713289 98
2414050 2414031 14
2340862 32320 79
1472333 2340889 36
1472334 1472254 48
1472273 1554346 14
1472274 1472254 5
713244 1472373 61
1472275 1472367 9
2414051 1553876 80
33126121 771281 97
1553859 1553877 12
33126125 1472367 85
1472222 2340855 68
2340801 1472270 98
13395376 13395380 60
2340863 32320 19
1553860 1553852 43
713290 713292 74
753017 244487 44
713147 1472206 72
2340802 771281 89
1553861 1553852 16
2414052 2414045 63
2414063 2340855 19
2414053 2414031 70
2340864 2340855 56
713299 1472368 71
33126183 1504418 58
2340930 32320 34
2340803 3039999 24
1472399 1472386 68
2340910 1472367 51
2340804 2340900 78
713245 1472374 67
2340805 1472270 47
1472375 2340876 38
268947 771231 6
2334653 3035828 11
1465104 713292 76
33126649 32320 24
33126678 713302 24
1544799 2405280 85
713148 1472210 97
2405268 3094435 52
268949 771256 2
2414064 1553825 90
713246 1472381 38
713247 1472383 13
713248 1472386 43
713249 1472368 86
1472276 2340905 100
2340806 2340844 61
232810 713292 54
1472335 1472270 92
2340807 2340837 84
1472387 1472243 72
257913 753011 28
257914 753011 64
761526 11189 4
771262 1553858 92
33130079 33127240 65
33130079 31140215 70
3040028 1472270 46
232811 713302 54
771263 1553876 60
33130123 56567 5
1472400 2341029 49
1472419 1472367 78
1465106 2334656 5
2414065 3101858 7
713149 1472216 78
713250 1472391 62
33130134 771281 52
713150 1472239 8
1472278 1554346 28
1472208 1472254 15
1472223 2340856 78
713251 1472391 56
2414038 1553852 43
2414038 1553849 68
33130194 33130195 44
3040073 1472367 82
2405265 1472253 66
3040043 3543435 31
2340838 771281 12
1472279 2340909 3
2340865 32320 61
3101841 1553852 61
3917758 1553876 56
2340942 2340900 5
232812 713286 48
713153 1472243 21
33130391 33130392 42
1472315 2340938 18
33130494 10408715 32
33130505 1504418 38
232813 713302 51
33130594 771281 21
761527 1544796 86
761527 1544797 6
1534074 244487 18
771236 1553827 13
33130675 1112993 99
10408698 10408714 43
713160 1472253 94
59063 239511 72
257916 257922 77
10408700 10408715 38
1553863 2414045 70
33130866 257922 40
2414066 2414031 39
33130912 1553878 81
33130930 33130818 6
239434 726940 70
10215991 10215994 40
10408701 10408715 92
33131034 33126188 65
59065 239511 89
33131187 13439303 31
1472431 713302 60
1472337 1472270 21
1544782 2405262 46
33131355 33131356 19
2414041 1553852 12
59066 239512 42
1472402 1472386 90
713167 1472253 35
33131507 69111 64
753018 1504418 23
753018 753011 98
33131581 2340939 26
33131593 1472253 63
1472209 1472254 78
33126650 32320 92
33131744 1472367 39
2340927 1472254 23
33130097 771287 58
1472284 1554346 75
33131950 1472253 98
1472318 713302 60
3040069 1472367 83
33131963 771281 49
33131976 33130990 75
33131989 32320 30
33132016 3101868 62
713169 1472254 33
2340915 1472367 93
2405266 3094434 91
10408703 10408715 88
33132074 1472253 23
59068 239514 78
1472199 771256 60
239484 726941 19
33132465 33126662 31
59070 239511 31
1465108 32320 47
1465109 32320 73
33132576 10215995 30
33132626 33131751 12
257920 244487 83
33132732 33132733 41
2414054 2414031 69
713255 1472374 36
33126651 32320 10
33132845 33132846 1
1472395 713292 61
1553874 2414045 80
1553875 2414083 92
33133084 1553876 80
2340815 771281 3
33133133 10191996 87
10408704 10408714 72
33133232 1472216 14
752994 244487 4
59071 239511 99
2340878 1472425 51
1472245 713302 83
1465110 32320 77
1495816 2360924 46
713175 1472257 96
771276 771231 4
33133464 1504419 87
268952 771258 35
56567 232805 69
713176 1472258 42
33126213 1472270 27
1472291 1472391 34
239381 726904 47
4148181 753425 47
1356134 2229328 89
65332 78072 28
59072 77477 60
468060 948 70
782795 727005 72
64314 77996 34
31177180 472630 85
64974 250281 71
10408705 10408715 35
33152809 1495874 95
1544790 2405267 19
10408706 10408716 3
1472230 2340856 92
753019 1534075 69
713177 1472253 2
268955 771267 60
33130339 33130342 4
761537 1544804 59
33126052 1472410 21
1553866 2414046 47
33130868 244487 53
753020 753011 83
752995 1534072 15
41138 169931 4
257921 69111 26
1143855 1062126 40
1062129 1062126 42
33130084 33130101 15
33130085 33130101 24
33126215 1472270 1
33130087 33130102 54
771240 1553846 58
33130088 33130101 76
1472246 2340876 97
771265 1553877 24
232815 713286 78
1465112 32320 19
33126219 33126221 60
771241 1553847 59
33126653 32320 29
1472259 2340884 95
771242 1553848 100
771266 1553878 48
713287 713308 69
2341022 1472391 3
3040044 3543436 78
713304 713286 43
2340873 2340856 7
33237845 31140215 53
1465113 32320 45
2340877 3040053 95
1472371 1472373 61
2340916 1472367 41
713293 713286 46
1472393 1472367 41
3890735 1472254 4
713256 1472367 89
3040000 1472254 91
713309 713302 35
2334660 32320 78
3101869 1472374 27
2340903 3040064 21
1554349 2414645 81
1472413 1472374 49
3040074 3543448 63
1465114 713286 55
33130090 1553846 20
713179 1472264 83
1553832 2414020 62
33126122 771281 54
3543446 1472367 73
33237855 1553876 76
33130139 33130144 95
771243 1553848 6
1472389 713302 42
1472204 2340845 63
2414055 3101849 89
33126654 32320 31
713257 713302 45
2340966 2340889 33
33237856 3543439 91
1472405 1472386 70
1553826 1553852 44
1553833 1472397 73
1472266 2340890 69
33237846 33130168 82
2340860 3040041 22
33130080 33130083 14
2340816 3040016 73
2340840 3040033 98
2340886 3040054 91
2340817 771281 91
2340952 1472270 85
1553834 2341011 49
3101848 3101868 100
2414019 3101835 22
1472424 713292 2
33237858 3040021 12
2334657 32320 9
232816 713286 5
713294 713292 39
33237861 32320 17
2341014 1472367 35
1472232 1553876 84
2414068 713292 1
1472338 2340955 22
33126216 33126220 56
33237864 771287 83
33237860 2340837 68
2414056 1553876 79
713295 713286 29
33237865 1472374 82
2340933 32320 70
1472406 1472367 88
2414069 2414031 46
2340851 1553876 18
3040001 3543415 37
2414026 1472374 67
33237847 33130168 49
3040002 1472254 82
713258 1472374 56
1472292 1554346 13
1472339 1472254 85
3040048 2340856 2
713180 1472210 41
2340944 1472254 86
2414042 3101842 35
713259 1472367 5
2340874 2340856 79
3040078 32320 20
1553835 2414023 11
1472293 2340922 32
1472380 713302 88
2340901 3040063 94
771244 1553848 11
1553867 2414048 49
33237869 33237870 68
1472340 1472270 44
713296 1472422 26
33237871 1472374 82
33130135 33130138 77
2340875 3040041 27
1472382 1472367 48
1472416 713302 60
33237874 33237876 35
1553868 2414045 77
2340917 1472367 23
2414070 713292 68
713297 1472423 81
2340902 1472254 37
2340902 1554346 31
33237851 33237854 60
2340818 771281 2
1472341 2340957 100
771245 1553849 88
1472342 2340958 63
713260 1472367 22
2340904 2340923 79
2340819 2340844 3
2340964 3040101 20
2414644 2414645 16
3040100 1472210 77
1553869 1553877 45
33153413 33153414 57
33237892 2414024 42
3040006 1472270 92
3040049 2340856 36
3040045 3543437 100
33237899 771239 60
33237899 33237900 75
2341026 1472374 79
3040008 3543422 4
1472247 713302 10
2414071 2414031 90
2414072 713292 91
2414073 1553849 2
1472234 2340867 9
2414047 3101843 9
2414057 3101849 65
1472211 2340849 77
33126655 32320 64
771246 713292 3
2340841 3040034 19
3543411 3890731 100
3040020 771281 22
3543416 771287 35
1554350 1554346 98
3040017 771281 39
3040075 2340923 20
2340820 771281 49
33130140 771281 96
3040010 3543424 60
1472265 1472272 10
1553855 1553878 72
232817 713307 64
1472343 1472210 96
2340918 1472367 55
2341030 1472374 39
713310 1472433 57
33130098 33130101 70
1472432 713302 76
713301 1472425 54
2340821 2340905 53
3543466 2340900 11
3101846 1553876 82
2340885 3040035 39
33237907 713302 28
3040024 3543429 81
1472319 2340939 38
3101859 3586011 69
3101847 3101849 37
1553870 2414049 22
3101870 3101858 39
33130145 1472254 26
3040018 771281 70
3040003 1472254 77
713261 1472374 83
2340850 3040035 69
1472411 2341033 18
3040050 2340856 75
3586010 1553876 75
2340822 1472270 33
3040046 32320 13
1472294 2340923 7
3101850 3101868 1
2414075 713292 48
2340919 3040072 78
2340945 3040094 85
1472417 713302 43
713311 1472434 88
2334654 32320 68
3040090 2340900 9
1472248 1472426 19
3040134 1472367 47
33237866 2340849 9
771247 1553850 92
1472370 713302 49
1553836 2414024 85
3543447 1472367 71
3040004 3543419 82
2340954 3040099 27
1465115 32320 87
1472418 2341034 30
3040036 2340856 69
2340869 3040040 60
2340823 771281 75
3101852 1553876 97
2340946 3040095 71
33237894 1553850 57
2414043 1553852 100
2340906 3040066 44
1472295 2340924 79
2414058 1553876 96
713262 1472397 65
3101865 713292 14
3101860 3586012 1
232818 713308 27
713263 1472398 31
1472296 2340925 63
1472297 2340905 6
2340920 2340926 60
232819 713302 53
1472412 1472397 5
3040071 3543445 63
33237877 1554346 24
2341013 713302 15
2414040 1553849 94
2340947 1472270 55
1472407 1472374 22
3040088 3543465 46
1472236 2340856 52
1553837 2414025 11
3543412 3890731 74
2414059 2414053 13
2414059 3101848 12
2340948 3040096 84
713182 1472267 24
3543413 3890732 88
1472311 32320 43
3101861 3543437 19
33126149 1472374 68
713264 1472386 20
1472321 713302 96
33237848 31140215 31
1472260 1472210 64
33237895 1553852 3
3101853 2414045 13
3586014 3917759 68
1472237 2340867 72
3040022 3543419 39
1553838 1553846 6
33237957 1472374 44
1472384 2341018 57
1472394 1472391 97
1472269 1472210 74
3040011 146290 32
713183 1472210 76
3101866 713292 84
3040031 1472270 87
713265 1472367 100
3543431 1472254 77
1465116 32320 27
2340921 1472367 67
2414076 3101867 22
1472298 1554346 7
3040025 3543430 42
1472202 1472254 84
1472299 1554346 22
1472300 1554346 46
2341015 1472367 86
1472212 1472254 63
2340842 771281 5
1553839 2341033 60
713266 1472374 85
33126218 3543419 85
2414034 2414085 98
2340824 771281 84
33237962 33130205 100
3040051 3543438 16
713184 1472210 81
232820 713286 73
1472301 2340926 74
1553845 2414029 9
1472344 2340961 1
2340949 1472270 9
1472390 1472391 98
713185 1472270 27
3040092 3543467 49
2414021 3101836 63
2340852 2340867 98
1472345 2340962 41
3040023 1472254 3
2340953 3040098 32
1472213 1472210 27
2414027 1472397 28
3040089 1472270 83
3040012 771281 41
3040076 1472367 76
2414044 1553852 10
3101854 1553876 52
1472214 1472254 34
713186 1472271 52
3040019 3543427 12
2414077 2414031 65
33126179 1553852 80
2414022 2341011 42
33237849 31140215 38
713187 1472272 50
3040007 2340900 29
3040093 1472254 7
33237852 33237854 96
1472322 2340939 34
2414078 3101868 6
1465117 713292 3
3101862 3543437 73
3040097 1472254 96
33126680 1472426 11
1472268 1472210 56
1472302 1472254 75
3040091 1472270 1
2341016 1472367 21
3543414 3890733 3
33126679 713302 8
2414060 1553852 83
1553840 1553846 84
3101855 2414045 15
3586015 3917760 77
1472323 2340938 20
3040013 3543425 71
2414079 2414031 91
3101863 3586013 36
3101863 3586015 5
3040005 3543420 74
2340861 1553876 73
33126182 32320 18
713312 713286 29
713267 713302 29
3040014 2340844 91
2341027 1472386 34
2334655 3035829 6
1472346 2340958 15
3101856 2414045 49
3101864 3586011 77
2341020 713302 22
1472261 2340884 89
1472347 2340965 30
33237863 32320 17
2340934 32320 36
2340950 1472254 41
771248 1553851 31
2340960 2340889 6
771249 1553852 48
3101857 2414084 18
1472238 2340871 2
3040055 3543441 57
1472262 1472210 1
3040015 3543426 12
1465118 713292 62
2340825 1472270 18
771250 1553853 92
3543417 1472254 34
2414080 3101868 93
2340887 3040056 67
33237873 1472374 52
3040009 3543423 58
713268 1472374 37
713269 1472374 48
713305 1472429 42
2340951 3040094 17
1553841 1553846 66
2340826 771281 61
2341017 1472367 1
713188 1472210 1
713270 1472397 4
33237850 33130168 27
33237875 1554346 11
1472392 1472367 89
1472408 2341031 5
3586016 3917761 87
2334658 32320 71
3040070 1472367 56
2341023 3040133 17
713271 1472410 71
2340827 3040021 98
33153412 33153414 99
1472303 2340929 36
3040052 3543439 25
713272 1472374 47
1472304 2340905 98
2340870 2340856 39
713273 1472373 24
1472348 1472270 88
1472324 2340938 74
33237853 31140215 29
33237896 33133898 11
33126656 32320 54
33237979 1472367 53
2340907 2340905 76
2414081 3101868 21
1472215 1472210 88
3040067 2340905 23
2341021 713302 52
33126681 713302 65
3543491 1472374 92
713298 713292 37
1553842 1472373 35
33130141 1472254 12
33130142 1472254 12
2341028 1472367 36
713274 1472374 56
1472305 1554346 57
2340853 1553876 62
3040027 3543432 3
2340829 1472270 89
1465119 32320 69
2340857 2340856 83
713275 1472414 100
1472306 2340923 87
713276 1472415 85
713277 713302 19
33244916 33244917 100
33244924 33244926 68
33244932 33244933 51
33244938 33244939 18
33244940 33244941 62
33244945 726835 4
33244947 33244950 88
33244954 33244955 32
33244956 33244957 100
33244948 33244950 89
33244958 33244959 45
33244960 33244957 74
33244962 33244963 51
33244966 1142241 93
64315 248366 12
33244969 33244957 32
33244970 33244971 78
33244973 33244975 51
33244989 59363 71
33245002 7133183 46
34312929 484613 82
34312941 484613 69
303758 43311 18
3987429 4173706 19
157107 495875 98
34344801 34344804 15
34344805 34344803 74
4301022 4383299 49
305236 274298 12
1494841 2360292 91
238591 725774 26
709299 253755 79
196726 591815 4
241005 7383 8
726147 1495202 73
34354646 34354648 81
1504097 848065 79
1109227 1981311 66
1109227 1981312 44
3569823 127866 30
732573 1503989 80
725128 1494365 4
144802 457106 31
2951215 2118600 1
17324 89399 36
271381 774902 46
132123 419017 78
424623 313159 63
964886 367028 41
1065383 1928582 78
36998 36964 26
265804 278114 14
291195 809447 47
291195 809448 27
1156255 1156229 43
1272176 2038434 16
2365330 3060115 84
3305916 3305917 85
85887 293651 64
487740 249908 49
487741 1116458 79
85060 291492 56
180132 551309 32
64690 249792 27
88419 303825 94
487742 1158855 5
1501116 730049 48
85061 291495 71
259459 754334 54
90643 308499 8
231124 709434 76
774846 1559789 55
206046 615630 49
244268 732630 89
179177 549387 47
1644591 2487496 4
716703 610483 60
1501117 730049 91
314516 850816 35
34393521 34393524 93
271382 774908 48
244212 551309 31
62547 67225 29
764380 1548422 19
85888 85889 75
271383 774916 23
1483721 1156475 61
3896991 4115204 68
279732 787032 14
34404607 1669067 15
689407 1444416 6
144805 42856 59
834183 67225 13
154500 487796 13
1220507 2097090 49
786961 1573938 63
1082294 1943995 7
591817 1325307 43
468021 1135680 82
1135688 2007103 95
1272463 2148113 31
464553 1130446 98
244328 732918 35
549776 1272739 82
1146312 2017010 36
1146312 2017011 72
434899 1082317 87
786930 1573906 60
732911 1504299 58
1272188 2147866 71
1483736 2351240 90
154501 487797 59
1272434 2148092 77
303999 833584 20
467840 1135310 17
2509757 3177396 61
856104 1670969 18
464554 1130448 11
2433441 2433440 42
1573961 2433438 63
1244239 532625 22
1997412 2766841 30
89200 305146 65
1483737 2351242 16
740844 1511537 76
549809 1272762 71
305157 835081 17
856105 1670971 87
1504278 2367983 7
764382 1548435 29
2487138 1548435 90
732921 1504322 96
732685 795392 54
833892 1644345 60
2341072 1472510 38
154502 487799 86
834200 1644680 12
487776 1166357 23
834166 1268481 39
2141724 1264646 99
244329 732920 12
10217806 10217813 74
1065384 1928585 86
1065385 1928587 64
1611855 2461634 85
4419583 4465313 72
729094 1500804 90
450441 1107373 9
3140840 3616731 88
3616732 3940019 15
4500628 4527340 55
3250484 2622386 72
291293 809579 76
85063 291507 30
291196 291373 40
549709 1272620 34
154504 487802 63
240040 240067 32
3167905 3635481 4
139866 435095 30
139866 435097 77
10234613 165725 17
64187 247316 56
64187 247318 26
177369 546356 25
304614 834493 10
1560290 2420153 87
34443165 34443167 21
3305891 1936404 34
548124 1271287 61
34451630 64629 20
3554246 3897808 44
17334 89427 99
741929 1106602 3
1501118 729467 61
601473 90632 98
241006 26807 6
248244 248431 57
1065386 1928585 67
64695 153035 10
303918 833433 39
727659 1497139 38
1941257 1079877 50
774998 1559970 1
132124 132181 24
457011 1118550 57
457011 421299 27
834202 67225 8
34344806 34344817 35
713431 56630 85
249457 740588 17
740592 249215 46
414164 1052829 4
4468387 4502809 25
78809 277304 81
292896 132289 32
69609 259506 16
716494 1475544 56
716573 981412 6
1923840 1062126 22
78811 277305 48
410885 795635 99
303431 895 39
233287 714749 50
155534 484005 58
74497 268611 46
17345 55294 42
1976127 2748824 94
367279 965409 89
265472 764660 18
88728 304491 16
1466118 2335548 100
1066046 135078 62
485639 1163227 74
754200 1534967 48
89237 305208 14
88800 304771 45
88802 73530 85
259702 754483 3
137522 429975 21
69616 259540 7
1644394 2487291 42
1058865 981412 60
35050971 259751 11
2024059 2788261 2
1644395 2487291 76
739982 1511068 74
716574 1475627 66
69618 259544 57
303436 832912 32
303437 832862 87
32993809 268611 3
2170840 2911906 99
2498310 3167909 7
318335 856419 68
2498311 3167912 61
2498311 3167913 86
207163 618048 56
32709108 30361274 58
34485770 34485772 37
72946 88913 25
765650 1550014 78
3148968 3621752 25
80231 279215 63
70380 260837 7
61533 241997 59
233290 714758 4
57762 236258 66
72947 88913 98
1058866 1920649 64
35053304 88674 53
1066047 1929328 63
1163071 485361 92
832857 1643388 96
1163134 485390 2
40061 164670 5
736931 484623 44
230214 55897 39
2142371 36993 21
230215 708002 16
148392 467771 21
239289 726835 17
64325 77996 37
64327 248431 5
37579131 575844 68
739827 1511018 36
1272436 2148094 5
549711 1272622 100
139910 435169 9
303921 833436 52
89542 305430 64
15299844 15299850 40
17383 89547 31
1130379 2002070 17
1047165 1909546 99
722868 1483746 13
464610 1130546 12
834189 67225 10
1644685 2487533 68
304632 834493 9
37672927 304614 62
304644 834598 59
279743 787054 9
1573963 2433440 38
461624 1125465 86
1125542 1125465 62
244616 733152 47
733154 1504452 73
62581 154920 30
244098 453055 33
741830 1512589 37
3680719 3448282 61
3680720 3977383 88
1512611 2374836 41
37705984 37705985 23
741833 1512595 93
32915994 176485 30
467142 176485 73
37006 36993 64
38149 65356 90
551316 1274564 9
238594 725775 80
1356804 2230244 16
38012701 78437 16
2024262 2788354 81
713433 713423 34
1472580 713423 73
713423 713435 31
713434 713423 53
56629 232868 45
131824 131805 46
466019 1132598 94
37938 147843 86
3062547 3557206 76
32799498 32799502 83
2779026 3360400 55
1168801 1928574 88
34940155 4359 85
238702 726029 46
38013362 38013363 93
706248 32320 26
76898 273611 77
65343 250933 43
69627 259574 26
303924 833441 82
150404 463917 79
88422 303828 100
17397 89588 69
291199 291373 29
291296 809580 99
784201 1570686 91
240049 59544 89
727657 59544 66
718896 1478409 6
163444 69111 29
4029779 4029777 32
16657 85889 33
1804435 2616634 29
65345 250951 26
472055 1142229 9
244476 733050 100
291634 186709 83
38014847 38014848 20
271385 774920 85
32994542 32994545 15
69629 259576 69
65346 250953 84
147855 466278 85
88356 303667 27
62611 244853 43
713189 1472254 65
774910 1559874 99
17401 89606 26
291635 291373 60
85067 291373 75
291455 809815 59
85068 291532 80
4360987 4423907 86
575845 1291674 7
85069 291373 12
271386 774926 48
244217 732595 41
148912 469638 88
303803 303769 25
37008 148271 35
1501121 1501118 39
37009 37001 45
37009 148275 14
1133002 147843 37
422083 1062335 77
689410 1444425 13
271387 774929 91
36533767 433273 80
89949 306576 52
796396 1587802 40
55948 230407 42
88357 303668 97
85070 291539 46
85071 291542 73
85072 291373 35
85073 291549 20
85074 291556 39
576410 1292221 88
85469 292887 68
42401 174466 3
726391 238859 30
4614768 4624240 71
472056 239546 80
185347 572144 6
1503984 1504002 43
65348 58361 76
303772 833270 2
1472579 713433 84
56630 232871 76
56630 232868 75
232867 56629 60
232871 713424 83
1472561 2341179 31
3040335 2341205 88
1472581 2341205 3
495877 157107 77
85075 291557 16
77804 275415 39
69633 11026 99
88308 303539 85
244512 733080 79
460632 303724 89
10216392 10216395 8
5068129 232125 54
259638 754459 76
29956925 29956928 43
66319 254311 51
259006 223314 97
66320 254313 37
88310 303539 42
85076 291559 24
303773 303671 96
742310 1513045 11
847847 1661915 1
259515 754381 36
271388 774933 58
367155 254225 60
1804496 2616686 75
88358 303671 50
254070 748161 78
85077 291562 50
1503992 2367764 63
38020068 38020069 27
47559 204881 51
14445429 179697 81
742133 1512933 95
1656673 2498310 84
1656673 2498311 8
732574 1503990 23
732575 1503991 32
732576 1503995 52
732564 1503975 14
732577 1503996 47
3457773 929680 7
247387 736842 61
720970 1480873 46
236261 707264 8
30899007 30899010 5
174468 538439 83
1062145 1923845 98
4447801 4487717 79
4316698 4393731 36
13406174 13406179 76
4029780 4200636 31
10217636 10217633 86
4316702 4393737 92
4029782 4200638 72
741868 1512630 57
38341277 38339771 65
4029783 3768321 4
2374853 3067403 15
4447804 4487722 46
38341904 38341905 95
3768318 3360401 13
3768314 4029774 52
741869 1512632 72
144820 457147 11
1494842 2360293 3
89278 305247 64
472057 1142233 98
463960 1129112 19
303926 833445 59
3987430 3694481 68
17412 89625 77
2365406 3060160 14
1462064 2332182 28
832969 1643490 11
74466 268561 41
69642 132326 79
770653 268611 68
256305 543648 26
8831931 8831938 88
39575032 33534782 47
3897006 4115217 71
4260275 4354502 100
2360290 3056638 33
8831923 8831924 28
3056783 3553304 22
4419584 4465315 52
4419584 4465316 40
2106310 2856105 98
4200629 4316695 51
2374855 3067404 15
32994563 32994565 30
2106311 2856106 34
10217695 10217698 16
34352299 34352302 62
2691929 1914454 78
555239 1278518 26
34352304 34352306 1
4029784 3768321 14
4316697 4029777 10
725986 1495050 100
457014 1118552 21
33126214 1472254 43
33130143 771281 6
4550623 4567953 35
2010245 2776842 36
238418 725144 81
150300 473740 4
291200 809455 3
1062146 1062126 78
88360 303678 17
88428 303835 37
2420146 3106019 47
291297 809583 70
1213635 2089681 30
291298 809599 62
291299 809609 25
809692 1611874 57
4468518 4502879 78
85080 291604 91
85081 291607 39
774973 1559939 69
774974 1559942 74
271389 774951 81
725131 1494367 69
69644 259605 24
15051689 15051692 32
775051 1559994 9
3409716 3798860 40
291300 809612 27
809618 1611822 51
1137365 2008980 1
89283 88774 74
85082 291612 12
366671 964694 16
62622 244897 17
32940085 15249415 28
244646 733181 41
2702508 135508 50
2842000 3401284 40
244478 733057 92
33109156 33109158 39
3887987 4110166 53
775253 1560146 26
39576335 39576339 82
35049955 35049956 8
271390 774953 7
13426066 19721 13
244223 88403 86
39576470 39576472 91
78828 277331 52
271391 774954 59
774956 1559932 43
809608 1611802 36
293649 812865 22
809619 1611825 60
4529606 4550625 56
85083 291620 27
85084 291637 66
85085 291652 87
291303 809628 69
1611886 2461656 26
34257049 34257056 6
39575414 39575416 80
271392 774959 93
39576607 39576606 47
1495220 1118611 24
3144023 3619009 80
10217665 10217671 18
3144024 3619011 27
3144025 3619012 26
809585 1611775 30
809621 1611827 31
10218170 10218167 7
774990 1559960 55
1559910 2419883 72
774849 1559792 83
1559915 2419888 80
2419852 3105749 37
774850 1559794 15
39576707 39576708 74
809650 1611853 96
39576712 39576714 40
1559811 2419826 34
809543 291542 53
34363202 34363201 26
39576676 34363203 25
1559790 2419805 3
809586 291542 89
809587 1611776 76
3140841 3616733 31
809588 291542 33
3588311 3919130 83
39576647 39576654 90
271396 774970 53
774851 1559796 73
39576718 39576720 8
29774768 29774780 96
1559916 2419890 49
39576780 39576783 58
4555053 4571968 27
10217674 10217669 74
2419873 3105763 70
774945 1559920 34
3588432 3919247 58
39576788 39576790 53
809544 1611747 82
271397 76271 63
4555055 4571971 49
39576628 39576626 74
4555056 4571972 96
1559907 2419877 54
10218101 10218112 28
39576856 39576858 38
1559917 2419892 73
1174193 2046769 15
64334 248494 61
833079 303671 9
472058 1142234 73
575716 1291480 89
38340594 38340101 41
10216120 10216121 77
126112 411034 71
144826 457159 39
2276612 1402180 53
572134 1287094 86
4468396 4502819 11
15051687 15051690 62
74732 269069 22
35049375 35049376 44
774853 271399 14
85086 291657 98
293650 812872 17
85087 291670 79
305213 835160 64
4410524 4342140 51
258959 544690 7
74733 269069 99
833080 303671 79
10218248 10218242 2
271398 774981 57
2106274 1079933 64
422085 1062345 85
17420 89668 54
713279 1472367 4
1172633 2045294 73
2045291 2806563 45
4547273 4524504 89
4567967 4582737 38
2420134 3106005 40
77166 274026 25
303776 833278 33
259464 754346 21
775053 1559995 36
34352300 34352298 30
572120 1287085 74
303759 833257 21
180094 551192 92
2848797 3406575 83
85088 291542 38
732578 1503998 29
66322 254316 38
303647 833153 2
551301 1274559 51
1287093 2165228 63
303733 833237 96
180095 551194 36
39577968 134676 30
39577974 39577976 56
4502798 4529553 30
271401 774900 96
774854 1559805 26
774919 1559888 51
774919 1559889 58
2420135 3106007 40
1559885 2419853 5
271402 774993 82
740793 1511519 58
1475633 2343733 5
39577265 39577268 49
34475778 34475777 79
254054 748127 20
2393166 3085691 36
253912 748033 82
268958 771281 71
716509 1475566 30
711594 1470090 51
725133 1494371 87
778641 553987 79
3085693 2501122 60
421319 1061078 78
39578389 1079933 50
268473 268570 65
1206762 2083306 55
601483 1130574 66
10218096 10218104 62
13426067 398184 15
774946 1559924 31
271403 775000 26
273487 778449 57
238768 726190 21
291201 809457 67
1118565 1990144 78
62629 244904 6
732579 1504000 37
4623623 4613937 98
39578674 39578676 51
69647 259611 76
89072 305117 11
726326 1495364 1
39608700 39608699 40
726369 1495379 14
39575078 39575083 66
58644 238890 24
3250485 2622386 29
10217728 10217722 80
8831932 8831939 92
28713304 28713305 17
291621 291620 14
271404 775003 43
1646048 2488828 24
4393732 4447809 49
5019226 5019258 55
2775999 3358491 17
1652163 2494774 52
2494780 3166243 37
1652164 2494775 15
38343232 38343229 68
2359873 1494365 89
1353567 2227310 46
37705989 37705997 36
248245 59363 4
4084313 3847445 44
485352 1163068 51
485353 1163069 31
485353 1163070 34
10240756 10240776 50
291622 810084 64
58645 238891 22
840826 1652202 9
463902 146948 46
463902 76993 60
1469759 2332180 45
291623 810086 82
39575640 39575641 71
39608962 39608961 26
485354 1163069 20
810075 1612125 9
291708 810167 38
291624 810088 40
810090 1612131 26
291625 810091 91
810093 1612133 84
3303715 3729203 99
291304 809633 49
58532 238430 4
4468447 4502853 43
291305 809642 50
304400 834025 25
774855 1559806 72
774856 1559812 64
85089 291683 38
291202 809460 46
774911 1559876 58
291565 809989 95
85090 291685 47
4423870 4468454 60
90649 308510 31
85091 291687 8
291709 810169 51
1611780 2461605 44
291203 809461 54
291306 809645 98
291307 809646 95
291308 809647 67
291309 809651 19
291310 809657 67
2691930 1914441 49
85092 291697 52
293652 812884 80
753778 1534558 77
271405 775013 59
39577975 39577977 22
39576108 39576109 72
291311 809661 59
810076 1612126 45
1611821 2461622 24
809600 1611792 68
291312 809662 51
291313 809664 11
291314 809665 67
809589 1611777 94
809590 1611778 94
809591 1611781 61
2105764 2855692 67
39609152 39609151 9
39609156 36559 45
28724940 28724945 75
31176819 31176820 43
291204 809462 99
85093 291698 37
85094 291703 94
809622 1611830 91
291205 809463 62
85095 291705 54
85096 291710 43
28622102 28622107 99
39609206 39609205 59
4502806 4529556 33
85097 291712 42
810081 1612127 59
39609220 39609219 87
485355 1163071 19
1611833 2461626 66
809623 1611831 20
809601 1611793 14
809601 1611795 77
809602 1611796 7
809603 1611798 93
809581 1611771 28
809624 1611832 9
1611794 2461614 8
809625 1611834 71
34443169 34443176 51
1652165 2494777 54
2494726 3166214 13
241947 729783 33
1652150 2494772 25
163541 514032 45
38338985 38338984 38
39576336 39576340 3
1213657 2089752 44
10217638 10217640 47
1559813 2419827 62
1559818 2419832 50
1559798 2419811 66
271406 775015 74
809626 1611835 44
4502812 4529566 83
4423871 4468455 82
775004 1559972 80
38343237 38343236 36
15114832 15114845 11
15114833 15114846 29
774857 1559819 68
774858 1559822 64
1559875 2419846 18
271407 775016 98
775022 1559982 98
775036 1559988 23
775037 1559990 29
809616 1611819 25
1559807 2419820 37
774859 1559824 47
291315 809666 6
291316 809667 27
809643 1611850 35
1611801 2461617 60
2461618 3140827 5
85098 291714 77
774969 1559936 84
271408 775017 73
774860 1559825 47
774861 1559827 76
774862 1559828 79
774863 1559829 60
774903 1559869 10
271409 775020 69
2419812 3105739 82
271410 775023 73
774864 1559830 86
271411 775025 18
774865 1559832 97
809627 1611836 76
1559870 2419845 4
774904 1559871 16
774957 1559933 30
85099 291719 47
271412 775026 59
271413 775027 13
774975 1559945 59
774976 1559946 100
1559799 2419813 40
774912 1559879 48
774977 1559947 56
774913 1559880 32
774914 1559881 17
774978 1559948 28
1292224 1615379 24
774915 1559882 67
1559934 2419907 50
774958 1559935 63
485356 1163069 13
1534741 2392913 94
291566 809999 36
85100 291721 73
291567 810001 24
291568 810003 35
291636 810104 24
291206 809466 1
85101 291723 87
85102 291726 23
85103 291730 65
85104 291732 89
810035 1612089 22
2461782 3140921 51
1612074 2461781 41
1612075 2461783 92
809990 1612067 26
809991 1612069 4
810036 1612093 31
809992 1612071 49
809993 1612073 20
85105 291733 85
1612165 2461843 93
291711 810173 58
35050094 35050099 43
3105783 3588329 7
2419879 3105772 3
85106 291735 88
1559800 2419814 16
809634 1611840 25
291626 810094 8
812885 1615391 48
39609373 39609372 34
2419848 3105746 36
39609377 39609376 55
1611845 2461629 70
293653 812890 20
775005 1559973 89
85107 291738 2
1559893 2419860 19
812873 1615367 62
85108 291740 16
775006 1559974 24
2419822 3105741 67
291317 809668 24
1615371 2465185 5
812866 1615362 13
809635 1611841 61
809575 1611766 84
3105747 3588309 39
774866 1559834 56
812874 1615368 29
774979 1559949 66
809658 1611858 11
809652 1611854 48
809698 1611879 26
809636 1611842 82
2461644 3140843 93
774932 1559898 95
1559808 2419823 90
85109 291742 61
774905 1559873 48
775007 1559975 68
293654 812892 80
85110 291744 21
1611900 2461665 32
85111 291747 92
85112 291749 41
39609393 39609392 29
1559801 2419815 71
1611782 2461607 6
775018 1559981 56
291318 809670 36
85113 291752 50
1611857 2461635 13
809637 1611843 68
39576747 39576745 81
774867 1559836 9
1559963 2419923 84
812875 1615369 85
1559837 2419839 60
809679 1611864 56
809604 1611799 31
809546 1611750 97
809694 1611878 31
812886 1615393 8
1559950 2419915 47
39609401 39609400 47
1615382 2465189 56
1559804 2419819 27
293655 812893 1
1559877 2419849 13
809680 1611865 33
4468433 4502833 13
774868 1559838 59
812867 1615363 24
809547 1611752 20
293656 812894 85
39609411 39609410 25
291319 809671 40
809681 1611866 99
1559809 2419824 20
4468434 4423867 23
774980 1559951 73
4550621 4567950 60
775008 1559978 69
4360993 4423928 14
809576 1611767 87
39576717 39576715 47
1559814 2419830 16
39609428 39609427 71
4529611 4550655 69
39609431 39609430 35
809638 1611846 17
812876 1615373 8
4468419 4502831 100
4594861 4582737 91
293657 812895 61
4582726 4594857 27
809592 1611787 3
39609434 39609433 87
1559802 2419817 83
2419821 3105740 5
809577 1611768 52
4468420 4502832 1
810026 1612083 28
812877 1615380 19
809653 1611856 8
1559793 2419808 42
809659 1611859 67
809660 1611860 21
35050097 35050102 51
39609441 39609440 78
39609443 39609442 80
2856107 3410169 29
291320 809672 10
39576056 39576057 76
809838 1612009 4
809578 1611769 87
1612145 2461817 88
39576840 39576839 88
809644 1611851 60
4550615 4567946 68
291321 809674 20
35050095 35050100 3
39576674 39576670 91
2419880 3105774 33
85114 291755 96
809685 1611868 9
812891 1615396 15
1611848 291373 60
810082 1612129 42
39609462 39609461 62
4475044 4508410 66
3463923 3835975 15
291322 809676 73
4146344 3943811 96
4370287 4431577 70
4534958 4555060 84
4129581 4270182 6
29774764 29774776 59
2461666 3140852 38
85115 291758 59
809593 1611788 95
85116 291759 36
85117 291761 34
291376 809733 66
85118 291765 64
85119 291768 66
85120 291770 65
85121 291772 3
85122 291775 69
39609493 39609492 16
85123 291777 85
291793 810208 18
85124 291779 99
85125 291781 46
85126 291784 66
85127 291787 14
1291448 2168663 22
291207 809468 22
291208 809469 34
291209 809470 32
812878 1615383 13
304806 259701 2
618057 1356882 89
2503514 3172101 72
809445 1611703 98
2360594 3056818 100
708001 1466599 86
422086 1062372 19
485357 1163068 67
308504 841330 48
1652540 2495116 79
812887 1615394 46
812879 1615384 61
291323 809677 21
291324 809678 35
1611783 2461608 21
809686 1611870 48
2847659 2095134 26
291210 809472 27
1213636 2089693 98
89956 306593 40
1611996 2461720 85
39609649 39609648 38
14898936 14898933 30
2338955 3038659 48
485358 1163073 33
835158 1645582 57
291354 809707 13
291355 809707 70
271416 775038 80
291325 809683 74
774869 1559840 91
271417 775041 77
291356 809708 74
291326 809687 70
85128 291789 30
291327 809691 99
85129 291794 88
271418 775042 33
271419 775044 51
291357 809708 82
85130 291810 96
291211 809481 62
85131 291815 9
69650 259614 27
835150 1645580 73
304473 834090 90
1462065 2332185 49
774947 1559925 93
39609732 39609731 28
2711686 3305917 58
89253 305237 40
66324 254319 28
726913 1495807 3
28711340 28711341 14
514880 1213644 85
3845658 4083577 56
204914 613232 5
85132 291824 85
4565284 4580595 54
39609778 39609777 97
2188506 1317638 19
1661921 2393159 66
271420 775046 5
514881 1213658 81
2085494 2839278 72
775047 1559992 57
14589365 14589368 58
35050096 35050101 61
271421 775055 63
39609841 39609840 9
775073 1560004 73
291964 810268 79
775256 1560149 40
39609851 39609850 75
292675 811394 35
13379543 13379544 83
775257 1560150 7
1503985 732573 89
3106006 3588421 90
163542 514033 35
774895 1559864 90
4495861 4459189 90
39609906 39609905 58
89239 305222 60
34475780 34475779 52
39609910 39609909 82
39577842 39577840 74
733014 244439 32
39609919 39609918 90
775258 1560151 32
39609922 39609921 27
711606 1470105 81
1645583 2488279 48
305214 835164 75
1645618 2488285 62
10218097 10218105 31
1560144 2420073 98
774870 1559844 6
3038590 3542347 63
1469796 2338744 97
1469761 2338739 17
1559922 2419897 95
291213 809482 48
1559923 2419898 91
1558732 2418945 9
89957 306594 15
774149 1558735 16
207173 618056 75
1501127 2365367 87
11163820 11163824 14
28711641 28711648 48
39610111 39610115 100
17428 89677 92
810070 1612122 64
1644512 2487412 64
774999 1559971 86
305210 835155 25
1469797 2338746 45
39610190 39610189 3
36687513 36687517 56
39610194 39610193 55
10216116 10216117 78
85133 291827 74
457089 1118611 18
259392 754212 82
849355 1663367 11
291214 809484 88
10218089 10218100 16
273690 778672 16
1212205 2088219 12
230278 55901 60
3447686 697244 73
271424 76271 100
144830 457163 63
487745 1166259 16
247625 737056 81
303442 303539 83
153799 485660 71
3630889 3948940 76
850520 1665308 56
59083 239540 95
292897 31128 74
127822 127866 18
85134 291373 90
291638 291373 66
810178 291542 88
2007543 2774761 63
248591 738936 38
1065389 1928575 11
69653 259618 50
810041 291373 26
85135 291373 71
10217588 10217595 4
39651856 163534 48
291569 291373 53
250998 65393 21
85136 291373 84
2705344 3301308 68
1990088 571179 41
85137 291373 100
78831 132246 80
718905 1478419 80
2340831 1472254 64
1472329 1472254 8
1472255 2340883 19
2340879 713302 94
485360 1163075 95
2340908 2340909 56
810015 291373 26
85138 291836 77
85138 291837 82
809502 291373 5
821188 16950 25
709303 1467725 100
239598 239564 23
230339 708226 90
832919 303550 12
239342 239348 75
239342 726839 72
485434 154001 60
78832 277339 69
10216393 1570696 51
810019 291373 76
85139 291373 22
59093 239546 67
291216 809492 24
85140 291373 64
485361 1163071 59
726068 1495147 82
2386967 3079905 31
4283818 303550 81
17433 89684 24
832990 833034 64
810037 291373 42
74467 268562 25
39654383 39654385 18
85141 291841 30
770704 1553481 80
291639 291373 18
1612090 291373 65
248246 174466 44
771568 1472254 49
291570 291373 2
3112355 144448 81
39655296 239564 9
230237 708068 84
230237 708069 67
1990089 2761270 30
291571 291373 78
254307 255096 21
291217 291373 33
85142 291373 22
248247 174466 71
810105 291373 91
85143 291373 3
1065390 1928587 41
74510 268611 91
291572 291373 68
291218 291542 43
271426 291542 51
291573 291373 79
85144 291373 28
809669 291542 60
64343 248524 17
291640 291373 28
1612096 291373 71
293658 186709 43
844196 783482 40
2138426 175644 43
17436 89685 52
2365357 730049 50
291219 291373 23
144832 457164 100
85145 291373 36
88314 303549 28
156542 494937 47
230340 55909 75
277158 784148 85
1495205 2360446 91
85146 291373 4
10218781 10218785 21
2340832 1472254 57
1132597 2004250 99
2340843 771281 84
29845528 29845529 44
34358279 34358284 62
1927081 2703831 1
2007570 2774803 47
2007512 2774686 80
1533237 2391803 98
597662 1333347 87
423714 1065732 80
809808 1611971 26
810110 291373 96
291220 291373 91
1612140 291373 82
771175 77477 34
85147 291373 82
1611847 2461630 69
248491 248431 23
810018 291373 3
244696 733262 97
1143878 1062126 8
59101 239552 27
59101 239556 72
466020 1132601 78
291574 291373 64
812888 291542 13
3766602 2774787 15
4149391 303550 14
239400 726911 36
32706119 1494175 45
85148 291373 47
291575 291373 33
88859 17254 28
809629 1611837 72
291576 291373 34
291577 291373 9
485627 1163221 86
305113 835040 45
85149 291373 68
1611730 291373 43
753433 1534444 88
1611869 291542 69
39577865 1264652 52
39659982 10212968 92
268494 268611 45
1172608 268971 79
59105 239546 96
85150 291373 71
1611693 291373 40
271427 291542 8
47309 203258 83
85151 291542 10
29956920 475499 78
1615374 291373 60
1559872 291542 91
85152 291373 18
1291463 1291465 81
810042 291373 95
810038 291373 92
472639 472630 82
1061296 1061673 58
2365364 1501118 79
88366 303696 60
291641 291373 47
85153 291373 79
810115 291373 81
291221 291373 93
69681 259646 22
291328 809695 8
291578 291373 75
291579 291373 14
291222 291373 21
3447687 3821739 57
2340833 1472254 36
1472325 2340940 84
485363 1163069 24
1472249 1472246 94
1472249 2340879 17
1472256 1472254 90
271429 291373 72
291580 291373 55
457022 1118557 19
85154 291373 48
59107 239564 80
39662974 239564 92
2774783 239564 44
67690 256311 92
69685 30729 90
1135739 2007571 87
39663481 39663483 96
435097 1082450 56
271430 291542 95
809446 291373 100
62632 244487 74
248124 738215 76
1133851 466789 24
810111 291373 56
291223 291373 97
39663610 821311 25
67691 256312 94
809648 291542 29
809473 291373 78
1553510 2413794 68
754440 58966 9
85155 291373 83
1120835 646311 57
410887 795635 72
58655 238911 49
3447689 3821740 80
2007535 75543 2
2340834 1472254 94
1472326 713302 35
771569 1554346 8
33130137 771281 65
812868 291542 48
268446 770623 73
144837 457170 44
39664645 11644467 41
303649 833159 20
291895 291373 14
2014946 1062126 24
13629 77037 7
85156 291373 21
1612124 291542 77
485365 1163080 90
238770 726192 62
771570 1554346 6
771570 1554347 2
1472263 2340889 89
85157 291373 18
39665116 29693634 93
62634 244907 64
1065370 1928575 91
1509636 738390 5
39665379 2997 84
61029 241347 47
291581 291373 48
291224 291373 38
1611875 291373 21
770705 1553482 63
809693 809691 45
291919 291373 77
291225 291373 77
716577 419017 39
1923026 2699491 47
85158 291373 64
291582 291373 31
485368 1163092 62
485368 1163093 60
238810 726274 51
39666126 1543608 79
809630 291542 23
713190 1472210 80
59110 239564 19
39655297 239564 38
59112 239564 6
85159 291373 2
293659 291373 72
85160 291373 1
810043 291373 12
741935 1512669 61
618088 618084 62
1570733 2429716 63
809594 291542 64
1612097 291373 44
485283 154001 35
39666808 39666810 68
248248 738388 35
29995413 29995420 86
713191 1472254 64
1065371 1928577 46
244226 732609 50
239281 726827 53
1532336 751237 27
259508 75954 84
314409 850528 41
291330 291373 9
85161 291373 52
810031 291373 2
468068 1135752 16
2135734 2882264 49
85162 291539 33
291584 291373 39
314410 314412 57
293660 186709 69
10216452 277266 35
239599 239564 10
974736 736842 43
39669410 1142241 65
62637 244487 59
726046 1495143 59
466023 1132603 36
39657565 75543 89
85163 291373 31
39669555 727005 90
59114 239564 76
832920 303550 70
303443 832968 59
810112 1612141 94
85164 291373 38
291227 291373 50
85165 291373 47
147827 233749 29
39670087 2144063 96
809474 291373 58
64365 248556 4
1142226 2013559 94
35783321 35783323 56
1142235 1142234 22
726833 1495784 23
35782752 1660762 98
154535 154819 3
423429 1065404 16
239600 239564 5
304329 833921 23
304807 834719 53
199213 597703 81
244710 733272 64
810044 291373 79
1611785 291542 93
248249 738389 38
248250 738390 89
248251 738391 76
154536 487838 76
809510 291373 41
2699882 3297024 91
1065391 1928591 23
30737491 170765 74
2089682 2843002 55
88315 303550 41
291228 291373 47
2365335 1501104 79
846597 59363 16
809649 291542 12
468069 1135753 4
248252 59363 82
2340835 3040032 78
1118263 1989939 78
742050 90212 74
303572 303550 87
291463 809835 19
303445 832968 13
17455 89727 19
303387 832858 22
29762747 10206545 90
291689 186709 38
59117 239582 53
291585 291373 95
268475 268611 99
291229 291373 92
291230 291373 89
291231 291373 30
88433 88634 13
487746 450271 11
174469 538441 63
33130081 1553846 69
35782758 35782759 74
423432 1065405 88
239583 239564 86
832896 832968 21
303388 88301 91
809487 291373 12
809511 291373 65
485285 180680 79
809639 1611849 46
485369 1163101 1
15058548 15058552 18
244927 244721 92
2414028 3101838 14
1472396 2341024 35
39673257 39673256 22
2152619 2895745 43
2372060 3065653 8
303689 833188 71
809595 291542 50
1472563 2341183 69
774890 1559863 21
726148 1495204 83
39673645 39673646 59
833116 1468232 71
303753 833099 21
249613 148212 64
85166 291373 72
849359 1663372 84
314411 850535 94
39673914 11638816 84
291586 291373 15
157087 495835 79
3297030 3297034 67
466024 1132605 18
2340866 32320 45
809689 1611871 59
572137 733080 27
59118 239564 16
472063 59363 85
249592 249591 93
2856062 3410103 75
17464 72841 8
69725 259701 41
834722 13687 2
271432 291373 88
809654 291542 22
1652122 2494745 86
1135754 2007577 19
39674559 39674560 3
33237867 2340889 64
1559810 291542 22
3948942 58966 32
69727 259710 43
250691 144769 33
725922 1494966 84
810032 291542 27
1611876 2461636 62
1065393 1928587 40
61613 242100 62
1212206 2088221 39
468070 1135757 2
230341 533490 25
3167912 3635483 35
3167912 2498312 81
31177713 28665989 39
88316 303550 19
2152621 2895746 92
85167 291542 78
810174 1612167 60
15311964 15312000 10
64740 249898 79
367340 965483 53
466259 36964 56
64380 248606 85
271433 775066 2
1142236 1142234 21
39675458 39675460 94
713192 1472310 45
39675472 1472254 87
10218090 10218089 65
3631502 3949240 82
847850 1661919 43
810045 291373 78
154537 487839 93
291587 291373 61
291602 291373 46
291642 291373 41
809640 291542 2
1508840 1509630 70
515632 1214640 73
291232 291373 11
832858 544616 1
726149 148191 3
259404 754283 47
248253 738394 94
303450 833008 87
843136 1653901 41
85168 291373 21
457165 1118739 71
1062152 1062126 63
77146 945 59
291234 291373 29
2089684 2843010 94
419021 419017 30
513990 1212194 62
291588 291373 94
810046 291373 19
1611728 291373 58
39678466 39678467 58
291332 291542 78
457163 144830 11
33245040 33245041 96
39678663 39678666 88
751241 1532334 90
62652 212253 78
85170 291373 25
809512 291373 21
85171 291373 70
732594 1504011 23
39664646 591324 67
1135727 2007566 70
485445 1163150 50
809475 291373 96
809476 291373 75
85172 291373 41
147749 466031 39
85173 291893 93
709309 1467726 68
250692 456863 53
265489 764665 5
416126 733014 35
809488 291373 55
64744 249908 22
4529619 4502844 76
1228413 144786 71
733435 733434 53
144848 457191 79
33130099 461747 78
244928 733436 92
62653 244721 98
2004251 2772037 92
10234615 165725 96
67693 256314 6
303808 833300 17
244227 732610 29
85174 291373 85
39652104 39652160 94
85175 291373 48
291235 291373 45
1143784 1923845 83
39680758 33244971 97
233293 714760 88
738393 1509630 85
1275808 2152632 47
1213645 2089725 64
62657 244930 2
25448368 2105976 36
39681002 39681003 20
144853 144830 88
771254 1553852 41
271435 291542 9
1923027 2699493 86
248254 174466 76
4502830 4502829 14
13410257 12069161 9
33130091 33130101 17
59126 239546 52
32951270 733444 84
248255 738395 21
291589 291373 69
1265214 2142371 31
248256 738396 34
771571 1554346 65
256316 751270 94
713193 1472254 23
1990178 2095986 92
713194 1472312 87
148262 434120 7
473572 1144984 30
85176 291373 81
1356193 268971 11
809489 291373 63
4121084 127866 4
1611877 2461637 21
64749 249529 95
810049 291373 100
713017 127866 63
69756 259749 85
269263 771798 99
69757 259751 3
4283055 4370959 70
3297025 1923867 96
291643 291373 88
85177 291373 61
2034619 2798612 17
2034619 2798613 72
739736 465878 47
85178 291373 28
833402 1575565 58
514884 1213674 69
551307 1123592 83
2088211 2842019 24
2911901 134676 73
1472201 2340837 81
1472201 2340844 1
59131 239564 15
39683672 39683674 44
15059185 1003320 37
809438 291373 45
55955 230421 98
74514 268629 71
13268256 517960 10
809477 291373 62
737057 1508124 87
33130100 32781242 7
1142239 1142234 44
1135730 2007568 72
303719 833208 66
17485 89765 27
154540 487846 13
809655 291542 92
1143789 1923845 28
248492 248431 23
538440 174466 70
85179 291904 7
2487386 58966 58
3595553 3923539 42
2341188 1472566 75
1510948 2373351 79
64407 64252 27
2428334 3112353 73
3725698 727005 45
3725698 4005994 87
1805603 2617741 95
1503931 2367700 29
33130092 33130101 92
291334 809697 1
85180 291373 51
4148121 4148115 38
291590 291373 16
85181 291542 18
303666 833166 39
244479 733060 29
64755 249792 68
1612072 291373 24
1062156 1923867 53
289783 807959 83
39687518 39687519 5
64409 248659 92
833130 1643567 80
1652099 840811 81
2007537 75543 76
810006 291373 20
145807 459974 15
4005993 727005 61
4005993 4005994 3
59135 75543 60
10217769 277339 92
291236 291542 77
736968 1508048 1
154542 487847 57
2414061 2414045 26
833446 818494 97
74515 268611 17
39688288 17254 89
1612068 291373 31
35050732 127866 90
1643575 2486323 88
809994 291373 61
65365 250986 79
66339 254316 49
88945 304927 96
303454 832912 14
2014750 1923845 4
39688696 39688697 33
67695 256286 78
516030 164451 20
1612086 291373 5
2331395 3033567 75
713195 1472320 16
4149401 4283826 93
85182 291373 44
4148136 4283008 68
4502824 4468396 41
74471 268570 93
291644 291373 88
85183 291373 44
85184 291373 4
1553843 1553846 80
1512686 1008389 61
742311 1134275 96
17490 58966 75
15334833 900 25
1501106 2365341 18
163561 514065 39
169055 522348 76
88434 303854 98
253803 747945 16
303614 833123 98
39690045 39690046 80
62667 244487 7
88435 303859 55
1143790 1923845 55
303848 600723 75
713196 1472254 79
291237 291373 81
809995 1612075 89
810179 1612169 50
144863 457208 3
10216237 4283008 76
1611844 291373 77
1338132 2002261 56
146981 463987 20
304333 833921 88
466260 450210 88
473061 1109517 25
291591 291373 70
778560 1565007 81
33130082 1553846 14
39674687 775162 94
153856 485681 64
153856 485684 20
473063 1109517 83
303927 833447 20
244480 733061 52
244232 732614 13
835038 1645374 29
4901403 2699872 84
248257 738399 14
85185 291373 25
1472409 2341032 36
2461785 291373 14
39688072 12339070 37
291592 291373 22
74517 268630 10
74517 268629 35
753812 1534574 59
88437 303861 8
85186 291373 87
487748 1166270 26
487749 1166273 56
291645 291373 19
1287090 255638 73
10217133 10217151 96
291646 291373 59
612435 74553 69
85187 291373 20
809447 291373 20
473067 1109517 6
39691565 754334 38
311363 845813 79
2428335 3112354 69
774927 291373 85
3543418 1472254 3
39577039 39577040 63
1504727 1164777 42
241912 11453 5
291238 291373 30
833131 1643569 44
135463 424928 29
809490 291373 21
34358280 34358288 77
66194 254096 6
244233 732615 57
833132 525395 68
268964 771287 83
1923029 2699500 81
291593 291373 19
774928 291373 81
85188 291373 43
1143792 1923845 96
291335 291542 15
809478 291373 48
15311952 15311980 37
13268257 517960 64
85189 291373 84
3627841 1923845 51
1553844 1472374 90
39693416 39693417 76
809996 291373 99
727642 59544 62
13268261 423989 18
810050 291373 89
39608926 39608929 31
1612098 291373 40
1981296 2754528 74
303615 833124 47
2365339 1501104 89
291336 186709 28
1612081 291373 61
31177705 31177714 4
39693790 17254 63
549772 959396 41
39577981 33852474 27
89076 305119 15
85190 291373 67
809997 291373 98
13379531 13379539 29
62673 244968 25
13268243 134676 8
4149392 127044 27
775010 291373 42
39657566 75543 19
514887 1213681 2
69790 259792 91
1480272 2347948 53
291647 291373 88
810024 291373 45
85191 291373 94
809448 291373 79
291594 291373 21
291595 291373 82
2045288 2806562 31
1061310 1923036 80
738401 738400 83
248258 738400 12
88374 303707 87
230222 708003 72
1065364 1928573 71
85192 291542 56
85193 291373 43
472064 1142240 44
1553873 713292 96
2699888 727005 32
2699888 3297034 26
257925 69111 32
754160 1534947 8
2027990 2152630 6
78846 277341 1
775011 1559980 48
1559980 291373 40
2007551 2774787 10
69792 259793 55
153864 485703 58
468148 1135914 15
85194 291373 77
1611740 291373 44
33130093 1553846 73
58664 238928 18
2773205 466400 26
291503 291373 85
457024 1118559 4
85195 291373 35
732983 244384 28
85196 85062 70
291240 291373 79
380629 259751 61
1065395 1928587 64
64429 248494 91
810113 291373 67
291241 291373 15
291242 291373 50
85197 291373 63
770706 1553483 79
291648 291373 15
85198 291373 61
727673 59544 17
85199 291373 18
1587804 2445342 47
809513 291373 60
846598 1660762 66
291596 291373 29
1120836 1992397 89
85200 291373 36
726181 1153428 80
256299 751245 25
39871205 39871206 58
148263 467134 12
303809 833301 73
40008631 40008633 95
1265215 2142373 49
85202 186709 7
4127186 2779079 19
1534843 2392958 13
832923 303550 46
88682 88674 17
138142 431624 77
380635 367379 60
472066 1142241 57
40011098 610347 96
40012795 29627351 81
771572 1472254 17
33237893 33237897 13
40019807 239512 45
466261 487756 85
78780 277157 36
1133823 2005594 39
250985 543114 25
3080089 25265 45
1503969 2367716 11
429971 1074433 13
543127 1265214 68
1990090 2761271 23
1503986 2367745 33
3305908 1936404 91
732580 1504002 64
849366 313103 48
65373 250997 60
2773204 3356493 55
2005593 2773204 50
40041834 11743596 50
93411 318341 73
732549 1503966 21
705964 1273776 2
450006 291373 65
450006 1106398 54
78850 277342 31
3140954 3616816 54
1612141 291373 3
85205 291373 99
809559 291542 42
85206 291964 58
85206 291965 82
85209 291373 31
40235599 291679 53
271438 775066 44
85213 291373 6
85215 291373 84
85216 291373 79
85217 291373 9
40600425 780255 19
1534738 2392910 67
1534738 2392911 2
304405 834032 53
754383 1535195 1
41458942 39824057 53
1061311 1923041 17
41863340 41863342 17
42164945 1653827 44
42164945 847847 38
1661922 670046 9
207180 618060 82
4562710 4562709 6
39575273 259749 20
277300 784259 35
784257 1570694 30
44127578 44127580 61
1661913 754334 16
1535132 2393159 52
2393170 2393159 24
1535133 2393161 75
1661924 2393159 41
1535134 2393165 18
1661925 2393159 34
44944316 44143417 67
732624 1504031 96
230345 148191 57
273591 778570 19
733257 1504590 99
1989934 1981311 38
139936 435203 19
834081 58966 70
46155999 32723455 88
1981313 1981311 81
256323 751272 73
840834 1652207 1
38344566 38343864 44
244241 732626 70
244242 732627 72
244247 732629 88
244251 486988 39
2089735 2843081 73
1213649 2089738 93
1213650 2089743 95
39783367 39783366 80
41857371 40012753 57
1512598 2374824 2
38341905 38341907 66
259511 754380 42
88685 88674 51
452226 713426 44
1065382 1928579 16
46157600 46157601 70
1651544 840442 18
418826 131800 67
303343 303344 11
304440 834067 94
3033567 3538864 9
832962 303539 50
832965 303539 74
832966 303539 93
32944683 32944685 6
733433 1504590 49
485675 1163244 31
1163247 2034880 58
2152625 2895747 26
22319357 22319361 69
39877155 39877157 9
3402005 3794286 1
2089759 2843091 19
46158263 39688307 33
2089715 2843065 65
39903134 39903136 46
39877428 39842234 77
15311990 15312045 54
2843006 3402009 94
2843007 3402010 16
1227216 2105849 9
78863 78804 34
78867 277346 93
233969 716655 72
303405 88301 8
303406 832862 83
303407 832863 22
832871 833034 77
832872 833034 71
832874 833034 64
832880 833034 77
832888 832968 16
1503987 1504004 91
367286 965412 54
485635 1163226 90
46158400 2842019 79
1920648 30969 84
39867838 39867842 64
2487311 3160280 38
740400 249353 27
736442 1507714 64
88459 303869 60
88462 229621 62
88471 303861 77
88472 303861 12
88474 303861 24
88475 303874 77
88476 303875 74
88395 303720 13
88399 303721 54
88402 303724 83
718919 303869 66
718920 1478432 59
185369 233829 8
244749 646291 48
256324 543648 14
833443 543648 35
39575588 39575593 97
39575590 39575593 69
256301 751246 92
833392 1643929 30
833396 751250 15
833397 1643930 99
833398 1643931 88
88953 256335 80
303642 833152 95
303701 833198 90
833197 1643614 62
303695 833192 29
303604 833099 59
39575630 39575631 73
29603504 13338189 14
29603505 13338189 70
305218 58966 81
303593 833088 89
303633 833149 37
833142 430334 72
1643577 1916205 40
833118 1643561 85
833119 1643562 81
303685 833191 60
259543 754394 10
46158498 39575706 53
3631503 3949240 86
3631504 3949240 31
3307867 419017 58
46158502 15311960 38
716538 1475587 4
774896 775066 1
1163066 1564628 53
1163066 2034674 87
809596 291542 64
2089687 2843016 86
2089689 2843021 61
2089690 2843023 69
247299 64179 6
736955 1508048 68
89448 305390 59
1133076 900 92
39576471 39576474 5
1923030 2699504 2
1923031 2699511 83
304373 833969 77
303829 833311 85
832991 833034 96
832992 832968 29
832993 832968 100
832994 832968 34
832996 832968 79
832997 833034 78
832998 1643490 11
832999 1643490 65
485390 1163134 88
485391 1163135 79
753884 1534760 38
46158611 13349678 74
13379534 13379540 96
1163222 2034828 66
1163223 2034829 72
46158666 46158669 25
46158675 39851553 100
238933 726464 90
303767 154302 32
303741 4365 98
303742 43310 69
303743 458680 53
303744 833238 43
551318 1123705 57
551313 1274562 5
180101 4365 96
303784 303769 41
1508050 1508048 8
303577 88301 96
303820 303769 47
1120838 1992402 16
1475626 2343713 81
784256 784259 45
89638 305543 69
2089702 2843041 62
38338990 38338991 85
38345731 37706997 78
572130 733062 100
572139 1287097 26
4991327 4991333 54
572122 1287088 79
1643495 833034 83
1643496 833034 28
1643497 833034 67
1643498 833034 77
233303 714760 36
233306 714766 31
233307 714758 63
770617 1553438 96
244515 255638 47
39578095 4624240 36
754211 1534971 91
3160296 312071 18
3401288 3793964 73
4186171 4307370 47
303467 88301 81
303485 833026 90
303486 833027 22
303487 833028 12
303495 832863 42
303497 832862 39
303502 832862 58
303509 303539 47
303514 833034 89
244483 733062 6
4149404 3949240 11
423449 1065415 56
423450 1065405 2
423451 1065405 50
423452 1065416 34
46159012 40012515 72
38343478 38343480 36
250975 742285 80
774921 1559890 98
3793933 4044442 40
3793934 4044445 64
39690049 39690046 43
1138592 2010249 37
1494900 2360317 79
1494901 2360319 85
38341908 38341909 19
304412 834034 12
485310 1162976 6
732591 1504005 40
732592 1504008 59
732584 1504004 11
38732283 38732284 11
1061314 1923046 2
46159196 46159198 12
46159197 46159200 33
46159201 43399108 48
67715 256334 10
67716 256335 71
67717 256336 61
3401276 3793944 62
3401277 3793953 56
3401278 3793954 65
751820 1532787 83
46159218 46159220 18
514891 1213685 86
291631 810100 7
809631 291542 33
250898 742210 73
39807286 39807287 85
4614769 4614768 49
835039 1645377 69
835039 1645378 45
1645378 835039 32
2106306 522771 46
39667177 39667178 80
4475045 4508412 95
259030 753976 56
732601 732599 75
732602 732599 5
732603 732599 79
732550 1162552 39
784258 1570696 34
1065409 1928602 70
15312195 15312242 48
163575 514081 68
46159317 46159320 34
46159323 39875181 40
3725647 4005942 5
3296901 3725649 18
1643536 303671 26
1503997 2367784 63
2488278 58966 1
3167913 2048192 35
742211 38132 71
3402037 3794298 50
32994470 32994471 9
833082 303671 100
245826 734465 91
10216396 1570696 52
1528133 1065415 75
1528134 1065415 39
1528135 133320 15
46159547 133320 28
46159548 46159549 57
46159550 133320 55
46159550 46159549 45
770667 1351933 24
292701 811422 93
46159555 12272125 54
833126 1643566 2
833148 1643578 50
46159611 46159614 84
1645581 2488277 23
833922 833921 45
2089695 2843030 86
46159632 46159633 79
1644425 89427 75
46159754 268682 91
46159754 770767 35
46159755 268682 27
46159755 770766 56
46159756 268682 94
46159756 770766 1
1065408 1928602 80
46159768 46159770 90
46159773 39902603 44
46159806 46159809 37
3296896 3725642 67
2699494 3296895 8
832970 1643490 62
832971 1643490 67
832972 1643490 83
832985 1643490 58
964894 1804938 45
277345 784299 33
1469800 711365 52
733081 255638 25
303669 833179 64
38342667 38338987 85
1065406 1065415 89
834808 1645202 58
46159872 39855671 74
1928571 1170192 72
1928572 2705625 87
733402 1504797 95
835162 58966 37
835163 58966 28
1351737 2225849 26
1503974 2367719 68
1503994 2367765 42
88331 88301 11
88332 88301 34
88334 303550 84
259639 58966 21
259640 754462 37
15059187 15059189 87
754392 58966 23
35050130 35050131 7
37706323 37706326 48
2699495 3296898 8
303837 303861 18
2908126 3447655 24
153878 485707 53
572145 572144 69
154561 487855 67
32950746 256335 41
736451 1507716 39
259768 754505 32
38340689 38340691 48
46160555 46160557 22
737254 127776 8
89829 235231 13
46160671 259542 5
835313 1645827 41
266129 266112 8
4131372 1242055 12
17547 89832 5
259394 754216 98
69828 259826 20
259705 754487 63
29956931 29956932 80
3821739 3821740 47
4062734 4219401 59
232868 713424 80
713424 143673 45
1472564 1472563 29
1472585 713426 99
713449 713426 53
2341179 69562 79
514036 1212250 95
1643585 1643586 87
833155 1643586 77
3061839 3556595 89
1643504 1643490 85
4524505 4547274 7
733322 1387084 65
46160922 46160923 31
43852 185119 13
2486254 2486258 82
835166 1645586 54
39678664 39678667 70
1643491 1643490 94
1643439 832968 87
1643505 832968 35
46160963 832968 32
303527 303550 83
46160967 15064336 4
1504411 17237 83
303538 303539 67
69830 259829 41
40600652 37780045 69
40600650 37780045 72
833970 1644460 10
833156 1643587 6
833158 1643587 81
256332 543648 85
1287115 2165269 43
835167 58966 56
46161023 88301 56
1532333 2390872 72
303673 303671 9
833122 1643563 11
732612 1504025 5
1645140 58966 64
46161026 46161028 88
46161029 46161028 30
2843012 3402018 100
2688034 3287973 79
38345664 38345665 1
2374840 3067402 52
770711 1553485 18
46161060 46161061 27
15059181 15059186 88
1534777 2392948 37
254094 748169 52
40600651 37780045 68
2393168 2393159 92
833043 303550 62
1643391 833034 18
1643392 833034 9
1643395 833034 74
2486264 833034 18
2486265 833034 53
1643462 832968 28
1643398 833034 76
1643506 833034 56
832929 832968 25
46161201 1643490 85
46161202 1643490 5
2486240 833034 100
1643405 832968 36
833018 832968 74
1643508 1643490 2
2486239 833034 25
1643400 833034 26
1643509 1643490 19
1643510 1643490 64
1643406 832968 12
1643407 832968 93
2486266 833034 82
459422 85745 13
38342338 38342339 59
2425389 3110472 23
2392998 58966 78
42164934 15086592 93
305232 835184 52
1661914 2501122 82
36518177 15086592 19
46161378 15050957 67
716656 716655 51
1643441 2486258 54
15311959 15311996 54
46161505 46161506 37
10216323 10216324 31
1065367 1170192 59
1065368 1928574 34
784210 1570691 55
832950 303550 45
833115 1643560 70
2367631 228720 15
834802 1468220 11
303723 303724 66
46161525 486988 31
46161529 46161530 79
259522 754384 45
770656 268611 48
32935967 32935971 42
732616 1504027 26
17747 89845 98
17803 89848 92
17804 89848 99
17805 89848 50
46161585 40213139 64
31760652 89727 23
1292226 2162089 73
69856 259853 82
69857 132326 4
69882 58966 37
69896 132326 13
69899 132326 3
69901 259861 85
69904 132326 84
69907 259862 18
69919 132326 49
69936 259868 44
69943 259872 80
69957 259875 4
69957 132326 76
69961 259876 93
47874210 1643490 3
47874333 1287978 100
1163203 2034821 19
47875113 303861 92
47875123 1060066 48
47875151 47857819 76
47902792 39903133 42
49185219 64694 77
50266657 248415 80
50266691 597706 78
50266705 199214 90
51785206 258517 81
51785207 15133767 52
51785208 1928579 71
51785209 833921 81
51785210 716655 17
51785211 29896214 72
51785212 716567 16
51785213 716567 77
51785214 34384649 93
51785215 51785216 87
1553484 2413789 12
51785217 41694069 31
1559972 775004 9
51785218 707579 56
51785219 646324 18
51785220 50125239 43
51785221 50126763 47
10219094 10219095 3
51785222 51785223 94
51785224 39202219 20
51785225 51785226 45
51785227 88728 81
51785228 132326 25
51785229 39680092 70
51785230 154483 85
51785231 1170192 95
51785232 1170192 80
51785233 44160625 20
51785234 44160625 52
51785235 51785236 67
51785237 450435 8
51785238 37771 22
51785239 150925 25
51785240 51785241 58
51785242 51785243 65
51785244 34473814 76
51785245 39889882 96
51785246 256336 39
51785247 732603 83
51785248 51785249 1
51785250 51785251 72
51785252 50570783 30
51785253 3354722 99
51785254 44160974 90
51785255 42155449 14
51785256 132181 37
51785257 12272125 37
51785258 292887 98
51785259 256335 38
51785260 13157721 6
