10531329 82179 59
9537037 82179 49
10709625 368384 55
10710271 82179 7
968494 284364 51
10711984 283722 70
11119461 82179 29
11933546 82179 10
12145593 284364 84
82038 283684 83
12351159 82179 95
13341096 368384 75
13345074 283722 59
13353614 283684 52
966993 368384 75
13356625 283722 73
13357925 283722 63
13359527 283722 58
13345083 283722 54
13370267 368384 81
13345088 283722 92
13357927 283722 68
13384667 283722 84
13385342 284364 90
13385633 283722 7
13389373 283684 43
82287 283722 91
3603987 368384 48
13393852 283722 74
796291 283684 20
9615411 283722 26
13394204 283722 53
4241953 283722 57
13397719 284364 83
3010177 283722 9
13401143 82179 9
2445009 368384 57
13401915 283722 37
13409072 284364 90
13410754 283722 53
13416232 82179 83
13418094 283684 6
13418094 283722 91
13439823 82179 84
1807669 284364 19
1807669 82179 98
921935 284364 54
369079 82179 100
12145602 284364 51
5005650 283722 6
13481911 283684 50
13483976 283684 20
13484134 368384 90
13488694 283684 41
112867 82179 84
13497871 82179 50
536522 82179 77
964210 283684 55
2616330 368384 7
10381533 283684 3
14120746 283684 32
1587690 82179 51
14253170 283722 88
14179874 82179 81
13359529 283722 34
582085 82179 44
876467 82179 58
14778327 283722 86
236793 82179 21
15084068 368384 87
660666 283722 69
1396325 284364 82
15237553 284364 95
15242711 283722 47
15244447 283722 14
13416249 82179 60
15547686 82179 37
15547692 82179 47
15547694 284364 19
15547730 82179 33
15547739 82179 54
15547808 82179 39
660668 283722 46
15550135 82179 21
1807638 283722 83
13416235 284364 29
4345834 82179 13
796350 283684 79
10711988 283722 31
3245546 283684 52
15575368 283722 82
15578007 368384 56
3705238 283684 92
15592044 283722 17
15599071 283684 48
15599493 368384 24
14179922 82179 98
796351 283722 65
10491731 284364 67
21966486 368384 35
21846929 283722 52
21967865 283722 2
4166828 283722 80
10479749 284364 29
3952047 82179 95
21973556 283722 80
21973940 368384 37
21974258 284364 96
21974931 283722 56
21976532 283722 23
21976865 284364 72
21978630 284364 47
21978818 284364 1
9201791 284364 80
5005700 283684 33
21981132 82179 76
21982168 283684 77
368734 368384 11
21983674 284364 64
21983691 368384 41
21983691 283684 53
9081502 283722 62
21984351 283722 59
2993307 82179 20
21986367 368384 58
21986477 283722 65
21989118 283722 33
21989458 368384 86
21989465 368384 60
3424875 368384 13
21990846 82179 98
21990980 368384 18
21991428 283684 8
21991767 284364 69
21992926 283684 65
21993699 283722 45
21993806 283684 32
21994444 283722 33
21994549 283722 70
21995206 283684 84
3766116 284364 61
21995560 368384 49
3273925 283722 14
10959402 283722 26
21997197 368384 33
21997241 283722 9
21997329 283684 8
1587691 82179 13
21999910 368384 59
22000047 283684 29
21967998 283722 83
22000789 283684 47
22001476 284364 24
110201 283722 38
22001712 283722 80
22003081 284364 30
22003192 368384 57
112587 368384 28
2594958 283722 69
6622904 283722 92
22005570 283684 9
964213 368384 68
22006698 283722 19
22007466 283684 35
22007498 368384 53
22007837 283722 15
22007934 283684 93
22008538 283722 33
22008618 284364 82
22008668 82179 97
2443372 82179 33
22010392 283684 91
22010553 283684 59
22010748 284364 72
4408629 283684 49
22011581 82179 12
22011720 283684 16
22011775 283722 37
22012605 283722 1
3603876 283684 43
22012928 283684 18
22001842 283722 46
22014993 283684 84
22015606 283684 17
22016286 82179 100
22017199 368384 79
22017419 368384 94
22017654 283684 72
4984911 368384 68
22018837 368384 82
5004857 283722 61
966994 368384 61
794700 82179 31
5004774 283722 24
22022611 368384 26
22011722 283684 62
5005496 368384 53
5005496 283684 63
22011723 283722 73
15931 82179 39
964231 283684 20
22023590 82179 95
10479750 284364 16
22024279 82179 94
2445004 283684 92
22025210 283722 69
22025607 283722 62
22026453 82179 37
22026465 368384 48
4241955 82179 79
3125009 284364 86
22028586 368384 76
22029025 368384 32
22037677 283684 73
22062537 283722 49
1772598 284364 13
22071948 82179 89
22073439 284364 75
22075510 283722 14
3509284 82179 76
22085516 284364 97
22105647 284364 64
10381534 368384 28
22113641 283722 48
22120173 368384 95
22130619 283684 83
12145595 284364 22
22142430 284364 75
22144123 368384 39
1835104 82179 50
22149564 284364 29
22149971 284364 49
22150577 284364 61
22177950 284364 13
21689076 284364 9
22193910 283722 96
10457537 284364 54
22199683 283684 24
1396331 284364 57
22201641 368384 76
22205108 284364 63
10457575 284364 29
5004724 284364 85
22210999 82179 60
22001080 82179 20
22216169 283722 30
1254202 284364 39
10457538 284364 60
21981944 368384 10
10592094 284364 42
22229622 283722 24
1396332 284364 1
22235728 368384 53
15569084 82179 24
22245846 82179 30
22247537 283722 8
22248405 82179 12
22251013 368384 33
3124996 283722 1
2443227 82179 35
22254637 284364 20
22259047 368384 12
22259133 284364 2
22265734 283722 22
3602471 284364 52
22275677 284364 19
22282093 283722 46
25466977 368384 27
15551420 284364 37
28848073 82179 99
15476970 284364 64
15213248 283722 26
15504382 283684 46
82039 283722 12
10495235 283722 90
284344 284364 3
29045027 283722 64
15411940 284364 94
968501 283684 4
29047360 284364 92
15411941 284364 19
29589311 368384 98
30666613 368384 45
82040 82179 29
3477963 82179 43
3477964 284364 64
31835116 284364 79
31835364 284364 6
31836068 284364 2
31836679 368384 2
31836746 283722 38
31836798 283722 11
31836805 284364 32
22006613 368384 96
31837882 82179 91
31837885 284364 90
31837933 82179 29
31838397 283722 31
31838404 283722 19
31838557 283684 6
31838829 283684 16
31839016 284364 64
31839394 283684 53
31839398 368384 7
31839404 283722 30
13345076 283722 9
4081117 284364 36
31840451 283684 47
31840468 283722 59
31840477 283722 12
31840482 368384 32
31840500 368384 80
31840509 283722 39
31840518 283722 84
31840527 283722 48
31840651 82179 97
31840661 283722 19
31840698 283722 98
31840748 284364 43
31840752 283722 83
31840881 283722 98
31840987 283722 34
31841016 284364 35
31841029 368384 93
31841300 283722 89
31842579 283722 98
1587639 283684 44
2445012 368384 1
2445013 283684 24
31842606 368384 95
31842609 284364 35
1584675 283722 51
1094685 283722 67
2445014 283684 79
5004684 283722 91
31842650 283722 36
31842662 283684 12
31842669 368384 45
31842688 368384 28
31842706 82179 68
31842712 82179 29
31842716 368384 85
31842720 283684 25
31842738 368384 11
31842750 368384 100
28913010 82179 23
2445015 283684 32
31842815 368384 99
31842819 283684 32
31842863 283684 46
28913028 82179 98
31842880 368384 67
31842923 283684 44
31842947 368384 41
31842962 283684 48
31842966 82179 35
31843033 368384 34
31843036 283722 96
31843080 283684 43
31843089 368384 89
31843097 368384 11
31843102 368384 64
31843104 368384 12
31843106 283722 81
31843115 283684 12
31843122 283684 38
31843128 283684 13
31843146 283722 52
31843154 368384 31
31843161 284364 65
31843170 368384 49
31843176 283722 14
31843213 368384 57
31843220 283722 88
31843230 284364 34
31843239 368384 43
31843244 82179 76
31843258 283684 99
31843264 368384 13
31843267 283684 16
31843269 283684 68
31843274 283722 52
31843328 368384 2
31843337 283684 80
31843343 283722 37
31843349 368384 17
31843123 283684 13
31843370 283722 85
31843388 368384 34
31843395 368384 89
31843407 284364 22
31843418 284364 65
31843430 283684 67
31843446 283722 75
2731601 368384 38
31843510 368384 77
31843540 283684 44
31843651 283722 71
31843786 283722 20
31843795 368384 24
31843892 368384 17
31843898 368384 11
1587640 368384 50
31844019 283684 12
31844020 368384 88
31844024 283722 31
2731592 368384 73
31844052 283722 91
31842936 283722 64
31844068 283722 86
2731610 283684 62
21994551 283722 50
1094686 368384 34
31844286 283722 61
3529117 82179 21
31844301 283684 68
2445019 283684 64
28913020 82179 19
31844357 368384 98
31844379 283684 13
31844389 368384 53
31844396 368384 3
31844487 368384 78
31844493 283722 93
31844060 283722 78
31844504 283722 57
31844071 283722 97
31844532 368384 59
2731590 283684 72
31844540 283722 98
31844558 368384 44
31844558 283684 95
31811532 283722 69
31844609 283722 42
31844631 368384 27
31844660 283684 50
31845013 283722 52
31845057 283722 12
31845126 284364 84
31845475 283722 20
31845581 82179 54
31845600 283722 57
31845645 283722 4
31845653 283722 71
31846023 284364 62
31846033 82179 48
31846266 368384 75
31846279 368384 81
2528408 283722 56
31846630 283684 47
31846636 283722 66
31846619 283684 19
31846753 283684 26
31847002 284364 67
31847017 368384 99
31847064 283684 81
31847118 284364 20
31847135 284364 13
31847183 82179 31
31847483 368384 15
31847492 283684 64
31847502 283722 1
31847524 284364 26
31847525 82179 35
31847581 284364 49
2993311 82179 77
31848113 284364 22
31848188 284364 98
31848216 284364 43
31848223 284364 16
31848243 283684 57
31848259 284364 85
31848262 284364 11
31848349 82179 78
31848418 82179 79
31848419 82179 49
3125200 284364 65
31848711 283722 63
3125201 284364 100
3125203 82179 38
31848739 283722 49
31848750 284364 42
1584855 284364 23
1584855 82179 53
31848751 284364 78
31848793 284364 93
31848797 283722 87
3125204 284364 7
31848829 368384 68
31848836 82179 7
31848849 283722 80
1579440 283722 64
31848974 284364 13
31848981 283722 31
3125207 82179 2
31848990 283722 46
31849042 82179 40
31849051 368384 81
3125208 82179 96
31849174 82179 70
3125210 284364 23
3273933 283722 37
31849286 82179 94
4303579 284364 85
3125211 82179 21
3125212 82179 70
15219539 284364 69
31849403 283722 14
3187641 283722 11
4441743 284364 86
31849465 283684 69
3125214 82179 39
31849600 283722 44
13435079 284364 25
31849720 284364 15
968439 284364 75
4968181 368384 42
31849866 283684 78
31849869 283722 51
31849895 283684 68
31849928 283722 75
31849920 283722 100
21711349 82179 52
31835633 283722 57
31849929 283722 48
31850082 283684 60
31847859 283684 48
14966872 283722 27
31850119 283722 84
1833262 284364 10
31850126 284364 9
31850210 283684 46
31850236 284364 5
28781631 284364 23
28781631 82179 71
31850242 284364 71
31850247 284364 45
31850211 283684 98
31850268 284364 30
31850294 284364 69
31850316 284364 4
31850317 284364 3
31850318 284364 71
31850333 284364 19
31850333 82179 73
4299443 283722 96
28375216 284364 97
29713683 283684 22
31850377 82179 92
2993313 82179 12
31850437 82179 50
30348927 82179 45
2270251 284364 13
31850663 284364 41
31846034 284364 93
31851006 283722 47
31851220 82179 87
31851870 283722 100
31852134 283722 60
1804041 283722 45
31852910 82179 10
31852916 283722 92
31853001 82179 60
31853104 368384 87
31853151 283722 99
31853228 283684 13
31853233 283722 1
31853237 284364 52
31853283 283722 86
31853391 368384 21
3125216 82179 31
31848685 283684 13
31853451 283684 26
31853453 368384 2
31853460 368384 36
21974933 283722 61
3125217 284364 71
3125218 283722 29
31853969 283722 50
9615385 82179 18
31854040 284364 53
31854047 284364 92
31854050 283722 38
31854052 283722 2
31854072 368384 3
31854075 283684 37
31854079 283722 85
672156 82179 68
31849959 283722 27
31854099 284364 93
31854099 82179 84
31854108 283722 16
31854108 284364 94
28311878 284364 62
672157 82179 95
31854118 284364 21
3636906 284364 75
31854137 283722 86
31854139 82179 67
31840410 283722 54
31854150 368384 73
31854153 283684 78
31854168 283722 90
31854178 284364 29
31854198 368384 16
31854229 368384 75
31854236 368384 67
31840409 283722 79
31854244 283684 72
31854260 368384 27
31854296 82179 88
31854307 283722 74
31854320 368384 62
31854308 283722 66
3171587 284364 84
29028893 283722 95
29028893 284364 37
31854313 283722 97
30778416 82179 26
31854389 284364 73
31854425 368384 19
31854433 368384 47
31854437 368384 30
3171419 284364 22
3171588 284364 90
1483122 368384 77
236821 283684 27
31854452 283722 46
31854435 368384 63
10479753 284364 96
31854434 368384 25
31854612 82179 9
31854659 368384 61
31854659 283684 43
31854659 283722 67
15419363 283722 31
31854709 82179 95
31854733 82179 71
31854760 368384 30
22168737 82179 28
31854809 82179 43
31854820 82179 5
31854853 283722 91
30778398 82179 22
31854899 283722 78
31854290 283684 35
31854944 283722 20
31855009 284364 46
31855075 368384 5
31855218 283722 70
31855255 284364 26
31855270 82179 6
31855281 283684 34
31855297 368384 34
31850522 283684 37
31855304 368384 7
31855322 368384 15
31855322 283684 21
31855322 283722 37
31855373 284364 5
1342464 284364 92
31855405 82179 60
31855426 368384 94
31844092 283684 37
3704574 284364 87
12145610 284364 66
13409075 284364 94
31855484 368384 92
31855487 368384 19
31855487 283684 15
31855499 82179 15
12145635 82179 56
31855519 283684 100
31855522 283722 59
31855558 283722 34
4236707 283684 54
4084861 283684 29
31855579 368384 24
31855579 283684 34
31855606 82179 36
9615386 82179 28
21978828 284364 33
10479760 284364 64
31855774 283722 52
30778390 82179 82
12145629 284364 40
12145597 284364 30
31855789 368384 62
31855796 283722 43
31855807 284364 4
31855817 82179 95
31855824 283684 22
22147114 82179 73
31855837 284364 93
31855842 283684 24
31855848 82179 14
31855853 284364 71
31854762 368384 25
31855857 283722 21
31855374 82179 95
2274772 284364 75
13495413 283722 86
22021346 368384 82
21891242 283722 29
31855986 82179 22
13435073 284364 50
31856144 283722 76
31856551 283684 76
31856562 283684 83
31856563 283722 69
31856583 368384 32
31856651 368384 80
31856764 283722 59
31856779 368384 25
31856782 283722 32
22128363 283722 73
31856835 283722 14
31856863 283722 3
14205483 368384 76
283864 283722 41
9201778 284364 10
9685430 283722 93
9201800 284364 62
31856891 284364 45
31856981 82179 3
31857151 284364 76
31857307 283722 99
31857417 368384 22
31857449 82179 79
4984995 368384 30
31857481 368384 50
31857489 283684 88
4254417 283684 18
31857503 283684 84
31857506 368384 82
31857511 368384 89
582089 82179 80
31857522 82179 42
31857524 82179 66
3015381 283722 60
31857565 368384 95
31857572 283722 39
31857581 283684 47
31857584 283684 6
31857594 82179 76
4254418 283684 45
5005482 284364 87
31857650 283684 72
5005501 284364 67
5005539 284364 60
5005545 284364 61
31857683 284364 94
31857715 284364 88
31857720 283722 92
31857744 284364 76
31857747 283722 37
31857749 82179 24
3013779 283684 91
31857759 368384 54
22115492 284364 71
31857772 284364 31
582090 82179 90
31857807 284364 14
3015384 283722 54
582091 82179 95
3015386 283684 98
3013780 283684 14
31857853 283684 65
31857861 284364 88
31857871 283722 46
31857525 284364 31
31857956 368384 19
31857963 283722 25
31857979 368384 59
31857996 368384 100
31858018 283684 66
10381535 368384 79
31858057 82179 29
3879366 283722 39
31858142 283684 51
31857751 82179 96
31857590 283684 6
4254420 368384 59
31858280 82179 84
3013781 283684 71
31857458 82179 2
3015391 283722 25
31857541 284364 90
2619385 283684 41
31858362 284364 48
31857451 82179 90
31858371 368384 76
31858380 82179 96
31857666 283684 16
5004901 283722 53
31858453 283722 66
31857883 283722 72
31857876 283722 62
31858478 368384 49
1342465 284364 49
4984996 368384 36
582094 82179 43
2619386 283684 24
2619387 368384 17
2619412 368384 92
31857983 283722 4
3692815 368384 26
3692816 368384 63
4984971 368384 38
3013782 283684 44
31858534 368384 92
31858835 82179 98
31858849 283684 24
31858853 283722 54
31858856 284364 82
31858878 82179 50
31858882 284364 50
31858904 283684 3
31858894 82179 63
31859016 82179 5
31859042 283684 93
31859064 82179 92
31859069 283684 13
31859069 283722 6
31859069 284364 100
31859079 283722 91
31859110 284364 73
28387678 82179 23
31859135 283722 20
31859157 82179 88
31859172 82179 70
31859180 284364 6
28387679 82179 83
31859198 283684 40
31859203 283684 5
10491734 284364 27
31859286 283722 86
10457574 284364 74
31859304 283684 17
10491736 82179 98
31859318 283722 49
31859338 82179 62
31859357 284364 33
28710524 368384 2
31859375 82179 88
29718916 283722 6
31859388 283684 62
31859402 283722 21
31859407 283684 42
31859493 82179 93
31859508 283722 69
28387692 82179 28
28387699 82179 80
10491737 283722 57
31859746 368384 9
31859972 283684 71
31859975 283684 73
31859978 82179 53
3102512 284364 77
31860023 284364 15
31860023 82179 6
10457542 284364 65
10457576 284364 96
31860153 368384 42
28387676 82179 69
31860193 82179 94
31860200 283722 93
31860203 368384 50
31860206 368384 30
31860211 283722 87
31860211 284364 48
31859545 284364 46
31860234 283684 89
13356627 283722 100
31860326 283684 58
31860358 284364 66
31860445 283684 53
2441477 283684 21
3123402 283684 79
31860504 368384 21
31860635 284364 59
31860650 283722 24
112868 284364 39
1587695 82179 67
2594966 82179 12
2594967 82179 16
794624 284364 85
11119489 284364 4
31860636 284364 5
369117 82179 25
31860813 283722 17
31860914 284364 88
31861076 283684 93
31861447 284364 73
13401157 284364 63
3636907 283722 55
3636907 284364 73
3636907 82179 76
31861529 82179 36
31861553 368384 30
11119465 82179 21
31861581 283722 52
592202 283722 78
31844055 283722 24
31861618 284364 52
31861630 283684 2
13439827 82179 19
31861638 82179 70
31861646 283684 57
31861668 368384 89
31861668 283722 10
2502533 284364 68
31861731 284364 69
31861756 283722 96
1854785 283722 61
3927723 82179 73
15569031 82179 78
4413143 82179 95
13401164 82179 22
31861846 82179 67
1579442 283722 96
2198157 283722 27
3692817 283684 38
31861880 283722 16
31861917 283722 97
13401146 284364 43
5004725 82179 34
15569000 82179 9
15569017 284364 4
15569017 82179 69
15569053 82179 52
31862363 82179 90
3692830 283684 2
31862377 82179 12
31862535 283684 63
31862535 283722 10
13401147 82179 21
31862607 283722 67
31862623 82179 15
31862652 284364 67
31862656 284364 56
4413144 82179 3
31862680 368384 82
31835489 283722 78
31862861 283722 62
31862974 284364 3
22096354 82179 24
31863080 368384 23
31863152 82179 15
31863176 283722 20
15411973 284364 23
31863275 283722 34
31863294 284364 70
29049989 82179 71
29717728 283684 38
31863566 283722 37
31863580 284364 19
31795936 283722 10
31863584 283722 31
31863593 283684 99
5004997 283722 91
31863752 283684 55
5004726 283722 66
31863875 283722 74
10592101 284364 76
31863908 283722 62
31863632 283684 90
31863923 283684 61
2291252 283684 44
5004938 283722 83
31863993 284364 84
31864003 283684 10
5004976 283722 72
15219017 283722 21
1695030 283684 63
31864118 284364 3
31864122 284364 49
1837875 283684 39
3693331 82179 74
1837876 283684 20
29716441 82179 56
31864162 283722 13
1434598 283722 71
31864185 283722 72
31864190 283722 55
31864199 368384 89
31864202 283722 28
31864207 82179 72
31864215 284364 87
31864224 283684 13
29718944 283722 51
28375205 284364 84
31864309 284364 8
31864330 283684 11
31864494 82179 28
31864565 368384 50
31864596 368384 53
31864605 82179 44
31864666 368384 8
22229634 283722 33
31864913 283722 99
28710536 283722 51
13359537 368384 69
13359548 368384 48
31865401 283722 63
31865420 283722 18
31854140 82179 20
31865441 283722 67
13359530 283722 9
31865452 284364 70
31865458 368384 35
660685 283722 72
660689 283722 84
660695 284364 22
660696 283722 52
660696 284364 14
660697 283684 85
660704 283722 68
660710 283722 19
660711 283722 98
31865505 283722 78
660712 283722 93
3010187 283722 33
2276375 283684 61
660714 283722 36
1401954 283722 46
31865525 284364 14
660715 283722 22
31865530 284364 12
31865662 368384 54
31865694 283684 88
31865701 284364 34
31865802 368384 23
31865824 283722 66
31865663 283722 18
31865868 82179 97
31865877 283722 25
31865803 368384 64
31865880 283722 38
31866242 368384 45
31866378 82179 24
31866381 283722 75
2619388 283684 54
31866385 283722 72
2619389 368384 12
31866479 283684 16
2619390 283684 76
3692821 283684 60
3692822 283684 77
31866710 368384 64
31866711 283722 23
31866764 368384 97
31866766 283722 9
31866779 368384 85
31866947 283722 60
31867007 283684 63
31867063 284364 59
31867270 283684 85
2441230 284364 27
2993178 283722 51
31867340 82179 50
31867377 82179 81
2993317 82179 16
31867393 283722 42
1854693 283722 24
31867451 283722 75
2993318 82179 31
1396381 284364 94
31867474 283722 35
2990915 283684 82
31868173 283684 76
31868175 368384 80
31868192 368384 1
31868215 283684 82
31868240 368384 32
15411966 284364 91
31868255 368384 59
31868194 368384 64
31868299 368384 11
31868302 368384 23
31868200 368384 68
31868375 284364 20
31868377 82179 71
31868409 283684 86
31868417 368384 88
31868177 284364 14
31868443 283684 70
31868454 283722 31
31868458 284364 1
31868467 82179 68
31868205 368384 10
31868482 284364 52
31868492 283684 35
31868725 283684 8
31868851 283722 77
31868859 283684 82
31868875 283722 62
31868896 283722 37
31868916 283722 93
31868928 283684 22
31869488 368384 4
31852813 82179 93
31853793 82179 81
31850222 283722 9
31870145 283722 72
31850217 283722 92
31870203 283722 35
31870364 283684 66
31870386 283722 34
31870424 283722 74
31870473 284364 71
31865695 283684 91
31870549 283684 96
31870555 283684 13
31870558 283722 38
31871214 283722 43
31871216 284364 11
31871260 283722 23
31871265 283722 98
31871268 284364 56
31871335 368384 88
31871379 368384 14
877128 284364 3
1694328 284364 68
31872069 284364 72
31872073 283722 44
31872076 283722 41
31872093 82179 49
31872096 283722 22
31872107 283722 10
4905257 284364 65
31872463 284364 35
31858457 283722 20
22007847 283722 72
31872614 283722 46
660720 284364 73
31874181 283722 46
31874591 283684 34
31874627 368384 28
31842722 283684 22
31875530 283684 56
4483866 284364 5
4305072 284364 16
4442444 283722 23
3998499 284364 75
31875986 368384 13
31876004 368384 13
3841999 284364 93
31876102 283722 94
31876118 283684 86
31876190 283722 77
4182469 284364 49
31876424 283684 19
4515528 284364 38
22151436 284364 26
31877022 284364 70
31877069 283684 30
31877166 368384 63
31877168 283722 78
31877179 283722 47
31877298 283684 94
31878011 283722 50
31878053 368384 39
31878191 283722 6
4985003 368384 87
31879241 284364 68
31879245 283722 72
15569074 82179 90
31879573 283722 12
31879843 82179 32
31879850 283722 20
31879861 283722 41
31879894 283684 65
31880679 283722 63
31880953 368384 33
31881048 283722 74
31881507 283722 5
31882940 283684 38
31882988 82179 4
31883098 368384 57
31870461 283722 87
31883367 283722 61
31883372 283722 23
31883373 284364 38
31883399 284364 41
31883495 368384 2
5004727 284364 48
31883567 283722 53
31886474 283722 6
31886480 283722 85
31887174 82179 98
3125274 368384 24
31887198 368384 23
31887207 284364 87
31887258 368384 28
31887268 284364 99
31887318 368384 58
31887336 368384 9
31887349 283722 72
31887366 283722 62
31887409 284364 56
31887426 284364 99
4345802 284364 43
31887518 283722 83
3930497 283684 68
31887860 283684 26
31888147 368384 6
4345803 82179 3
31887382 368384 86
4345770 284364 16
31888268 283684 75
31888280 284364 48
31888371 368384 77
31888478 284364 50
31888534 283722 5
4636309 284364 22
31888984 284364 20
31889144 284364 8
31889164 283722 16
31870855 283684 38
31889266 82179 70
31889779 368384 16
31889780 368384 24
31889812 284364 39
31889866 82179 91
31889870 82179 10
4021170 82179 42
31889897 368384 57
31889905 284364 6
4327287 284364 48
31889920 283722 73
31880960 368384 15
31867064 283722 84
31889940 283722 54
31880968 283722 51
31880963 368384 24
31889947 82179 36
3692823 283722 32
31889950 284364 100
3692824 283722 73
31890031 82179 77
3692825 283722 67
31890148 283722 94
31890158 283722 45
31890163 284364 20
31890165 283722 38
2619391 283684 50
31890176 368384 49
31890210 368384 58
31890272 283684 5
31890274 283722 6
2619393 283722 43
15211314 283722 16
31890346 283722 1
31890940 283722 33
31850295 284364 27
31850301 82179 57
921939 284364 56
31891886 284364 47
28375217 284364 39
4237434 283722 47
3477978 82179 36
31891903 284364 81
31891914 283684 47
14205509 283684 64
28375209 284364 45
31891927 368384 74
31892424 283722 96
15238362 283722 31
31893015 368384 90
31893070 82179 47
31893075 283722 17
1659468 82179 81
31893311 283722 28
28776987 82179 37
22243416 283722 49
31893337 283684 91
31893355 284364 85
22193913 283722 92
31839405 283722 13
31893371 284364 91
9537043 82179 19
13481922 283722 65
22243422 283722 85
13481913 283684 30
31893405 284364 44
31893411 368384 99
31893988 82179 51
31895138 368384 3
31895292 368384 21
31895300 283722 51
31895387 284364 93
31895409 284364 82
31895450 284364 80
31895465 283684 14
31895507 368384 43
28776990 82179 3
31895530 368384 97
31849943 283684 98
28777045 82179 87
31848420 82179 23
31895643 283722 12
31849935 283684 32
31895678 284364 75
31895682 368384 18
31895699 284364 57
31855674 283684 49
31895781 368384 68
31895878 82179 76
31843047 284364 71
31896049 283722 8
31896065 368384 40
31896319 368384 90
31895388 284364 32
31896334 283722 63
31896344 284364 27
31897198 368384 94
29718853 283722 34
31897200 283722 33
31897188 283722 27
31897205 284364 19
31897211 283722 96
31897219 283722 84
31897232 82179 27
31897239 283722 5
31897303 284364 47
31897314 284364 35
13418097 283722 85
31897330 283722 1
3125362 284364 75
31897335 284364 14
31897383 82179 70
31897615 368384 56
28733026 368384 31
31897767 283684 56
31897777 283684 34
31897793 283722 59
31897814 283684 28
31897905 283722 72
31897920 283722 93
31898055 283684 12
31898247 284364 14
31898644 283684 3
31863668 82179 1
31898737 82179 91
31898743 283722 79
31898762 82179 75
31898781 283722 58
29713679 284364 44
31898785 82179 34
31898782 283722 46
29713680 284364 29
31898815 284364 49
31854821 284364 68
29713681 284364 88
31898867 368384 45
31898921 283722 90
31898967 283722 82
31898999 82179 51
877130 283722 92
3647313 283722 85
31898968 284364 35
31899014 284364 75
31864028 283722 72
31864036 283722 2
2527540 283722 84
31899045 284364 23
31864042 284364 49
30684842 283722 52
30684842 284364 85
795211 82179 73
31899261 82179 10
31899262 82179 10
6482449 283684 88
4134748 82179 59
31899375 284364 38
1584917 82179 37
31899388 82179 44
31899391 284364 23
31899637 368384 21
31899704 368384 61
31899748 283722 90
31899752 284364 42
31899760 284364 81
31899763 284364 64
31899830 368384 95
31899835 284364 86
31899838 368384 5
22229625 283722 76
31899867 283722 14
31899876 284364 58
22229626 283722 40
31899912 368384 74
31899915 284364 15
31847003 284364 26
31900991 82179 86
31901004 283684 91
15419354 283722 96
31901015 368384 57
31901020 284364 54
31901057 368384 64
31901072 368384 91
31901111 368384 64
2443132 283722 22
31901146 368384 71
31901147 368384 18
31901156 284364 43
31901160 284364 46
82174 284364 27
15202958 283722 75
31901213 368384 53
31901066 368384 47
31901229 283684 26
31901241 82179 82
29714053 283722 60
31901264 283722 73
31901321 283684 98
31900996 82179 54
31901417 283722 50
31901440 283722 93
31901058 368384 46
31900992 82179 50
22029034 283684 58
31901062 368384 64
31795900 283722 23
31901523 368384 75
31866767 283722 98
10494810 283722 78
31901535 283684 53
31901538 283722 84
10494797 284364 89
10494798 284364 28
31901618 283684 11
5004958 368384 35
5004958 283684 87
31901630 283684 6
2289565 283684 53
31901655 283722 28
31901666 283722 53
5004815 283684 7
5004775 283684 22
5004775 283722 42
5004880 283722 16
5004888 283684 16
5004825 368384 35
5004868 368384 20
5004908 368384 30
5004908 283722 82
9615475 283722 75
9615458 283722 3
31902191 284364 35
31902745 284364 60
31902839 283722 68
31902863 283722 7
31870431 283684 70
31902890 283722 40
31902900 283722 56
31902922 283722 82
31903022 284364 66
31903028 284364 60
31903130 368384 29
31903237 283684 59
31903264 283722 26
31903310 284364 65
31904494 368384 12
31904520 368384 100
31904569 284364 95
31904587 283722 44
31905016 283684 50
1807058 368384 31
31905089 368384 20
2616220 283684 26
29712473 368384 69
31905174 368384 36
31905204 283684 73
31905230 368384 33
2445020 368384 77
31905246 368384 79
31905278 368384 69
31905300 368384 6
31905305 368384 2
31905309 368384 30
1807061 368384 22
31905324 283684 60
31905328 368384 6
2731611 368384 84
31905354 368384 97
31905359 368384 93
31905365 368384 81
31905371 283722 21
31905395 368384 74
15031553 368384 13
2616225 368384 41
31905404 368384 21
31905414 368384 85
3127003 283722 12
31905422 283684 16
31905446 283684 1
31905455 283722 67
31905474 283684 16
2616226 368384 40
31905488 368384 12
31905502 368384 36
31905506 283722 61
31905516 368384 51
31905534 368384 3
31905550 368384 51
31905554 368384 34
31905574 368384 48
31905594 368384 54
31905625 283722 85
31905631 283722 60
31905667 283722 53
31905676 368384 2
31905680 284364 52
31905688 368384 68
31905396 283684 52
31905769 368384 68
31905773 368384 48
31905812 283684 49
3986464 368384 97
31905841 368384 14
31905923 283684 32
31905971 368384 30
31905974 283684 1
31905979 368384 3
31906032 283684 19
31905507 368384 76
21974806 283684 64
31906135 283722 62
31906169 283684 1
31906188 368384 40
31906218 368384 78
31906298 368384 100
31906306 283684 42
31906363 284364 59
31906410 283722 34
31906569 368384 35
31906571 283684 23
31906581 368384 47
31906615 368384 78
31906619 368384 31
2616233 368384 89
2616333 368384 76
4052532 368384 24
31905782 368384 55
31906807 283684 9
31906829 283722 68
31906836 368384 64
31905257 368384 74
2616141 283722 55
31906932 368384 1
31906936 368384 98
31906943 283684 3
3245378 368384 89
964220 368384 69
31905247 368384 15
31905689 368384 53
4971185 368384 42
31907023 284364 3
964232 368384 58
31907600 283722 96
31907677 283722 84
31907719 283722 63
31907940 368384 96
6622945 368384 66
31908026 284364 75
31908125 368384 30
31908134 368384 80
31908170 368384 16
31908188 368384 45
31854848 368384 12
31908507 368384 10
31908590 368384 25
31908797 284364 2
11964480 283684 97
31908953 284364 46
31909126 283722 60
31878196 283722 85
28710514 283722 19
28710525 283684 77
28710554 284364 58
31878192 283722 70
31909394 283722 42
28710540 283722 85
31857551 284364 67
31857550 284364 21
29713704 284364 90
15419324 283722 56
22248407 368384 91
31909562 283684 80
15419334 283722 60
31909575 82179 22
28375204 284364 53
28375232 82179 81
31909625 283722 58
1583000 283722 34
31846062 283722 69
15219555 82179 6
31909781 283722 49
31909801 284364 4
15219524 82179 14
28781665 82179 100
31909782 283684 37
28737354 284364 58
968359 284364 34
1807673 284364 90
28781651 82179 10
968440 284364 37
968432 82179 32
29713517 82179 42
4944946 284364 80
31909866 283684 47
31909870 283722 37
31909874 283722 59
31909928 283722 31
31909946 284364 96
31909956 283684 92
31909960 283722 40
31909963 283722 38
31894153 82179 67
31909965 283722 53
13497892 82179 71
2594969 82179 69
31910011 283722 49
13497875 82179 87
22248408 82179 17
31910044 82179 33
31910424 283722 55
31910432 284364 21
31910435 283722 97
31910440 283722 76
31910460 283722 57
31910465 283722 72
31910620 283722 75
21640158 82179 10
33037780 283722 18
33049305 368384 53
33683311 283684 13
33729133 283722 65
33780730 368384 69
33780736 368384 16
33804174 283722 47
33805605 283722 27
33818675 283722 3
33818747 283722 30
33818787 283722 12
33829713 283722 38
33829864 82179 92
31858454 283722 29
33936766 283684 6
31849567 283722 82
33942656 283684 36
33942658 283722 40
33942673 368384 92
31880958 368384 85
31880956 368384 97
31880954 368384 35
33942853 283684 39
33943167 283722 69
33943281 368384 45
33943283 368384 7
31880965 368384 24
21863442 284364 46
31839399 283722 91
31866884 283722 94
33948686 283684 38
33949535 283684 45
33949600 368384 4
33993708 283722 64
33993914 283722 32
34009343 283722 71
31857573 283722 12
34019198 283684 43
34019205 368384 58
34019265 368384 75
34035981 368384 4
31852283 368384 85
33049307 368384 74
34043486 368384 5
34043618 368384 100
34047924 284364 72
34057455 82179 38
34057457 283722 66
34057459 283722 36
34057652 284364 29
34073551 283722 83
34073564 82179 68
34073697 283684 52
22021352 283684 41
34096885 368384 55
34096935 283722 45
34096967 368384 89
34097530 368384 17
35406921 368384 52
35407001 283722 84
35407004 283722 92
35409473 283722 2
31898744 283684 64
35908310 283722 81
35908311 283722 39
31897906 283722 74
31890166 283722 5
37667686 82179 34
37668001 82179 79
37708846 284364 28
38038295 283684 78
39135792 368384 68
39135844 284364 4
39135863 283722 20
39136129 283684 57
39136133 368384 81
39136168 368384 39
39136180 283722 52
39136193 368384 39
39136495 283722 56
39136849 284364 50
39137022 368384 82
39137152 368384 12
39137455 283722 82
39137850 368384 16
39137994 283722 60
39137997 284364 90
39138007 283722 12
39138009 283722 43
45322252 283722 28
45333125 283684 39
46142794 284364 36
46143470 283722 19
46144426 283722 27
46144563 368384 23
47899187 368384 99
47899190 368384 41
47899576 368384 58
51454946 283722 53
51454960 283722 68
51454961 284364 62
51454964 283722 20
51454966 283722 6
51454968 283684 6
51454988 82179 77
51454991 82179 1
51802760 368384 52
51802761 368384 63
51802762 368384 71
51802763 368384 22
51802764 283684 84
51802765 283684 66
51802766 283722 14
51802767 283722 45
51802768 283722 70
51802769 82179 9
51802770 82179 33
