5015634 5015638 14
287690 802085 64
4046496 4210297 14
9741188 9741201 57
21283 118910 30
9854038 9854068 28
9854516 9854527 32
244 1799 71
244 1800 31
9875560 9875586 46
1911918 2689424 82
4484206 4515740 43
4482716 4514900 64
375136 978202 2
1206691 2083259 9
1988 21522 92
941282 1772573 61
3459447 3833522 71
2397150 3088791 12
922536 1731348 38
10033484 10033510 70
591628 1324880 10
161866 510461 90
141158 444063 94
169315 522830 18
1620291 2468924 33
10856263 10856293 33
10888315 10888330 70
8934735 8934755 32
3681858 3977985 86
118760 380113 50
11623443 11623459 91
11631367 11631373 37
11661328 11661335 61
11661496 11661513 79
1481286 2348792 86
11661724 11661730 37
4281489 4370090 70
11661844 11661854 48
3980426 4168970 70
1908381 2686921 4
3681860 3977995 51
426740 1070534 94
3270104 3709197 84
11664559 11664563 70
4386500 4442821 10
3025322 3533444 18
285548 796817 84
11666775 11666782 89
11667278 11667294 75
11667373 11667379 32
122537 401871 35
2909512 3448832 58
11668256 11668264 62
11669040 11669045 22
2393643 3086083 28
11669597 11669604 81
1210746 2086458 3
777013 1562181 35
11670048 11670056 74
11670222 11670231 84
371661 971786 67
11670777 11670780 27
11670949 11670954 84
11671088 11671092 65
2924984 3462899 59
11671513 11671517 64
11671563 11671568 12
11671569 11671580 35
11671877 11671885 19
11671902 11671907 70
2417163 3103978 57
1253276 2132019 56
11673047 11673071 68
11673208 11673232 43
8439492 8439517 75
3942992 4145937 44
3280552 3715572 39
11674848 11674860 77
11675048 11675056 73
1092441 1957202 96
161886 510714 87
11676057 11676064 79
2482522 3156984 58
4906426 4906458 67
4906426 4906459 41
122538 401882 40
11676583 11676592 30
11677529 11677535 35
1210661 2086403 59
11677795 11677830 20
11677964 11677976 16
11678229 11678249 45
2129884 2877307 50
589682 1322235 24
589682 1322236 2
3594638 3922921 36
11679353 11679363 48
1517515 2376787 1
3472405 3844593 9
11690856 11690867 10
11696552 11696562 65
878446 1695315 60
976789 1819876 12
11699812 11699822 68
11712272 11712282 36
11713949 11713954 54
11716345 11716355 96
1511650 2373656 59
3307334 3731967 5
11722590 11722598 10
11734753 11734761 53
11736578 11736585 96
3791421 4042694 16
11746700 11746723 6
402082 1016027 25
15923 82155 86
11749608 11749613 21
1161857 2033410 44
20142 113435 10
722670 1483442 37
2198418 2935534 52
10630313 10630338 77
11762375 11762393 74
2376748 3068676 39
905445 1716375 51
11788711 11788718 21
11817660 11817667 32
8770041 8770062 55
11827058 11827087 80
11828911 11828916 35
11838618 11838630 22
11881354 11881362 22
4945238 4945263 36
989302 1835033 8
11891274 11891279 48
11891355 11891365 79
11179152 11179162 61
11901878 11901891 83
3306635 3731234 95
20226 113641 99
284610 795377 69
161435 508117 57
555634 1279108 54
11921215 11921226 57
11921419 11921424 58
1810917 2622252 10
11926889 11926900 13
11927852 11927856 93
11928829 11928840 42
21271 118745 68
10620186 10620201 39
1496138 2361106 46
11965176 11965188 77
1327296 2199283 19
1535558 2393590 23
954322 1784960 23
721291 1481313 65
162318 511942 90
3086070 3573699 86
11993567 11993574 52
12007561 12007570 89
12023072 12023081 67
3901282 4117895 42
11965189 11965210 46
3178 39640 52
3072417 3563006 39
12150163 12150172 18
700897 1458793 49
2628280 3254889 53
4515632 4540544 48
11965178 11965205 11
2160837 2901677 45
12214540 12214545 68
12224795 12224809 8
12224889 12224904 92
12225326 12225338 21
12226036 12226040 39
12226092 12226097 55
12226189 12226194 8
2393887 3086344 61
9646044 9646070 81
12226823 12226842 22
743833 1521379 7
870636 1686460 25
379963 986170 90
1810918 2622274 100
12227700 12227719 61
12228817 12228831 84
619719 1358887 42
12229222 12229237 67
592340 1326722 91
5949488 5949533 10
12244937 12244942 23
3893413 4113260 91
394 3895 50
1281292 2158693 1
12267875 12267879 3
12277155 12277159 17
4158018 4289774 1
1284202 2162857 68
923108 1731839 97
12299813 12299816 95
12300147 12300159 78
12326173 12326177 53
12333490 12333495 91
115066 371469 55
12358907 12358911 16
12551499 12551517 59
2710589 3305091 53
12574065 12574072 28
773017 1556301 67
69160 258139 83
3757479 4024174 73
12801275 12801283 64
198915 596811 79
905448 1716394 76
701312 1459010 18
13146199 13146203 22
2086448 2840251 70
13146570 13146576 29
13146962 13146970 23
3599258 3925677 59
1707541 2538010 15
125666 409876 31
13150913 13150918 12
9383747 9383777 48
1517517 2376811 36
1517517 2376812 96
512214 1207500 25
13151899 13151907 91
13152019 13152024 52
13152152 13152160 78
81395 282706 41
13152704 13152710 21
773018 1556318 1
13152991 13152998 20
948524 1778268 76
11668966 11668978 68
7201701 7201728 87
13153720 13153732 53
1810237 2621778 93
13155107 13155113 99
10533442 10533474 10
1283297 2160865 60
13155496 13155505 22
13155706 13155717 72
13155748 13155753 43
1585790 2444205 9
285386 796628 82
13156181 13156191 86
2397147 3088750 41
13156750 13156755 67
119244 381013 46
13156914 13156922 99
13157496 13157507 87
13158166 13158177 13
13158208 13158220 77
1206198 2082833 66
161892 510776 74
13159431 13159446 32
2125786 2873991 18
13160809 13160828 90
6907839 6907850 22
513007 1210697 12
1584164 2442536 18
115067 371484 61
12938531 12938554 49
510114 1204666 10
275835 782444 34
2935699 3469926 61
13215901 13215907 52
2198502 2935850 32
2198502 2935851 24
8097779 8097797 57
236538 721380 84
13217191 13217199 87
13217895 13217902 4
4466907 4501735 77
512834 1209091 11
173418 535133 39
13223140 13223158 63
13223280 13223288 73
4551135 4568426 10
746376 1525731 5
796606 1587945 67
2267450 2986766 24
755721 1538104 32
755722 1538142 78
13226731 13226736 59
75664 270378 17
1332329 2204150 55
1326725 2198470 4
1326725 2198471 40
357505 954442 69
13227830 13227836 40
13227837 13227842 87
13227865 13227871 54
977030 1820173 86
2050964 2810795 78
10736969 10736985 93
3663666 3966701 94
13229868 13229879 51
173419 535170 67
236539 721416 16
13230310 13230315 54
1835593 2641610 76
5134505 5134611 39
13232624 13232634 8
564523 1282964 32
252315 744931 86
2393888 3086368 11
536002 1253022 72
267524 769166 47
1281598 2159223 71
12824209 12824226 37
2709573 3304272 94
4159334 4290696 47
13234903 13234913 72
512590 1207930 83
253075 746325 24
4310011 4388910 79
13157508 13157519 38
2600936 3234649 9
13235713 13235726 52
13235744 13235751 8
13235767 13235772 99
161897 510838 6
368641 967716 30
13235773 13235791 85
13235833 13235846 42
13235874 13235883 13
10688063 10688096 32
116082 373945 7
746377 1525745 20
2198421 2935563 49
3808676 4053939 7
1364453 2241046 48
12636169 12636184 21
371610 971741 9
13254480 13254488 25
82757 285578 21
443881 1093396 53
13268508 13268514 71
511112 1205980 33
16127 82732 45
92898 315790 52
173420 535224 44
7201659 7201700 23
78748 277111 72
78748 277112 65
13345421 13345443 13
173421 535238 87
2195950 2932577 67
2638820 3262244 76
782461 1568810 97
39601 162302 14
592341 1326770 68
9876711 9876741 42
1283046 2160662 59
2131394 2878658 34
13391427 13391431 69
4590300 4601777 82
2656777 3274547 16
13398083 13398089 39
13399444 13399449 63
592601 1327233 17
592899 1327565 99
315801 852950 82
21479 119486 26
1638482 2482357 41
535714 1252606 67
4767621 4768195 40
117849 378442 44
10278745 10278756 1
13416024 13416030 29
11665960 11665986 80
39623 162382 83
39623 162383 17
29349 130903 58
13426448 13426453 72
115253 371790 39
1953 21457 28
5610734 5610767 98
13447637 13447644 70
370816 970889 37
2435848 3118020 69
260625 756609 41
796823 1588054 91
1810920 2622297 16
13450630 13450639 69
976730 1819794 1
746380 1525781 79
13452991 13453006 53
13453262 13453272 96
1061890 1923488 91
15676 81301 75
510721 1205494 62
754842 1535968 21
2129889 2877333 78
769800 1552491 50
13455462 13455480 18
13455555 13455570 93
511101 1205948 77
423245 1065067 19
195275 590012 9
1415123 2288007 5
3469802 3842883 64
13458631 13458637 53
13458769 13458773 90
10657470 10657564 34
2641302 3264020 63
592439 1326904 52
2397722 3089709 43
409685 1046344 85
13462613 13462623 32
207763 619370 18
512209 1207439 4
13464146 13464161 18
1251891 2130441 79
2533818 3190232 82
2131276 2878476 9
590017 1322763 50
13464512 13464525 24
3685405 3981045 2
13464613 13464622 45
3783907 4038895 38
13464784 13464805 31
357661 954845 87
113610 370770 10
116393 374894 96
13466853 13466858 72
13469844 13469853 26
2084481 2838223 56
13471060 13471072 63
2132454 2879400 36
115068 371520 39
13467725 13467747 45
92900 315815 21
13472599 13472613 38
13472831 13472839 39
3697838 3989068 44
619653 1358786 59
4984571 4984593 21
13473904 13473908 2
13474075 13474090 59
13474075 13474091 56
13475241 13475250 41
13483161 13483166 4
1326874 2198681 96
13488873 13488878 58
120828 397818 28
1283298 2160883 21
8740072 8740095 39
13509672 13509676 50
2628275 3254853 1
13516305 13516310 49
2380599 3071289 2
13518576 13518582 21
10630297 10630312 86
13525766 13525776 12
82084 283960 89
14213747 14213756 95
14214124 14214136 34
1664640 2504602 33
14225246 14225260 100
1707379 2537844 63
14227955 14227960 61
3790617 4042315 87
14245236 14245250 16
3620446 3942535 7
3620446 3942536 59
14280954 14280973 63
14287931 14287939 14
14295087 14295109 15
535332 1252069 17
14295382 14295404 25
14296332 14296343 38
20227 113936 47
48724 207871 8
1313811 2185824 42
14303435 14303443 83
14304658 14304668 35
379966 986214 15
11666235 11666259 95
975417 1818364 27
42117 173278 64
14316240 14316251 50
9271615 9271644 42
14325773 14325785 79
2582033 3220231 19
14329223 14329231 96
14335868 14335880 94
14336280 14336297 40
316109 853399 61
379967 986225 40
14351636 14351651 14
14353957 14353965 61
14358427 14358434 74
3030347 3536340 81
14385563 14385572 72
977918 1821517 19
14401553 14401561 72
337697 927171 62
14407993 14408005 3
14415967 14415975 52
122542 401964 30
122542 401965 23
161900 510886 28
1326811 2198552 86
14444205 14444211 78
2836886 3397604 57
14449197 14449209 82
301333 826098 80
14460630 14460643 62
4120815 4263946 3
2348739 3046006 28
2085214 2839021 10
14484045 14484055 70
161902 510922 54
14484949 14484958 95
14488796 14488813 18
14490696 14490704 42
14494813 14494822 53
1835614 2641724 5
923304 1732321 59
14529157 14529169 67
14550759 14550763 96
284275 794881 1
14579500 14579506 41
14586185 14586197 64
13723628 13723644 56
14660592 14660599 44
14665349 14665363 63
755226 1537086 1
14678624 14678632 98
2504589 3173301 70
14683746 14683773 20
3304897 3729953 76
6643087 6643125 87
14706809 14706817 5
14707498 14707509 86
3287300 3719407 18
14746197 14746221 74
14637260 14637283 1
885752 1701434 9
8934776 8934809 23
14884682 14884691 20
402072 1015972 12
14897580 14897587 36
3399161 3792246 59
22549 122575 24
1576610 2435493 54
3209163 3664638 34
14942139 14942142 32
14968621 14968628 24
14970423 14970430 91
14972193 14972204 79
290451 808703 42
14989637 14989651 29
1292497 2169935 51
2169937 2909845 67
2616238 3245511 53
12218553 12218591 43
8300089 8300126 29
15051208 15051213 29
15061728 15061740 57
2932543 3467272 3
15078331 15078338 79
3254864 3697864 59
3254864 3697865 88
2169943 2909937 78
401986 1015685 19
401986 1015686 8
15101153 15101158 76
15106150 15106168 51
1396743 2271421 15
2132112 2879181 3
15124534 15124548 65
15134017 15134023 100
15134909 15134924 62
3470054 3843069 73
535011 1251414 13
1096563 1962427 99
4939189 4939233 4
15198248 15198258 52
1674 1799 63
15249288 15249294 1
15250028 15250033 49
15253298 15253302 16
15254468 15254476 68
15255041 15255048 19
15255613 15255619 29
15255900 15255903 73
15256594 15256599 73
15256747 15256752 49
15257545 15257549 60
15257899 15257907 88
782400 1568742 15
15260083 15260090 43
15262477 15262483 45
1399262 2274145 99
15263043 15263052 74
15263748 15263757 38
15264070 15264075 5
15264504 15264509 30
2962056 3487266 10
15288720 15288727 66
15288763 15288779 19
1251697 2130277 17
15289751 15289758 45
15290019 15290038 3
3599264 402070 2
3047812 3548116 49
1833448 2639468 77
3888017 4110204 90
373366 976355 63
401887 1015472 28
15291138 15291146 21
15301518 15301529 79
3545149 3891446 57
4272768 4363145 87
15305633 15305641 6
2465139 3143975 43
4575605 4589148 67
6862221 6862263 31
1776097 2592323 2
15316167 15316183 94
14373613 14373633 55
161906 510959 27
161907 511006 38
15327426 15327441 38
15330398 15330406 97
15335332 15335348 32
14306961 14306978 42
14885611 14885627 28
2908847 3448014 94
13220178 13220200 60
1357624 2231810 13
15338459 15338466 11
908545 1719221 44
13644720 13644755 81
15341033 15341042 74
15349794 15349801 65
15350394 15350406 19
970943 1810279 73
15358355 15358362 42
15358861 15358868 47
15359765 15359774 10
15361232 15361239 64
2160631 2901512 100
15370479 15370493 92
15370756 15370780 6
15371597 15371606 28
15372143 15372153 38
15372225 15372234 64
15374596 15374607 12
3792977 4043907 57
15378014 15378029 84
15378362 15378378 36
15378800 15378807 75
3935800 4142081 62
15396485 15396489 30
284486 795170 87
1552439 2412484 75
968305 1807561 65
15405009 15405018 74
11976668 11976681 35
369083 968411 79
8879518 8879523 26
15409921 15409925 77
3157632 3628599 40
15434636 15434643 48
2350702 3047375 38
3534364 3885268 50
15442795 15442802 23
10578344 10578357 72
3232657 3681660 100
15444187 15444201 47
15444246 15444253 4
15445942 15445961 78
15447455 15447460 10
15450638 15450648 2
15453167 15453178 13
536007 1253090 87
1481375 2348964 89
12045699 12045713 55
15483945 15483955 70
15487532 15487542 69
2901933 3442963 83
15489608 15489626 43
379968 986255 83
536008 1253120 55
5949461 5949513 83
1207489 2084025 40
1324819 2196352 18
374247 977205 97
374247 977206 13
2962057 3487279 9
1810921 2622313 80
1907868 2686447 41
15498782 15498789 59
15499367 15499374 94
8125833 8125883 88
3128361 3605103 45
509449 1204202 69
7201704 7201750 18
15519075 15519081 38
959171 1794008 61
2084016 2837908 20
15256749 15256759 65
3973153 4164536 1
15555095 15555105 43
15601130 15601135 6
701315 1459025 58
402073 1015992 14
4994826 4994855 20
891119 1704446 72
15602002 15602009 22
15602071 15602082 72
3207686 3663677 84
15602883 15602897 64
122545 401984 20
755351 1537224 43
15604990 15604996 12
2843584 3402462 31
15607186 15607204 76
4104244 4253841 22
15610043 15610050 63
1000506 1849432 100
3304326 3729419 78
15615789 15615794 78
13537048 13537064 28
15444249 15444259 48
11679365 11679377 46
15625621 15625629 33
4026521 4199327 52
15628031 15628038 55
15628108 15628115 2
15630034 15630041 20
5640458 5640484 52
4595485 4606424 10
15639100 15639111 70
11913619 11913628 59
15642079 15642096 93
15647702 15647707 60
15650351 15650356 41
15650999 15651014 26
4999292 4999307 63
15654242 15654253 96
15138588 15138614 96
7806981 7806989 48
14946111 14946126 52
15661054 15661065 38
15675979 15675989 88
14309435 14309450 48
986256 1832970 69
15677610 15677620 53
2656828 3274641 57
5013536 5013547 30
15240956 15240971 15
15678934 15678941 81
15679033 15679041 10
20079 113224 67
161913 511062 12
15681765 15681778 34
4410924 4459452 91
161914 511100 76
83314 286760 95
161915 511110 18
252319 744967 87
161916 511139 12
512210 1207459 49
1521347 2379624 41
20229 114824 76
161917 511168 94
15682797 15682864 62
1820726 2630827 20
15682869 15682891 80
3761674 4027237 10
15682903 15682923 58
742764 1515582 82
202275 607688 36
15682975 15682983 25
15683010 15683024 54
15683025 15683033 10
2398642 3090250 94
9626112 9626132 18
84572 290493 50
967193 1806665 55
1833003 2639190 81
14275148 14275158 39
15683171 15683178 37
118650 380004 34
118650 380005 42
369834 969708 69
533611 1246630 63
1407376 2281890 44
977124 1820515 48
6462405 6462430 59
15683241 15683256 95
15683270 15683282 68
15683295 15683306 56
15209149 15209171 21
15164266 15164281 61
511224 1206297 85
15683366 15683374 12
115071 371554 30
1207889 2084329 43
2630880 3256146 12
1622729 1322236 18
379970 986277 22
511065 1205872 77
535979 1252979 55
15683408 15683415 15
15683416 15683429 78
535243 1251909 5
15683430 15683441 59
535563 1252487 67
986306 1833085 35
2197543 2934092 60
15683479 15683487 86
39624 162397 91
983421 1826156 80
536080 1253394 26
15683511 15683526 40
21303 119142 97
2199348 2936847 96
15683537 15683547 93
15683548 15683557 25
2348740 3046029 11
15684327 15684337 100
3071264 3562401 65
15684351 15684359 28
15684360 15684366 55
15684373 15684381 50
1297599 2176666 89
1734377 2568408 96
15684400 15684405 81
15290871 15290883 1
5949425 5949452 58
15684423 15684433 100
2652833 3271436 15
3262920 3704545 8
15684434 15684440 30
15684441 15684448 6
15684449 15684473 7
15684504 15684518 83
15684555 15684564 7
15684576 15684594 91
15685508 15685517 92
12771597 12771614 34
1806850 2618544 81
15686616 15686626 56
161918 511180 21
15686855 15686865 95
15686866 15686874 29
15686926 15686933 24
15686945 15686957 69
794877 1584607 68
4974851 4974860 66
15687104 15687120 77
15687139 15687154 4
15687215 15687221 6
796630 1587979 27
3700702 3990522 81
1835598 2641662 46
2423292 3108855 92
15688084 15688098 30
15688128 15688147 21
15688174 15688186 54
15688491 15688501 28
3470174 3843241 61
14595949 14595965 99
15688741 15688752 31
14970229 14970244 46
15688974 15688987 28
15689060 15689076 80
15685470 15685485 48
15689685 15689696 18
15689823 15689840 21
3601730 3927279 56
978430 1821968 15
10844287 10844309 100
15690528 15690540 52
15691524 15691536 34
15691537 15691548 2
15690260 15690281 96
15691852 15691862 53
1519807 2377922 38
7883391 7883412 53
15692284 15692291 73
15692297 15692306 27
15692307 15692316 34
15692364 15692370 80
4020189 4195215 45
15692737 15692746 2
15692762 15692770 22
15692804 15692814 50
14274220 14274240 70
15693016 15693022 28
15693245 15693250 62
15693251 15693261 6
2148372 2890444 75
10693514 10693531 51
15694296 15694302 25
2631237 3256387 29
1205921 2082570 61
511205 1206196 95
15696915 15696920 12
746378 1525757 67
15697110 15697120 10
15697287 15697293 58
15697312 15697322 27
15697658 15697667 67
15698095 15698108 83
15698194 15698200 18
15698218 15698230 25
15698567 15698574 8
15698722 15698729 62
4265455 4357949 58
15699431 15699438 68
1645629 2488298 54
2081460 2835721 50
4992340 4992381 80
4992340 4992382 85
14959399 14959412 29
11803137 11803179 46
1867420 2666830 24
721551 1481814 60
4425378 4469596 15
3555705 3898725 58
511066 1205899 25
15705608 15705617 75
2080180 2835057 21
15682905 15682928 62
15705891 15705897 9
15706135 15706144 75
15706135 15706145 10
15706342 15706354 73
15694804 15694822 100
4830144 4830250 36
4179808 4303427 35
42247 174048 21
1523416 2380873 54
289613 807488 82
1505194 2369091 59
15707023 15707030 93
1610349 2460320 84
260203 755496 2
7201762 7201789 90
15707886 15707892 81
15707899 15707914 97
402048 1015859 31
989482 1835323 26
15708628 15708636 28
15708727 15708734 25
11998988 11999025 48
2233362 2964056 83
989303 1835063 73
4181271 4304435 16
2637357 3260749 4
15709077 15709085 55
14729855 14729876 82
4506997 4533282 89
15709318 15709330 98
15709333 15709343 66
4568777 4583293 83
15682748 15682769 76
14898955 14898977 24
15712312 15712324 16
3258826 3700635 87
4181280 4304479 53
15712891 15712910 94
305105 835035 26
2901666 3442702 70
8643349 8643358 13
15712966 15712977 33
15713084 15713094 66
1584166 2442580 99
15713468 15713482 97
15713545 15713557 49
1525558 2383874 44
1197730 2075108 3
15688435 15688451 79
15714397 15714413 25
15714567 15714573 4
15715447 15715456 75
2878551 3427017 98
15716141 15716155 56
15716506 15716518 4
15717267 15717273 47
15717581 15717594 8
15717928 15717933 55
15718066 15718080 60
15718595 15718602 95
15718616 15718623 45
15718637 15718648 65
2381511 3072479 96
15718655 15718668 2
15718689 15718696 18
15718700 15718707 10
927212 1734348 20
2470260 3147648 51
15718708 15718718 4
1015795 1867361 37
3079959 3569682 36
15718737 15718743 85
15718744 15718749 89
1015926 1867557 29
15718757 15718762 14
15718766 15718773 84
15718774 15718780 63
15718781 15718788 70
15625642 15625666 100
2817888 3385090 68
15718814 15718826 64
15718827 15718833 42
512444 1207719 20
3972023 4163799 97
964400 1804282 68
9244539 9244553 94
7564039 7564060 50
4046509 4210320 11
15718840 15718842 50
2817894 3385112 88
373027 975168 45
15718850 15718863 72
15073894 15073905 96
13228152 13228167 47
15718879 15718886 17
3822018 4062849 41
15718887 15718900 58
15718901 15718907 35
15718908 15718919 9
15718920 15718925 36
721521 1481714 83
3129234 3605643 80
15718951 15718965 50
15718982 15718988 74
15718994 15719001 23
15719004 15719008 23
3046030 3546854 88
15719014 15719025 32
15245236 15245255 98
589963 1322659 52
15719044 15719055 30
15719044 15719056 92
15719084 15719090 6
15719102 15719247 91
536011 1253165 11
1050094 1912309 46
15719296 15719300 25
15719301 15719311 80
15719312 15719317 3
15719320 15719327 28
15719330 15719339 97
15719342 15719353 99
15719355 15719363 69
5021573 5021585 15
15719364 15719373 96
15719364 15719374 87
39625 162408 90
15719375 15719382 73
1252919 2131573 15
4181273 4304452 95
15719383 15719391 15
15719402 15719410 85
15719413 15719421 3
15719430 15719434 38
6524929 6524946 28
15719435 15719446 67
15719454 15719461 64
11673212 11673246 17
3467954 3841580 54
15719478 15719490 5
15719497 15719508 57
535286 1251978 10
1283289 2160828 57
1481377 2348989 38
755449 1537409 77
15719513 15719523 68
116087 373988 77
1584120 2442441 47
15719524 15719531 43
15719524 15719532 48
4002257 4184415 30
15719547 15719553 99
15719558 15719566 69
1503391 2367233 43
3938710 4143287 83
15719567 15719572 50
1810135 2621721 44
13467721 13467731 75
15719573 15719581 69
15719591 15719598 55
15719619 15719629 71
1553268 2413616 58
15719633 15719640 96
15719654 15719659 88
15719663 15719669 65
15719672 15719684 60
2837944 3398262 24
15719700 15719705 31
4350536 4416445 29
15719731 15719735 55
15719736 15719740 30
773023 1556372 5
13559401 13559410 45
15625623 15625640 94
15719745 15719750 97
15719768 15719774 6
3574373 3909990 37
15719775 15719783 30
3773568 4032675 32
15719784 15719791 72
2443292 3125294 79
15719853 15719862 72
15719866 15719877 11
15719878 15719886 81
755429 1537276 11
755450 1537423 97
3449931 3824891 88
15719939 15719951 13
15719966 15719984 29
15720013 15720020 30
15720023 15720036 82
15720037 15720043 91
1580500 2439408 21
15720044 15720055 79
15720056 15720065 95
3509066 3863923 52
15720111 15720123 25
15720137 15720153 60
15531561 15531587 57
15720172 15720182 13
3892687 4112285 33
15720183 15720196 64
977161 1820725 51
4359859 4422998 5
15694809 15694836 12
15720197 15720215 58
596753 1332311 34
15018326 15018349 100
13473314 13473332 44
173079 533949 40
2441867 3123792 10
3222689 3674086 73
15720239 15720249 31
15683344 15683363 43
2170245 2911225 40
15720250 15720261 13
15720272 15720282 39
15720293 15720304 31
15720305 15720315 16
15720316 15720326 2
2170294 2911390 6
3450929 3826531 35
2170375 2911536 71
3826088 4067753 5
15720358 15720367 50
122630 402349 54
2170089 2910762 32
15720435 15720447 13
15719794 15719817 55
15720480 15720486 74
15720569 15720575 17
12069330 12069353 100
15720576 15720587 18
15720636 15720644 15
15720360 15720375 39
11998964 11999007 2
15720645 15720651 19
15720657 15720667 45
15720677 15720687 4
115072 371570 72
15720736 15720751 71
15720753 15720771 77
15720776 15720785 35
15720786 15720792 29
314291 850315 97
596754 1332328 83
15720831 15720841 90
15720842 15720857 43
15720875 15720883 58
112938 369336 9
15720923 15720932 33
15720933 15720943 70
15720944 15720955 19
15720956 15720971 54
535355 535370 98
15721000 15721009 77
2565283 3206002 96
8953459 8953482 30
15721010 15721023 3
2273681 2994426 14
15721037 15721050 86
596755 1332344 98
15721051 15721063 96
15721067 15721077 31
2204051 2941966 33
2170128 2910949 5
4453698 4492108 34
4603351 4613554 70
15719795 15719827 4
15721086 15721102 79
15721108 15721115 36
15721130 15721142 16
3224020 3674849 1
378360 982850 81
15721188 15721200 85
15721208 15721216 38
4478972 4511997 43
2396070 3088258 93
15721237 15721242 26
15721243 15721265 13
15721290 15721302 30
380935 989580 27
15721338 15721347 80
10488686 10488739 21
378361 983346 19
15721361 15721368 65
989484 1835331 35
15721382 15721388 12
502152 1191391 14
1558593 2418798 73
536012 1253170 93
5949430 5949468 85
15721402 15721409 31
15721410 15721414 53
1015662 1867195 26
15721415 15721420 14
15721421 15721426 56
15721440 15721448 34
15721471 15721478 72
15721505 15721514 18
15183060 15183068 84
15721522 15721527 5
773024 1556394 79
15721555 15721560 51
968614 1807818 27
1015798 1867389 91
15721561 15721570 44
15721578 15721583 76
2421645 3107342 26
15721598 15721605 64
2160845 2901696 31
2935871 3470050 77
15721632 15721639 56
15721640 15721647 79
173428 535354 87
15721658 15721663 94
6926839 6926848 70
2233081 2963878 62
15721664 15721671 2
15721672 15721684 77
15721686 15721690 1
15721691 15721698 76
15721699 15721720 94
15721724 15721731 52
15721732 15721751 52
15721775 15721785 19
115437 372542 61
2619068 3247972 73
15721786 15721793 38
15721802 15721809 89
2084011 2837901 54
15721810 15721824 40
2431463 3115140 75
15721843 15721850 92
15683309 15683321 58
15721861 15721867 78
2131306 2878520 5
1525543 2383842 84
2348741 3046049 97
15721881 15721886 57
3131486 3607930 50
15472796 15472805 71
15721887 15721894 11
15721915 15721922 68
9149711 9149731 33
15721927 15721932 50
772960 1556067 85
2878783 3427213 89
15721948 15721952 92
15721953 15721965 9
15721971 15721977 67
3125074 3601768 27
15721990 15722000 8
15722056 15722066 38
15722067 15722075 61
15722081 15722091 19
15722092 15722105 91
15722118 15722128 68
1855036 2656820 55
3605112 3929557 75
15722137 15722144 7
4254449 4351083 77
9244521 9244538 30
15722156 15722168 21
15722181 15722190 59
15722196 15722200 10
1695121 2528963 50
15722212 15722220 49
15722264 15722269 53
2639228 3262919 5
1244097 2122987 68
15722335 15722340 3
15722341 15722346 1
4645991 4653278 86
15722393 15722403 82
15722423 15722434 39
3124448 3601299 87
15722477 15722485 61
2231115 2961688 35
15722532 15722538 25
15722549 15722567 97
15722602 15722607 46
15722611 15722616 81
939811 1771046 64
15722617 15722622 75
10471585 10471637 14
1244098 2123001 17
15722674 15722681 64
1634291 2479789 89
15722708 15722714 70
15722768 15722773 67
15722774 15722779 52
15722780 15722795 60
15722801 15722809 90
15722812 15722833 5
13236106 13236122 55
13430974 13430997 41
15722856 15722863 43
15722873 15722881 87
15722889 15722895 83
2877412 3426113 44
10299412 10299447 2
15722929 15722936 18
15722942 15722948 91
15722949 15722963 51
3111959 3593277 7
3119816 3598683 16
1502151 2366426 4
15722969 15722974 46
15722979 15722984 17
15723001 15723012 95
15723015 15723027 51
3577653 3912922 19
15723029 15723039 21
15723045 15723052 65
15723083 15723099 32
15723110 15723117 5
15723118 15723127 85
15245573 15245584 29
15723131 15723136 59
15723137 15723144 45
1537667 2396511 9
18347 92920 65
15723164 15723171 68
3667714 3969477 79
15723181 15723185 71
15723186 15723191 90
15723203 15723209 46
11109128 11109141 61
1244099 2123017 1
15723221 15723231 14
6660977 6660989 43
15723249 15723257 83
8082246 8082276 47
15723266 15723273 81
15723301 15723307 72
15723308 15723318 61
14708932 14708950 93
15723367 15723373 78
15723382 15723388 88
15723400 15723405 84
10701552 10701569 38
92236 313582 90
15723461 15723470 72
15723471 15723477 2
15723478 15723484 63
15723491 15723496 9
3927329 4134513 69
15723518 15723524 87
8082241 8082261 6
15723568 15723575 57
15723602 15723611 15
13235969 13235984 75
11472199 11472227 45
15723627 15723633 87
15723638 15723642 31
1358948 2233492 81
15723666 15723673 63
15723684 15723692 73
15723693 15723700 96
15723701 15723706 53
3187659 3647329 19
14980489 14980496 4
15723756 15723760 38
15723767 15723774 86
15723775 15723781 81
15723816 15723825 67
15723830 15723839 40
15723860 15723872 33
15723880 15723891 47
15723926 15723934 50
15723952 15723955 97
15723956 15723962 39
15723977 15723984 79
15724003 15724010 69
15724011 15724016 25
15724027 15724033 96
15724034 15724042 48
923290 1732210 39
15724043 15724049 41
15724050 15724057 67
15724058 15724069 38
512887 1209180 42
15724082 15724090 3
14762193 14762201 94
15724091 15724099 1
12073383 12073392 14
15724116 15724121 89
216270 656780 8
3948504 4149157 6
113438 370070 10
511599 1206668 65
15724167 15724176 36
15724199 15724205 79
15724213 15724219 29
15724220 15724226 38
15724227 15724236 76
15724237 15724242 34
4397480 4450552 82
15724247 15724252 85
15724253 15724259 2
15724271 15724280 81
15724287 15724294 60
15724313 15724319 95
15724324 15724329 82
15724330 15724336 51
15724397 15724402 17
976358 1819317 20
15724420 15724426 11
1765902 2582326 34
15724450 15724456 36
3743895 4015911 78
15724478 15724483 36
15724500 15724505 51
15724539 15724546 99
15724549 15724556 47
2200062 2937723 93
15724586 15724592 82
15724593 15724597 35
1097127 1963124 71
15724625 15724631 54
15724640 15724650 96
2566645 3206737 93
15724680 15724686 23
15724699 15724706 10
15724713 15724721 61
15724734 15724738 79
15724766 15725034 45
1897981 2680233 60
15725046 15725051 2
15725069 15725076 69
15725078 15725083 38
15725084 15725092 66
977041 1820267 69
14411392 14411407 8
15725100 15725109 38
15725119 15725129 40
15725149 15725155 40
4430984 4474535 21
1093356 1959187 75
2618523 3247708 75
15725168 15725173 99
15725178 15725185 80
15725192 15725198 67
15725199 15725205 1
15725218 15725229 42
15725237 15725244 26
4660895 4666891 87
15725286 15725292 90
1593873 2451009 63
15725328 15725339 59
15725358 15725369 9
15725381 15725392 82
15725393 15725454 11
967551 1806866 56
15725455 15725464 77
11661499 11661518 21
15725474 15725478 80
15725491 15725500 70
12218543 12218567 64
15725528 15725535 34
15725536 15725543 76
354132 948755 32
15725564 15725575 8
15725576 15725583 92
15725597 15725602 54
809037 1611341 73
15725628 15725633 45
15725634 15725642 35
2435849 3118029 76
5028978 5029007 96
15725694 15725705 87
371435 971504 44
15725706 15725713 92
122631 402368 8
15725745 15725753 3
3404862 3796358 61
140717 441052 6
15725771 15725779 56
15725783 15725793 3
3424144 3806915 91
15725855 15725863 42
15725874 15725879 84
15725922 15725927 76
15725946 15725953 50
1324823 2196367 47
15725980 15725986 81
2710131 3304856 99
15139422 15139434 61
15726005 15726012 7
15726018 15726024 24
15726025 15726032 2
5020883 5020898 37
4638722 4646906 71
15183038 15183054 16
4301411 4383600 61
15726074 15726080 95
15726088 15726117 69
15726122 15726135 23
15726151 15726158 97
15726160 15726164 63
15726181 15726189 73
15726238 15726244 89
15726245 15726336 93
15726347 15726352 46
3697841 3989088 88
13510633 13510646 96
15726382 15726390 64
15726393 15726401 27
3245494 3691038 44
1244100 2123026 67
336634 921988 40
15727008 15727016 13
373343 976145 67
2369218 3063502 11
15727543 15727555 82
15727748 15727753 55
15727761 15727766 97
15728237 15728243 60
39627 162432 25
2796019 3370553 42
15728613 15728619 100
15728641 15728648 56
15728649 15728658 46
15728705 15728712 76
379972 986290 14
15728894 15728905 18
15729091 15729102 80
923113 1731869 66
2835038 3396467 18
15729121 15729136 1
15729121 15729137 57
15729193 15729200 59
119076 380769 52
15729390 15729394 24
15729473 15729479 99
15729484 15729490 80
15729519 15729525 59
2396072 3088267 33
15729535 15729543 55
4436036 4478978 35
4565430 4580738 88
15729688 15729694 12
207765 619385 45
4423008 4467881 12
15729699 15729705 86
2707656 3303059 46
722669 1483399 72
4470673 4504866 39
13228104 13228126 32
2479780 3154241 67
15730389 15730395 56
15730475 15730482 58
1771447 2585720 16
1250612 2128389 55
15248297 15248320 71
15730511 15730521 34
15730531 15730538 69
3247789 3692619 48
9420906 9420921 45
3103905 3587150 65
15730681 15730690 47
14329933 14329951 75
1505266 2369136 31
122546 402026 22
15730816 15730824 61
743359 1517754 2
2440538 3122315 93
15381136 15381154 55
1537198 2396125 28
15687275 15687296 73
15730935 15730939 38
1207468 2083996 67
15731100 15731104 83
15731332 15731341 19
15731370 15731376 36
15731424 15731429 51
15731479 15731488 30
15731615 15731620 73
15731652 15731657 35
1556034 2416301 94
1726024 2561926 46
15728087 15728098 55
15731741 15731751 54
15731779 15731784 90
15732023 15732028 61
5021980 5021994 16
964401 1804290 43
1486552 2354067 99
15732161 15732168 1
2875726 3424888 99
15732241 15732255 46
1806896 2618566 57
2933941 3468405 56
535182 1251840 92
15733163 15733169 40
1505402 2369281 46
15733808 15733816 14
15733865 15733879 2
4355066 4419914 80
1434305 2304647 11
4027225 4199707 7
1867198 2666616 4
15734993 15735001 83
380943 989661 12
15735071 15735077 4
15132535 15132549 59
15735083 15735094 18
698960 1455158 51
826090 1634720 73
15735232 15735237 81
1808283 2620187 14
379973 986302 98
2396392 3088479 81
15735399 15735404 68
15735413 15735417 87
15735500 15735506 67
15501833 15501851 56
15735521 15735527 84
15735540 15735546 28
2443995 3125859 16
15735603 15735610 39
3644046 3956675 27
15735618 15735624 55
15735645 15735653 77
15735657 15735663 38
15735743 15735750 98
1161828 2033368 23
2351028 3047829 55
5026020 5026049 25
13228110 13228156 28
15735894 15735899 7
15735910 15735919 56
116715 375604 44
84584 290554 2
15735989 15735995 58
2396393 3088487 76
2396393 3088488 93
15087441 15087451 88
3601746 3927316 90
15736106 15736117 5
65674 253093 49
15736183 15736189 17
15736536 15736541 31
15736722 15736730 81
746381 1525798 85
4254450 4351091 89
3449612 3824186 67
3398491 3791649 56
13146902 13146937 76
4358331 4421901 77
3698457 3989455 78
15736769 15736773 96
15757969 15757976 99
4192135 4310778 65
2529608 3188561 78
15768444 15768450 8
15768572 15768582 56
15770134 15770141 93
11626615 11626638 53
15771954 15771961 65
15772360 15772368 12
258168 753283 22
173429 535370 60
15790417 15790427 66
2267448 2986742 97
372385 973933 53
15793208 15793220 26
15793854 15793863 27
15794858 15794863 86
15795013 15795019 21
15795216 15795221 31
15795385 15795392 83
15795782 15795789 80
3250392 3694370 65
15796352 15796360 35
15796409 15796414 93
4123773 4265967 70
15796453 15796460 65
4595343 4606325 83
15797306 15797314 10
15797472 15797479 82
15798103 15798110 11
15798346 15798354 94
14521322 14521335 91
15798793 15798799 20
15799210 15799219 20
15799609 15799617 75
853082 1667467 6
15800127 15800133 49
15721540 15721554 70
15800334 15800342 100
12758310 12758329 1
15800730 15800740 2
596761 1332374 76
15801403 15801415 33
15802283 15802291 61
15720090 15720103 54
3547426 3892696 2
15808302 15808309 59
15809746 15809752 14
15797308 15797321 69
14971551 14971582 8
15813556 15813567 16
15813691 15813700 14
15813734 15813743 33
15813972 15813980 15
15817319 15817326 8
15817567 15817575 80
968356 1807619 44
15823695 15823704 48
15823918 15823926 20
15823961 15823968 79
5028523 5028537 24
15841976 15842013 46
15842023 15842032 42
14900450 14900469 51
15719880 15719886 47
11406090 11406144 18
15842248 15842258 4
15842266 15842274 80
15844498 15844505 17
15844564 15844569 26
15845499 15845504 46
15845587 15845593 15
15847125 15847133 76
15847134 15847141 83
15847200 15847209 67
15847278 15847283 53
15847445 15847452 80
11248887 11248908 13
755454 1537434 74
15847634 15847639 73
2909902 3449592 70
14540497 14540517 74
15850405 15850411 14
11999011 11999036 60
15852456 15852463 99
15720420 15720434 93
3651727 3961201 47
15858016 15858021 7
15858547 15858552 9
15858602 15858607 84
115073 371576 93
3258845 3700674 36
15862824 15862831 47
15865552 15865561 75
15868550 15868556 57
4161095 4291820 15
15879683 15879687 81
15879917 15879929 16
15880017 15880025 32
15880332 15880338 39
596763 1332389 14
15885300 15885308 21
15885477 15885490 71
15762476 15762502 62
15889827 15889834 10
5025290 5025307 53
15892546 15892555 17
596764 1332401 73
15897622 15897628 91
15899496 15899501 40
3370341 3773564 49
23671876 23671882 96
409544 1046246 5
11457416 11457427 97
2502963 3171776 84
25405424 25405427 53
25435952 25435957 12
3697476 3988907 46
11400851 11400869 46
1288098 2165833 43
7131366 7131382 91
876417 1693517 16
1635654 2480732 94
4682305 4686861 69
2198118 2934456 82
10112541 10112552 42
656588 1398955 49
28161274 28161277 69
21967829 21967840 35
2846367 3404909 53
28313643 28313651 25
4338642 4408488 19
2442543 3124520 84
28384068 28384071 100
28387382 28387385 39
1205810 2082480 85
1510141 2372840 6
28727683 28727691 5
28727751 28727754 19
15618788 15618791 74
28727804 28727809 57
28728092 28728099 10
2877319 2877333 40
28728717 28728720 49
12320081 12320095 10
2085796 2839609 83
3578596 3913799 93
4906427 4906468 46
4906427 4906469 70
226731 701334 94
28730441 28730444 14
9665402 9665421 42
29038361 29038368 68
29038505 29038510 60
28769205 28769209 66
13570801 13570815 96
29038608 29038613 9
29038738 29038742 4
29039339 755496 21
6105 55417 91
29039884 29039893 46
3889091 4110662 82
29040088 29040157 36
734019 1505415 9
29040890 29040895 23
15763380 15763409 83
2199058 2936483 78
1835601 2641687 70
29041447 29041451 95
2198517 2935893 41
29041788 29041792 19
14884788 14884797 24
29041979 29041985 69
15613865 15613877 55
29042047 29042054 24
29042171 29042184 2
29042217 29042223 62
29042227 29042236 14
3619821 3942100 83
29042345 29042353 58
29042432 29042435 11
15084638 15084649 89
368883 968165 62
29042638 29042646 14
29042776 29042780 67
29042864 29042875 64
29043225 29043231 45
29043237 29043240 33
2198437 2935690 30
29043338 29043344 84
29043405 29043411 4
29043496 29043523 29
29043551 29043554 69
4143653 4280457 63
656649 1399044 88
733894 1505324 6
29044249 29044253 67
29044326 29044332 3
380917 989472 97
29044581 29044590 8
29044728 29044732 87
29044759 29044769 36
10190608 10190616 89
29044811 29044814 35
3620470 3942581 52
29044876 29044879 94
29044847 29044856 75
989425 1835263 86
29045114 29045122 60
29045127 29045130 91
29045235 29045241 45
10022631 10022642 81
1537449 2396280 92
29045761 29045784 3
9080559 9080577 64
284276 794905 68
968105 1807266 35
29047240 29047244 81
29047386 29047389 9
29047410 29047415 79
29047424 29047428 5
29047441 29047447 44
29047710 29047714 98
29047729 29047734 73
161928 511204 75
29047761 29047763 29
29047883 29047885 96
28661052 28661058 61
29048001 29048007 21
29048150 29048151 7
4423262 4468008 27
29048293 29048297 26
29048382 29048385 51
29048766 29048771 90
3404888 3796371 75
1833073 2639239 23
29049422 29049428 15
15106154 15106173 70
29050237 29050241 26
29050332 29050336 91
1415125 2288024 39
29050371 29050374 5
381810 990938 19
29050436 29050441 52
29050460 29050481 5
29050548 29050557 82
29050718 29050721 41
29050901 29050903 68
4444234 4485308 2
29051110 29051115 45
29051967 29051970 11
13471267 13471287 7
29052226 29052231 31
29052303 29052308 41
29052338 29052343 33
4920536 4920612 100
29053310 29053313 12
29334900 29334908 20
29334979 29334985 29
29335022 29335026 93
29335080 29335089 30
29335139 29335147 81
3269310 3708686 30
29335388 29335392 77
29335557 29335561 95
29335600 29335603 92
29336067 29336079 94
29336156 29336163 51
512140 1207365 73
29336617 29336623 68
29336635 29336639 73
989308 1835076 99
29337131 29337136 52
29337443 29337448 45
3035032 3540172 67
29337631 29337636 12
28729905 28729914 29
29336771 29336777 30
28730082 28730087 61
2878829 3427308 14
29339141 29339147 27
29335033 29335041 82
29339166 29339170 19
29336752 29336757 27
4501357 4527935 67
28729909 28729920 12
29336110 29336122 44
29339490 29339494 14
15736746 15736759 51
29339652 29339656 19
4527937 4549825 100
29339972 15719311 57
989310 1835090 30
29339982 29339989 33
29340007 29340010 95
29340123 29340127 16
29340146 29340152 91
29340153 29340158 48
29340175 29340179 26
29336835 29336859 21
15000216 15000227 35
4530374 4551278 6
3618957 3941392 73
29609472 29609493 87
15164708 15164724 62
30294848 30294853 49
4399135 4451446 29
30297227 30297236 29
28466546 28466558 36
30298347 30298350 32
28774236 28774244 26
807493 1608998 55
23304359 23304367 26
30301645 30301648 54
13644775 13644784 73
30303498 30303501 73
30303515 30303519 78
2878492 3426961 63
29880615 29880621 83
5136932 5136940 31
30298710 30298722 3
5022527 5022535 71
1538176 2397244 78
15279797 15279815 11
1052604 1915243 1
3018989 3528591 31
14255561 14255577 24
30312986 30312989 25
13071383 13071390 58
28602788 28602795 61
28589907 28589913 74
3271437 3710375 97
1713398 2543328 15
11150859 11150872 62
10067355 10067363 85
2133408 2880091 68
4626153 4635126 54
7084837 7084861 83
3917708 4128862 33
15372228 15372243 91
3565723 3904073 96
1069154 1932084 9
1069154 1932085 22
13109551 13109560 76
28822601 28822608 7
4198859 4315622 4
807494 1609004 96
119250 381027 35
4281379 4369968 90
30319854 30319856 36
15731625 15731644 27
28770011 28770015 33
30321626 30321637 51
7791099 7791109 94
15726901 15726907 29
30323576 30323584 53
115110 371669 72
15506138 15506155 13
30324064 30324079 99
5949432 5949482 28
14299111 14299117 48
4289762 4375204 75
29027454 29027459 46
30330052 30330057 47
1538552 2397727 62
1538552 2397728 93
15225625 15225631 36
30312635 30312641 61
245339 734012 29
12347103 12347112 88
1251798 2130343 28
92369 313861 1
1324828 2196379 54
2422232 3107931 67
15304050 15304058 19
3690063 3984421 14
785870 1572460 6
401994 1015716 63
8701816 8701821 33
380782 989372 98
9474369 9474389 10
131572 418236 69
8885211 8885251 91
30298111 30298116 7
30343464 30343475 51
279046 785958 15
12985639 12985653 50
15229807 15229820 78
30352839 30352850 45
3072419 3563014 3
30338131 30338135 29
30336858 30336864 38
173432 535428 36
2924989 3462918 45
536015 1253225 97
30357272 30357277 78
28735745 28735754 80
9632264 9632271 66
312899 849204 49
4138020 4276568 13
11461613 11461622 70
3694948 3987775 17
1724287 2560704 6
1070513 1933477 1
8049007 8049023 11
1450198 2320216 59
954348 1785037 9
11439179 11439187 85
3592906 3922090 95
14329929 14329942 71
15726226 15726234 85
2133409 2880103 9
380407 988972 54
3853184 4087332 99
30379975 30379981 81
29042309 29042323 37
8123686 8123698 24
11380585 11380591 76
1252822 2131401 44
4385516 4442213 83
28530507 28530512 5
337813 927229 21
656827 1399151 81
13507775 13507786 30
30373600 30373605 99
30386294 30386297 51
9664888 9664902 37
1634293 2479804 91
3105135 3587933 98
15169329 15169334 51
1252592 2131285 27
14369780 14369792 17
30334116 30334123 24
3402452 3794380 41
315839 853052 7
15728907 15728915 97
15722551 15722577 19
2598305 3232474 75
30303652 30303656 74
4362132 4424779 94
30391238 30391243 1
4133197 4272779 50
122551 402047 59
7563940 7564046 15
14369772 14369784 35
4972120 4972130 83
28589908 28589918 100
15099 79745 76
12282639 12282642 6
954349 1785049 68
15067683 15067695 9
13252660 13252667 48
4087540 4238429 78
2084954 2838765 63
28307963 28307970 98
2033445 2795470 51
28270790 28270798 11
2641591 3264279 11
4534598 4554749 47
283719 794608 44
2230225 2960970 30
14928481 14928504 61
15625631 15625648 79
23120163 23120173 38
9665395 9665400 69
113226 369748 35
3120792 3599282 60
30405819 30405822 37
30405978 30405982 96
9665396 9665412 27
1821959 2631822 71
30742816 30742819 35
10904980 10905020 86
2619001 3247883 17
11680562 11680622 50
30743162 30743166 5
30743167 30743173 76
1252902 2131528 31
15115459 15115472 38
30743239 30743243 67
4618668 4628005 45
30743332 30743335 34
15841978 15842017 63
30743528 30743531 86
30743543 30743547 33
30743598 30743600 55
30743601 30743603 67
30498826 30498828 23
30743622 30743624 13
4357936 4421727 15
30743682 30743685 52
3900328 4116621 93
30743794 30743796 97
30243727 30243733 50
1354572 2228079 98
30743865 30743875 56
989468 1835294 62
30743963 30743966 75
3472407 3844602 69
30744058 30744061 21
3844603 4082964 6
2878789 3427239 75
4410929 4459487 74
30744302 30744305 22
30744312 30744315 24
30744341 30744343 57
2084040 2837938 77
29346160 29346166 64
4396628 4449798 83
30744412 30744415 44
30744450 30744455 32
30744457 30744460 71
30744533 30744540 16
30426343 30426354 64
30243430 30243439 79
28410028 28410033 49
30744768 30744772 42
30744830 30744834 11
30744849 30744851 15
1867199 2666621 70
29044436 29044445 56
30744985 30744991 78
30745021 30745024 36
30745028 30745036 83
30499607 30499614 62
30745057 30745061 94
3909982 4123281 91
30228915 30228919 55
30745237 30745244 1
3881931 4106602 98
115078 371596 98
284277 794916 1
30745545 30745549 33
30745553 30745557 4
30745568 30745572 31
30745586 30745588 69
2960949 3486397 64
30745693 30745695 59
30745696 30745700 13
2442546 3124527 40
30745765 30745775 37
30745788 30745793 35
30745798 30745804 27
30745805 30745810 3
15315072 15315093 41
30745911 30745919 96
3125042 3601724 60
11158271 11158285 11
30745993 30745999 83
30746000 30746003 14
30746037 30746042 15
5021988 5022003 45
30746093 30746099 42
30746127 30746130 50
30746157 30746162 7
30746209 30746214 69
1253289 2132041 87
15065264 15065276 69
30746427 30746431 5
3909621 4122939 31
970879 1810223 59
30746532 30746535 40
30746595 30746600 82
30746638 30746640 92
30746678 30746680 85
10495221 10495257 73
30746830 30746835 15
30746856 30746864 60
30746869 30746875 72
11965191 11965217 63
30746880 30746884 98
30747038 30747042 92
30747047 30747050 52
21333 119275 92
29048741 29048745 8
30747135 30747143 26
30747151 30747154 79
30747155 30747162 87
30747191 30747194 73
3323447 3743555 19
30747210 30747213 43
30747242 30747244 73
9885523 9885532 38
30747313 30747316 89
30747321 30747329 15
4478291 4511479 55
3559258 3900324 12
15728129 15728153 75
30747470 30747475 94
30747532 30747536 81
30747537 30747540 86
30747549 30747553 85
30747591 1716375 10
30747662 30747668 13
30747681 30747686 44
30747764 30747766 88
1835307 2641359 60
3843045 4081789 6
30747820 30747828 58
30747833 30747837 56
30747944 30747947 8
30748001 30748005 33
30748199 30748204 70
30748207 30748210 56
30748244 30748248 24
30748254 30748257 78
30748272 30748276 57
30748277 30748285 50
3790306 4042054 32
30748423 30748428 81
30748451 30748455 81
30748466 30748469 71
29349955 29349970 97
15717418 15717429 42
30748677 30748679 53
1545371 2405741 100
15727621 15727632 57
1575579 2434909 73
30748778 30748789 19
927214 1734359 92
30748948 30748951 72
30749131 30749147 86
30749187 30749191 48
30749288 30749290 48
30749313 30749317 14
30749361 30749363 76
30749385 30749394 60
30749454 30749457 100
30749471 30749474 29
30749613 30749617 52
30749659 30749661 27
15723988 15723998 68
30749695 30749698 26
30749728 30749730 4
30749757 30749759 69
3398726 3792005 43
30749926 30749929 4
1552445 2412513 9
30750002 30750004 64
1046052 1908210 9
15819583 15819595 85
15730513 15730525 87
15762478 15762510 82
12069823 12069844 27
30750180 30750183 38
14694097 14694104 38
30750255 30750257 25
30750293 30750295 8
30750379 30750382 54
30750391 30750395 41
3796367 4046467 84
30750473 30750477 28
30750478 30750480 6
30750481 30750484 63
30496546 30496552 73
30750496 30750502 3
1207553 2084048 12
30750533 30750535 77
30750600 30750603 90
13682277 13682287 83
30396169 30396184 98
30750632 30750639 49
30750689 30750691 27
30750692 30750694 68
29052227 29052236 86
30750715 30750721 89
2837943 3398249 56
4931760 4931779 70
15356838 15356846 30
30750851 30750854 29
30750941 30750945 93
30751078 30751085 3
30751140 30751145 60
30751195 30751197 71
30751247 30751249 52
30748615 30748623 5
30751288 30751291 42
30751294 30751298 86
15141042 15141052 77
30751343 30751346 61
30751388 30751394 18
30751420 30751423 35
29043880 29043885 82
30751646 30751649 93
5026025 5026064 95
30751657 30751661 61
30751662 30751667 45
2348743 3046051 64
30751709 30751718 60
30751737 30751741 96
30751747 30751750 21
30751759 30751762 87
30751806 30751814 72
30751838 30751841 30
30294377 30294384 45
30751852 30751854 31
30751877 30751881 67
30751896 30751900 61
30751998 30752003 28
30752004 30752007 85
29592246 29592255 58
30752056 30752060 89
30752115 30752118 47
30752182 30752184 13
30752190 30752198 59
30752294 30752297 48
30752381 30752385 78
30752459 30752462 49
30752507 30752513 98
30752524 30752527 41
30752539 30752541 84
30752551 30752556 54
30752606 30752610 70
30752615 30752617 43
30752653 30752657 56
30752686 30752688 60
30752719 30752724 77
30752854 30752857 52
30752868 30752871 60
3325417 3744478 37
20277 115108 36
14659703 14659714 76
30752957 30752960 44
30752964 30752969 19
30753002 30753005 33
30753067 30753072 41
1015694 1867225 94
30753244 30753247 23
2099244 2851084 84
30753319 30753321 2
30753349 30753354 75
30753405 30753407 100
30753511 30753514 87
30753625 30753628 36
30753672 30753680 31
30753707 30753711 72
30753893 30753898 78
30753915 30753918 46
30753920 30753922 57
30753936 30753940 33
15718658 15718673 98
30754062 30754066 67
3615363 3938713 19
30754159 30754165 76
30754222 30754225 67
30754383 30754384 76
30754385 30754388 17
30754460 30754467 2
30494090 30494093 59
1252647 2131305 83
30754493 30754500 61
30754550 30754556 99
4311001 4389735 94
84496 290178 10
28632294 28632301 28
30754824 30754828 79
30754875 30754879 12
30754951 30754953 5
1667499 2506892 21
30748983 30749026 92
30498272 30498275 52
30755402 30755409 66
1537450 2396283 81
2842085 3401348 26
11665950 11665970 10
30755887 30755895 93
122554 402060 76
14946109 14946119 92
29337286 29337293 95
30756906 30756909 29
30757000 30757004 25
593582 1328461 17
2421686 3107370 27
30757574 30757579 96
29363525 29363529 86
3715562 4000349 61
15164709 15164730 79
30758083 30758086 38
2837550 3398050 18
30758182 30758185 90
30758195 30758199 29
30755314 30755327 55
30758666 30758669 62
30758884 30758889 54
30758985 30758989 6
30759035 30759038 33
30495283 30495287 67
30502790 30502796 32
30759107 30759110 72
30503833 30503841 12
30759480 30759483 16
30759561 30759563 42
30759609 30759612 9
13570803 13570827 48
30760222 30760228 46
30760223 30760230 63
30760463 30760468 31
30760607 30760611 84
4608528 4618722 49
30761138 30761142 3
30761539 30761545 36
30761671 30761677 10
30761859 30761864 67
30761868 30761873 56
30762045 30762048 74
3960873 4156286 72
3146274 3620474 75
30763598 30763603 70
30763812 30763816 88
30764036 30764039 53
2421610 3107329 11
30764158 30764161 36
15625633 15625655 72
30764457 30764462 16
30764759 30764764 83
1581923 2440549 94
2274137 2994686 62
30373602 30373609 52
30765292 30765298 39
6862246 6862303 35
1835264 2641301 93
2639431 3263013 12
30766083 30766085 75
30766134 30766137 81
30766339 30766346 89
3232463 3681533 44
15231046 15231055 35
30767280 30767284 45
30767787 30767793 60
29584695 29584700 47
30768014 30768019 97
15499288 15499298 47
30768368 30768374 38
30768656 30768662 87
2590164 3226051 97
30769671 30769677 72
30769741 30769744 40
15724339 15724350 5
30770244 30770250 35
30770283 30770290 12
978006 1821564 14
30770369 30770373 82
4671681 4676976 5
1537559 2396401 34
30770950 30770953 21
2033249 2795215 27
30771127 30771136 93
30771166 30771169 91
30771195 30771201 92
30771503 30771510 20
30771983 30771991 50
30772029 30772034 57
30772087 30772093 87
30772309 30772311 67
30772876 30772879 98
30773061 30773065 86
30773635 30773638 70
30773745 30773749 40
4551071 4568345 4
1799719 2613700 79
30774396 30774401 24
30774981 30774983 85
30775234 30775243 93
30775428 30775434 47
30775505 30775508 98
1826120 2635278 56
378366 983384 50
30776278 30776282 24
29345244 29345252 22
4126115 4267975 32
30776912 30776915 27
6262546 6262558 93
772965 1556124 18
9700591 9700600 77
30778873 30778876 46
30779011 30779017 84
1322216 2193254 37
30242466 30242473 86
30779675 30779684 28
30779787 30779791 86
11742428 11742439 7
30780351 30780358 74
29045404 29045411 38
2169563 2908982 85
3088958 3576257 85
30781375 30781379 36
30781519 30781523 26
30781541 30781544 77
1244102 2123033 9
30781978 30781980 96
30782314 30782318 98
2838942 3399116 69
30782589 30782592 63
30782838 30782846 59
30783040 30783043 2
30783178 30783183 61
30783255 30783258 78
30783352 30783358 85
30783701 30783705 37
30783742 30783745 46
30783751 30783754 95
30783760 30783764 90
3195415 3652135 56
2169564 2908987 81
25405314 25405321 81
4192133 4310769 25
30784751 30784756 38
30784813 30784818 60
30784844 30784847 85
30784995 30784999 38
30785020 30785024 81
30785049 30785052 99
29597286 29597292 59
3398720 3791989 91
962029 1799723 35
29038870 29038874 81
30785660 30785665 95
30785725 30785732 33
2412508 3099970 5
15120954 15120959 89
30786325 30786326 78
1292261 2169573 99
30786506 30786509 27
30786852 30786855 8
2961878 3487029 100
30787207 30787210 33
173436 535484 15
30787327 30787332 99
2084651 2838427 11
2838287 3398611 28
30787763 30787766 23
1734367 2568393 27
30788151 30788154 69
30788305 30788307 53
30500325 30500333 42
30500323 30500329 6
173437 535499 84
772967 1556151 79
773049 1556600 80
30803519 30803525 27
773077 1556762 85
1251407 2129919 66
30807835 30807838 53
173442 535562 53
31179004 31179009 13
31179513 31179516 19
31179796 31179800 22
31180144 31180149 81
31181438 31181443 79
31184417 31184420 7
31184474 31184478 86
4042048 4207180 91
772980 1556232 56
3370342 3773567 75
8025231 8025243 17
13760924 13760928 44
31851157 31851178 91
1584298 2442682 81
30497217 30497222 44
13682110 13682115 67
31882317 31882322 81
656664 1399055 11
15241183 15241195 79
788131 1575171 51
13609575 13609578 84
32710554 32710558 41
32705540 32705545 67
30748930 30748941 88
32758156 32758160 9
2877789 3426398 5
32758918 32758921 77
32760301 32760304 68
32762940 32762943 40
4540526 4559800 69
32768748 32768752 51
28473089 28473110 52
32769485 32769490 2
32772153 32772156 50
32772401 32772405 25
11965194 11965222 92
32773237 32773242 40
32773554 32773558 89
32774113 32774119 39
32775012 32775016 64
2200668 2938912 58
1820251 2630402 5
15347653 15347663 16
11666246 11666267 68
32775322 32775324 10
32775325 32775329 100
29050772 29050782 76
122556 402070 96
30770893 30770902 79
32775795 32775799 28
589974 1322708 6
32775804 32775809 82
4484076 4515646 64
1398950 2273903 51
32775988 32775990 45
32776013 32776019 29
32776032 32776038 89
3072012 3562630 43
11529671 11529689 91
31138294 31138302 82
30501652 30501655 63
32778177 32778182 66
32778178 32778186 85
32778187 32778189 7
32778195 32778199 3
4223010 4332756 26
32778207 32778210 45
15719068 15719081 57
32778601 32778605 15
32778646 32778649 94
32778650 32778654 3
30758435 30758444 85
15058015 15058046 81
32780691 32780695 18
4183356 4305846 12
32780963 32780967 55
32781015 32781020 65
32781033 32781039 90
30493640 30493644 54
32781398 32781404 87
2936475 3470273 92
32781511 32781516 6
32781567 32781572 22
32781629 32781635 54
32781637 32781641 32
21496 119506 10
13365778 13365791 62
4739483 4740743 83
30494567 30494585 10
32783817 32783820 31
32783851 32783854 49
4112172 4258836 53
32783901 32783905 37
15732286 15732301 6
4000243 4183352 74
29038774 29038777 36
32786776 32786783 74
14958443 14958450 52
30786711 30786716 63
32786976 32786982 20
15721563 15721575 37
2230226 2960975 46
3174949 3640107 28
29052271 29052280 77
3601749 3927321 97
14878530 14878538 76
32787604 32787607 91
963243 1802009 6
32788886 32788890 73
30242031 30242067 32
32788904 32788906 57
32788940 32788943 38
1253102 1253120 32
186941 576484 80
32789786 32789788 100
32789979 32789983 79
3704484 3993800 51
15721601 15721626 14
32791003 32791006 17
512264 1207568 79
32791187 32791193 80
32791274 32791286 54
32791292 32791297 5
32791293 32791300 92
14659697 14659702 67
30500815 30500821 25
30494108 30494114 6
92320 313768 35
30446376 30446380 78
14401645 14401653 62
1556661 2417172 89
4207383 4320907 98
13405531 13405540 80
29053581 29053585 100
32793284 32793288 55
1204634 2081029 39
2445486 3127138 44
32793737 32793742 21
32793807 32793815 75
3715564 4000359 50
277079 784104 60
32794839 32794845 2
32794931 32794934 62
1210676 2086427 8
1867548 2666862 73
2641714 3264380 88
30427332 30427339 57
4081776 4234873 5
402001 1015739 78
32795630 32795634 12
32795682 32795685 26
15372244 15372249 93
29038379 29038384 76
32796314 32796318 80
32796314 32796319 66
32796357 32796360 70
1534358 2392715 7
32796608 32796611 31
32799401 32799404 49
32799406 32799408 73
32799415 32799423 77
352664 941925 46
30324071 30324088 72
32799557 32799560 81
32799666 32799670 23
32799791 32799796 67
30753976 30753987 45
32800213 32800217 92
4469141 4503464 44
30722652 30722658 67
29039249 29039260 56
4137656 4276324 13
32802188 32802193 40
30744199 30744213 52
5949434 5949487 84
32804800 32804803 3
30496079 30496086 6
28399839 28399845 12
32804994 32804998 4
13510898 13510905 74
30428458 30428473 73
3157533 3628556 91
32806710 32806712 80
32806929 15725602 83
29044141 29044150 2
11534338 11534344 80
32807531 32807534 30
32808351 32808356 52
3922082 4131312 11
30430699 30430705 76
32808791 32808794 40
32808803 32808808 75
32809535 32809538 56
32809549 32809552 91
32810214 32810218 33
32810514 32810517 29
511145 1206059 79
13146892 13146918 50
30226352 30226358 57
15733197 15733211 64
32812451 32812453 23
4396399 4449590 53
30748467 30748472 42
32812573 32812577 35
32812591 32812596 90
32812850 32812854 16
32812886 32812888 67
15723940 15723949 87
32812939 32812943 60
8789739 8789750 11
32813163 32813166 81
32813221 32813224 20
15315076 15315114 19
3575895 3088479 2
32814658 32814663 41
32814673 32814676 76
32814690 32814692 78
32814802 32814806 68
32800777 32800782 42
15169066 15169072 56
30772442 30772447 41
32814987 32814990 82
1592700 2449429 38
122562 402087 50
30498739 30498743 89
32815880 32815884 17
4104892 4254206 81
13713722 13713729 49
3664631 3967679 52
32816635 32816641 60
32816642 32816645 85
32816710 32816717 49
29043048 29043059 99
32817689 32817694 47
30771274 30771280 30
1816611 2626653 85
30754325 30754338 63
32819712 32819716 71
14982984 14983018 80
32820209 32820214 24
32820234 32820238 80
14928471 14928493 40
32821349 32821350 47
15732304 15732317 100
32822830 32822890 64
15358716 15358721 78
1398803 2273668 86
1537202 2396141 4
3068705 2376811 7
32823835 32823840 36
32823835 32823841 58
32823903 32823908 92
15139428 15139440 12
3970175 4162679 19
32824298 32824301 51
14761028 14761037 43
29053360 29053363 8
32825403 32825409 79
4216720 4327193 4
29053573 29053578 6
30503298 30503301 43
1354575 2228084 39
1354576 2228086 38
119221 380971 29
32826749 32826753 17
32827163 32827165 38
7233807 7233816 94
11998935 11998952 93
32828584 32828586 56
32828879 32828884 61
3103877 3587134 28
2412518 3099976 44
1552449 2412523 76
29053515 29053517 72
1552450 2412527 64
30783308 30783313 20
32832329 32832334 99
28764597 28764621 95
273035 777808 68
3501477 3858966 62
32808994 32809000 29
3207998 3664009 32
15067690 15067709 3
15723788 15723797 67
32755143 32755153 78
30496397 30496401 44
1253278 2132029 35
32836159 32836162 81
2839089 3399247 73
1015933 1867564 57
32836347 32836355 75
1088615 1950611 46
29044287 29044294 28
32839261 32839264 24
29053545 29053547 78
30425673 30425680 88
1537204 2396149 10
32840987 32840990 12
32841817 32841823 53
746379 1525763 39
30882665 30882669 17
30753924 30753930 35
30425790 30425798 26
15175405 15175411 15
2961886 3487034 48
7201686 7201717 29
29364326 29364335 34
32843102 32843108 49
32843102 32843109 22
32843102 32843110 57
13130961 13130970 92
32844074 32844081 43
21836098 21836105 70
32844229 32844232 93
32844230 32844235 48
32844494 32844498 85
32844517 32844521 32
32844752 32844755 3
3487427 3853347 47
29052133 29052138 16
32845650 32845660 20
32845678 32845681 71
32845704 32845706 89
29045381 29045386 25
30744972 30744980 5
4920609 4920668 99
32848578 32848581 8
32848752 32848754 69
32849005 32849009 4
4322937 4397492 11
32849234 32849238 14
32849397 32849401 92
14983928 14983936 90
3147628 3621162 74
2621764 3250026 5
25405130 25405140 23
30234157 30234165 77
119296 381122 39
32851379 32851383 23
1835604 2641702 71
13453161 13453204 55
32854369 32854372 43
30742872 30742878 8
30494444 30494449 68
4530206 4551142 60
32855588 32855591 19
32855626 32855631 68
29044399 29044404 76
32857840 32857847 10
32858346 32858350 55
32858356 32858358 69
15719061 15719071 46
32858451 32858455 69
8549828 8549831 13
32858474 32858480 27
32858644 32858647 88
32858748 32858750 75
2960951 3486401 9
13487033 13487037 60
5027200 5027208 99
29052322 29052326 7
32872096 32872099 9
592793 1327431 64
4081778 4234881 16
30303517 30303523 84
32814361 32814366 84
32872266 32872268 100
30748057 30748068 91
30449381 30449388 23
1556507 2416935 90
30752203 30752212 14
32872775 32872778 46
32872824 32872826 52
2933849 3468330 48
32873335 32873338 26
30363449 30363464 66
30808305 30808309 99
32873648 32873652 71
32935131 32935136 18
32947024 32947028 37
3601756 3927339 60
33015598 33015603 15
33021934 33021938 70
33021948 33021951 10
33021977 33021982 13
33022010 33022017 75
33022040 33022045 67
33022093 33022097 31
33022115 33022118 57
33022197 33022201 41
29041350 29041357 49
33022273 33022278 58
33022378 33022383 68
33022559 33022565 54
33022678 33022684 54
33023048 33023057 3
33023066 33023072 21
33023132 33023136 95
33023137 33023141 98
33023366 33023371 40
33023394 33023437 16
33023538 33023543 84
29340919 29340928 32
33024348 33024352 30
33024658 33024667 83
33024749 33024754 71
33025107 33025113 62
33025154 33025161 17
33025279 33025283 25
33025596 33025600 34
33026182 33026186 81
29049234 29049244 6
33026262 33026266 75
33026277 33026280 17
33026281 33026285 22
33026326 33026330 74
33026331 33026334 98
29049400 29049414 85
33026380 33026383 74
33026390 33026393 76
33026400 33026403 51
33026404 33026407 25
33026414 33026417 57
33026442 33026445 4
33026452 33026455 80
33026460 33026463 7
33026497 33026500 21
33026620 33026623 76
33026624 33026627 18
33026636 33026639 2
33026648 33026651 5
33026806 33026809 78
33026836 33026839 28
15722069 15722078 61
15454086 15454088 69
33585203 33585208 46
3664632 3967683 39
33588767 33588772 64
34235933 34235935 79
34236368 34236375 7
34236463 34236471 93
1252127 2130636 22
34236627 34236629 8
30806976 30806982 96
34237738 34237742 28
29044027 29044031 92
30760225 30760236 82
34238843 34238847 74
34239749 34239753 70
34240612 34240613 23
762536 1545785 57
34241826 34241829 83
34242406 34242410 35
32125927 32125940 51
34254100 34254104 7
34255070 34255072 56
29043392 29043396 84
34242334 34242337 52
32825677 32825681 1
3046233 3546998 29
15055619 15055623 27
1252363 2130859 14
1282239 2159656 61
34289472 34289475 90
29038717 29038723 87
29038801 29038804 37
29346516 29346526 92
34342971 34342974 12
34345540 34345542 100
34350323 34350328 36
34381656 34381659 38
34396471 34396477 57
34440910 34440914 87
34440910 34440915 38
34481109 34481112 35
8812339 8812343 80
4621808 4630917 35
513016 1210703 50
35064981 35064988 81
35077358 35077362 18
35398918 35398920 100
4231754 4339030 99
35414241 35414245 16
35415436 35415439 47
35415443 35415444 76
35415447 35415450 83
35415451 35415453 29
35415454 35415457 28
35415960 35415962 66
35415963 35415964 56
35415975 35415977 50
35415994 35415998 34
35416005 35416007 59
35416008 35416012 99
35416018 35416020 1
35416037 35416040 30
35416047 35416049 31
35416060 35416064 60
35416196 35416199 19
35416202 35416204 26
35416234 35416236 57
35416262 35416264 50
2442560 3124547 37
35416268 35416271 2
35416315 35416318 7
35416341 35416345 93
35416346 35416348 65
35416349 35416351 56
35416354 35416356 44
35416357 35416359 64
35416367 35416368 58
35416374 35416376 42
35416379 35416381 9
35416382 35416384 31
35416394 35416396 25
35416397 35416400 31
35416401 35416404 85
35416407 35416409 54
35416410 35416412 29
35416413 35416415 71
35416418 35416421 49
35416422 35416424 100
35416431 35416433 47
35416443 35416445 59
35416450 35416454 40
35416457 35416459 75
35416460 35416462 43
35416463 35416466 74
35416467 35416469 47
35416474 35416476 63
35416477 35416479 39
35416493 35416495 26
35416496 35416498 79
35416499 35416501 61
35416502 35416504 48
35416519 35416521 89
35416522 35416524 10
35416532 35416534 4
35416535 35416537 10
35416538 35416540 36
35416541 35416543 6
35416544 35416546 24
35416547 35416549 98
35416550 35416552 54
35416553 35416555 6
35416556 35416558 14
35416566 35416568 94
35416569 35416571 46
35416576 35416578 4
35416579 35416581 13
35416586 35416589 33
35416598 35416600 91
35416603 35416605 78
35416606 35416608 10
35416609 35416611 53
35416685 35416689 31
35416763 35416765 82
35416775 35416777 29
35416782 35416786 71
35416812 35416814 89
35416822 35416825 85
35416826 35416827 53
35416873 35416877 34
35416881 35416884 78
35416887 35416890 91
35416932 35416934 85
35416949 35416954 34
35416958 35416960 24
35416973 35416975 39
35416976 35416979 78
35416983 35416985 74
35416996 35416999 35
35417011 35417013 36
34995140 34995143 3
35417034 35417037 49
35417046 35417048 54
35417051 35417056 37
35417072 35417076 41
35417080 35417085 94
35417092 35417094 33
14752086 14752108 81
35417095 35417101 41
35417125 35417128 59
35417129 35417132 10
35416026 35416030 22
35417141 35417146 23
35417149 35417151 81
35417152 35417156 74
35417163 35417165 17
35417168 35417170 69
35417224 35417227 56
35416027 35416031 2
35417274 35417277 30
31067423 31067428 11
35417312 35417314 32
35417315 35417318 81
35417321 35417324 24
35417352 35417354 16
35417365 35417368 11
35417382 35417385 85
35417389 35417392 17
35417411 35417414 61
35417418 35417420 29
35417484 35417486 64
35417504 35417506 98
35417513 35417515 67
35417522 35417524 23
35417579 35417582 12
35417583 35417585 12
35417598 35417603 39
35417604 35417606 43
35417682 35417684 25
35417700 35417701 58
35417704 35417707 30
35417714 35417717 11
35417722 35417725 77
35417729 35417731 64
35417747 35417749 22
35417859 35417863 18
35417909 35417911 66
35417912 35417915 39
35417922 35417925 2
35417926 35417929 7
35417930 35417932 56
35417941 35417943 2
35417947 35417949 6
35417979 35417982 52
35417986 35417988 15
35417990 35417993 12
35417994 35417997 38
35418013 35418016 66
35418037 35418041 69
35418053 35418055 72
35418068 35418070 92
35418079 35418081 8
35418088 35418093 71
35418094 35418098 99
35418106 35418109 12
35418164 35418167 19
35418168 35418171 25
35418188 35418190 4
35418192 35418195 91
35418211 35418214 56
35418225 35418228 38
35418247 35418250 47
35418253 35418254 81
35418263 35418265 2
35418271 35418274 48
35418305 35418307 49
28944352 28944361 42
35418339 35418342 49
35418343 35418346 20
35418347 35418349 74
35418373 35418375 27
35418399 35418401 73
33642945 33642947 5
35418439 35418442 33
35418449 35418451 84
35418462 35418466 44
15730907 15730915 46
35418519 35418521 72
35418523 35418526 80
35418549 35418553 54
35418572 35418575 32
28387999 28388004 76
35418602 35418604 15
35418605 35418608 14
35418620 35418622 92
35418637 35418641 41
35418653 35418656 4
35418662 35418665 7
35418666 35418669 10
35418706 35418707 37
35418725 35418729 50
35418730 35418733 52
35418734 35418737 94
35418740 35418745 35
35418748 35418751 14
35418775 35418777 72
35418778 35418780 77
35418826 35418828 49
35418880 35418883 90
35418891 35418893 38
35418895 35418897 78
2131300 2878510 12
35418903 35418905 35
35418906 35418908 9
35418931 35418934 24
35418963 35418965 69
35418987 35418990 86
35418997 35418998 23
35419035 35419037 56
35419038 35419040 69
35419043 35419044 71
35419045 35419046 96
35419047 35419048 58
35419059 35419062 100
35419063 35419067 11
35419102 35419105 57
35419106 35419109 18
35419114 35419118 81
30614384 30614394 92
35419153 35419155 91
35419220 35419223 90
35419248 35419251 56
35419334 35419337 6
968168 1807403 18
35419126 35419132 85
35419379 35419381 84
35419382 35419385 2
35419386 35419390 36
30776533 30776537 19
35419425 35419428 56
35419473 35419475 64
35419605 35419607 80
35419670 35419673 26
30746176 30746187 39
35419975 35419977 54
35416901 35416906 97
35420076 35420080 56
35420389 35420391 64
35420487 35420490 48
35420571 35420576 60
35420599 35420601 33
35420608 35420611 20
35420636 35420640 18
35420649 35420652 92
35420669 35420673 72
35420693 35420696 73
35420789 35420792 91
35420822 35420825 93
35420853 35420856 45
35420877 35420897 16
35420903 35420905 74
35420928 35420931 40
35421000 35421002 54
35421005 35421008 56
1327205 2199085 81
35421012 35421015 21
35421016 35421018 64
35421043 35421046 71
35421047 35421050 26
35421088 35421090 15
35421092 35421094 87
35421096 35421099 12
35421106 35421109 69
35421110 35421114 95
35421118 35421120 47
35421135 35421140 12
35421141 35421144 97
2335648 3036522 64
35421153 35421156 25
35421177 35421179 44
35421198 35421202 6
13364989 13364998 36
773102 1556899 80
35421219 35421221 73
35421243 35421245 16
35421258 35421262 22
35421265 35421267 65
35421270 35421272 28
35421300 35421302 90
29051960 29051966 100
35421341 35421343 94
35421359 35421361 87
35421365 35421369 62
35421373 35421374 14
35421406 35421409 87
35421413 35421415 64
35421416 35421418 12
3905229 4120146 25
35421439 35421441 75
35421479 35421485 96
30494922 30494926 48
35421489 35421493 88
35421498 35421505 74
32775000 32775004 80
1556733 2417211 75
35421517 35421519 26
35421522 35421524 11
35421525 35421527 7
35421528 35421530 86
35421531 35421533 83
35421534 35421536 62
35421539 35421541 76
35421542 35421544 81
35421545 35421547 26
35421548 35421550 60
35421552 35421554 66
35421555 35421557 57
35421558 35421560 26
35421561 35421562 90
35421565 35421567 21
35421587 35421589 32
35421590 35421593 16
35421595 35421597 1
35421598 35421600 92
35421603 35421605 3
35421614 35421616 52
35421617 35421619 53
35421620 35421622 34
35421631 35421633 35
35421634 35421636 13
35421637 35421639 2
35421645 35421648 57
35421652 35421654 44
35421672 35421674 100
35421675 35421677 40
35421678 35421680 19
35421687 35421689 76
35421690 35421692 56
35421693 35421696 55
35421699 35421701 68
35421707 35421708 47
35421711 35421713 31
35421718 35421720 88
35421721 35421723 71
35421726 35421728 63
35421739 35421741 78
35421744 35421749 70
35421755 35421759 60
35421760 35421762 23
35421763 35421765 76
14502037 14502061 87
35423009 35423011 59
29053110 29053115 19
35423026 35423027 69
35423034 35423039 94
35423049 35423052 19
35423057 35423060 57
34499256 34499261 54
35423082 35423090 19
35423103 35423107 25
35423123 35423126 86
30498140 30498144 27
35423130 35423134 49
35423143 35423146 96
35423147 35423151 94
35423155 35423159 50
35423347 35423351 16
35423529 35423533 64
35423610 35423613 68
35423762 35423766 54
4072920 4228359 86
35423773 35423778 7
35423781 35423783 90
35423855 35423858 28
35423865 35423868 96
35423886 35423889 3
35423990 35423995 51
35423996 35424000 44
35424001 35424005 80
35424069 35424075 66
35424082 35424086 64
35424115 35424119 56
35424120 35424125 68
35424133 35424136 73
35424309 35424315 68
35424407 35424415 5
35424541 35424544 49
35425497 35425499 91
35435497 35435498 46
35435868 35435870 77
1327208 2199092 30
35436030 35436037 43
35436053 35436055 24
35436108 35436110 83
35436115 35436117 94
35436122 35436124 40
35436128 35436130 90
35436137 35436139 21
35436140 35436142 93
35436417 35436421 25
35439315 35439318 37
35440102 35440105 54
35440110 35440114 54
35440123 35440127 64
35440148 35440151 4
30744759 30744764 72
3486412 3852554 56
35440383 35440388 53
35440575 35440578 78
35440614 35440617 88
35440621 35440623 88
402005 1015748 71
35440673 35440675 9
35440680 35440686 85
35441544 35441547 85
35441978 35441980 67
35441992 35441995 55
32800872 32800875 98
35442253 35442255 96
35442269 35442271 36
35442272 35442275 35
35442284 35442287 49
35442290 35442292 48
35442293 35442294 44
35442298 35442300 100
35442317 35442322 47
35442323 35442327 77
35442376 35442378 87
30769954 30769958 32
35442379 35442385 82
35442412 35442421 75
35442428 35442430 68
35442433 35442436 91
35442461 35442464 46
11535931 11535946 64
35442506 35442509 74
35442515 35442519 96
35442773 35442775 17
35444799 35444801 81
35444802 35444805 38
35444837 35444839 8
35444840 35444844 57
29600676 29600684 25
35445083 35445084 15
35445085 35445088 58
35445385 35445387 51
35445542 35445545 44
35445546 35445548 94
35445553 35445556 58
35445567 35445570 86
35445604 35445607 77
35445608 35445610 18
35445616 35445619 23
35445634 35445637 34
35445644 35445647 7
35445651 35445654 20
35445655 35445658 44
35445659 35445662 94
35445667 35445669 9
35445673 35445675 66
35445695 35445701 82
35445713 35445717 4
35445722 35445728 40
32814127 32814136 59
30472592 30472599 16
35445741 35445744 7
35445759 35445767 3
35445778 35445779 13
35445849 35445852 37
35445853 35445856 37
35445893 35445896 5
35446072 35446075 27
35446076 35446079 80
35446080 35446087 47
35446089 35446093 47
35446101 35446105 63
3137914 3613357 53
30781925 30781932 90
35446152 35446153 97
35446163 35446167 14
35446188 35446190 87
30751091 30751100 12
30751091 30751101 32
35446417 35446419 34
35446439 35446442 38
35446455 35446457 6
35446474 35446476 19
35446508 35446517 29
35432285 35432288 82
35446556 35446558 53
35446625 35446630 36
35446681 35446685 98
3910835 4123997 59
35446732 35446734 58
35446767 35446770 63
35446870 35446875 33
3195426 3652158 49
35448908 35448911 18
35448914 35448916 75
35448943 35448947 15
35448965 35448967 25
34379599 34379603 45
35449000 35449004 35
35449007 35449008 57
35449017 35449018 32
35449047 35449052 28
35449069 35449072 25
35449133 35449138 87
35449172 35449174 5
35449180 35449184 61
35449189 35449191 69
35449203 35449205 42
35449218 35449219 40
35449227 35449230 4
35449243 35449245 58
35449246 35449248 6
35449251 35449254 17
35449266 35449268 30
35449281 35449284 41
35449300 35449303 80
35449304 35449306 95
35449307 35449309 33
35449310 35449313 27
35449314 35449316 72
35449317 35449320 25
35449321 35449323 60
35449334 35449336 29
35449346 35449349 56
35449356 35449359 61
35449373 35449374 88
35449384 35449386 14
35449390 35449392 62
35449403 35449405 82
35449408 35449410 94
35416783 35416790 44
35449413 35449415 64
35449418 35449419 29
35449426 35449429 68
35449430 35449433 70
35449449 35449452 92
35449458 35449460 55
35449470 35449472 68
35449473 35449476 20
35449490 35449492 68
35449493 35449496 98
35449508 35449510 65
35449511 35449516 35
35449517 35449519 10
35449524 35449527 21
35449528 35449530 100
35449549 35449554 24
35449557 35449560 11
35449563 35449565 86
35449568 35449571 51
35449572 35449575 10
35449581 35449585 59
35449591 35449593 60
35449596 35449598 58
35449599 35449601 96
35449603 35449606 35
35449607 35449609 33
35449624 35449626 15
35449629 35449630 24
35449631 35449634 71
35449635 35449638 27
35449653 35449656 26
35449662 35449665 6
35449669 35449671 90
35449675 35449677 22
35449682 35449685 8
35449691 35449693 42
35449695 35449697 16
35449698 35449701 19
35449705 35449707 99
1562154 2421665 88
35449708 35449711 81
35449712 35449714 21
35449717 35449718 90
35449722 35449724 49
35449725 35449729 69
35449730 35449733 48
35449737 35449740 37
35449744 35449747 27
35449750 35449752 91
35449754 35449756 30
35449757 35449758 29
35449759 35449761 7
35449777 35449779 76
35449784 35449789 18
35449792 35449795 99
35449796 35449799 53
35449809 35449811 59
3047857 3548148 98
35449818 35449820 20
35449822 35418070 95
35449843 35449846 38
35449852 35449856 16
35449872 35449874 74
35449875 35449877 24
35449880 35449882 69
35449883 35449886 14
35449887 35449889 33
35449896 35449899 9
35449903 35449905 5
35449909 35449912 10
11965195 11965224 4
35449931 35449934 41
35449935 35449937 66
35449942 35449945 60
35449946 35449949 18
35449955 35449958 67
35449961 35449965 61
35449971 35449974 8
35449984 35449987 66
35449990 35449993 13
35449998 35450000 27
35450017 35450020 34
35450021 35450024 86
35450025 35450028 28
35450031 35450033 17
35450036 35450038 71
35450049 35450052 7
35450060 35450062 81
35450067 35450070 25
35450071 35450074 27
35450075 35450077 9
35450078 35450082 84
35450083 35450086 14
35450108 35450110 67
35450111 35450116 84
35450119 35450121 78
35450122 35450124 33
35450125 35450128 3
35450129 35450131 1
35450140 35450143 77
35450150 35450152 76
35450156 35450160 49
35450168 35450172 73
35450176 35450180 97
35450187 35450189 26
35450190 35450192 70
35450193 35450196 64
35450199 35450201 86
35450202 35450205 20
35450206 35450211 11
35450212 35450214 28
35450220 35450224 14
35450225 35450227 76
35450228 35450230 95
35450231 35450234 39
35450244 35450246 4
35450251 35450253 3
35450254 35450258 11
35450259 35450262 77
35450263 35450266 35
35450267 35450268 3
35450269 35450272 91
35450274 35450277 27
35450290 35450293 2
35450298 35450301 44
35450307 35450311 73
35450319 35450321 76
35450328 35450331 66
35450341 35450344 77
35450345 35450348 30
35450349 35450351 96
35450352 35450356 79
35450367 35450370 45
35450374 35450377 44
35450381 35450383 20
35450384 35450388 89
35450397 35450400 18
35450401 35450403 35
35450404 35450407 25
35450420 35450424 61
35450427 35450429 22
35450434 35450436 81
35450440 35450443 82
35450447 35450449 17
35450450 35450454 60
3738559 4012655 91
35450456 35450458 99
35450459 35450460 52
35450461 35450463 29
35450464 35450465 39
35450468 35450471 6
35450475 35450476 29
35450484 35450486 9
35450487 35450490 26
15768575 15768587 50
35450496 35450499 83
35450500 35450503 46
35450505 35450509 61
35450526 35450528 32
35450529 35450532 98
35450533 35450538 69
35450539 35450542 83
35450551 35450554 11
35450566 35450570 57
35450571 35450574 93
35450575 35450580 7
35450607 35450609 54
35450612 35450613 98
30751878 30751883 93
35450641 35450645 46
35450646 35450650 54
35450652 35450655 17
30749209 30749216 40
35450656 35450660 75
35450663 35450667 1
35450668 35450673 76
35450682 35450685 6
35450687 35450689 7
35450690 35450691 99
35450694 35450698 40
35450701 35450705 1
35450709 35450711 38
35450716 35450718 20
35450724 35450726 94
35450735 35450737 78
35450743 35450746 26
35450747 35450751 65
35450757 35450759 80
35450760 35450763 9
35450764 35450768 14
35450800 35450805 8
35450807 35450809 33
35450810 35450812 36
35450813 35450816 28
35450820 35450823 67
35450832 35450839 27
35450844 35450847 11
35450848 35450851 8
35450852 35450854 87
35450858 35450861 92
35450862 35450868 32
35450869 35450873 33
35450874 35450879 31
35450886 35450888 60
32846057 32846061 74
35450891 35450894 31
35450895 35450898 99
29607978 29607989 88
35450903 35450907 37
35450908 35450912 55
35450913 35450916 80
796790 1588025 46
35450921 35450924 3
35450925 35450930 100
35450931 35450936 61
35451250 35451253 46
35451264 35451267 68
35451394 35451396 100
35452840 35452844 66
13365429 13365434 21
35453241 35453244 29
35453859 35453862 52
35454098 35454100 55
35454888 35454891 41
35461716 35461719 23
35461733 35461740 91
35461744 35461747 25
35462238 35462242 20
35462252 35462254 48
35462268 35462272 13
35462298 35462302 26
35462310 35462312 23
35462327 35462331 92
35462446 35462449 39
35462469 35462473 32
35462496 35462498 88
35462503 35462507 83
29044007 29044024 8
35462550 35462553 8
4042491 4207415 90
35462581 35462585 41
35462586 35462588 37
34259209 34259216 67
35462589 35462592 83
35462615 35462619 47
35462625 35462630 7
35463009 35463012 6
35463019 35463022 27
35463023 35463026 23
35463027 35463030 90
35463188 35463191 13
35463696 35463698 32
35463790 35463794 8
35463919 35463925 39
35463935 35463937 30
35463965 35463970 79
2380851 3072031 50
117067 376570 55
35464123 35464125 73
35464154 35464161 28
35464255 35464256 15
35464258 35464262 37
35464296 35464300 61
2380852 3072033 66
35464360 35464364 57
13703102 13703105 24
35464406 35464409 52
35464432 35464435 59
35464444 35464446 23
35464450 35464452 58
35464453 35464456 69
35464481 35464484 23
35464491 35464493 77
35464496 35464498 39
35464501 35464503 29
12609045 12609050 58
35464511 35464513 23
35464542 35464544 3
35464545 35464547 18
35464554 35464556 80
35464557 35464559 2
35464565 35464569 9
35464570 35464574 73
35464584 35464587 62
35464591 35464595 25
35464605 35464608 83
35464650 35464654 1
35464655 35464658 77
35464693 35464696 59
35464706 35464708 2
35464744 35464748 5
35464799 35464802 8
35464803 35464805 48
35464809 35464812 23
35464815 35464817 81
35464823 35464828 13
35464830 35464833 76
35464834 35464837 16
35464841 35464843 36
35464846 35464848 8
35464867 35464871 42
35464889 35464892 33
35464895 35464898 78
35464902 35464904 20
35464943 35464945 20
35464946 35464948 10
35464958 35464961 21
35464970 35464973 37
35464992 35464994 71
35465005 35465007 64
35465008 35465010 70
35465020 35465023 63
35465024 35465028 48
35465037 35465039 69
35465049 35465051 19
35416838 35416843 19
35465058 35465061 31
35465081 35465083 62
35465084 35465087 62
35465092 35465095 32
910507 1720844 10
35465099 35465102 31
35465136 35465138 41
35465147 35465150 40
35465159 35465161 67
35465162 35465165 61
35465191 35465194 27
35465195 35465198 83
35465205 35465209 88
35465221 35465224 37
35465225 35465228 74
35465237 35465240 85
35465248 35465251 72
35465276 35465280 8
35465300 35465302 45
35465303 35465306 55
35465307 35465310 3
35465314 35465317 87
35465318 35465321 33
35465322 35465325 12
35465341 35465344 5
35465345 35465348 87
35465349 35465351 94
35440474 35440475 69
35465383 35465385 58
35465395 35465398 40
35465412 35465415 45
35465464 35465467 60
35465468 35465471 88
35465479 35465482 60
35465495 35465498 63
35465499 35465502 20
35465503 11439187 45
35465530 35465532 27
35465538 35465542 1
35465543 35465546 72
35465562 35465564 89
35465565 35465567 96
35465595 35465597 44
35465598 35465600 71
35465618 35465621 18
35465641 35465643 98
35465644 35465647 8
35465650 35465653 97
35465660 35465663 91
35465675 35465677 78
35465680 35465683 73
35465684 35465687 86
35465698 35465700 95
35465703 35465706 40
35455665 35455667 87
35465707 35465710 59
773105 1556907 36
35465724 35465727 4
35465747 35465750 82
35465751 35465753 57
35465763 35465767 24
29043331 29043336 47
35465850 35465854 33
4126287 4268146 46
35465866 35465869 16
35465876 35465878 75
35465886 35465889 75
35465900 35465904 60
35465909 35465911 18
35465924 35465926 90
30744576 30744581 52
35465943 35465945 74
35465952 35465955 53
35465967 35465970 29
35465974 35465977 8
35465978 35465981 84
35465982 35465985 46
35465991 35465994 27
35465999 35466002 51
35466003 35466007 43
35466011 35466014 72
35466018 35466021 94
35466040 35466044 18
35466083 35466086 79
35466127 35466131 20
35466132 35466135 16
35466153 35466157 78
35466161 35466166 31
35466170 35466175 43
35466176 35466180 10
35466181 35466185 3
35466186 35466191 100
35466198 35466203 64
34290349 34290352 65
35466207 35466209 14
35466221 35466223 38
35466224 35466225 76
35466232 35466235 44
35466243 35466247 20
35466257 35466261 30
30804890 30804895 19
35466262 35466264 67
35466277 35466280 84
2912910 3454348 81
13345715 13345739 9
35466291 35466293 82
35466296 35466299 9
35466300 35466302 86
35466309 35466311 82
35466333 35466336 38
35466337 35466340 52
35466342 35466345 91
35466348 35466351 58
35466369 35466371 48
35466374 35466377 35
35466394 35466397 56
35466414 35466418 66
35466431 35466434 9
35466437 35466440 90
35466444 35466446 33
35466460 35466463 18
35476089 35476091 68
35476136 35476138 75
35476142 35476146 74
35476147 35476151 12
35476200 35476203 52
35476204 35476206 68
35476207 35476211 84
35476251 35476254 77
35476255 1962427 60
35476257 35476259 46
35476296 35476300 64
35476301 35476304 16
35476313 35476317 15
35476321 35476330 38
35476334 35476337 76
35476347 35476350 21
35476351 35476356 79
35476359 35476364 10
35476365 35476368 47
35476399 35476401 85
35476473 35476479 45
15725829 15725838 8
35476487 35476490 24
35476495 35476497 57
35476586 35476589 20
35476590 35476591 47
35476601 35476602 73
35476603 35476605 29
35476616 35476619 12
35476620 35476622 42
35476645 35476648 79
35476651 35476653 57
35476654 35476656 70
35476657 35476659 100
35476660 35476663 26
35476664 35476665 85
35476695 35476698 9
35476699 35476701 5
35476713 35476716 91
35476721 35476725 11
35476731 35476732 47
35476753 35476755 19
35476836 35476838 40
35476839 35476841 67
35476846 35476849 63
35476866 35476869 16
35476870 35476873 84
35476875 35476876 53
35476877 35476880 39
35476887 35476890 43
30771385 30771393 87
35476900 35476906 6
35476912 35476917 77
35476949 35476951 77
35476952 35476957 9
986351 1833155 10
755466 1537457 77
35477102 35477104 89
35477134 35477136 17
35477171 35477173 95
35477174 35477178 72
35477241 35477243 12
15084636 15084642 90
35477440 35477443 91
35477444 35477445 45
35477534 35477538 49
35477609 35477611 54
35477666 35477668 100
35477735 35477740 29
35477789 35477793 82
35477961 35477965 45
35478029 35478031 51
35478043 35478046 36
35478153 35478158 49
35478177 35478179 37
35478185 35478187 90
35478245 35478248 36
15098793 15098810 91
35478283 35478285 42
35478294 35478296 55
29050695 29050702 40
35478302 35478305 27
35478306 35478310 54
30420454 30420460 13
35478315 35478318 19
14303253 14303262 24
35787271 35787274 77
35787345 35787350 72
35787557 35787563 96
35787811 35787815 72
35788401 35788404 77
15724376 15724386 41
35788331 35788337 15
35788551 35788554 41
35788637 35788640 43
35789122 35789125 90
35790152 35790156 87
35790284 35790288 89
35790901 35790904 72
22134327 22134336 61
35792079 35792082 15
35792682 35792686 23
35793187 35793191 8
2122996 2870792 100
7401475 7401554 62
35794292 35794299 85
35794789 35794792 80
35794973 35794977 3
35795342 35795347 81
33024338 33024347 71
35797149 35797155 57
35797158 35797161 90
954363 1785064 52
35800069 35800073 27
35800841 35800844 52
35801489 35801493 93
35802002 35802005 58
35802103 35802106 14
35802235 35802238 95
35802393 35802399 56
35802869 35802872 23
35802888 35802892 85
35803518 35803521 14
35805826 35805831 83
35805988 35805992 88
1611330 2461376 22
35807065 35807068 27
35807364 35807367 79
35807586 35807589 56
35807663 35807667 51
35807972 35807976 83
35808041 35808043 100
35808087 35808092 16
35808957 35808961 51
35810024 35810027 96
35810157 35810161 12
1704426 2535309 45
35810941 35810944 61
35811039 35811042 18
35811459 35811462 53
35813245 35813248 90
35813331 35813334 39
35815940 35815943 3
35816302 35816307 28
35816622 35816627 41
35817229 35817232 60
35817314 35817318 80
35817341 35817344 24
35817957 35817960 64
35818043 35818048 73
35818927 35818932 23
35819056 35819059 37
35819208 35819211 32
1556075 2416377 20
35820413 35820416 3
35821783 35821785 66
35821924 35821930 43
35822306 35822310 33
35823549 35823552 71
35823723 35823726 30
3247607 3692563 64
35824063 35824066 55
1515574 2376169 87
35824663 35824665 84
35824963 35824966 44
35825802 35825805 72
35825817 35825820 29
35826656 35826659 41
35827331 35827339 1
35827677 35827681 45
35827964 35827967 75
15110855 15110861 22
35831011 35831014 60
35831191 35831194 60
35831859 35831862 21
35832193 35832197 82
35832379 35832383 57
35832585 35832589 36
28307515 28307524 4
13482563 13482570 74
35833221 35833224 9
35833261 35833265 75
35833398 35833402 80
15731745 15731754 64
36268008 36268010 41
36268516 36268518 94
36269975 36269978 29
36271216 36271218 47
36272806 36272809 23
36274530 36274531 59
36275602 36275603 66
36275882 36275884 12
36276510 36276513 90
36276584 36276586 59
36278613 36278615 77
36286014 36286017 22
36286393 36286394 19
36286680 36286683 27
36291653 36291654 69
36292815 36292818 9
36293656 36293658 18
36293681 36293683 16
36274463 36274468 90
36294251 36294254 74
36296457 36296459 95
36297996 36297998 60
36298150 36298153 78
36303973 36303977 30
36310092 36310093 3
36311742 36311743 4
36312544 36312546 12
36313517 36313519 47
36314917 36314919 23
36315474 36315476 79
36318144 36318147 14
36318600 36318602 19
36319194 36319197 74
36319686 36319687 54
32839917 32839920 21
32839912 32839916 32
36319975 36319977 20
36320257 36320259 43
36320284 36320289 43
36323306 36323308 73
13377929 13377955 46
36328779 36328782 84
36329818 36329819 15
36330057 36330058 9
36330194 36330197 18
36330548 36330550 86
36331482 36331484 72
32991360 32991362 59
36333517 36333520 46
35424521 35424524 6
36339798 36339800 30
36340844 36340848 11
36340892 36340895 50
36342899 36342901 19
36347862 36347864 39
36350283 36350285 32
36350795 36350796 56
36350924 36350926 4
36353269 36353272 17
36355374 36355376 39
36357697 36357698 66
36358097 36358099 41
36358101 36358103 36
36358721 36358723 19
36359265 36359268 10
36359603 36359605 61
36361596 36361599 82
36362028 36362030 74
36362288 36362291 90
36363115 36363118 74
36364621 36364623 76
36364838 36364841 29
36365839 36365842 23
36366677 36366678 79
36366720 36366722 10
36366929 36366932 29
36367772 36367776 97
36368353 36368356 31
36371083 36371085 82
30748635 30748641 24
36371172 36371174 50
36371175 36371177 81
36371294 36371296 100
36373385 36373386 61
36374923 36374926 82
36375826 36375828 18
36375916 36375918 65
36377633 36377635 51
15693223 15693233 54
36379560 36379564 30
36383335 36383336 57
36383859 36383862 56
36384161 36384163 30
35437101 35437106 42
36385196 36385198 22
36388984 36388986 42
36382833 36382838 71
36396461 36396462 43
36396700 36396703 9
36397236 36397239 19
36398522 36398525 87
36399127 36399128 36
36399610 36399613 4
36400894 36400898 22
36401106 36401108 59
36401669 36401672 53
36408351 36408354 4
36408435 36408437 37
35544135 35544140 91
36414858 36414861 22
36420569 36420570 89
36426200 36426204 3
36426669 36426672 10
36426792 36426795 3
36429075 36429077 23
36429717 36429719 3
31902686 31902695 87
36431359 36431361 54
36431998 36432001 1
1835313 2641376 77
36434663 36434665 19
36435168 36435171 67
113988 371064 1
36436357 36436358 70
36437354 36437356 15
36437597 36437600 47
36437653 36437655 17
36439838 36439840 80
36440474 36440477 68
22252637 22252639 10
36441599 36441600 58
36441871 36441874 2
36442388 36442390 12
36442446 36442450 17
37151412 37151413 67
37151412 37151414 38
43818770 43818772 96
45171281 45171284 83
45179561 45179563 63
46507852 46507854 15
46509328 46509330 40
46509630 46509632 12
46509638 46509640 85
46509806 46509808 13
47781433 47781435 45
47782259 47782261 95
44932433 44932435 9
51500125 51500127 31
51503168 51503170 12
51514756 51514757 33
51518960 51518962 17
51583986 51583988 33
51587242 51587244 51
51610726 51610728 99
51627755 51627757 13
51651588 51651590 69
51667097 51667099 60
51676429 51676431 12
51692921 51692923 89
51730045 51730047 9
51742444 51742446 29
51751304 51751307 64
51752255 51752257 54
51756728 51756730 49
51762961 51762963 61
51815550 51815551 100
51815552 51815553 91
51815552 51815554 52
51815555 51815556 32
51815555 51815557 38
51815558 51815559 91
51815560 51815561 89
51815562 51815563 72
51815564 51815565 83
51815566 51815567 99
51815568 51815569 64
51815570 51815571 85
51815572 51815573 73
51815574 51815575 49
51815576 51815577 42
51815578 51815579 92
51815580 51815581 63
51815582 51815583 19
51815584 51815585 88
