5008781 5008790 77
5017052 5017055 27
5025329 5025332 3
5029309 5029312 17
6924431 6924458 35
7933992 7933997 22
244 1721 24
6332398 6332439 86
9913606 9913612 89
360016 959075 57
959187 1794055 1
9965456 9965463 42
295200 816446 90
3325985 3745057 47
9970551 9970563 74
2458827 3137187 40
5276460 5276494 88
10007275 10007280 85
930329 1750735 9
10033656 10033664 95
161866 510445 63
388313 999253 92
7990730 7990774 84
2397068 3088702 81
10856263 10856281 78
1325 16769 63
11470672 11470678 57
8787500 8787517 47
11606161 11606164 43
2918861 3458262 68
16348 83799 9
582913 1300882 28
5367110 5367138 37
11608842 11608848 84
11608948 11608951 91
1100894 1971433 18
7593606 7593631 82
11619623 11619626 46
8300087 8300100 82
426740 1070518 70
5279630 5279648 99
1814612 2625454 69
2635764 3259677 5
7021705 7021724 77
5492495 5492516 91
3211980 3666843 76
592875 1327508 72
11686162 11686165 78
11688634 11688640 19
839228 1650290 63
15923 82118 61
11749536 11749539 95
583044 1301048 74
11754709 11754720 89
11334636 11334659 70
2188263 2927280 51
329338 892871 44
802464 1594669 57
934317 1759565 18
11814068 11814071 27
214672 653264 64
589858 1322390 42
498512 1184773 76
99227 328695 38
8671224 8671238 91
802200 1594249 14
10592659 10592668 7
21271 118675 24
120048 383497 58
12164491 12164494 60
12168920 12168923 76
12196791 12196796 14
1571806 2430683 63
2187053 2924622 39
430150 1074534 25
12226302 12226305 39
12226815 12226818 97
3118685 3597979 36
10829796 10829814 34
12227202 12227205 5
12228284 12228288 56
9082279 9082296 84
9840060 9840083 41
12246602 12246611 57
394 3226 55
923108 1731821 100
12365475 12365477 75
12551247 12551252 9
5009712 5009723 69
121469 398842 32
11729247 11729253 7
2924102 3462443 87
13146995 13146998 64
13158331 13158333 12
13159254 13159257 19
13159931 13159934 81
2355081 3052442 95
4297095 4379865 34
19836 112308 39
5915606 5915614 98
13229364 13229367 70
13232787 13232789 74
512590 1207899 55
2816115 3383798 5
189293 582139 44
161897 510810 25
4288768 4374342 63
7182690 7182695 25
649977 1391619 94
373121 975488 14
96525 324202 88
13277116 13277121 71
13321975 13321978 3
825845 1634478 84
13401013 13401016 94
315801 852935 55
2610499 3241125 46
13426938 13426940 90
1953 21350 79
2985360 3501790 93
929312 1748549 2
13449071 13449073 11
13449149 13449153 73
1668 20065 12
13449528 13449534 64
13451089 13451095 95
4950727 4950737 50
13451856 13451860 99
4305045 4385890 19
13454584 13454588 99
6927019 6927042 90
2273939 2994557 35
13456974 13456977 82
9537664 9537682 52
656717 1399091 66
13459275 13459280 35
5007296 5007304 8
436902 1084561 52
13460618 13460621 79
13461227 13461233 16
81695 283334 23
86323 294799 35
13463023 13463028 47
590017 1322748 79
13470318 13470323 5
2132454 2879379 58
13472663 13472670 23
11669760 11669766 88
793919 1583721 26
11100347 11100373 54
3235778 3684407 17
50619 214646 47
13525670 13525679 88
13601735 13601738 50
14292984 14292988 30
3257700 3699798 86
14295382 14295390 95
151585 478428 91
14297592 14297594 91
17034 87928 32
14301185 14301187 32
586880 1318398 91
1100896 1971468 21
14302390 14302397 26
3998204 4182370 60
2483849 3157854 4
48724 207833 94
14304133 14304135 1
14306086 14306088 70
14231362 14231367 52
14322518 14322521 47
3206220 3662837 55
14326926 14326932 36
11029240 11029245 24
1003348 1854092 31
5028249 5028260 69
14336628 14336630 23
4202983 4318247 4
14369419 14369423 88
14372437 14372439 94
14384354 14384357 30
10556011 10556017 25
7277355 7277378 17
14476794 14476796 96
13817767 13817773 63
14479374 14479376 76
14481672 14481674 22
96532 324459 2
14513835 14513837 90
14540353 14540356 14
9613053 9613070 43
14550682 14550684 61
9618392 9618408 62
14581283 14581288 80
14598763 14598765 10
298319 822242 45
14621612 14621614 71
1946280 2719982 93
14681061 14681063 98
14684028 14684033 41
13716820 13716828 82
14686670 14686673 82
4961996 4962003 41
14202971 14203017 76
14700798 14700802 13
14714220 14714222 11
14746253 14746255 97
14755260 14755265 6
14758601 14758603 83
14891714 14891716 97
14909217 14909219 45
14940072 14940074 20
14944784 14944786 63
14959569 14959571 59
11621688 11621698 31
290451 808686 34
15004349 15004351 47
978340 1821921 77
15096025 15096028 46
15099234 15099236 93
15101879 15101881 53
15111528 15111530 51
15152539 15152541 84
10981485 10981499 16
15171538 15171540 29
22711 123886 44
15200603 15200605 31
1674 20126 6
923112 1731856 45
3247577 3692475 90
1675664 2513016 7
2182929 2920780 37
338936 929304 30
399345 1009570 45
12157242 12157246 29
2571835 3211523 93
13637579 13637593 31
15322062 15322065 51
252694 745293 3
9207708 9207714 36
5789720 5789742 82
15327233 15327236 74
15327375 15327378 75
251642 743820 17
13553095 13553101 81
6513799 6513824 22
11260151 11260167 17
15357687 15357690 75
15358693 15358696 62
15364154 15364158 34
15367193 15367196 42
15367263 15367266 76
589253 1321600 84
4906269 4906293 43
15384873 15384877 28
15385055 15385060 94
15396526 15396529 43
15433871 15433873 13
5027934 5027953 13
14556731 14556746 92
15444683 15444687 44
15445556 15445559 63
8007017 8007054 56
15476827 15476830 28
15483488 15483492 3
162135 511573 66
15502119 15502121 61
10911743 10911749 84
933149 1757923 100
15603473 15603475 58
9813935 9813939 94
13819566 13819574 23
558256 1280965 22
14766160 14766168 66
15627625 15627628 26
15630628 15630630 30
15634359 15634361 23
11227250 11227255 74
5611108 5611111 41
9281061 9281089 91
15654724 15654726 4
8277286 8277307 34
15675625 15675627 94
1833886 2640401 43
15675631 15675633 30
9452316 9452322 17
15675648 15675650 66
15675678 15675680 19
15675713 15675715 61
15675741 15675745 2
590494 1323027 73
15675769 15675771 4
15675780 15675782 38
15675791 15675793 39
15675803 15675805 42
15675809 15675811 63
15675816 15675818 91
15675838 15675842 8
15675860 15675863 20
15676005 15676007 81
15676011 15676013 39
14393959 14393963 87
15676037 15676039 54
15676046 15676048 100
15676052 15676054 37
15676058 15676060 7
15676064 15676066 43
15676077 15676079 57
15676083 15676085 82
15676104 15676107 56
15676113 15676115 64
15676124 15676126 11
15676130 15676133 64
2582133 3220312 22
10773881 10773886 5
15676237 15676239 8
15676253 15676255 7
15676274 15676276 92
15676285 15676287 59
15676297 15676299 56
15676313 15676315 54
15676319 15676321 19
15676325 15676327 59
15676331 15676333 97
15676342 15676344 88
15676358 15676360 10
15676374 15676377 70
15676415 15676418 11
15676459 15676463 82
15676492 15676494 54
15676492 15676495 33
15676529 15676531 33
15676602 15676604 82
15676613 15676615 71
15676619 15676621 32
15676630 15676632 42
15676651 15676653 64
15676682 15676684 69
15676701 15676703 55
15676707 15676709 84
15676719 15676721 1
15676753 15676755 52
15676772 15676776 80
15676820 15676822 14
15676852 15676854 79
15676876 15676878 37
15676886 15676888 49
15676897 15676899 28
15676935 15676937 65
15676946 15676948 100
15676952 15676954 67
15676980 15676982 72
15677006 15677008 3
15677035 15677038 74
1917734 2694493 57
15677053 15677055 11
15677059 15677061 47
15677226 15677228 75
15677279 15677281 28
15677357 15677359 21
15677391 15677393 93
15677482 15677484 17
15677584 15677587 29
15677630 15677632 5
15677651 15677653 65
15677679 15677682 96
15677692 15677694 9
15677701 15677703 78
15677707 15677709 57
15677719 15677721 16
15677738 15677740 97
15677759 15677761 54
15677775 15677777 91
15677796 15677798 38
15677845 15677847 76
15677869 15677871 68
15677875 15677877 75
15677882 15677884 4
15677929 15677931 44
15677940 15677942 51
15677956 15677958 62
15677987 15677989 48
15678001 15678003 66
15678001 15678004 85
15678008 15678010 9
15678075 15678077 57
15678081 15678083 18
15678092 15678094 24
15678098 15678100 39
15678104 15678106 75
15678120 15678122 46
15678126 15678128 14
15678200 15678202 98
15678205 15678207 63
15678211 15678213 29
15678231 15678233 13
15678242 15678244 36
15678253 15678255 63
15678259 15678261 75
15678285 15678287 60
15678291 15678293 85
15678332 15678334 63
15678349 15678351 17
15678367 15678369 2
15678373 15678375 45
15678388 15678390 74
15678456 15678458 41
2600742 3234475 75
15678505 15678507 73
15678524 15678526 95
15678535 15678537 48
15678543 15678545 13
15678549 15678551 31
15678579 15678581 5
15678611 15678613 44
15678627 15678629 18
15678632 15678634 58
15678638 15678640 16
15678733 15678735 76
15678739 15678741 5
15678886 15678888 24
15678892 15678894 36
15678918 15678920 86
15678929 15678931 51
15678960 15678962 37
15678981 15678983 77
15678985 15678987 16
15678997 15678999 27
15679021 15679023 49
440549 1088178 90
15679027 15679029 36
15679085 15679087 95
15679096 15679098 73
15679102 15679104 33
15679116 15679118 85
15679145 15679147 72
15679161 15679163 94
15679167 15679169 54
15679178 15679180 23
15679200 15679202 84
15679206 15679208 18
15679212 15679214 91
15679243 15679245 62
15679274 15679276 1
15679298 15679300 49
15679312 15679314 17
15679323 15679325 36
15679348 15679350 6
15679354 15679356 65
15679439 15679441 53
15679475 15679477 11
15679504 15679506 47
15679510 15679512 90
15679531 15679533 93
15679561 15679563 79
15679586 15679588 4
15679597 15679599 36
15679678 15679680 26
440551 1088187 12
15679713 15679715 58
15679749 15679751 25
15679759 15679761 27
15679785 15679787 57
15679815 15679817 43
15679821 15679823 4
15679832 15679834 1
15680061 15680063 46
15680072 15680077 92
15680083 15680085 22
15680095 15680097 40
15680127 15680129 40
15680169 15680171 51
15680186 15680188 75
15680212 15680214 4
15680220 15680222 99
15680250 15680252 78
13842109 13842112 50
15680272 15680274 34
15680283 15680285 80
15680297 15680299 86
15680303 15680305 93
15680319 15680321 53
15680325 15680327 56
15680346 15680348 22
15680374 15680376 11
15680385 15680387 12
15680396 15680398 29
15680426 15680428 51
15680426 15680429 41
15680444 15680446 84
15680465 15680467 45
15680530 15680532 25
15680541 15680543 13
15680557 15680559 43
15680568 15680570 55
15680599 15680601 1
5773169 5773182 86
15680652 15680654 70
15680678 15680680 10
15680740 15680742 65
15680746 15680748 41
15680752 15680754 63
15680766 15680768 95
15680803 15680805 94
15680837 15680839 80
15680843 15680845 8
15680849 15680851 3
440557 1088212 66
15680959 15680961 92
15680985 15680987 26
15680991 15680993 70
15681002 15681004 48
15681026 15681028 66
15681069 15681071 75
15681102 15681104 68
15681128 15681130 31
15681149 15681151 41
15681187 15681189 96
15681203 15681205 93
15681243 15681245 66
15681253 15681255 91
15681304 15681306 62
15681315 15681317 12
15681321 15681323 58
15681372 15681374 47
15681403 15681405 20
15681422 15681424 3
15681466 15681468 88
15681497 15681499 78
15681513 15681515 82
15681534 15681536 85
15681581 15681583 25
440564 1088240 36
15681607 15681609 93
15681626 15681628 36
15681632 15681634 52
15681650 15681652 38
15681681 15681683 66
15681718 15681720 4
15681737 15681739 74
15681748 15681750 4
15681754 15681756 39
15681782 15681784 38
15681796 15681798 92
15681820 15681822 60
15681834 15681836 90
15681863 15681865 13
15681878 15681880 50
15681971 15681973 1
15682000 15682002 18
15682012 15682014 50
15682041 15682043 62
15682055 15682057 69
15682132 15682134 49
15682173 15682175 92
15682184 15682186 6
15682213 15682215 73
13817971 13817976 56
15682219 15682221 60
15682236 15682238 16
15682245 15682247 4
15682251 15682253 94
15682281 15682283 42
15682297 15682299 51
15682321 15682323 96
15682332 15682334 7
15682338 15682340 91
15682390 15682392 6
15682401 15682403 59
15682412 15682414 95
15682418 15682420 92
15682424 15682426 64
15682438 15682440 78
15682459 15682461 9
15682481 15682483 71
15682495 15682497 78
15682506 15682508 48
15682516 15682518 75
15682529 15682531 77
15682545 15682547 46
15682615 15682617 84
15682656 15682658 27
15682717 15682719 50
1820726 2630809 6
15683166 15683168 100
440569 1088261 16
440571 1088270 15
15684174 15684176 20
15684314 15684316 46
3071264 3562388 33
825689 1634294 90
15684538 15684540 78
13581106 13581110 32
15684570 15684572 56
15684636 15684638 87
15684643 15684645 75
15684667 15684669 69
15684681 15684683 16
15684689 15684691 31
8954177 8954184 68
15684721 15684723 46
5494924 5495174 62
15684779 15684781 58
15684790 15684792 3
15684808 15684810 21
742664 1514296 2
15684878 15684880 36
15684884 15684886 72
15684920 15684922 56
15684966 15684968 50
15684983 15684985 18
15685012 15685014 83
15685042 15685044 40
15685057 15685059 77
15685102 15685104 58
15685149 15685151 29
15685165 15685167 49
15685173 15685175 40
15685253 15685255 5
15685259 15685261 73
1810370 2621837 3
15685316 15685318 97
15685337 15685339 11
15685343 15685345 100
15685409 15685411 17
11499877 11499882 98
15685528 15685530 9
15685557 15685559 30
15685586 15685588 43
15685609 15685611 95
15685620 15685622 14
588869 1321206 33
15685650 15685652 31
15685656 15685658 11
15685666 15685668 32
15685682 15685684 25
15685706 15685708 55
1358439 2233008 75
15685727 15685729 56
15685739 15685741 21
15685745 15685747 67
15685781 15685783 95
15685792 15685794 70
15685816 15685818 32
15685847 15685849 14
15685863 15685865 7
15685882 15685884 87
15685899 15685901 87
15685951 15685953 97
15685987 15685989 5
9921676 9921693 97
15686013 15686015 82
15686030 15686032 77
15686226 15686228 52
15686253 15686255 19
15686274 15686276 66
15686295 15686297 49
13163826 13163841 65
15686317 15686319 58
15686330 15686332 94
15686356 15686358 82
15686425 15686427 16
15686488 15686490 52
15686494 15686496 95
120043 383444 78
15686544 15686546 97
589502 1322016 79
15686660 15686662 74
15686671 15686673 70
14575462 14575466 16
15686891 15686893 77
15686897 15686899 19
15686979 15686981 53
15687082 15687084 13
15687249 15687251 40
15687407 15687409 6
15687436 15687438 29
15687520 15687522 1
15687541 15687543 71
15687559 15687561 77
15687641 15687643 26
15687717 15687719 94
15687761 15687763 48
15687811 15687813 34
15687828 15687830 30
15687869 15687871 50
15687924 15687926 67
15687935 15687937 75
15688210 15688212 98
15688227 15688229 57
15688243 15688245 82
15688249 15688251 29
15688263 15688265 37
15688274 15688276 80
15688619 15688621 85
15688689 15688691 98
15688875 15688877 62
15689048 15689050 79
15689371 15689373 54
15689387 15689389 93
15689564 15689566 53
15689642 15689644 19
15689652 15689654 19
15690044 15690046 37
15690136 15690138 89
15690252 15690254 98
15690304 15690306 1
8287029 8287034 42
15690391 15690393 65
15690578 15690580 15
14764787 14764792 86
15690682 15690684 40
15690723 15690725 27
15690759 15690761 29
15691067 15691069 3
15691073 15691075 52
15691157 15691159 3
15691163 15691165 9
15691284 15691286 97
15691290 15691292 40
15691407 15691409 10
14338849 14338865 54
15691676 15691678 20
15691843 15691845 45
15691901 15691903 54
15692016 15692018 56
15692068 15692070 14
15692110 15692112 70
15692121 15692123 52
15692345 15692347 43
15692450 15692452 59
15692646 15692648 26
15692725 15692727 6
15692880 15692882 67
11693267 11693269 46
15693780 15693782 32
15693801 15693803 30
15693827 15693829 11
15693833 15693835 21
15693849 15693851 89
15693923 15693925 97
590143 1322887 70
15694103 15694105 27
15694143 15694145 94
15694149 15694151 44
15694249 15694251 83
15694268 15694270 74
15694285 15694287 68
14203434 14203436 52
15694509 15694512 89
15694665 15694667 93
15694694 15694696 16
15694972 15694974 76
15694981 15694983 43
15695007 15695009 89
15695013 15695015 61
15695019 15695021 26
15695066 15695068 33
15695082 15695084 68
15695192 15695194 19
15695210 15695212 87
15695244 15695246 67
15695297 15695299 44
15695364 15695366 78
15695446 15695448 74
15695476 15695478 93
15695482 15695484 54
15695508 15695510 21
15695696 15695698 8
15695877 15695879 50
15696375 15696377 71
15696587 15696589 10
15696757 15696759 1
15696893 15696895 61
15696905 15696907 84
15697177 15697179 42
15697436 15697438 99
15697477 15697479 74
15697560 15697562 1
15697685 15697687 94
15697964 15697966 86
15698121 15698123 1
15698258 15698260 85
15698356 15698358 68
15698992 15698994 40
15699095 15699098 23
251806 744121 50
15699736 15699738 86
15700239 15700241 63
15700308 15700310 54
15700325 15700327 87
15701108 15701110 24
15701332 15701335 85
15704170 15704172 63
15708936 15708938 81
15710428 15710430 78
1765902 2582311 36
1097127 1963114 83
2156844 2898311 34
15726986 15726989 49
15727062 15727065 89
15727346 15727349 89
15727633 15727636 91
15728367 15728370 30
15728414 15728417 67
15728776 15728779 50
10559281 10559288 9
15731148 15731151 91
7628804 7628819 48
15732983 15732985 60
13688806 13688812 43
15733536 15733539 39
3247599 3692529 80
14943723 14943736 95
15735953 15735956 89
2733577 3323449 44
15736154 15736157 19
15736358 15736361 41
14562903 14562908 47
21610576 21610579 89
21610667 21610670 89
21611218 21611221 79
21633127 21633129 99
9899666 9899719 46
21666116 21666118 86
21726150 21726152 87
21858893 21858895 40
21917352 21917354 60
21949407 21949409 21
24345081 24345083 52
25395721 25395726 52
28301801 28301803 21
3598012 3924982 62
28313706 28313707 39
28314528 28314529 27
28315675 28315676 93
28316841 28316842 95
16927 87350 41
11028910 11028914 74
5028304 5028313 68
28360945 28360946 92
28366804 28366805 71
28366965 28366966 20
290078 808221 95
28378230 28378232 83
28382723 28382725 68
28387570 28387571 21
28387901 28387902 5
201765 605124 32
9550062 9550080 98
74641 268774 75
4438406 4480508 80
777809 1564217 81
28401396 28401398 78
218601 670453 66
140643 440851 97
28401633 28401635 77
28401704 28401705 8
696635 1452210 85
9460214 9460216 90
115875 373129 53
28408935 28408936 6
114827 371078 89
28728408 28728409 58
28728776 28728778 97
28729215 28729219 18
2720017 3311808 84
28730554 28730556 44
28730933 28730935 78
28731036 28731037 13
29029137 29029138 51
378228 982691 35
29051091 29051093 87
30231428 30231429 60
322914 874249 22
9554349 9554356 11
30312911 30312914 74
1523380 2380795 57
15506053 15506056 54
7788041 7788048 51
28729224 28729227 37
9089580 9089590 84
30335212 30335216 26
20837 117250 78
3925078 4132929 62
9089581 9089593 43
28728224 28728227 71
30348106 30348107 20
28359696 28359701 20
11117394 11117410 25
9819193 9819206 66
30351935 30351957 74
15636328 15636330 87
581151 1298550 14
12145033 12145036 51
30359054 30359058 8
30362388 30362389 10
30370524 30370526 56
173638 536517 13
9884923 9884929 1
28427107 28427108 83
10900923 10900926 65
14670490 14670497 11
8678251 8678254 100
9239123 9239136 53
537043 1255993 71
3114140 3594644 100
13192396 13192401 35
15075932 15075937 15
28555936 28555991 96
9347139 9347154 50
5200003 5200010 22
30384057 30384059 29
11918424 11918426 21
9078352 9078363 15
30309682 30309684 62
592759 1327405 63
30345193 30345196 14
30392256 30392259 22
9487081 9487087 17
3980236 4168877 18
30298830 30298839 67
24350255 24350258 4
8959653 8959657 67
12326872 12326886 70
10009467 10009477 21
8302949 8302957 1
30396733 30396734 57
84524 290372 13
30500427 4152938 26
30746499 30746500 55
28304187 28304188 90
2365597 3060506 22
30757395 30757396 100
30757476 30757477 73
30758413 30758414 90
30758478 30758479 100
30758910 30758911 40
30759172 30759173 15
30759303 30759305 18
30759484 30759485 82
30759667 30759668 43
30759948 30759949 20
30759997 30759999 82
30760263 30760264 95
30760577 30760578 36
14294592 14294594 47
30760946 30760947 7
30761081 30761083 62
30761175 30761176 76
30761505 30761506 17
30761883 30761884 72
30761933 30761934 62
30762346 30762347 2
30762540 30762541 44
282886 793579 87
30763099 30763100 58
30763279 30763280 46
9653066 9653076 45
30764289 30764292 84
30765102 30765103 31
30765229 30765230 72
30765379 30765381 35
30765687 30765688 41
30765690 30765691 83
30765834 30765835 3
30356598 30356603 44
30765861 30765863 99
30765943 30765944 93
30296688 30296689 52
9275387 9275397 100
30767960 30767961 91
30768246 30768247 20
978478 1822024 46
9304115 9304120 69
30769893 30769894 76
30770055 30770056 99
30770208 30770209 90
30770395 30770396 72
30770463 30770464 13
30770754 30770755 90
30770772 30770773 40
12266419 12266437 41
30771048 30771049 8
16764 86484 60
30771592 30771593 4
30771696 30771697 15
30771918 30771919 77
16765 86490 90
1917715 2694478 85
30774520 30774521 11
30774820 30774821 96
30775448 30775449 93
30775558 30775559 60
30775743 30775745 7
30776121 30776122 2
28825650 28825655 9
30776164 30776165 79
1724364 2560756 26
30776239 30776241 2
30776292 30776294 97
30776425 30776428 13
30776440 30776441 2
30776638 30776639 44
30777008 30777009 1
14451944 14451948 84
30777124 30777125 1
5032111 5032130 20
30777150 30777151 54
30777704 30777706 49
30778117 30778119 96
30778230 30778231 69
30778259 30778261 23
30778743 30778744 63
831949 1642386 37
30778917 30778919 67
3286972 3719175 91
30779098 30779100 58
1399090 2274027 67
30779699 30779700 2
1624697 2472468 94
30780144 30780146 4
30780442 30780443 64
12167032 12167042 26
30780811 30780813 76
30780847 30780848 79
30781481 30781482 14
30781503 30781505 34
30781610 30781612 23
8573342 8573348 18
30782200 30782201 33
30782388 30782389 76
30782568 30782570 30
30782625 30782627 4
30782907 30782909 92
30783079 30783081 56
9925788 9925809 53
30783747 30783749 64
30783858 30783860 50
30783939 30783941 74
30783975 30783976 88
30784008 30784009 37
30784102 30784104 19
30784125 30784127 49
30784731 30784733 21
30784907 30784908 38
14047210 14047213 35
30785240 30785241 83
30785524 30785525 93
30785528 30785529 91
30785584 30785586 72
30785678 30785680 93
30785685 30785687 74
30785804 30785805 82
30785879 30785880 67
30786004 30786006 32
30786035 30786036 11
30786251 30786252 19
30786394 30786395 58
977925 1821532 94
30786905 30786906 83
30787169 30787171 18
30881831 30881832 79
15179855 15179859 95
30882385 30882386 72
30882390 30882391 35
14964927 14964934 21
30882752 30882753 49
30883061 30883062 43
30883070 30883071 22
30883776 30883777 46
30883785 30883786 61
30883820 30883821 31
30884119 30884120 33
30884268 30884270 39
30884345 30884346 70
13598945 13598950 90
30884573 30884575 18
30884826 30884827 25
31069875 31069877 7
31252583 31252585 51
31760957 31760958 35
31761229 31761230 9
31761234 31761235 8
2304661 3015883 85
31761610 31761611 43
31763251 31763252 69
31763302 31763303 15
31765601 31765602 32
31765785 31765786 83
31766934 31766935 6
31772281 31772283 21
31773078 31773079 81
13622542 13622546 83
31853314 31853317 32
10570749 10570752 6
1066450 1929573 71
31864899 31864901 45
10587862 10587866 59
13860943 13860945 58
13621511 13621517 16
10558895 10558900 15
8883229 8883230 4
31891042 31891044 58
13819774 13819778 53
32682173 32682174 78
32775147 32775149 1
32775170 32775172 82
4924519 4924525 96
30234521 30234524 58
9231500 9231540 76
30493773 30493777 8
4921574 4921600 97
2397130 3088738 72
11313226 11313234 16
32831786 32831787 87
3456092 3831808 95
32834975 32834978 73
32835055 32835057 76
14646886 14646889 45
14875125 14875127 25
32839446 32839450 74
32839980 32839983 2
32842475 32842479 39
32843457 32843458 85
32848659 32848662 59
32854587 32854588 29
6282144 6282150 83
32953672 32953673 28
32953676 32953677 45
32953679 32953680 52
32953683 32953684 91
32953687 32953688 19
32953690 32953691 40
32953694 32953695 10
32953698 32953699 96
32953700 32953701 40
32953704 32953705 99
32953708 32953709 97
32953712 32953713 16
32953716 32953717 7
32953718 32953719 40
32953723 32953724 59
32953725 32953726 92
32953729 32953730 10
32953735 32953736 63
440577 1088292 89
32953742 32953743 66
32953746 32953747 43
32953750 32953751 19
32953752 32953753 89
32953756 32953757 53
32953758 32953759 69
32953762 32953763 69
32953765 32953766 28
1695344 2529037 50
32953769 32953770 79
32953773 32953774 85
32953776 32953777 77
32953779 32953780 27
32953781 32953782 95
32953783 32953784 70
32953787 32953788 34
32953790 32953791 23
32953794 32953795 2
32953799 32953800 15
32953804 32953805 1
32953809 32953810 98
32953811 32953812 95
6123107 6123149 71
32953816 32953817 78
32953820 32953821 44
32953824 32953825 37
32953828 32953829 46
32953832 32953833 39
32953836 32953837 97
32953841 32953842 36
32953845 32953846 26
32953850 32953851 57
32953855 32953856 2
32953863 32953864 100
32953867 32953868 82
32953871 32953872 88
32953876 32953877 95
32953880 32953881 37
32953884 32953885 71
32953888 32953889 59
32953891 32953892 100
32953895 32953896 85
32953898 32953899 85
32953900 32953901 53
32953905 32953906 74
32953909 32953910 41
32953913 32953914 10
32953916 32953917 53
32953919 32953920 20
32953924 32953925 50
32953928 32953929 94
32953930 32953931 66
32953933 32953934 33
32953937 32953938 94
32953941 32953942 43
32953943 32953944 60
32953947 32953948 68
32953950 32953951 88
32953953 32953954 47
32953957 32953958 92
32953962 32953963 90
32953966 32953967 47
32953969 32953970 31
32953973 32953974 100
32953977 32953978 39
32953979 32953980 36
32953984 32953985 30
32953986 32953987 76
32953988 32953989 16
32953992 32953993 45
32953996 32953997 42
32954000 32954001 65
32954003 32954004 100
32954006 32954007 24
32954010 32954011 29
32954014 32954015 14
32954019 32954020 89
32954022 32954023 20
32954025 32954026 5
32954029 32954030 18
32954033 32954034 45
32954037 32954038 53
368288 966887 4
32954041 32954042 63
32954043 32954044 49
32954047 32954048 5
32954051 32954052 76
32954054 32954055 10
32954057 32954058 50
32954061 32954062 74
32954063 32954064 66
32954066 32954067 65
32954068 32954069 65
32954072 32954073 38
32954076 32954077 10
32954080 32954081 64
6123108 6123153 1
32954083 32954084 27
32954088 32954089 39
32954092 32954093 98
32954096 32954097 71
32954099 32954100 38
32954103 32954104 15
32954107 32954104 47
32954109 32954110 33
32954112 32954113 90
32954116 32954117 12
32954121 32954122 7
32954125 32954126 74
32954127 32954128 33
32954130 32954131 59
995896 1843642 71
32954134 32954135 31
32954138 32954139 7
32954142 32954143 8
32954146 32954147 36
32954149 32954150 30
32954152 32954153 47
32954156 32954157 99
32954160 32954161 37
32954165 32954166 69
32954169 32954170 23
32954173 32954174 45
32954177 32954178 58
32954179 32954180 93
32954184 32954185 13
32954188 32954189 18
32954192 32954193 18
32954197 32954198 10
32954201 32954202 6
32954203 32954204 70
30770585 30770587 15
32954207 32954208 80
32954210 32954211 29
32954214 32954215 71
32954220 32954221 12
32954224 32954225 36
32954234 32954235 89
32954236 32954237 56
32954242 32954243 9
32954246 32954247 99
32954248 32954249 42
32954251 32954252 25
32954254 32954255 7
32954258 32954259 65
32954260 32954261 59
32954264 32954265 2
32954268 32954269 44
32954271 32954272 19
32954275 32954276 90
32954278 32954279 81
32954282 32954283 82
32954284 32954285 73
32954287 32954288 1
32954292 32954293 63
32954294 32954295 87
32954298 32954299 4
30674799 30674802 9
32954301 32954302 2
32954304 32954305 70
32954307 32954308 32
32954309 32954310 87
32954311 32954312 90
32954315 32954316 12
32954317 32954318 95
32954319 32954320 42
32954322 32954323 10
32954325 32954326 13
32954327 32954328 37
32954330 32954331 99
32954332 32954333 82
32954335 32954336 55
32954339 32954340 96
32954342 32954343 55
32954344 32954345 8
32954348 32954349 64
14379968 14379970 67
32954353 32954354 8
32954358 32954359 10
32954363 32954364 67
2635864 3259817 32
32954366 32954367 90
32954371 32954372 36
11461626 11461629 95
32954375 32954376 41
32954377 32954378 46
32954380 32954381 51
32954383 32954384 90
32954387 32954388 78
32954391 32954392 80
32954394 32954395 54
32954396 32954397 55
32954400 32954401 80
32954402 32954403 68
32954405 32954406 10
32954408 32954409 20
32954412 32954413 83
32954416 32954417 61
32954419 32954420 35
32954423 32954424 38
32954427 32954428 7
32954429 32954430 66
32954432 32954433 69
32954435 32954436 1
29372604 29372605 37
32954440 32954441 43
32954442 32954443 42
32954454 32954455 14
32954457 32954458 75
32954461 32954462 59
32954465 32954466 93
32954469 32954470 66
32954471 32954472 98
32954474 32954475 14
32954478 32954479 61
32954482 32954483 44
32954487 32954488 75
32954490 32954491 82
32954495 32954496 23
32954499 32954500 22
32954503 32954504 14
32954505 32954506 54
32954507 32954508 62
32954510 32954511 82
32954514 32954515 19
32954518 32954519 15
32954523 32954524 22
32954526 32954527 81
32954529 32954530 28
32954531 32954532 55
32954533 32954534 12
32954537 32954538 72
32954541 32954542 57
32954544 32954545 62
32954548 32954549 29
32954551 32954552 45
32954555 32954556 42
32954559 32954560 80
32954563 32954564 30
32954568 32954569 97
32954571 32954572 10
32954574 32954575 51
32954578 32954579 60
1867933 2667238 67
32954581 32954582 37
32954585 32954586 43
32954587 32954588 89
32954591 32954592 26
32954595 32954596 90
32954599 32954600 93
32954602 32954603 92
32954605 32954606 31
32954609 32954610 50
32954613 32954614 41
32954616 32954617 51
32954620 32954621 38
32954624 32954625 7
32954627 32954628 15
32954629 32954630 28
32954633 32954634 60
32954636 32954637 94
32954640 32954641 3
32954644 32954645 12
32954646 32954647 46
32954650 32954651 71
32954654 32954655 48
32954657 32954658 86
32954659 32954660 52
32954661 32954662 23
32954665 32954666 30
32954668 32954669 40
32954670 32954671 4
32954674 32954675 59
32954677 32954678 77
32954680 32954681 81
32954684 32954685 69
32954688 32954689 88
32954692 32954693 26
32954694 32954695 59
32954698 32954699 28
32954700 32954701 96
32954703 32954704 5
32954706 32954707 2
32954708 32954709 5
32954710 32954711 68
32954714 32954715 60
32954716 32954717 41
32954719 32954720 40
32954723 32954724 13
32954725 32954726 89
32954730 32954731 61
32954734 32954735 34
32954738 32954739 35
32954741 32954742 94
32954744 32954745 52
32954748 32954749 66
32954752 32954753 87
32954759 32954760 16
32954761 32954762 28
32954764 32954765 36
32954767 32954768 70
32954770 32954771 99
32954773 32954774 96
32954777 32954778 41
32954781 32954782 85
32954784 32954785 66
32954789 32954790 55
32954792 32954793 75
32954796 32954797 16
32954798 32954799 95
32954802 32954803 95
32954805 32954806 24
32954807 32954808 19
32954809 32954810 8
32954815 32954816 56
32954819 32954820 40
32954823 32954824 50
32954827 32954828 83
32954832 32954833 79
32954836 32954837 13
32954839 32954840 68
32954843 32954844 35
32954848 32954849 91
32954854 32954855 52
32954858 32954859 24
32954863 32954864 73
32954867 32954868 94
1326786 2198527 62
32954870 32954871 64
32954874 32954875 10
32954877 32954878 76
32954881 32954882 88
32954884 32954885 77
32954886 32954887 19
32954890 32954891 48
32954894 32954895 4
32954899 32954900 27
32954905 32954906 31
32954909 32954910 85
32954911 32954912 13
32954916 32954917 37
32954919 32954920 2
32954921 32954922 48
32954924 32954925 15
32954928 32954929 80
32954932 32954933 3
32954937 32954938 41
32954940 32954941 89
32954944 32954945 45
32954948 32954949 80
32954950 32954951 28
32954953 32954954 13
32954957 32954958 75
32954960 32954961 46
32954964 32954965 35
32954966 32954967 28
8065878 8065881 62
32954970 32954971 86
32954972 32954973 53
32954976 32954977 90
29597888 29597891 19
31930966 31930968 76
32954980 32954981 4
32954984 32954985 76
32954987 32954988 92
32954990 32954991 23
1073782 1935124 74
32954994 32954995 7
32954998 32954999 89
32955002 32955003 97
32955004 32955005 74
32955007 32955008 15
32955010 32955011 61
32955014 32955015 50
32955017 32955018 14
32955021 32955022 59
32955025 32955026 7
32955029 32955030 76
32955033 32955034 65
32955035 32955036 87
32955040 32955041 86
32955042 32955043 15
32955046 32955047 72
32955048 32955049 39
32955052 32955053 98
32955056 32955057 82
32955060 32955061 12
32955062 32955063 80
32955064 32955065 92
32955066 32955067 74
32955068 32955069 73
32955070 32955071 72
32955073 32955074 24
32955075 32955076 53
32955078 32955079 97
32955083 32955084 87
32955086 32955087 31
32955089 32955090 31
32955092 32955093 81
32955096 32955097 63
32955100 32955101 24
32955103 32955104 90
32955105 32955106 9
32955109 32955110 15
32955112 32955113 14
32955116 32955117 66
32955119 32955120 54
32955122 32955123 32
32955126 32955127 20
32955130 32955131 44
32955134 32955135 10
32955138 32955139 46
32955143 32955144 45
32955147 32955148 66
32955150 32955151 9
32955153 32955154 68
32955157 32955158 46
32955159 32955160 41
32955162 32955163 20
32955164 32955165 60
32955167 32955168 65
32955171 32955172 58
32955173 32955174 79
32955178 32955179 49
32955181 32955182 69
32955183 32955184 60
32955185 32955186 1
32955187 32955188 94
32955191 32955192 64
32955193 32955194 77
32955197 32955198 66
32955200 32955201 14
32955203 32955204 73
32955206 32955207 78
32955209 32955210 20
32955211 32955212 21
32955213 32955214 68
32955217 32955218 43
32955219 32955220 52
32955221 32955222 74
32955225 32955226 84
15246900 15246913 56
32955229 32955230 49
32955233 32955234 23
32955235 32955236 100
32955239 32955240 57
32955242 32955243 57
32955246 32955247 72
32955248 32955249 32
32955250 32955251 42
32955252 32955253 35
32955255 32955256 50
32955259 32955260 47
32955263 32955264 92
32955267 32955268 48
32955269 32955270 92
32955273 32955274 28
32955276 32955277 72
32955280 32955281 9
32955282 32955283 15
32955286 32955287 8
32955289 32955290 61
32955291 32955292 45
32955294 32955295 92
32955298 32955299 40
32955301 32955302 96
32955305 32955306 11
32955308 32955309 87
32955312 32955313 29
32955315 32955316 57
32955318 32955319 52
32955322 32955323 73
32955324 32955325 10
32955328 32955329 23
32955332 32955333 45
32955336 32955337 95
32955340 32955341 72
32955343 32955344 21
32955347 32955348 48
32955350 32955351 79
32955354 32955355 53
32955358 32955359 92
32955361 32955362 41
32955363 32955364 77
32955367 32955368 96
32955369 32955370 74
32955373 32955374 33
32955379 32955380 4
32955384 32955385 73
32955386 32955387 46
32955388 32955389 53
32955400 32955401 33
32955404 32955405 54
32955408 32955409 63
32955412 32955413 48
32955416 32955417 100
32955419 32955420 93
32955423 32955424 61
32955426 32955427 95
32955429 32955430 32
32955432 32955433 29
32955436 32955437 95
32955440 32955441 17
32955443 32955444 15
32955446 32955447 42
32955450 32955451 53
32955453 32955454 21
32955457 32955458 6
32955461 32955462 15
32955465 32955466 81
440578 1088295 60
32955470 32955471 23
32955474 32955475 31
32955478 32955479 69
32955483 32955484 77
32955487 32955488 11
32955492 32955493 60
32955496 32955497 62
32955498 32955499 15
32955502 32955503 66
32955504 32955505 35
32955506 32955507 4
32955508 32955509 38
32955510 32955511 72
32955514 32955515 62
32955516 32955517 69
32955519 32955520 19
32955521 32955522 6
32955524 32955525 60
32955527 32955528 11
32955530 32955531 54
32955533 32955534 38
32955537 32955538 10
32955541 32955542 16
32955545 32955546 57
32955549 32955550 43
32955552 32955553 94
32955555 32955556 65
32955559 32955560 52
32955562 32955563 61
32955566 32955567 42
32955569 32955570 67
32955571 32955572 40
32955574 32955575 46
32955576 32955577 88
32955579 32955580 44
15941380 15941382 39
32955581 32955582 91
32955585 32955586 6
32955587 32955588 10
32955627 32955628 67
32955631 32955632 60
32955633 32955634 23
32955636 32955637 46
32955640 32955641 84
32955644 32955645 14
32955647 32955648 92
32955649 32955650 67
32955652 32955653 24
32955659 32955660 53
32955662 32955663 85
32955666 32955667 85
32955669 32955670 16
32955673 32955674 78
32955677 32955678 61
32955681 32955682 66
32955685 32955686 78
32955690 32955691 74
32955693 32955694 39
32955697 32955698 77
32955699 32955700 73
32955703 32955704 80
32955705 32955706 27
32955708 32955709 84
32955712 32955713 76
32955715 32955716 29
32955718 32955719 99
32955720 32955721 28
15696559 15696563 4
32097939 32097942 13
32955723 32955724 54
32955725 32955726 11
32955727 32955728 76
32955729 32955730 14
32955733 32955734 50
32955737 32955738 22
32955741 32955742 72
32955744 32955745 92
32955746 32955747 72
32955750 32955751 49
32955754 32955755 28
32955758 32955759 2
32955760 32955761 77
32955762 32955763 60
32955766 32955767 16
32955769 32955770 47
32955773 32955774 29
32955777 32955778 39
32955783 32955784 2
32955786 32955787 2
440579 1088298 92
32955789 32955790 100
32955792 32955793 10
32955796 32955797 74
32955799 32955800 48
32955803 32955804 84
32955805 32955806 78
32955809 32955810 71
440580 1088301 17
32955812 32955813 47
32955816 32955817 66
32955820 32955821 24
32955824 32955825 13
32955827 32955828 22
32955829 32955830 34
32955833 32955834 99
32955837 32955838 48
32955841 32955842 50
32955844 32955845 12
32955848 32955849 34
32955853 32955854 81
32955856 32955857 24
32955860 32955861 7
32955862 32955863 5
32955864 32955865 59
32955868 32955869 73
32955872 32955873 15
32955876 32955877 28
32955879 32955880 69
32955882 32955883 64
32955884 32955885 35
32955887 32955888 28
32955890 32955891 96
32955894 32955895 58
32955897 32955898 28
32955900 32955901 82
32955902 32955903 31
32955906 32955907 52
32955910 32955911 96
32955914 32955915 66
32955917 32955918 43
32955920 32955921 63
32955925 32955926 83
32955927 32955928 86
32955929 32955930 66
32955934 32955935 72
32955938 32955939 89
32955941 32955942 59
1764466 2582023 83
32955944 32955945 34
32955947 32955948 84
32955951 32955952 50
32955953 32955954 44
32955958 32955959 32
32955962 32955963 89
32955966 32955967 7
32955970 32955971 19
32955976 32955977 56
32955980 32955981 33
32955983 32955984 48
32955986 32955987 10
32955990 32955991 80
32955992 32955993 33
32955996 32955997 55
32955998 32955999 31
32956001 32956002 63
32956003 32956004 38
32956007 32956008 76
32956011 32956012 20
32956014 32956015 73
4917328 4917365 54
32956019 32956020 51
32956021 32956022 21
32956024 32956025 54
32956028 32956029 56
15229660 15229665 41
32956031 32956032 92
32956034 32956035 51
32956038 32956039 63
32956041 32956042 76
32956045 32956046 41
32956048 32956049 94
32956052 32956053 45
32956056 32956057 32
32956059 32956060 37
32956061 32956062 78
32956065 32956066 61
32956069 32956070 98
32956071 32956072 59
32956075 32956076 58
32956079 32956080 30
32956081 32956082 85
32956084 32956085 64
32956087 32956088 37
32956090 32956091 39
32956094 32956091 83
32956097 32956098 28
32956100 32956101 19
32956103 32956104 72
32956105 32956106 9
498516 1184791 19
32956108 32956109 82
32956110 32956111 25
32956114 32956115 45
32956116 32956117 57
32956120 32956121 37
32956122 32956123 16
32956124 32956125 68
32956126 32956127 73
32956128 32956129 93
32956131 32956132 60
32956134 32956135 23
32956136 32956137 15
32956138 32956139 91
32956142 32956143 25
32956145 32956146 97
32956149 32956150 5
32956155 32956156 42
32956158 32956159 13
32956162 32956163 75
32956166 32956167 53
32956169 32956170 97
32956172 32956173 88
32956174 32956175 62
32956176 32956177 16
32956178 32956179 55
32956181 32956182 23
32956184 32956185 13
32956188 32956189 47
32956192 32956193 10
32956194 32956195 50
32956197 32956198 28
4999669 4999688 64
32956200 32956201 16
32956206 32956207 14
32956209 32956210 97
32956212 32956213 64
32956216 32956217 23
32956219 32956220 99
32956222 32956223 71
32956226 32956227 11
32956231 32956232 22
32956235 32956236 50
32956237 32956238 12
32956239 32956240 67
32956243 32956244 85
32956248 32956249 97
32956251 32956252 6
32956257 32956258 94
32956260 32956261 68
32956263 32956264 44
32956267 32956268 61
32956273 32956274 73
32956275 32956276 27
32956279 32956280 54
32956283 32956284 93
32956287 32956288 74
369836 969709 30
32956289 32956290 48
32956291 32956292 71
32956294 32956295 9
32956297 32956298 80
32956301 32956302 39
32956305 32956306 89
32956308 32956309 35
32956311 32956312 36
32956313 32956314 85
32956317 32956318 17
8749336 8749347 38
32956321 32956322 28
32956325 32956326 44
32956329 32956330 49
32956333 32956334 47
32956335 32956336 4
32956337 32956338 3
32956340 32956341 50
32956342 32956343 55
32956344 32956345 54
32956348 32956349 22
32956350 32956351 98
32956354 32956355 31
32956356 32956357 82
32956360 32956361 12
32956364 32956365 1
32956368 32956369 97
32956370 32956371 97
32956373 32956374 38
32956375 32956376 100
32956379 32956380 34
32956383 32956384 40
32956385 32956386 18
32956389 32956390 64
32956392 32956393 28
32956394 32956395 3
15902558 15902561 91
32956397 32956398 46
32956399 32956400 53
32956403 32956404 28
32956406 32956407 26
32956409 32956410 20
32956413 32956414 38
32956415 32956416 60
32956418 32956419 41
32956420 32956421 42
32956423 32956424 62
32956426 32956427 82
32956430 32956431 32
32956434 32956435 7
32956436 32956437 4
32956439 32956440 28
32956442 32956443 20
32956446 32956447 94
32956448 32956449 49
32956451 32956452 68
32956489 32956490 49
32956491 32956492 94
32956494 32956495 6
32956497 32956498 11
32956501 32956502 18
32956503 32956504 46
32956507 32956508 41
32956509 32956510 11
32956511 32956512 84
32956514 32956515 98
32956516 32956517 91
32956521 32956522 12
32956525 32956526 80
32956528 32956529 6
32956532 32956533 61
32956536 32956537 66
32956538 32956539 72
32956542 32956543 15
32956545 32956546 7
32956547 32956548 82
32956551 32956552 86
32956555 32956556 55
32956559 32956560 16
32956562 32956563 14
5027516 5027519 35
32956564 32956565 90
32956568 32956569 71
32956571 32956572 30
32956573 32956574 56
32956577 32956578 40
32956581 32956582 25
32956584 32956585 17
32956588 32956589 24
32956590 32956591 41
32956593 32956594 53
32956595 32956596 35
32956597 32956598 80
32956599 32956600 94
32956601 32956602 48
32956603 32956604 12
32956605 32956606 34
32956609 32956610 57
32956613 32956614 56
32956617 32956618 2
32956621 32956622 9
32956625 32956626 22
32956629 32956630 85
32956631 32956632 95
32956635 32956636 23
32956639 32956640 75
32956642 32956643 98
32956644 32956645 85
32956646 32956647 9
3955193 4152938 69
32956648 32956649 91
32956652 32956653 9
28945436 28945437 57
32956662 32956663 78
32956664 32956665 100
32956667 32956668 50
32956671 32956672 24
10400048 10400059 78
32956675 32956676 17
32956679 32956680 97
32956682 32956683 29
32956684 32956685 74
32956688 32956689 100
32956692 32956693 100
32956695 32956696 18
32956698 32956699 7
32956700 32956701 26
32956706 32956707 19
32956710 32956711 51
32956714 32956715 69
32956716 32956717 49
32956719 32956720 64
32956722 32956723 58
32956726 32956727 27
32956730 32956731 38
32956734 32956735 29
32956738 32956739 43
32956741 32956742 76
32956745 32956746 29
32956748 32956749 12
32956752 32956753 73
32956755 32956756 47
32956757 32956758 98
32956760 32956761 53
32956763 32956764 77
32956765 32956766 19
32956768 32956769 53
32956776 32956777 65
32956778 32956779 62
32956781 32956782 27
32956784 32956785 27
32956787 32956788 37
32956789 32956790 31
32956793 32956794 18
32956796 32956797 69
32956798 32956799 57
32956800 32956801 13
32956803 32956804 74
32956807 32956808 23
32956810 32956811 92
32956814 32956815 25
32956818 32956819 55
32956821 32956822 73
32956825 32956826 11
32956829 32956830 98
32956833 32956834 99
32956836 32956837 22
32956840 32956841 57
32956843 32956844 61
32956847 32956848 95
32956852 32956853 69
32956856 32956857 75
32956860 32956861 45
32956863 32956864 21
32956865 32956866 71
32956867 32956868 64
32956872 32956873 86
32956876 32956877 23
32956880 32956881 41
32956884 32956885 56
32956889 32956890 42
32956893 32956894 4
5013006 5013009 77
32956897 32956898 90
32956900 32956901 48
32956902 32956903 61
32956905 32956906 4
32956908 32956909 7
32956911 32956912 43
823284 1631221 96
32956913 32956914 81
32956917 32956918 11
32956919 32956920 82
32956921 32956922 100
32956924 32956925 100
32956927 32956928 33
32956930 32956931 54
32956934 32956935 83
32956937 32956938 37
32956940 32956941 31
32956943 32956944 19
32956947 32956948 46
32956951 32956952 98
13779603 13779606 46
32956954 32956955 29
32956958 32956959 59
32956960 32956961 92
32956964 32956965 36
32956966 32956967 35
32956970 32956971 56
32956974 32956975 76
32956979 32956980 87
32956984 32956985 80
32956988 32956989 56
32956991 32956992 4
32956994 32956995 66
30709430 30709436 71
32956997 32956998 59
1907477 2686275 100
32957001 32957002 80
32957004 32957005 46
32957006 32957007 48
32957010 32957011 55
32957014 32957015 90
32957018 32957019 18
32957021 32957022 83
32957024 32957025 25
32957028 32957029 35
32957031 32957032 37
32957036 32957037 26
32957040 32957041 17
32957043 32957044 87
32957047 32957048 60
32957049 32957050 31
32957053 32957054 47
32957057 32957058 87
32957060 32957061 14
29585211 29585215 38
32957078 32957079 15
32957081 32957082 72
32957084 32957085 77
32957086 32957087 88
32957090 32957091 52
32957095 32957096 74
32957100 32957101 41
32957104 32957105 87
32957106 32957107 87
32957109 32957110 66
32957112 32957113 7
32957115 32957116 13
32957118 32957119 89
32957122 32957123 23
32957124 32957125 80
32957126 32957127 75
32957129 32957130 49
32957132 32957133 95
32957136 32957137 40
32957140 32957141 31
32957142 32957143 20
32957144 32957145 54
32957146 32957147 100
32957148 32957149 21
32957152 32957153 99
32957154 32957155 83
32957156 32957157 82
32957159 32957160 11
32957164 32957165 40
32957168 32957169 57
32957170 32957171 24
32957174 32957175 5
32957178 32957179 59
32957182 32957183 44
32957189 32957190 7
32957193 32957194 2
32957197 32957198 76
32957201 32957202 80
32957203 32957204 31
32957207 32957208 7
32957211 32957212 76
32957215 32957216 23
32957217 32957218 39
32957221 32957222 13
32957225 32957226 16
32957228 32957229 26
32957232 32957233 36
32957234 32957235 43
32957238 32957239 89
32957241 32957242 50
32957244 32957245 25
32957246 32957247 45
32957248 32957249 5
32957250 32957251 15
32957254 32957255 69
32957258 32957259 1
32957261 32957262 1
32957264 32957265 88
32957268 32957269 20
32957272 32957273 19
32957276 32957277 27
32957280 32957281 63
32957284 32957285 38
32957288 32957289 31
32957290 32957291 80
32957294 32957295 61
32957298 32957299 31
32957300 32957301 93
32957302 32957303 29
32957304 32957305 46
32957306 32957307 19
30419939 30419948 11
32957309 32957310 73
32957312 32957313 39
32957317 32957318 13
32957320 32957321 32
32957323 32957324 13
32957326 32957327 11
28301802 28301807 93
32957328 32957329 26
32957331 32957332 96
32957340 32957341 57
32957344 32957345 97
23344668 23344684 94
32957348 32957349 67
32957351 32957352 19
32957355 32957356 36
32957359 32957360 50
12321132 12321150 78
32957362 32957363 96
32957366 32957367 70
32957370 32957371 45
32957374 32957375 28
32957377 32957378 39
32957381 32957382 57
32957385 32957386 100
32957389 32957390 70
32957393 32957394 99
32957397 32957398 13
32957400 32957401 60
32957404 32957405 27
32957408 32957409 97
32957412 32957413 42
32957414 32957415 88
32957418 32957419 85
32957423 32957424 85
32957427 32957428 75
30680858 30680859 8
32957432 32957433 98
32957436 32957437 46
440581 1088304 77
32957438 32957439 24
32957442 32957443 77
32957447 32957448 19
32957449 32957450 50
32957451 32957452 90
32957453 32957454 34
32957457 32957458 46
32957461 32957462 43
32957465 32957466 57
30372757 30372759 83
32957469 32957470 98
32957472 32957473 68
32957475 32957476 44
32957479 32957480 2
32957483 32957484 67
32957487 32957488 19
10774363 10774374 72
32957497 32957498 15
32957501 32957502 58
32957505 32957506 73
32957507 32957508 44
32957512 32957513 48
32957514 32957515 73
32957518 32957519 32
32957520 32957521 77
32957525 32957526 22
32957531 32957532 61
32957533 32957534 8
32957536 32957537 71
32957540 32957541 6
32957544 32957545 6
32957547 32957548 100
32957550 32957551 88
3680309 3977080 63
32957555 32957556 81
32957559 32957560 24
32957561 32957562 73
32957566 32957567 40
32957569 32957570 30
32957572 32957573 4
32957576 32957577 60
32957580 32957581 7
32957582 32957583 68
32957585 32957586 83
32957589 32957590 28
32957593 32957594 50
32957597 32957598 10
32957599 32957600 23
32957603 32957604 95
32957607 32957608 97
32957613 32957614 41
32957617 32957618 77
32957619 32957620 50
32957624 32957625 86
4930759 4930787 46
32957628 32957629 47
32957632 32957633 86
32957636 32957637 24
32957639 32957640 20
32957643 32957644 20
32957646 32957647 55
32957649 32957650 95
32957652 32957653 35
32957655 32957656 46
32957661 32957662 84
32957665 32957666 72
32957669 32957670 39
32957673 32957674 63
32957675 32957676 84
32957677 32957678 90
32957681 32957682 99
32957684 32957685 28
32957686 32957687 94
32957690 32957691 68
32957694 32957695 94
32957698 32957699 89
32957702 32957703 8
32957706 32957707 78
32957710 32957711 26
32957716 32957717 58
12886410 12886417 4
32957720 32957721 56
32957723 32957724 77
32957726 32957727 67
32957730 32957731 91
32957735 32957736 76
32957737 32957738 4
32957743 32957744 78
32957746 32957747 63
32957748 32957749 98
32957752 32957753 94
32957756 32957757 85
32957758 32957759 75
32957762 32957763 67
2429528 3113124 61
32957764 32957765 31
32957768 32957769 80
32957772 32957773 91
32957776 32957777 22
32957779 32957780 14
32957781 32957782 64
32957785 32957786 29
32957788 32957789 80
32957791 32957792 80
32957793 32957794 85
32957796 32957797 46
32957800 32957801 28
32957803 32957804 60
32957807 32957808 59
32957811 32957812 67
32957816 32957817 8
32957819 32957820 14
32957823 32957824 4
32957827 32957828 48
1073611 1934957 8
32957831 32957832 20
32957835 32957836 80
32957838 32957839 24
32957842 32957843 51
32957844 32957845 82
32957848 32957849 75
32957852 32957853 15
32957854 32957855 71
32957858 32957859 42
32957862 32957863 97
32957865 32957866 57
32957868 32957869 19
32957872 32957873 60
32957876 32957877 7
32957880 32957881 88
32957885 32957886 92
32957887 32957888 89
32957891 32957892 97
32957895 32957896 34
32957897 32957898 46
32957901 32957902 31
32957904 32957905 54
32957906 32957907 29
32957910 32957911 36
32957914 32957915 39
32957917 32957918 90
32957921 32957922 54
32957926 32957927 14
32957929 32957930 30
32957932 32957933 21
32957935 32957936 74
32957938 32957939 55
32957943 32957944 33
32957946 32957947 96
32126563 32126568 83
32957950 32957951 76
32957954 32957955 70
32957958 32957959 2
32957963 32957964 5
32957968 32957969 37
32957974 32957975 50
32957978 32957979 20
32957982 32957983 92
9078354 9078365 22
32957986 32957987 59
32957990 32957991 79
32957993 32957994 50
32957995 32957996 50
32957998 32957999 45
32958001 32958002 4
32958006 32958007 55
32958009 32958010 76
32958011 32958012 99
8300093 8300135 28
32958015 32958016 28
32958019 32958020 38
32958022 32958023 2
32958026 32958027 33
32958029 32958030 10
32958033 32958034 72
32958035 32958036 86
32958039 32958040 75
32958043 32958044 92
32958047 32958048 4
32958050 32958051 28
32958054 32958055 44
32958058 32958059 8
32958061 32958062 47
32958065 32958066 72
32958068 32958069 53
32958072 32958073 24
32958074 32958075 66
32958078 32958079 97
32958081 32958082 14
32958091 32958092 21
32958094 32958095 99
32958097 32958098 62
32958099 32958100 75
32958101 32958102 69
32958105 32958106 11
32958109 32958110 46
32958114 32958115 11
32958116 32958117 35
32958119 32958120 19
32958121 32958122 5
32958125 32958126 97
32958128 32958129 93
32958130 32958131 87
32958135 32958136 15
32958139 32958140 18
32958143 32958144 100
32958147 32958148 27
32958150 32958151 35
32583153 32583162 81
32958154 32958155 74
32958156 32958157 37
32958160 32958161 67
32958164 32958165 15
32958169 32958170 64
32958171 32958172 67
32958174 32958175 41
32958178 32958179 52
32958182 32958183 10
32958186 32958187 68
32958188 32958189 65
32958191 32958192 74
32958194 32958195 64
32958196 32958197 57
32958199 32958200 95
32958202 32958203 37
32958206 32958207 7
32958210 32958211 85
32958213 32958214 20
32958215 32958216 13
32958217 32958218 17
32958223 32958224 94
32958227 32958228 4
32958231 32958232 56
32958235 32958236 22
32958238 32958239 74
32958242 32958243 23
32958245 32958246 24
32958248 32958249 49
32958254 32958255 36
32958258 32958259 38
32958263 32958264 67
32958267 32958268 79
32958271 32958272 80
32958276 32958277 22
32958279 32958280 2
32958281 32958282 29
32958283 32958284 25
32958287 32958288 51
32958290 32958291 72
32958292 32958293 77
32958296 32958297 16
32958300 32958301 47
32958304 32958305 60
32958306 32958307 92
32958309 32958310 18
32958311 32958312 65
32958314 32958315 46
32958417 32958418 38
32958422 32958423 23
32958427 32958428 72
32958429 32958430 84
32958433 32958434 37
32958437 32958438 65
32958441 32958442 65
32958445 32958446 5
32958449 32958450 97
32958453 32958454 72
32958457 32958458 61
32958460 32958461 44
32958463 32958464 46
32958467 32958468 92
1073612 1934960 58
32958469 32958470 96
32958472 32958473 7
32958476 32958477 59
32958480 32958481 14
32958482 32958483 9
32958486 32958487 93
32958490 32958491 56
32958492 32958493 33
32958495 32958496 28
28408001 28408008 72
32958498 32958499 78
32958502 32958503 39
32958505 32958506 3
32958508 32958509 73
32958510 32958511 90
32958514 32958515 20
32958518 32958519 90
32958522 32958523 31
32958524 32958525 43
32958526 32958527 36
32958530 32958531 78
32958532 32958533 51
32958536 32958537 23
32958539 32958540 86
32958543 32958544 84
32958547 32958548 86
32958550 32958551 32
32958553 32958554 50
32958557 32958558 34
32958559 32958560 96
32958563 32958564 12
32958567 32958568 51
32958571 32958572 49
32958574 32958575 24
32958578 32958579 54
32958582 32958583 80
32958586 32958587 21
32958589 32958590 83
32958592 32958593 9
32958596 32958597 95
32958600 32958601 38
32958604 32958605 85
32958608 32958609 75
32958613 32958614 46
32958616 32958617 91
32958620 32958621 91
32958624 32958625 83
32958628 32958629 42
32958632 32958633 65
32958635 32958636 48
32958637 32958638 26
32958639 32958640 63
32958643 32958644 92
32958645 32958646 98
32958649 32958650 5
32958654 32958655 100
32958657 32958658 54
32958662 32958663 38
32958668 32958669 78
32958672 32958673 35
32958675 32958676 10
32958680 32958681 94
32958686 32958687 66
32958690 32958691 18
32958694 32958695 53
32958698 32958699 8
32958702 32958703 98
32958704 32958705 6
10876714 10876719 83
32958706 32958707 94
14949900 14949903 97
32958709 32958710 64
32958713 32958714 65
32958716 32958717 28
32958718 32958719 45
32958720 32958721 37
32958723 32958724 17
32958726 32958727 22
32958729 32958730 48
32958731 32958732 77
32958734 32958735 18
32958737 32958738 41
32958739 32958740 92
32958742 32958743 88
32958746 32958747 85
32958750 32958751 81
28407810 28407825 44
32958754 32958755 12
32958756 32958757 86
32958760 32958761 64
32958762 32958763 72
32958764 32958765 28
32958768 32958769 43
440582 1088307 50
32958772 32958773 36
32958776 32958777 81
32958780 32958781 5
32958784 32958785 11
32958788 32958789 64
32958791 32958792 55
32958794 32958795 10
32958797 32958798 100
32958801 32958802 35
32958803 32958804 14
32958806 32958807 27
32958810 32958811 12
32958815 32958816 94
32958819 32958820 45
32958821 32958822 4
32958825 32958826 60
32958829 32958830 67
32958831 32958832 78
32958834 32958835 45
440583 1088310 15
32958838 32958839 68
32958842 32958843 64
32958847 32958848 54
32958854 32958855 8
32958857 32958858 58
32958859 32958860 60
32958863 32958864 64
32958866 32958867 9
32958870 32958871 84
32958874 32958875 26
32958877 32958878 35
32958879 32958880 39
32958883 32958884 17
32958887 32958888 93
32958890 32958891 82
32958892 32958893 93
32958895 32958896 35
32958899 32958900 98
32958902 32958903 5
8300127 8300186 45
32958907 30781505 36
32958912 32958913 81
32958916 32958917 67
32958920 32958921 21
32958923 32958924 94
32958926 32958927 27
32958928 32958929 28
32958931 32958932 22
32958935 32958936 11
32958940 32958941 74
32958944 32958945 84
32958946 32958947 48
32958950 32958951 18
32958952 32958953 54
32958954 32958955 78
32958956 32958957 79
32958958 32958959 84
32958962 32958963 32
32958966 32958967 38
32958971 32958972 18
32958975 32958976 12
32958979 32958980 29
32958983 32958984 60
32958987 32958988 77
32958991 32958992 9
32958994 32958995 5
32958997 32958998 73
32959001 32959002 86
32959007 32959008 13
32959011 32959012 51
32959013 32959014 6
32959016 32959017 1
32959020 32959021 14
32959024 32959025 53
32959027 32959028 70
32959029 32959030 39
32959033 32959034 79
32959036 32959037 53
32959039 32959040 54
32959041 32959042 79
32959062 32959063 17
440584 1088314 29
32959065 32959066 92
32959067 32959068 64
32959070 32959071 21
32959074 32959075 38
32959078 32959079 34
32959082 32959083 32
32959086 32959087 11
32959088 32959089 8
32959092 32959093 19
32959096 32959097 29
32959099 32959100 68
32959101 32959102 21
32959103 32959104 89
32959106 32959107 74
32959109 32959110 59
32959112 32959113 33
32959115 32959116 46
32959119 32959120 20
32959123 32959124 35
32959127 32959128 25
32959130 32959131 66
32959134 32959135 94
32959137 32959138 70
32959141 32959142 31
32959144 32959145 50
32959147 32959148 34
32959150 32959151 72
32959153 32959154 79
32959155 32959156 23
32959160 32959161 100
32959163 32959164 82
32959166 32959167 65
32959168 32959169 58
32959172 32959173 8
32959174 32959175 30
32959179 32959180 49
32959184 32959185 40
32959187 32959188 97
32959190 32959191 56
32959193 32959194 95
32959197 32959198 94
32959202 32959203 61
32959205 32959206 79
32959210 32959211 89
32959213 32959214 38
32959221 32959222 54
32959225 32959226 57
32959229 32959230 3
32959233 32959234 63
32959236 32959237 30
32959238 32959239 72
32959241 32959242 16
32959243 32959244 37
32959245 32959246 6
32959248 32959249 93
32959253 32959254 100
32959255 32959256 43
32959258 32959259 36
32959261 32959262 69
32959265 32959266 54
32959269 32959270 29
32959272 32959273 12
32959276 32959277 75
32959278 32959279 79
32959280 32959281 45
32959284 32959285 5
32959288 32959289 7
32959292 32959293 68
32959295 32959296 21
32959299 32959300 17
32959301 32959302 21
28384930 28384931 76
32959305 32959306 8
32959317 32959318 59
32959322 32959323 52
32959328 32959329 43
32959331 32959332 61
32959335 32959336 70
32959340 32959341 54
32959344 32959345 41
32959348 32959349 67
32959352 32959353 65
32959354 32959355 22
32959358 32959359 98
32959362 32959363 96
32959366 32959367 26
32959369 32959370 34
32959373 32959374 100
32959376 32959377 32
32959380 32959381 88
32959382 32959383 38
32959385 32959386 10
32959389 32959390 39
32959391 32959392 23
32959393 32959394 85
32959396 32959397 95
32959399 32959400 55
32959403 32959404 5
32959406 32959407 59
32959410 32959411 9
32959414 32959415 52
32959418 32959419 30
32959422 32959423 89
32959426 32959427 94
32959429 32959430 73
11468957 11468968 99
32959433 32959434 71
32959435 32959436 77
32959439 32959440 1
32959442 32959443 55
32959444 32959445 75
32959448 32959449 2
32959452 32959453 90
32959456 32959457 88
32959460 32959461 10
32959464 32959465 60
32959466 32959467 35
32959470 32959471 70
32959472 32959473 99
32959475 32959476 81
32959477 32959478 46
32959479 32959480 23
32959483 32959484 62
32959486 32959487 93
32959489 32959490 8
32959493 32959494 83
32959497 32959498 72
32959500 32959501 26
32959502 32959503 64
32959506 32959507 68
32959510 32959511 40
32959515 32959516 86
32959519 32959520 50
32959524 32959525 42
32959526 32959527 62
32959530 32959531 83
32959533 32959534 58
32959537 32959538 79
32959540 32959541 72
32959544 32959545 65
32959549 32959550 11
32959551 32959552 85
32959555 32959556 74
32959559 32959560 60
32959565 32959566 21
32959569 32959570 32
32959572 32959573 84
32959576 32959577 78
32959581 32959582 66
32959585 32959586 80
32959587 32959588 4
32959591 32959592 93
32959595 32959596 28
32959599 32959600 6
32959603 32959604 22
32959608 32959609 26
32959612 32959613 76
32959616 32959617 84
32959620 32959617 84
32959622 32959623 93
32959625 32959626 37
32959628 32959629 31
32959632 32959633 13
32959635 32959636 40
23505909 23505911 68
32959639 32959640 37
32959643 32959644 36
32959647 32959648 43
32959651 32959652 83
32959654 32959655 30
32959658 32959659 15
7215602 7215625 10
32959660 32959661 58
32959664 32959665 45
28556904 28556909 55
32959667 32959668 24
32959670 32959671 85
32959672 32959673 41
32959676 32959677 99
32959679 32959680 64
32959681 32959682 71
32959685 32959686 71
29358945 29358947 48
32959689 32959690 6
32959691 32959692 80
32959694 32959695 20
32959696 32959697 97
32959698 32959699 16
28402535 28402538 62
32959703 32959704 80
32959706 32959707 68
32959709 32959710 37
227498 702419 19
32959713 32959714 77
32959716 32959717 43
32959721 32959722 62
32959723 32959724 53
32959728 32959729 17
32959731 32959732 76
32959734 32959735 52
32959739 32959740 60
32959741 32959742 76
32959745 32959746 76
32959749 32959750 4
32959752 32959753 43
32959755 32959756 54
32959757 32959758 87
32959759 32959760 95
32959764 32959765 27
32959769 32959770 75
32959772 32959773 1
32959774 32959775 29
32959776 32959777 79
32959780 32959781 4
32959783 32959784 88
32959789 32959790 97
32959794 32959795 52
32959798 32959799 78
32959801 32959802 77
32959805 32959806 74
32959808 32959809 99
32959812 32959813 66
32959817 32959818 78
32959821 32959822 49
32959824 32959825 80
32959828 32959829 9
32959833 32959834 56
32959837 32959838 35
32959840 32959841 66
32959845 32959846 57
32959847 32959848 43
32959852 32959853 32
32959856 32959857 30
32959860 32959861 62
32959865 32959866 58
32959869 32959870 66
32959872 32959873 94
32959875 32959876 90
32959879 32959880 47
32959881 32959882 78
32959883 32959884 14
32959886 32959887 20
32959889 32959890 23
32959894 32959895 27
32959898 32959899 16
32959902 32959903 89
32959906 32959907 18
32959910 32959911 75
32959913 32959914 46
32959915 32959916 16
32959918 32959919 16
32959921 32959922 23
32959925 32959926 93
32959929 32959930 48
32959933 32959934 52
32959937 32959938 85
32959940 32959941 85
32959945 32959946 10
32959947 32959948 5
32959951 32959952 31
32959954 32959955 98
32959958 32959959 68
4946815 4946862 58
32959960 32959961 48
32959963 32959964 59
32959966 32959967 88
32959969 32959970 87
32959972 32959973 92
32959975 32959976 88
32959979 32959980 21
32959983 32959984 2
32959989 32959990 53
32959993 32959994 96
32959995 32959996 49
32959997 32959998 81
1592487 2449316 10
32960008 32960009 83
32960011 32960012 77
32960013 32960014 37
32960017 32960018 24
32960021 32960022 88
32960026 32960027 47
32960028 32960029 45
32960032 32960033 19
32960036 32960037 47
32960040 32960041 79
32960044 32960045 16
32960048 32960049 18
32960051 32960052 49
32960054 32960055 51
32960058 32960059 55
32960062 32960063 38
32960066 32960067 23
31807836 31807848 84
32960071 32960072 24
32960074 32960075 52
32960078 32960079 41
1935247 2710411 68
32960082 32960083 35
32960084 32960085 38
32960088 32960089 64
32960092 32960093 10
32960094 32960095 89
32960098 32960099 82
32960100 32960101 42
32960103 32960104 82
32960106 32960107 76
32960108 32960109 30
32960112 32960113 74
32960116 32960117 71
32960119 32960120 91
32960123 32960124 95
1848941 2652030 10
32960126 32960127 92
32960128 32960129 8
32960131 32960132 75
32960135 32960136 2
32960138 32960139 21
32960142 32960143 53
32960144 32960145 28
32960147 32960148 62
32960151 32960152 6
32960154 32960155 92
32960156 32960157 79
32960158 32960159 36
32960162 32960163 11
