5008328 5008331 46
497919 1183808 79
242735 730366 86
3211575 3666219 1
71078 261770 38
71078 261795 30
71078 261796 86
1244846 2123987 92
2571909 2845568 52
2571909 3211585 64
537736 1257252 80
537736 1257256 64
296406 818668 87
5387164 5387184 39
5387164 5387185 5
1467018 2336165 74
309363 842861 43
50455 213187 49
537738 1257454 20
537738 1257455 44
163358 513695 71
163358 513728 29
163358 513729 69
685128 1438486 62
534827 1250684 61
5460564 5460588 91
555439 1278613 28
332186 905644 97
345 2872 7
2875890 3425091 94
928832 1740801 4
417909 1057889 74
417909 1057890 41
417909 1057891 35
417909 1057892 41
5523106 5523127 94
5523106 5523128 53
54365 222486 57
2472440 3148413 76
45154 191612 56
933213 1757991 8
43006 178201 56
2475861 3150745 21
5607445 5607452 22
580971 1298210 97
1756509 2577337 3
5719379 5719384 56
5719379 5719385 29
5719379 5719387 37
8849 65986 63
2000598 2769321 98
2000598 2769322 78
2000598 2769323 47
2000598 2769324 88
1101616 1971957 34
1101616 1971958 70
1101616 1971959 8
202336 222276 58
202336 607757 61
202336 607762 7
202336 607767 49
202336 607768 64
513203 1211060 62
5804866 5804882 6
448260 1103457 44
448260 1103458 78
5825465 5825472 72
957484 1789589 80
1467019 2336236 53
1077349 1939294 59
1077349 747291 90
1077349 1939295 3
5656876 5656887 18
3340462 3756456 100
6015565 6015573 60
89856 305739 74
305919 836523 18
6025397 6025403 67
583762 1305704 3
2422710 3108407 47
85688 293093 15
142451 448272 94
142451 448273 42
142451 448280 39
1323998 2194830 68
1059294 1920947 3
2575226 1753087 36
6091052 6091056 45
45609 196546 90
55997 230473 4
6108300 6108317 97
4185003 4306615 59
2063410 2822519 6
1548021 2408220 8
1211492 2087376 17
413061 1051599 78
6153488 6153500 35
6158176 6158179 65
6168871 6168883 74
261929 758670 34
411432 1049078 99
2815685 3383464 87
581537 581549 4
36095 142515 11
1295703 2173138 85
4270158 4361029 56
933219 1758206 85
1059296 1921008 18
2384905 3077173 7
1062801 1924593 34
607789 1344455 87
189045 581549 20
189045 581561 79
189045 581562 55
2642099 3264668 20
2642099 3264677 1
62063 18558 60
1440849 2309247 33
6400235 6400240 51
6467403 6467414 20
164859 517122 49
2336136 3036823 14
1970227 2741961 95
1565420 2424318 91
933223 1758368 59
3579347 1188645 51
5879 669 91
6700750 6700768 27
6782337 6782351 61
1720687 2556375 86
4357865 4421687 67
4612984 4622784 76
1740246 2570519 90
1740246 2570534 100
2401117 3091841 39
516936 1216359 87
6891804 6891820 84
6916041 6916053 46
6918651 6918661 91
6918651 4399989 73
39065 159372 80
39065 159411 58
39065 159446 15
39065 159447 71
2881323 3428708 97
2056384 2815639 62
7063744 7063755 35
7067538 191611 72
2876142 3425332 60
1497800 2362419 2
1497800 2362433 94
1497800 2362440 32
1183578 2056403 77
3817402 4059004 13
422160 1062500 57
44078 186122 44
7247942 7247984 7
7425248 7425251 23
7425248 7425257 34
516566 1215666 39
1212032 513729 1
3997915 4182105 81
1836593 2642602 61
1924180 2700210 50
7596595 7596603 5
7596595 4399990 25
7596595 7596604 78
7618552 7618554 34
1653671 2495947 7
308070 840662 51
2353998 3051531 14
440399 1087865 87
164862 517122 38
954171 1784684 62
822732 513729 31
3081202 3570314 17
758364 1540759 95
1092705 1957481 1
3082029 3571027 67
7942206 7942213 30
7955256 7955264 35
7955256 7955267 37
7955256 7955268 23
4770922 4771549 22
1911771 2689186 56
8095364 8095367 40
8123847 8123855 27
8192570 8192579 11
1722486 2385284 64
5780317 5780341 87
2106918 2856674 26
3070730 3561967 11
2288133 3009126 5
1745429 2572372 52
7371093 7371109 96
4785550 4785891 55
2401205 3091938 81
8626405 8626411 21
1063140 1925169 29
8660019 8660031 56
165210 518301 58
768919 1551872 96
8782086 8782095 26
2288099 3009014 50
8828755 8828768 96
8852880 8852893 22
8863499 8863502 81
8906509 8906516 98
9001166 9001177 70
2815173 3383130 62
2176822 2176831 1
856437 1671436 58
42197 173664 76
9218075 9218086 79
9425796 9425803 36
1257241 2134837 79
9483087 9483095 40
9508666 4773785 71
9517098 9517105 1
9520116 9520124 35
9526734 9526746 25
9566752 9566761 55
9566752 9566762 17
9662132 9662142 5
83388 286958 40
83388 286962 91
83388 286963 33
4908164 4908161 55
3032838 3538449 23
2577090 3216439 76
3078154 2385284 15
9999353 9999360 35
2844490 2844512 13
10057949 10057955 23
1591755 2448579 10
8129604 8129623 30
8129604 8129625 31
3008998 3009014 14
3008998 3522154 57
3395076 3789366 51
1484581 2352676 80
1484581 2352678 36
50243 212528 74
240622 728345 96
240622 728346 18
2087036 2840563 87
9137716 9137724 23
159380 500397 3
159380 500398 100
373699 976708 58
5696049 5696392 50
5696049 5695755 29
2982515 3499006 39
2982515 3470917 70
2982515 3499009 87
2262296 2262296 14
2262296 2982518 100
3554350 3897915 81
159384 500501 4
2842873 3401941 71
10101864 10101867 49
159388 500527 15
159388 500528 28
1725591 918387 65
10102873 10102876 5
187507 578768 90
534023 1248503 35
821902 1629287 34
1920925 1299171 63
2094009 2846594 33
188927 58354 24
188927 127323 70
187344 555132 55
355273 950731 50
2086997 2840519 11
2607237 1790100 45
581324 1298823 53
10181894 10181896 57
10181898 10181896 56
10182298 10182302 78
10182307 10182302 16
261759 758381 22
1257244 2134846 18
85031 291135 5
591304 1324219 90
90321 307244 26
10406836 10406838 84
8192757 8192833 12
8192757 8192834 69
10433638 10433643 86
38830 158624 14
10665327 10665337 23
10665327 10665338 51
10665327 10665339 22
10671243 10671249 55
10685782 10685785 31
10779135 10779143 93
10821509 10821512 58
1527113 2385753 69
10912087 10912091 80
3288993 3720558 7
165285 518541 88
10967925 10967930 15
10967925 10967931 29
10967925 10967932 5
10996545 10996549 94
1720580 910017 74
1542615 2402547 37
10802880 10802894 30
11048348 11048351 67
5975965 5975944 64
11071432 11071435 79
992542 1838305 77
11084212 11084217 41
4126443 4268209 25
8740071 8740067 40
8740071 8740082 1
11121456 11121461 99
1541420 2401259 16
11176376 11176379 37
11295536 11295539 92
11295536 11295540 96
11295536 11295541 66
11295536 11295542 51
11308455 11308463 99
10374417 10374405 33
3759424 73616 39
3759424 159369 2
3759424 4026028 85
2689178 3264668 85
11407323 11407329 78
11407323 11407331 70
11407323 11407332 27
8192672 8192702 8
8192672 8192703 23
8192672 8192704 67
8192672 8192705 98
8192672 8192706 58
8192672 8192708 38
3009157 2572372 76
11432778 11432784 55
11497065 11497070 82
11515886 11515893 98
11515886 11515894 9
11515886 11515895 58
11520261 11520264 59
11520261 11520265 74
11520261 11520266 10
11520261 11520267 38
8192698 8192773 40
8192698 8192774 77
8192698 8192775 82
2465563 3144247 5
2465563 3144248 36
8192596 8192579 82
8192596 8192607 31
758369 1540842 29
11574468 11574472 48
11574468 11574473 52
11574468 11574474 48
11579089 11579100 18
8192597 8192579 92
307814 840124 24
10967927 10967944 33
10967927 10967945 78
1536959 2395852 87
7399 61718 11
7399 61719 89
40220 165258 27
40220 165259 57
164973 517780 61
3609674 3933320 42
2385450 3078337 92
2385450 3078338 89
1540834 2400497 75
11866277 11866281 90
11876056 11876059 8
11876056 11876060 19
1315470 2186671 1
12157568 12157570 59
4126444 4268216 26
4849506 4849640 31
12199324 12199326 32
9422139 9422148 76
4619132 4608931 93
4258752 4353463 89
497780 950731 26
1183583 2056403 36
12529294 12529296 27
2091555 2844418 80
12561527 12561531 76
2056393 2056403 65
2158695 2899749 93
2573297 3213402 58
9128031 9128043 56
758620 1541358 7
12636072 12636080 27
3423205 3806308 27
4416978 1188645 33
422356 1063174 44
12975616 4774323 33
3587877 3918948 46
10396452 10396447 51
13085981 1676228 39
13210657 13210659 50
3218304 3218304 96
1715798 904362 100
42853 177270 47
13256002 13256005 83
1203486 2079246 59
13264635 13264639 94
13267234 500553 20
13267234 3608961 34
2716490 3308799 1
222276 607757 37
222276 686185 12
222276 686186 33
222276 607768 98
1296498 2174051 32
591298 1324200 67
1183805 2056721 36
1183805 1183808 26
272180 776162 31
593200 1327860 35
593200 1183843 29
593200 1327861 43
888431 1703259 38
13387884 13387886 98
8894044 8894065 36
13410835 13410838 29
2199752 1327861 87
647680 1388724 70
14268704 14268706 86
14342031 14342033 15
2116558 2864082 61
3200029 3658891 34
3200029 3658892 97
14465963 14465965 57
10963715 10963754 93
14519313 14519316 58
14519403 14519405 64
10963779 10963798 32
14522193 14522196 36
14202450 14202455 80
14202450 14202456 31
14526361 14526364 94
8192675 8192727 24
11574481 11574472 61
8192598 8192579 92
8192598 8192626 94
8192598 8192627 66
3706697 3265893 14
14557471 14557473 91
8192830 8192871 94
14050901 14050919 15
14050901 14050920 85
14050901 14050921 76
14566489 14566491 27
14571744 14571746 9
14571744 14571747 89
14577631 14577634 95
14577631 14577635 31
14586057 14586060 8
14586057 14586061 87
14586869 14586871 63
813249 1615714 4
813249 1615715 78
8192599 8192579 72
8192599 8192632 82
14727111 14727114 98
14744964 14744967 73
14745403 14745405 89
1440321 222274 46
1440321 697455 44
1440321 2308755 55
14799384 14799386 16
2385613 3078573 81
2876290 3425388 47
14879560 14879562 94
3441654 2899749 14
3441654 3817406 62
14881762 4399989 75
14881762 14881765 85
22941 124184 99
22942 124198 21
3032849 3538459 5
22943 124214 66
593185 1327850 1
14933821 14933823 16
5889149 5889158 28
14990506 14990508 71
14990514 14990516 58
14990514 14990517 80
14990514 14990518 95
14998535 14998537 57
14998535 14998538 32
15047038 15047040 16
15064564 15064566 68
15073782 968675 20
15073782 15073784 30
22945 124228 92
6822477 6822496 91
6822477 6822497 21
6822477 6822498 60
6822477 6822499 41
6822477 6822500 1
6822477 6822501 39
4902941 4902946 77
14780184 14780193 78
15125581 15125583 41
15125740 15125742 50
15138644 15138647 28
3913882 4126466 11
15283358 15283360 27
3537727 3031780 41
15629656 15629660 24
15629656 15629661 69
3711048 3997935 55
15936766 142093 81
15973795 2128438 56
2571019 1741425 67
21961954 21961956 76
14999921 1459503 30
23672202 23672204 97
2840516 2086923 98
1240478 2094552 65
1240478 2119415 93
1240478 2119417 52
14056265 14056270 99
3957040 4154203 43
24397656 24397658 49
24397823 24397825 74
24403781 24403783 79
28185635 15467 61
1969812 1099832 2
28368675 28368676 99
220548 679583 77
680574 1428778 45
680575 1433305 68
4421684 4467043 57
28568588 120615 83
28580845 28580846 15
28709589 28709590 39
28709619 28709621 75
15924156 15924154 79
28710122 28710123 3
28710122 28710124 25
28710513 28710514 59
28710980 28710981 98
28710980 28710982 54
28714471 28714472 83
2263743 2983461 86
28714671 28714672 42
28716432 28716434 25
15945819 15945817 7
28716625 28716626 27
28716638 28716639 64
28716638 28716640 90
28716638 28716641 2
28717598 28717599 84
1258290 2135765 41
1258290 2135766 39
28721408 28721409 64
4503766 4530501 38
4503766 4530503 50
1976581 2749355 35
1423223 679583 22
679585 679583 69
2769311 2769319 49
2769311 2769321 17
2769311 3354097 3
2769311 3354098 31
3918946 3918948 4
3288427 3288425 11
14955321 328172 71
2578885 3218261 11
2578885 3218262 54
2578885 1758526 6
3570322 3906980 12
14054558 14054563 2
12328190 4851845 96
3217984 3670794 61
3217984 3670795 54
3218263 3671081 90
3218264 3671082 6
3234956 3683864 17
12328191 10790524 47
2642622 3265061 11
4984035 4984074 3
28760021 28760022 81
2769314 3354100 17
28995409 28995410 79
15230891 15230898 48
29027772 320693 43
29028145 1581522 79
29363304 29363306 51
3325422 3325418 37
6243284 6243322 17
3009010 3009014 57
3009010 3522154 78
2129099 2442217 47
2129099 2876471 25
29603749 29603750 62
29603749 29603751 82
29603749 29603752 9
29603749 29603753 59
29603749 29603754 51
29603749 29603755 42
29603749 29603756 80
29706508 9348131 75
29706575 14209161 38
4460573 4496697 94
29706578 328225 13
29706616 659483 37
1293313 2170952 96
681484 1250105 81
681484 1434859 25
681451 1434826 72
220564 679583 53
1431672 2302295 45
220629 680668 25
1072130 1934116 66
681572 1434969 75
681572 1434970 97
4108879 3029029 53
29713791 29713792 29
29715156 322247 43
29715773 29715774 11
29716987 11762568 76
3891506 4111673 59
3891506 4111674 77
30308356 30308357 34
30318376 30318377 41
30318376 30318378 69
11515906 11515932 71
14881764 14881769 62
14881768 14881769 32
30354117 3806308 99
30354813 30354815 17
30358190 30358191 44
30358190 30358192 34
30358190 30358193 94
30358190 30358194 70
30363186 9611230 85
8740075 8740099 95
10547903 10547906 18
3144246 3619375 85
3144246 3619376 4
3144246 3619377 84
3144246 3619378 62
3144246 3619379 20
1440924 1957865 74
1440924 2309658 98
1440924 334790 46
4326663 4399989 38
4326663 4399990 76
447401 1101736 13
30396736 2920175 26
79470 14943 18
8031636 8031637 65
28902807 28902817 7
29050845 15138647 58
30777055 30777057 97
30777055 30777058 53
14174409 14174407 97
14571746 14571747 62
2317772 3024629 95
15960981 15960979 95
31126140 31126143 29
31126140 31126144 45
31131024 31131025 73
31131024 31131026 69
31133899 31133900 64
31133899 31133901 66
14099010 14099013 74
14099010 14099014 77
12328193 10790524 27
3948745 3630489 57
30919318 30919319 5
31169599 3291542 32
31169599 1526979 55
31190437 9716199 65
31193162 31193163 75
11380978 11380984 70
31220488 31220489 97
31225605 31225607 81
25404798 25404796 88
31678744 31678746 93
31700980 31700980 69
4519772 4543773 78
32230910 32230912 59
124612 406129 11
32692608 32692610 17
32698053 3878208 60
32698053 10485538 56
32698053 10492664 28
32698053 1094684 35
32698053 30249163 45
32698053 30249419 31
32698053 110561 65
32698053 30680700 21
32698053 30683457 11
32698053 32698054 90
32698053 32698055 96
32698053 226179 69
32698053 3424620 66
32698053 695892 6
32698053 32698056 39
2842366 3401762 60
32719346 32719347 40
22946 124242 20
32794060 32794062 11
32794060 32794063 15
7257800 7257831 44
30901117 30901120 16
14044507 14044525 40
32815283 32815285 57
30900691 30900693 77
30900691 30900694 49
32818453 32818454 65
29587601 29587602 66
29587601 29587603 60
14881766 14881765 36
30900366 30900363 81
5996458 5996462 71
5996458 5996463 5
5996458 5996464 31
5996458 5996465 48
31220490 31220489 60
10396438 500991 7
3969179 4162076 41
3969179 4162078 86
3969179 4162079 85
22947 124254 43
22948 124269 63
22949 124285 79
32960166 2637562 19
3903418 578086 39
3903418 3564872 76
3903418 3578635 27
32960168 31761297 100
5669644 5669615 45
32960169 32960170 74
1807894 968674 2
32960171 14526230 9
32198583 2993067 29
32198583 32198588 62
32960173 14230580 82
2134915 1257252 6
2134915 2881611 37
758395 1257252 61
32960174 14636241 46
32960175 2197811 6
32960176 32625951 2
30658839 1692346 83
3209563 3664826 91
32960177 12746623 3
534034 173111 67
32960178 14272429 7
170013 524378 38
170013 524379 91
170013 524380 54
170013 524381 15
170013 524382 47
170013 524383 98
32198574 14263115 99
32960179 12819903 26
32960179 2742081 69
36318 143093 40
32960180 32960181 94
32960187 2716504 72
1072340 1934219 54
1072340 1934220 45
1072340 1934227 79
32960188 577060 17
32960188 3211519 9
30500146 30500150 55
2815738 2056403 51
2815739 2056403 31
1921009 1921008 60
32960189 15620139 92
32960192 32960193 63
32960196 32960197 16
32960202 1815 63
32960203 32960204 8
13345383 13345378 7
22950 124299 36
22951 124312 90
22952 124329 85
22953 124343 63
22954 124356 38
22955 124368 82
22956 124380 34
22957 124395 10
22958 124413 43
22959 124426 89
22960 124438 54
22961 124453 46
22962 124470 83
22963 124482 70
22964 124496 93
22965 124513 3
22966 124525 99
32960206 10452170 5
32960206 28948117 3
32960206 30627860 35
32960206 31816459 73
32960208 32960209 34
6029052 6029003 88
4292378 4161895 14
15915140 15915136 21
7698296 7698285 71
32960211 3843931 38
23700192 6544883 61
15966277 15966274 98
15966277 15966281 100
2931894 2195103 43
2931894 2195104 21
32804966 32804969 68
32804966 32804970 92
15915830 15915828 73
32960212 32960213 44
15908012 15908009 63
3735848 3313066 24
4512097 4537919 55
3211595 3666268 47
2728550 1957815 54
4436269 4377204 87
4436269 4479069 43
4479076 4512108 60
4479076 4512109 81
4512098 4537921 86
2195113 2931922 58
2195113 2931923 10
2195113 2931924 98
2195113 2931925 40
4479070 4512095 70
4479070 4512096 13
4512099 4537923 5
4512099 4537924 57
32960216 73616 65
29605881 29605880 52
15947281 15947279 45
32831988 6347019 4
32831988 6493542 24
32831988 323005 89
32831988 10914027 13
32831988 1289492 46
32831988 13127573 17
32831988 32831989 11
497975 1183843 16
10030943 10030944 10
32960218 32960219 47
9565427 9565441 45
32960220 15426910 28
2570270 3209697 100
2570270 3209698 67
32960221 32960222 3
32960228 15238222 41
3425408 2876293 18
1485937 723905 13
1485937 2353352 10
1485937 2353353 22
32960229 8610154 94
10802903 10802907 35
14830131 14830135 12
32960230 32960231 80
32960235 32960236 23
1212399 2088487 31
1212399 2088488 63
32960242 32960243 19
1583888 2442217 93
1583888 2129099 86
8520008 8519981 40
3015819 3015817 84
794243 1584103 17
32960247 328213 100
32960248 691371 70
32960250 32960251 19
4826555 4826662 95
4826555 4826663 40
4826555 4826664 32
32960254 32960255 95
32960254 32960256 52
32960254 32960257 91
3200030 3658903 27
11574483 11574472 46
30897804 30897802 60
30897804 30897807 85
30897769 30897767 9
32960263 32960264 49
32960269 32960270 3
32960272 32960273 42
8113626 8113642 54
8113626 8113643 93
8113626 8113644 32
8113626 8113645 47
28304044 28304047 42
28304044 28304048 51
28304044 28304049 61
28626781 28626790 93
28626781 28626791 16
28626781 28626792 62
30898049 30898047 35
30897842 30897840 32
32960276 32960277 1
32960282 32960283 92
14054436 14054441 99
14054436 14054442 21
14054436 14054443 84
32960287 32960288 77
32960290 32960291 46
5889167 5889158 89
7185631 7185639 62
7185631 7185640 75
32960295 32960296 14
32960301 32960302 93
32960306 32960307 90
32960312 32960313 77
32960318 32960319 34
30898019 30898017 48
30898019 30898022 13
32960324 933260 58
3703108 3992028 1
32960325 4501685 86
32960326 32960327 100
32960326 32960328 49
10746027 10746041 47
10746027 10746042 65
30901121 30901128 22
30900440 30900442 46
32960329 32960330 21
32960332 32960333 1
32960336 32960337 17
30897909 30897912 36
30897909 30897913 24
30898389 30898391 62
32960342 32960343 87
32960342 32960344 48
32960355 32960356 40
32960355 32960357 30
32960355 32960358 72
32960355 32960359 92
32960369 32960370 67
32960360 32960365 78
32960360 32960366 83
32960372 32960373 10
32960372 32960374 38
32960372 32960375 52
32960379 32960380 76
32960379 32960381 14
32960379 32960382 72
14054496 14054500 88
14054496 14054501 64
32960386 28901019 62
32960387 2991391 1
2595321 337247 63
32960388 32960389 64
4483550 4515355 76
30900451 30900449 84
30900451 30900453 66
30901254 30901252 92
14044508 14044525 29
14044508 14044526 20
14044508 14044527 95
32960390 32960391 74
32960395 2385181 67
32960395 3077916 21
32960395 3077917 94
30898993 30898996 1
32960396 116936 26
32960397 5641355 33
11523987 11523990 2
1541440 1541440 68
32960398 12373106 30
32960401 889578 53
30901270 30901267 75
9121892 9121898 97
30905967 30905965 20
30911185 30911182 7
30912026 30912024 82
32960402 11835405 77
32960403 32960404 46
32960408 846230 7
3949457 4149578 70
15913486 15913484 93
32960409 356850 10
32960411 32960412 23
31858768 31858767 83
32960415 32960416 88
28407586 28407584 36
15910017 15910017 76
32960422 15960596 84
32960423 32960424 87
5337493 5337522 73
5399901 5399913 22
31060110 31060108 29
23166 125698 67
32960428 32960429 30
32960433 32960434 94
32960436 9613920 27
3917141 3584672 25
32960437 32616702 34
32960439 2735994 35
12490808 12490824 34
32960440 32960441 6
32960447 11488305 13
32960405 32611081 76
29030780 10588380 4
32960448 10181896 64
3166892 3635065 78
28311474 28311470 7
32960450 439189 38
1583889 2442219 67
32960451 32960452 85
32960455 32960456 47
32960459 32960460 79
32960462 32960463 81
32960465 32960466 36
32960468 32960469 87
32960472 32960473 54
32960476 32960477 13
14953061 14953063 85
1549216 2409439 34
32960480 32960481 47
32960484 32960485 95
32960488 32960489 19
32960492 32960493 25
3913883 4126468 57
14896209 14896210 7
32960495 32960496 46
32960499 32960500 60
32960503 32960504 24
32960507 32960508 74
32960511 32960512 42
4908156 4908161 15
32960515 32960516 23
2302382 678076 34
28736076 7541182 82
32960519 364865 53
32960520 32588420 82
32960521 14762060 70
687248 222486 36
30658840 8752826 92
3897916 3554350 2
32960522 911017 21
32960523 4241153 35
158634 18810 19
32960524 32960525 53
32960526 6987446 5
32960527 335042 7
2267685 2986979 35
32960399 9824331 45
366958 111676 82
366958 964948 94
32960528 3284131 29
32960529 32960530 64
32960533 13245787 33
14948214 14948212 36
32960534 14467867 7
14925899 14925896 28
2401038 3091820 95
32960535 240635 35
32960537 13428936 11
32960540 13091245 32
32960540 32960541 42
32960549 326201 64
32960550 28386772 19
32960406 3123035 28
32960551 18796 86
5537919 5537926 89
5537919 5537927 99
5537919 5537928 54
5537919 5537929 79
32960552 31772947 68
15907014 15907012 37
32960553 392807 21
32960554 25412399 100
32960555 32555701 100
32960556 32960557 1
32960560 32960561 81
32960569 1712186 82
32960570 32960571 60
2119416 2866778 12
32960572 302864 90
10802884 10802904 17
32960574 32960575 38
32960438 302751 21
32809101 32809100 40
32960584 12924820 69
32960585 32960586 12
1653534 2495839 2
32960590 32960591 85
15227919 15227924 76
32960594 32960595 46
4615760 4615756 47
32960597 12128488 29
32960172 1641819 91
3584635 3917022 64
32960598 32960599 74
32198575 32198584 76
32198575 32198585 27
2264584 1391161 88
32960606 32960607 40
32960609 11362891 54
2150646 2893598 7
2150646 2893599 68
28363064 2899749 76
32960610 14550982 92
32960611 32960612 44
32960614 32960615 80
32960581 963322 28
32960617 32960618 28
32960619 32960620 59
31933854 31933853 86
32960623 32960624 84
32960623 32960625 42
32960626 32960627 72
32960630 10638752 64
32960631 32960632 66
32960648 32960649 64
13410840 13410835 34
32960652 32960653 51
13390269 912506 27
32960655 14576779 28
32960656 28902614 56
32960661 28902614 79
32960662 28902614 17
32960663 28902614 100
32960665 28902614 74
32960666 28902614 69
32960667 28902614 69
32960668 28902614 94
32960669 28902614 74
32960670 28902614 20
32960674 28902614 78
32960675 28902614 77
32960676 28902614 22
32960677 28902614 11
32960678 28902614 41
32960679 28902614 85
32960680 28902614 96
32960681 28902614 98
32960683 28902614 78
32960687 28902614 22
32960691 32960692 59
32960696 1810782 61
1810783 1810782 21
32960698 1810782 28
32960701 337248 7
32960702 9101431 74
32960703 32960704 22
32960582 31121149 70
5851 50267 45
32960707 32960708 43
1315430 2186637 69
32960710 10847713 14
32960711 32611422 32
32960712 423114 69
31191200 2402547 41
1434 18554 24
32198576 14272253 11
2062887 500553 57
32960713 9365882 72
32960714 8893721 81
32198577 3642276 59
32960576 9359823 64
