332146 903706 75
1164175 2035820 41
1063395 1925607 77
3901978 4118335 86
5034296 5034301 26
2715849 3308314 70
5038365 5038373 85
959285 1794507 22
5044296 5044307 73
5044392 5044409 35
5044594 5044607 69
1088791 1950786 23
5047674 5047686 86
5047941 5047953 39
5048287 5048303 37
5048950 5048959 8
5051968 5051985 1
5059545 5059551 50
5063921 5063933 38
5066361 5066383 68
5073638 5073647 26
1705864 2536660 46
140781 441179 12
5081528 5081542 79
5083973 5083986 92
5084398 5084406 75
5085344 5085354 45
1419596 2294350 76
5091039 5091051 4
5097502 5097517 16
5099734 5099748 16
655952 1398252 43
5106605 5106621 23
5107920 5107936 74
5108154 5108170 30
5108177 5108189 83
5109720 5109733 71
5109815 5109830 12
5109941 5109956 19
5112980 5112997 37
5114881 5114894 30
5115364 5115383 7
219431 676092 18
4451830 4490814 60
4058544 4216291 65
5122153 5122167 51
5124783 5124798 63
5125862 5125872 30
3942859 4145801 90
5126530 5126543 59
5127603 5127609 11
5128776 5128794 75
2913152 3454541 24
5133403 5133412 23
5137803 5137812 17
955903 1787068 22
5138819 5138834 68
588771 1320815 83
5144013 5144027 100
5144640 5144652 14
5147143 5147148 67
5147343 5147367 40
5148192 5148211 76
5148761 5148771 56
5148875 5148888 93
5151518 5151528 58
5153553 5153564 72
5155708 5155720 54
5156579 5156590 26
5164845 5164855 54
5165011 5165022 75
5165535 5165565 96
5166162 5166179 38
5166472 5166479 66
5170979 5170991 79
2820594 3387168 60
5175540 5175551 62
5165013 5165040 31
1525108 2382144 94
5177686 5177705 9
5177999 5178009 91
5178619 5178636 7
5178663 5178685 76
5179786 5179797 57
5180904 5180920 69
5181265 5181279 71
5185447 5185462 35
5185823 5185835 67
5187327 5187340 100
5187883 5187894 72
5188474 5188484 86
5191429 5191448 78
5191544 5191559 87
5050868 5050909 92
5210090 5210104 83
2171802 2912682 64
5211735 5211749 7
5212341 5212352 60
384133 995642 26
5215506 5215527 97
5222494 5222508 91
5224083 5224094 34
5226142 5226154 27
2912543 3454218 87
5232820 5232830 39
5236289 5236303 35
5237094 5237105 55
5240389 5240405 86
2634187 3258353 80
5248399 5248414 67
5251222 5251234 94
1311070 2183983 28
5254204 5254217 48
5256267 5256280 18
5262047 5262062 3
5265120 5265134 97
5267089 5267099 18
1094691 1960748 15
5267273 5267287 93
5267467 5267482 1
5269116 5269129 44
4789771 4790190 68
5270142 5270155 53
5275040 5275060 63
5277747 5277761 38
5066011 5066043 23
5282737 5282760 14
5282973 5282983 32
5283156 5283171 81
5284597 5284604 68
1009557 1859438 7
5292269 5292280 58
5294601 5294614 84
1615404 2465227 44
5303083 5303098 30
5304841 5304856 22
5306640 5306655 43
427468 1071470 81
5308419 5308431 90
5308726 5308739 29
214142 650759 47
5310330 5310348 49
1826836 2635810 92
214680 653381 61
5314297 5314311 44
5314332 5314345 62
5314699 5314724 64
214143 650832 77
603030 1339953 62
5315307 5315324 17
5318046 5318061 25
5318262 5318281 84
5319008 5319023 77
3132090 3608163 70
253003 745875 23
111278 358141 73
54359 221894 19
5321382 5321397 90
5321623 5321637 17
5322361 5322374 97
5322589 5322599 95
332185 905543 86
5323962 5323979 92
5324557 5324570 9
5325170 5325183 23
2681672 3284158 45
34271 135732 87
5327230 5327242 49
5328075 723172 79
140976 442786 9
5328751 5328762 78
222439 686595 83
2390495 3083260 36
71078 261797 43
5331059 5331073 98
691690 1446525 6
5332352 5332363 84
1724546 2560794 100
687419 1442025 5
5334915 5334938 57
225402 697821 67
120063 383723 20
728451 1497986 60
5339025 5339048 4
5339109 5339121 13
5341130 5341146 52
5341336 5341348 87
5341519 5341533 84
5342095 5342103 63
358739 957161 9
5343237 5343247 56
676888 1419812 23
5343788 5343805 78
5344284 5344306 72
427687 1071667 50
135650 425051 37
5346918 5346928 70
5347999 5348014 21
1458238 2329045 41
19363 110338 47
2639944 3263180 28
1457605 2328229 22
4268814 4360014 98
5350376 5350388 9
5350403 5350415 34
298530 822659 15
5351718 5351729 95
1081321 1943154 19
5352390 5352406 100
1634882 2480401 39
5353013 5353045 47
5354308 5354330 51
332149 903827 7
5358361 5358373 15
222145 685626 93
5360028 5360050 42
5360949 5360961 49
5361057 5361070 100
728452 1498038 30
815969 1620377 65
5363075 5363099 62
5363075 5363100 40
5363879 5363890 58
5364158 5364169 50
5364249 5364264 42
222661 687361 61
5364504 5364520 98
5366147 5366156 43
2871997 3421704 59
5369075 5369095 30
5369366 5369383 37
5231156 5231182 22
2171602 2912427 82
5369980 5369995 57
5370487 5370502 80
5372560 5372579 91
50454 213082 98
5372845 5372857 13
110272 354585 93
5373183 5373208 10
151434 477602 1
983754 1826736 27
5375771 5375784 70
5375805 5375817 79
1102449 1973216 40
4996652 4996675 75
5377798 5377817 27
905476 1716463 86
46657 201501 6
5378234 5378256 15
5379382 5379395 70
54917 226309 54
1347381 2222588 12
5380709 5380727 61
5380870 5380889 19
696636 1452240 94
5382119 5382134 68
5272309 5272355 33
1548455 2408729 63
5334917 5334973 94
225403 697924 42
140817 441554 33
382684 992286 3
893089 1705919 13
5385115 5385133 44
905477 1716538 60
5385901 5385931 68
930844 1752620 42
5387038 5387062 11
684646 1437353 26
584768 1313683 61
5388958 5388985 50
5389184 5389202 94
222662 687465 34
5389413 5389433 48
54689 224536 74
1088812 1951193 17
5389682 5389693 33
383676 994887 64
685121 1438054 20
319374 863024 16
425012 1067672 36
125207 408585 57
5390995 5391015 39
5391192 5391213 6
219309 673167 4
1677678 2514213 28
373319 976083 50
5392182 5392201 44
54360 221992 39
4458384 4495318 48
5393642 5393663 34
270491 773407 71
5394287 5394302 35
5394312 5394329 53
5394618 5394632 39
676139 1418270 20
5395625 5395657 12
447386 1101651 75
1340004 2211769 79
5013583 5013615 28
5396322 5396340 57
3127086 3604107 59
983755 1826776 57
605706 1342632 19
76445 272048 78
213119 649086 36
441470 1089243 63
383677 994991 87
1842524 2648023 17
959288 1794620 72
5400209 5400229 22
5400283 5400293 30
690627 1445596 82
213120 649205 81
698965 1455219 61
4794033 4794403 85
5401422 5401445 6
5401479 5401504 17
4457486 4494589 34
5401868 5401880 10
4913059 4913093 16
5402728 5402739 21
358599 956879 69
995037 1841512 97
5403214 5403234 55
4872617 4872638 85
5404127 5404149 31
5404457 5404477 31
684945 1437825 7
343553 932901 89
858419 1673525 88
5405370 5405383 64
5405511 5405531 46
5405919 5405931 94
222663 687579 34
3262569 3702677 100
2264081 2984111 44
3098203 3583064 9
2420449 3106307 50
5406525 5406553 88
5406753 5406766 79
3343757 3759196 16
3759099 4025635 91
685122 1438137 2
135651 425139 53
222042 685185 64
2310045 3020650 38
44481 189104 17
332151 903943 67
223263 689215 99
5412350 5412365 86
905479 1716660 74
441471 1089329 65
141344 445167 99
5413263 5413281 16
332152 904031 97
524377 1230196 59
5416012 5416032 63
5306327 5306347 94
516442 1215458 17
192709 587684 17
358111 955950 66
312572 848397 37
3140620 3616652 51
111417 364388 17
4524240 4547073 8
353517 943939 60
5422837 5422857 98
4051886 4213162 61
54690 224650 76
225405 698104 29
5423539 5423562 40
5423657 5423669 88
995248 1842047 75
669755 1413455 73
2417618 3104442 62
54920 226510 79
332153 904132 79
52750 218818 11
698966 1455260 91
1098656 1965570 68
2125050 2873146 20
690361 1445237 6
1715787 2550680 96
995038 1841620 94
140861 441884 24
5428436 5428455 1
5428547 5428570 70
5429272 5429298 63
222440 686732 99
252763 745388 14
45148 191172 50
213121 649305 75
676140 1418349 13
5431185 5431199 78
5431420 5431439 65
5431675 5431689 63
2124817 2872747 17
1314961 2186323 23
5432029 5432039 52
1774527 2590234 56
5432571 5432585 43
445247 1096089 93
445247 1096090 4
5281451 5281491 57
1551965 2411787 37
3537590 3886857 37
742944 1516702 60
327794 888474 47
84834 290927 38
1443800 2311847 89
1443800 2311848 88
215053 653922 40
223495 691400 67
2361490 3057342 35
499103 1186089 39
5438358 5438374 94
905480 1716731 98
54921 226612 26
5439979 5439996 12
50455 213188 22
282355 792944 15
5440942 5440963 57
1457607 2328325 76
1340005 2211843 77
5441607 5441634 31
135653 425296 24
5443346 5443367 93
5444795 5444814 73
5445263 5445277 24
5445283 5445305 58
5445425 5445445 68
5445661 5445688 23
5445893 5445916 39
1766737 2583002 58
298221 822010 60
425101 1067922 91
662948 1405480 80
54691 224754 31
223986 694450 65
698967 1455299 18
983757 1826862 42
955906 1787185 72
163358 513730 100
568516 1284965 33
5450166 5450180 58
991560 1837360 93
956791 1788330 33
358527 956613 53
1633395 2478930 3
374531 977574 59
374531 977575 87
893050 1705697 12
500930 1189428 19
5208420 5208469 85
5452110 5452133 26
685127 1438406 50
140818 441690 97
3069254 3561313 24
609623 1347215 78
5222849 5222888 64
228273 703829 70
685128 1438487 57
5453321 5453333 95
188531 580744 86
5453719 5453743 12
500880 1189253 85
5453839 5453858 87
697746 1453728 6
5454681 5454698 70
340511 930641 20
246345 735095 35
583711 1303270 24
5456528 5456547 90
536173 1253714 72
1718547 2553780 89
5457148 5457165 55
215054 654007 38
5457502 5457521 93
5457645 2063 12
5457829 5457848 70
5458133 5458143 44
5459148 5459165 55
5459178 5459196 10
5459526 5459563 40
1525409 2383453 76
5350644 5350679 97
2870659 3420675 16
1273912 2149708 22
3100502 3584750 23
222665 687763 25
5460338 5460349 65
5460768 5460786 57
692798 1447891 57
693571 1448433 71
111286 358563 77
5461943 5461967 17
2823 35797 95
685129 1438587 56
3106429 3588727 24
136871 427968 94
5463481 5463499 75
5463816 5463835 10
5464057 5464081 91
5358006 5358048 98
5464481 5464492 3
1242937 2121548 54
5465458 5465474 87
5316617 5316641 90
5466176 5466201 86
5257130 5257170 75
345666 934121 84
383833 995359 37
676142 1418489 8
6418 58063 17
2435356 3117526 3
1051443 1914074 37
105992 339275 64
221937 684701 99
691692 1446662 38
1100832 1971386 75
693572 1448496 17
5186389 5186430 31
5469806 5469828 72
1067630 1930339 78
332157 904426 66
5470801 5470815 95
219432 676207 54
215920 655001 96
4440562 4482481 2
333731 910291 12
5471593 5471624 37
4259 41948 37
2296154 3013289 27
173355 534892 26
54363 222196 79
213123 649409 62
5473525 5473544 64
537709 1256909 66
5474704 5474730 37
1046875 1909004 63
1342588 2216954 51
54364 222360 100
5476331 5476357 19
1391733 2265165 89
957828 1790445 64
1088816 1951319 32
332186 905665 2
603031 1340044 23
5478507 5478529 80
944685 1775302 17
215056 654180 58
345 2882 66
4883913 4883982 10
5479713 5479725 66
1340007 2211916 46
1788017 2604216 72
5481403 5481414 61
5482639 5482663 11
4841250 4841309 85
5482991 5483009 81
54922 226755 72
54694 225070 41
742747 1515409 28
5485302 5485314 62
5485321 5485332 29
120065 383876 73
5486117 5486134 71
3233713 3682626 98
5486444 5486454 51
5486858 5486870 59
111287 358641 42
5487436 5487451 38
685130 1438691 45
225407 698269 45
5488555 5488569 18
5488651 5488664 42
5489224 5489235 62
5489889 5489907 72
5490326 5490337 41
360469 959516 81
105997 339596 59
5492234 5492245 73
45151 191358 86
5151208 5151280 10
5493334 5493352 84
5493450 5493466 60
5493550 5493566 24
85979 293992 70
237238 723173 82
5881 50410 52
5494596 5494618 76
2534270 3190693 95
5495503 5495517 75
1445842 2314904 85
5497393 5497405 21
111288 358706 29
5498447 5498458 15
449770 1105968 98
256459 751561 81
5500718 5500739 92
1715788 2550744 14
5501473 5501488 58
2111434 2860719 7
3692413 3985855 21
353973 946957 35
2065565 2823975 35
5503492 5503521 21
5503772 5503788 12
5505812 5505838 20
2121960 2868590 94
5507002 5507021 44
5882 50540 96
5509243 5509252 62
4001121 4183835 81
222666 687870 74
1592458 2449273 19
5510445 5510461 96
417909 1057893 7
2108701 2858317 39
5511750 5511775 26
5969 54207 42
5512670 5512687 33
693573 1448575 82
2619896 3248625 31
141418 445553 74
5514650 5514664 92
5515097 5515109 62
5515168 5515197 1
5515282 5515293 57
5515411 5515429 100
383678 995091 94
1500215 2364295 73
1446685 2315338 8
5516868 5516888 2
2534105 3190466 52
2753378 3344063 35
2114256 2862811 27
5338261 5338309 97
222667 687987 29
2603226 3237320 87
358601 956953 98
222441 686828 56
2635484 3259171 72
222043 685293 27
293931 813575 20
5524227 5524242 98
3970223 4162720 16
5524532 5524549 25
5524659 5524676 77
1296896 2174314 12
3435271 3813547 80
900528 1710920 100
5526556 5526576 7
5526672 5526697 30
5526766 5526780 14
2413286 3101055 90
1703237 2534133 90
5529405 5529424 70
5529872 5529906 15
1438092 2307316 50
5531006 5531017 52
5531660 5531674 62
700218 1457820 85
5532165 5532178 31
3686404 3981567 76
5532885 5532910 100
293932 813644 55
5535036 5535053 12
5535152 5535171 72
5883 50659 38
5535876 5535891 87
5536905 5536919 18
5537974 5537985 3
54365 222496 30
5538868 5538887 79
4993906 4993948 10
676146 1418729 38
5539080 5539102 20
5539665 5539676 13
5539942 5539963 48
3530842 3882676 10
1774456 2589798 39
3701045 3990681 80
5542030 5542053 66
400153 1011028 4
54695 225167 13
54695 225168 21
54641 224143 72
5543144 5543161 49
261057 757045 25
110273 354681 53
1339908 2211494 94
728458 1498376 86
803085 1598731 34
997627 1847119 72
838000 1649070 45
3081988 3570915 43
218390 670231 66
223503 691795 44
5549469 5549486 84
1067631 1930409 77
111292 358973 14
5551293 5551306 40
201719 604217 64
583718 1303609 77
1722434 2558141 49
226143 699799 77
3114566 3595026 23
3203124 3660950 78
2947189 3477712 54
5556376 5556393 9
299133 823980 63
262333 760168 69
5557954 5557978 27
5559450 5559472 14
2314714 3023221 1
4582901 4595009 59
533506 1246389 80
18696 101194 100
5561079 5561106 83
446313 1099106 22
929231 1748341 96
217774 664750 70
141326 445022 52
1448666 2317723 88
358531 956749 27
225711 699207 54
5564030 5564039 16
5564317 5564335 31
5565714 5565720 80
1706656 2537192 10
3262585 3702751 72
5566840 5566856 99
5567806 5567818 36
1046876 1909054 98
5569400 5569415 45
5569542 5569565 17
1787886 2604077 87
2746005 3337912 59
2823924 3389599 79
50915 215104 97
5573366 5573381 25
5573612 5573642 88
71059 261575 91
5575093 5575115 80
5575528 5575544 99
5576109 5576124 97
5576179 5576203 72
136608 426838 33
84075 288555 76
5576911 5576927 73
4379746 4438100 53
2399711 3091172 4
219876 677097 99
84076 288739 71
192492 587236 82
722201 1482621 77
94671 320911 12
5365849 5365915 47
5580649 5580662 25
676148 1418897 14
995252 1842212 94
222668 688097 92
5581732 5581745 74
225408 698367 42
2631315 3256466 65
107575 351454 90
5582812 5582825 84
5583240 5583253 90
336548 921761 1
1088824 1951509 48
5584488 5584500 49
5585109 5585121 52
133284 421112 42
133284 421113 57
5585771 5585787 26
3382460 3780035 12
58282 238014 27
685131 1438774 62
995253 1842285 62
5588389 5588398 4
934866 1761166 8
1786926 2603292 46
5589897 5589912 26
534829 1250819 93
1663457 2503684 13
213038 648944 20
959189 1794088 18
5594037 5594049 6
4640877 4648693 10
222044 685398 78
694397 1449303 86
676149 1418995 85
24195 126617 4
5596039 5596053 86
791721 1582119 3
95404 322007 2
5598525 5598537 98
222670 688210 48
113499 370234 3
5600095 5600140 99
5600095 5600141 81
5600250 5600264 54
5600312 5600324 38
1454226 2323966 82
863760 1677314 41
5601686 5601706 59
723698 1485202 52
54696 225251 67
223504 691872 92
2612158 3242337 69
5604093 5604120 21
5604167 5604193 22
3197793 3654449 22
5605809 5605819 63
5606489 5606513 33
5607085 5607103 58
54697 225345 72
135371 424769 43
54368 222767 62
584725 1313029 97
4496373 4524944 14
5611776 5611793 90
5612268 5612281 26
509654 1204309 62
288644 805190 22
5613156 5613179 10
5613950 5613963 57
685132 1438842 63
353974 947060 10
2216898 2949771 19
5617335 5617346 17
728462 1498567 8
5618137 5618150 57
5619531 5619542 72
5619998 5620015 45
224696 696680 32
648893 1390388 92
2217737 2950656 4
5621491 5621502 42
5622142 5622205 30
5625064 5625084 60
34273 135908 85
223505 691941 53
140802 441291 72
728463 1498661 76
947021 1776925 27
3305367 3730412 74
1742059 2571470 9
698969 1455403 65
5631185 5631204 50
5631592 5631610 22
293934 813750 11
223506 692018 38
3739921 4013392 25
5633379 5633389 44
5635010 5635022 93
676150 1419067 54
5635803 5635821 19
2323124 3027046 2
5636583 5636598 41
5636610 5636616 90
5637242 5637263 100
54699 225538 87
609460 1346727 12
5638630 5638641 78
353975 947146 62
215058 654278 68
5640014 5640029 48
5641351 5641377 46
7931 63536 89
1932381 2707829 90
696638 1452295 74
54369 222914 14
5644149 5644169 82
225411 698512 7
5644500 5644522 37
5644727 5644749 20
5645636 5645648 25
5646090 5646114 60
2122041 2868812 58
931699 1754953 14
696608 1451517 65
5646840 5646854 28
54370 223027 95
603033 1340194 63
5648388 5648399 75
120070 384184 61
5650652 5650675 65
5651095 5651109 35
5651374 5651392 27
223407 689676 92
5651585 5651603 17
5651722 5651741 48
3258241 3700153 51
5651942 5651961 38
3742393 4014970 60
3707929 3995850 57
5654647 5654658 36
3853886 4087808 78
3436639 3814226 51
5655513 5655522 64
4474921 4508319 48
762534 1545726 74
693575 1448686 88
5659044 5659062 71
5659190 5659206 35
3305368 3730473 91
5518174 5518206 95
3385746 3784173 98
690767 1445907 43
5663017 5663028 3
5663088 5663101 49
54701 225672 67
1791725 2608667 52
423829 1065895 35
5664878 5664899 54
695168 1450066 82
4826294 4826398 80
288462 803771 47
2322735 3026775 28
5667972 5667988 41
2587195 3223180 38
5668196 5668209 26
2587196 3223217 95
289655 807624 8
728464 1498720 43
1617057 2466700 50
941419 1772692 63
691837 1446815 87
110774 356575 12
1206531 2083057 11
5670544 5670559 67
2309657 3019967 80
676152 1419202 50
785551 1571873 21
5671000 5671023 81
603034 1340271 86
962210 1799930 9
685134 1438959 21
983764 1827071 79
2185166 2923140 81
5673146 5673170 97
5673330 5673341 41
5675961 5675972 62
863842 1677717 92
1438365 2307682 65
441473 1089468 57
1068422 1931469 76
137061 428817 40
224598 696420 47
5680274 5680290 80
4920830 4920943 67
1457338 2327318 25
1340668 2212854 13
5684404 5684413 34
5685061 5685080 50
318691 857468 92
5888 50977 38
225412 698598 25
91883 312793 45
958335 1792856 43
1980142 2753555 74
5690449 5690470 74
5691031 5691055 54
4673943 4679047 16
1980133 2753325 54
140579 440461 79
5494839 5494950 86
4772230 4772849 86
5694294 5694314 36
3184952 3645725 68
5697699 5697716 94
5698299 5698313 43
5052474 5052522 20
1706780 2537340 12
5699606 5699618 14
4847351 4847433 15
1633396 2478982 2
5701110 5701123 65
34847 138017 78
5701924 5701936 79
4826030 4826113 100
5702702 5702712 77
773534 1557873 43
215238 654511 62
584735 1313129 2
45105 190432 88
1761762 2581044 59
3263155 3704742 21
775857 1560658 35
5373292 5373304 9
5709037 5709044 58
5709200 5709215 55
222444 687074 26
5709890 5709901 95
5710326 5710341 77
5710641 5710657 87
499107 1186293 37
426411 1069472 54
5711343 5711356 3
5711908 5711927 49
251189 742525 97
5712691 5712706 26
106030 341503 12
5712986 3283257 55
5714439 5714449 42
95785 323046 90
5715175 5715196 86
3442721 3818052 94
5715364 5715378 84
5715436 5715444 31
5715543 5715562 9
5715682 5715695 7
5716126 5716139 18
5716487 5716508 94
5716604 5716624 97
5658836 5658868 47
5717226 5717248 81
803619 1603094 54
5718260 5718279 5
957835 1790727 61
1790606 2608228 71
5719764 5719776 93
5720496 5720513 30
4843770 4843818 58
5720802 5720817 98
4835967 4836093 56
584818 1313931 89
959306 1795132 6
106031 341590 99
60994 241140 30
216777 659057 92
5727744 5727756 25
5730619 5730632 96
3673797 3972649 89
1256872 2134531 84
5733069 5733078 16
2613677 3244039 38
5738090 5738103 52
5738448 5738466 55
225414 698701 61
172805 533106 20
5741993 5742004 42
1458151 2328904 44
1340516 2212442 27
18635 97984 97
5743763 5743773 83
86304 294705 36
332188 905836 46
5745192 5745205 22
216164 655997 6
1831258 2637433 30
803095 1599120 84
426413 1069639 83
5747561 5747571 83
5747778 5747790 43
76449 272211 1
5749169 5749196 94
5749572 5749586 100
5889 51104 30
329696 893533 23
1339911 2211631 21
5752314 5752327 20
958372 1792960 92
5757760 5757777 48
5264706 1545238 82
5176082 5176122 53
5759202 5759217 61
45161 192097 71
655954 1398342 22
106034 341755 60
5762266 5762277 12
2571184 3210858 43
692095 1447401 20
5764177 5764195 10
5765083 5765095 70
1525230 2382608 99
5766403 5766417 21
5767998 5768014 14
5768809 5768821 33
696639 1452356 91
728466 1498855 19
5771708 5771724 76
1127592 1999642 100
5773081 5773093 12
5774888 5774898 39
2893422 3436771 65
2613117 3243411 80
5778428 5778452 42
5778662 5778672 95
45162 192169 41
3136643 3611855 88
5892 51295 62
384135 995718 67
5783357 5783375 68
4856781 4856822 98
5784210 5784219 95
5278839 5278883 12
5787844 5787862 90
5788537 5788549 92
5789093 5789110 29
5789294 5789311 51
5790093 5790109 5
123929 405462 97
174152 537651 44
691838 1446889 35
5791261 5791270 44
5791666 5791682 36
5792744 5792758 3
5255461 5255514 42
5797229 5797253 20
5797710 5797724 46
5798894 5798918 54
214146 651086 26
5801024 5801038 43
141177 444135 56
697759 1454021 6
5801341 5801349 98
18697 101303 77
3536936 3886414 25
5804998 5805014 38
5805465 5805478 29
2306973 3017630 4
5808461 5808472 60
5808586 5808614 90
5809084 5809100 49
5809279 5809303 21
5811868 5811878 59
5812577 5812592 85
333778 910593 98
5813821 5813833 95
5972 54427 30
293938 813916 59
5816096 5816104 71
5816453 5816471 86
5816500 5816521 75
2420976 3106917 96
5817682 5817693 31
5817781 5817789 86
5817990 5818006 51
5819490 5819503 57
5819521 5819534 20
5637089 5637135 100
5819777 5819798 74
2600492 3234302 14
713108 1472098 11
5821595 5821609 82
5822407 5822420 97
4793565 4793824 16
5825907 5825921 49
5827316 5827324 48
5827331 5827342 44
5827726 5827739 27
5828111 5828130 43
294644 815141 87
5828926 5828942 28
4810585 1016238 85
1790906 2608337 59
5829397 5829406 2
5829589 5829613 24
5830449 5830469 54
45166 192394 61
5831631 5831648 49
5834254 5834268 33
380198 986906 96
5837762 5837775 33
2121899 2868290 66
2607653 3239591 71
1790332 2607489 5
5841488 5841496 58
5842502 5842515 88
3153392 3625044 88
45168 192544 32
5844181 5844188 26
5844518 5844529 71
5844536 5844553 77
5845071 5845085 81
3010198 3523305 12
5846683 5846697 93
5847581 5847595 43
3072 38625 63
5851399 5851415 17
5851605 5851614 85
4074486 4229554 12
928860 1742089 1
45169 192615 40
4845597 4845639 94
5855090 5855108 94
5856080 5856100 51
442944 1091918 67
5270241 5270368 53
1279569 2155895 57
223458 690584 56
5858371 5858383 60
111420 364598 18
5860311 5860322 40
5861231 5861248 5
1186186 2060181 50
5447998 5448062 51
5863217 5863232 76
5867333 5867341 25
791209 1580547 44
1080858 1942220 13
3041327 3544197 95
5872696 5872706 35
5873544 5873553 73
4464504 4499793 12
5876349 5876366 79
5877151 5877167 12
5884084 5884103 17
5884145 5884157 95
5885894 5885907 25
5344451 5344517 23
5889565 5889578 53
5890474 5890484 77
5895 51534 96
5891783 5891808 95
140228 436051 95
5893433 5893455 39
5894558 5894570 2
5894947 5894966 22
5895500 5895511 87
5896381 5896405 68
5897203 5897219 31
5897812 5897829 59
5898387 5898405 70
3015119 3526209 100
5900178 5900200 7
5843479 5843501 48
350596 936847 96
5901712 5901731 97
5904573 5904597 10
5904632 5904646 12
5904811 5904831 13
5905554 5905571 58
5906671 5906685 81
1842451 2647898 2
5909613 5909627 42
1116794 9312 59
5913314 5913322 4
5914726 5914741 90
5915050 5915065 4
1779432 2595478 9
5919409 5919421 34
1605 19446 80
5925001 5925012 65
5926842 5926880 97
5927085 5927101 15
690629 1445717 1
657732 1400260 86
4625094 4634142 99
5931238 5931264 52
5933383 5933393 9
653365 1396290 23
5935550 5935563 47
5936770 5936775 18
111374 362588 49
5940070 5940093 62
225415 698765 20
5942224 5942242 91
5582998 5583040 15
2265531 2985668 25
685141 1439362 73
5945005 5945017 60
2182986 2920897 36
5945210 5945217 33
5946692 5946705 75
4831418 4831474 22
5953446 5953462 89
223513 692323 49
5956541 5956556 98
2600099 3234045 83
5651656 5651687 73
2296157 3013377 84
5964855 5964873 87
5965821 5965833 97
5967931 5967942 7
1618395 2467893 83
4979209 4979252 63
5970295 5970317 71
5975143 5975152 32
5975436 5975457 73
1448603 2317479 93
789658 1576216 31
5980280 5980293 84
3530825 3882602 10
5983547 5983562 62
5984018 5984034 90
824827 1633569 33
1579786 2438641 75
3074292 3564440 6
655955 1398436 93
332171 905081 11
5991135 5991154 7
18637 98104 36
5994342 5994353 84
5998500 5998512 82
5999016 5999030 35
5999099 5999113 86
1811449 2622854 63
6001664 6001680 60
135655 425445 91
959311 1795334 96
443555 1092786 81
6009359 6009376 79
6010190 6010204 16
6011565 6011585 38
5422610 5422642 36
6016204 6016227 31
697325 1453395 38
728473 1499107 72
3676271 3974115 84
4359900 4423041 49
6024483 6024495 11
6028898 6028911 64
5706831 5706881 97
6029680 6029692 71
6032844 6032856 99
6033791 6033816 54
6036801 6036812 50
1540257 2399916 43
685142 1439402 92
6038581 6038595 55
6040661 6040676 14
3454977 3831106 45
813998 1616676 62
813998 1616677 13
2422710 3108408 70
4469447 4503774 16
5648836 5648863 42
6049418 6049430 50
5553895 5553936 19
6052296 6052316 73
261069 757487 37
6057608 6057625 2
6057665 6057679 8
871817 1687521 88
6064373 6064385 90
6064665 6064693 56
6065168 6065182 19
6065587 6065596 87
745241 1523877 72
5699693 5699724 13
45175 192897 65
5164346 5164375 13
6078639 6078659 33
3173502 3639107 88
1296905 2174615 21
791699 1582022 89
5705517 5705565 98
45176 192965 83
3198558 3657554 80
6083039 6083054 65
1793716 2610146 9
1357455 2231421 73
4145466 4281425 51
1519963 2378020 23
6090032 6090054 43
6093205 6093216 39
456 4210 63
6095111 6095124 56
5678790 5678839 4
6097016 6097032 95
6098001 6098016 60
45177 193051 81
6103191 6103201 7
6103231 6103249 93
1708790 2539347 23
106067 343088 30
533080 1245731 44
6111884 6111891 76
3256904 3699109 42
751362 1532472 83
6114697 6114709 25
6116397 6116415 78
6119799 6119815 5
6120381 6120397 88
6120422 6120431 71
6121526 6121539 53
650872 1393341 46
6123546 6123558 37
6125994 6126009 33
6126282 6126294 96
995041 1841732 52
6127793 6127801 24
3900 39835 29
269989 772593 87
214148 651232 26
6136289 6136308 77
3031044 3537000 34
164855 516972 70
141062 443607 53
1096836 1962823 33
6142348 6142362 98
111375 362673 40
6143887 6143898 84
6146311 6146327 29
980567 1824311 46
6149973 6149989 96
6150947 6150961 47
6150991 6151006 56
694399 1449389 64
95405 322067 79
871054 1686878 6
116080 373664 14
2894056 3437355 86
6159657 6159677 77
6162657 6162677 95
6163873 6163892 1
6163986 6164005 74
6164605 6164639 8
6167746 6167763 42
6170506 6170518 46
6172152 1915351 29
6172467 4082188 27
6172495 6172508 41
6173440 6173451 60
6174919 6174938 2
6177487 6177502 95
6179013 6179024 54
6179382 6179401 95
6179517 6179540 21
6181962 6181981 35
1484386 2352308 20
6183766 6183778 19
5998129 5998172 73
587981 1319638 44
6186413 6186426 37
1647026 2489751 93
6014661 6014705 50
997531 1846970 60
6194353 6194367 31
6194709 6194729 9
6195143 6195153 86
6195548 6195555 4
6196617 6196633 98
6201451 6201464 91
6202599 6202612 77
6203960 6203969 46
6204242 6204265 74
6206514 6206529 43
6207200 6207215 53
1614 19616 22
6208812 6208828 96
2541790 3195740 61
320448 866170 40
3506677 3862319 82
4325736 4399567 57
6224647 6224662 64
6225438 6225457 48
1088854 1952105 52
6226362 6226377 100
6226490 6226499 6
6229564 6229573 51
6232347 6232360 15
6234555 6234568 83
772167 1555093 14
685365 1439928 93
6236998 6237012 94
6237154 6237184 97
6240875 6240886 71
379143 984821 30
3073 38691 13
117269 376865 64
947116 1777082 59
6252611 6252631 49
6253268 6253279 7
6253747 6253763 90
6254682 6254692 96
6254972 6254980 80
791722 1582188 32
6255482 6255498 9
6256819 6256832 25
111334 360673 58
6260050 6260059 97
1973165 2745408 89
6261160 6261172 7
6261859 6261880 66
358234 956162 21
306301 837160 7
770279 1553153 6
6267023 6267036 74
1761763 2581093 27
6271251 6271261 62
3035860 3540625 59
119799 382277 100
2174592 2914171 52
6278382 6278405 100
545685 1268591 35
6282245 6282255 15
6282534 6282546 64
6282566 6282583 34
6283229 6283243 37
6285601 6285618 82
1618008 2467461 58
6287721 6287738 63
6288987 6289000 4
6289261 6289273 57
135221 424340 57
4921601 4921623 20
512968 1209730 66
6297461 6297472 14
1002827 1852726 11
4813709 4813846 45
6301971 6301982 75
6305939 6305946 18
1799992 2613810 93
262213 759711 5
6308232 6308249 47
897087 1708852 18
2468767 3146092 30
6313956 6313967 39
564957 1283171 73
3179520 3643361 30
6318578 6318586 82
5218226 5218259 90
223461 690673 4
6329287 6329305 23
6332986 6333001 8
6334690 6334702 37
6335946 6335963 90
6337475 6337491 51
4469563 4503936 5
6339691 6339709 20
6340413 6340438 77
45187 193542 92
932873 1757625 20
5050439 5050478 40
6347069 6347085 6
1067633 1930518 52
6348601 6348612 91
5316462 5316480 93
6353648 6353655 51
5095768 5095812 78
5140641 5140652 27
6355427 6355447 53
6355776 6355792 36
6359096 6359109 51
6359979 6359994 96
4119797 4263255 80
815328 1618264 53
6362832 6362845 25
6367596 6367611 12
6370187 6370204 30
6371926 6371942 69
6372780 6372790 1
6373545 6373561 63
585577 1315431 75
45189 193727 30
6375003 6375011 78
1548547 2408806 50
6382441 6382453 17
6383063 6383074 35
3701236 3990761 18
98139 327446 82
6393208 6393221 29
6395011 6395024 58
6395196 6395203 54
6396956 6396970 6
6399178 6399195 95
141491 446132 24
6401335 6401357 43
6401742 6401753 36
6402463 6402481 49
45190 193792 13
6404442 6404449 19
6405859 6405873 48
6406543 6406560 81
6406577 6406590 24
140962 442643 72
6409345 6409357 30
5878995 5879026 4
3886088 4109108 35
6413617 6413628 29
6419306 6419324 17
6419389 6419399 11
6420283 6420296 21
1526074 2384429 21
6424600 6424612 81
3966260 4160092 85
6428066 6428081 70
2592537 3227716 77
6432617 6432635 20
2149921 2892035 72
6438075 6438094 27
605709 1342819 6
6441401 6441417 38
6442865 6442874 1
6446777 6446786 73
6446811 6446820 65
6446915 6446925 63
6447475 6447486 5
6449051 6449066 53
790078 1577447 4
929484 1748801 37
6451875 6451893 98
2875004 3424345 89
6452987 6453001 3
6453109 6453120 88
6454598 6454619 65
6458408 6458423 87
5158474 5158572 60
6462598 6462617 40
6463669 6463678 80
6464474 6464482 9
6465808 6465817 64
2868260 3418090 52
534434 1248876 34
1619561 2468583 71
957842 1790991 74
6480208 6480228 87
6481062 6481074 1
6483762 6483781 65
6485718 6485733 40
6486771 6486783 43
6488076 6488092 45
6489213 6489225 94
6489767 6489785 27
6491333 6491347 53
6492469 6492484 12
6493052 6493065 86
892450 1705216 92
6498262 6498278 66
6502169 6502180 62
934896 1761880 64
6505569 6505577 96
999357 1848114 3
6507296 6507312 64
6510286 6510303 81
6511184 6511197 25
6512187 6512204 44
5230125 5230179 3
6514931 6514941 31
6516037 6516055 39
6516943 6516956 78
6517638 6517655 38
1088864 1952326 75
2914079 3455105 38
6521677 6521690 67
6522037 6522050 50
6522716 6522731 13
36285 142984 35
6530148 6530161 53
727161 1496411 1
291488 809876 77
6532649 6532658 18
6533230 6533242 95
5373293 5373320 20
6536798 6536813 4
1695054 2528862 75
6540366 6540378 80
4229099 4337333 27
6542857 6542871 73
111382 363074 16
6547498 6547509 11
1754640 2576658 98
934898 216207 55
534627 1249644 28
6554854 6554863 67
6554916 6554933 17
293893 813441 48
6558711 6558729 87
6559233 6559245 21
6559430 6559436 22
6559716 6559730 11
6560031 6560047 20
6561014 6561026 22
6562262 6562275 73
6563280 6563295 36
3700132 3990245 42
724700 1490123 39
6564866 6564879 49
6565265 6565280 54
931701 1755065 74
6566207 6566225 5
6569229 6569240 22
6573732 6573748 85
6574161 6574177 72
6575009 6575025 4
6575145 6575166 9
6579153 6579163 93
761224 1544451 1
4040379 4206637 93
6582391 6582403 65
25330 127920 4
6587156 6587169 10
45193 193929 4
6591985 6591998 91
6594432 6594446 88
6598148 6598154 52
6598384 6598399 41
6599022 6599033 1
6600390 6600400 83
1498082 2362774 79
176045 541520 30
6602210 6602227 9
2186579 2924144 92
6605028 6605040 14
277006 783887 91
6606606 6606617 62
5282739 5282794 86
6606723 6606739 8
1649037 2492264 44
6607147 6607162 77
62064 242989 67
223578 693599 65
6611397 6611410 98
6611669 6611679 93
6613368 6613376 70
6613680 6613694 47
6616248 6616258 31
1973582 2745986 86
6617563 6617576 78
6618399 6618409 25
6619382 6619396 24
1532785 2391318 64
6626075 6626088 13
6626701 6626708 77
6629608 6629626 11
6012180 6012212 28
6632562 6632571 58
6634742 6634757 83
6636130 6636141 36
6637044 6637056 40
6638813 6638826 34
6639363 6639375 86
6639432 6639445 65
6643845 6643854 77
690362 1445319 41
6644069 6644085 17
6645310 6645321 40
112385 367966 78
6646435 6646451 64
6646884 6646900 21
6646977 6646990 82
6648140 6648153 2
6648290 6648305 74
2122255 2869058 78
6650976 6650991 62
6653314 6653328 75
6655290 6655303 82
6659440 6659456 95
6660386 6660396 47
6667128 6667141 62
6668224 6668232 55
214150 651371 87
6675655 6675668 48
6682538 6682554 19
5272339 5272455 57
1244515 2123622 9
6687615 6687627 61
6687889 6687915 79
1448124 2316511 13
6688868 6688879 60
6692024 6692035 53
18658 99268 36
120518 393114 99
6699444 6699460 44
6702370 6702388 94
6502756 6502772 53
6715322 6715340 49
6718113 6718134 93
6726105 6726121 44
6731952 6731960 80
1722481 2558968 9
6737671 6737684 24
6738431 6738437 85
6319636 6264306 86
695171 1450250 96
6742991 6743016 43
54708 225983 99
6745996 6746013 94
18660 99416 34
3566030 3904345 20
6751843 6751860 39
1715518 2550211 18
751772 1532717 9
6765780 6765797 45
6767124 6767136 82
6767145 6767156 17
5177789 5177817 46
223523 692617 2
3085247 3573080 8
6772768 6772787 81
5919 52585 32
434149 1081497 57
6777337 6777349 95
6642017 6642058 49
6779659 6779679 26
874017 1690623 50
4623734 3973986 36
6796006 6796017 31
741539 1512290 44
6803084 6803096 58
10418 70573 75
6804577 6804583 58
6806190 6806202 95
6807358 6807372 87
3643214 3955974 79
6814617 6814633 88
6814870 6814877 38
6815824 6815839 92
2406905 3095944 45
6823711 6823724 20
6826543 6826553 21
6827044 6827055 19
6827152 6827162 26
1398557 2272970 8
1941018 2714984 16
6830918 6830929 87
1319688 2190646 90
6838145 6838167 70
4359901 4423072 76
6838666 6838680 94
2325533 3029271 94
6845659 6845667 88
6852390 6852409 80
6853085 6853097 48
6854928 6854938 30
6856137 6856151 32
6856521 6856533 92
6856881 6856893 89
6862322 6862334 22
6866737 6866752 49
6870535 6870545 84
6872213 6872227 33
6872262 6872277 86
6872364 6872377 35
6877026 6877036 60
6879164 6879175 40
6880828 6880846 4
6881696 6881708 45
6883414 6883425 94
6886749 6886762 94
6888158 6888174 42
5233971 5234232 37
1413575 2285996 61
6893825 6893850 28
6894049 6894061 67
6894678 6894692 42
6896028 6896041 28
1498353 2363061 69
934936 1762695 65
6903646 6903658 27
6909471 6909486 56
414312 1052855 53
764573 1548612 9
6912762 6912776 82
6914589 6914605 73
6914846 6914858 3
6917295 6917308 15
3630977 3949015 50
6920610 6920617 32
6920682 6920692 57
6920750 6920761 68
6921927 6921944 58
6925938 6925948 3
6927270 6927281 5
1718759 2554384 29
6929276 6929287 12
6929642 6929654 76
6932013 6932026 86
6932233 6932251 98
6936258 6936274 95
6939467 6939480 17
6944842 6944851 49
6949006 6949015 92
413856 1052529 66
6950087 6950099 78
6951373 6951388 38
6960031 6960039 33
956814 1788419 10
6962778 6962798 38
6969811 6969825 37
1192543 2067203 20
1088882 1952625 30
6975249 6975261 94
6976401 6976411 100
6976924 6976938 24
6979048 6979055 43
6859460 6859499 26
332179 905370 71
691840 1446985 84
2719241 3310875 45
472035 1142165 26
6990033 6990057 81
6993667 6993689 4
6995818 6995829 68
6995869 6995881 82
6995969 6995975 90
6996306 6996317 32
6997169 6997177 81
379961 986106 93
7000183 7000197 37
448138 1103195 18
7002891 7002907 82
7005068 7005076 99
2408866 3097490 44
2481926 3156650 14
2734970 3325849 50
7008710 7008722 55
7010075 7010086 46
192935 587964 84
7010508 7010525 12
7011169 7011179 43
7012402 7012418 52
7014423 7014436 76
7016838 7016850 20
7017278 7017288 97
7018284 7018290 85
7019628 7019641 49
7020663 7020673 10
7021027 7021037 52
7023528 7023537 24
7024334 7024342 35
7026867 7026883 47
2552688 3200139 9
7028359 7028375 20
7029967 7029975 58
7030053 7030063 4
7031243 7031250 54
7031670 7031684 85
7031974 7031990 48
7033608 7033620 77
7034741 7034757 21
7035869 7035883 87
7040047 7040057 23
7040213 7040223 32
1060770 1922331 54
7040493 7040502 39
957849 1791276 3
7040548 7040558 73
7042408 7042419 46
7043218 7043231 88
7044388 7044407 95
7044619 7044632 11
7044796 7044806 71
7047166 7047176 58
7047833 7047843 78
4526267 4548571 54
7048345 7048354 2
7049394 7049406 98
7049588 7049601 43
7049792 7049803 18
7051075 7051088 94
7052102 7052114 82
7053168 7053178 28
7053997 7054012 39
7054269 7054278 85
7056283 7056295 25
2323737 3028006 90
3751309 4020957 33
3096050 3581595 99
7059135 7059144 38
7059179 7059191 12
7061314 7061328 98
2315309 3023667 34
7062926 7062937 31
7063130 7063147 53
3915581 4127539 40
7064194 7064204 88
7064624 7064639 97
7065530 7065543 23
962213 1800030 40
3095984 31727 90
7066544 7066554 54
7067194 7067202 14
7067247 7067261 21
440395 1087707 29
7069211 7069223 25
2634061 3258289 43
424192 1066202 83
7072560 7072570 9
7072886 7072903 86
980208 1824113 36
7073658 7073666 31
7073938 7073951 28
7076587 7076598 94
216807 660054 55
7077782 7077795 44
7078038 7078046 25
7080795 7080804 22
7081706 7081716 55
7081722 7081734 21
7082661 7082671 76
7083147 7083154 12
7085153 7085159 7
7086415 7086432 47
2582573 3220693 26
224330 695076 40
6969376 6969414 69
7091482 7091488 32
7093360 7093371 53
7093703 7093713 39
7094843 7094852 19
7096340 7096350 85
7097207 7097220 15
7097443 7097454 18
7098320 7098331 44
7098570 7098583 57
7099847 7099859 62
7101117 7101136 92
4104999 4254316 93
7103432 7103443 56
7105553 7105563 19
3700142 3990275 11
7105999 7106014 48
7108690 7108697 76
5233972 5234276 14
223989 694570 91
7113322 7113335 34
7114582 7114593 12
7114809 7114819 50
7114856 7114867 25
7116794 7116802 64
1548548 2408835 96
7121721 7121727 17
2706117 3301826 62
6995603 6995651 83
6873471 6873501 21
7121876 7121886 3
7122959 7122969 5
1088887 1952703 34
2635519 3259410 27
62065 243077 14
7136300 7136311 82
2963746 534893 24
120169 389466 54
7142006 7142016 1
7142647 7142663 7
7142862 7142872 75
7147734 7147743 61
7149408 7149423 72
762888 1546408 67
7151045 7151058 97
7151766 7151780 81
7152571 7152584 88
7152722 7152732 71
7154761 7154774 16
486453 1164192 31
7155957 7155969 8
7156301 7156312 4
7162002 7162012 6
7163422 7163433 33
984785 1830445 20
7168875 7168892 82
2745970 3337866 26
7171744 7171757 59
7171773 7171788 36
7173842 7173864 69
413857 1052543 62
4352731 4417969 31
7178911 7178918 77
7183674 7183686 84
7185172 7185191 44
7189608 7189619 10
7190260 7190266 10
7190736 7190746 98
656861 1399248 76
1546455 2406923 83
5945007 5945032 7
7193127 7193135 76
3091151 3578412 60
7193981 7193999 57
7196484 7196497 30
264426 762910 75
7200741 7200750 9
7200890 7200903 97
1824420 2634135 47
7202443 7202450 22
7203124 7203139 12
7203308 7203315 22
5653136 5653171 66
7205415 7205422 58
7206308 7206319 54
7206473 7206482 79
7206520 7206531 66
588774 1321006 75
7208783 7208796 41
7212979 7212993 29
7219455 7219468 79
7219940 7219947 81
7220570 7220581 19
7223241 7223260 24
7224557 7224573 64
7227202 7227213 50
376832 980227 20
7229794 7229802 43
7231779 7231798 85
7232835 7232847 15
7233894 7233902 21
7234272 7234283 54
3095958 3581531 9
7234588 7234596 61
7238156 7238164 57
7240430 7240440 73
7241429 7241439 80
7241541 7241554 31
7242082 7242094 37
7242271 7242282 67
3039468 3543045 12
6607149 6607190 80
7244378 7244389 86
6995725 6995754 28
7245190 7245205 22
3446043 3820447 56
7246578 7246585 93
7247769 7247779 18
7248117 7248133 60
7248429 7248443 76
7248823 7248834 20
7249294 7249306 49
7034743 7034785 28
4816037 4816156 29
7256151 7256161 21
7256912 7256920 57
7257085 7257095 20
1498083 2362813 29
4359902 4423095 24
7258894 7258905 41
7259383 7259399 31
7261177 7261183 75
7261838 7261849 28
7262807 7262819 39
7265047 7265064 11
7265533 7265540 16
7266371 7266378 71
7266460 7266467 42
7266881 7266885 52
7267847 7267867 66
7268321 7268334 44
1929380 2706124 31
7269895 7269904 16
7274121 7274129 43
7274872 7274881 84
7274939 7274947 27
6268980 6269024 57
7277213 7277219 61
7277869 7277880 8
7278712 7278721 86
7279810 7279816 61
7280674 7280688 76
7281553 7281562 46
7282032 7282044 14
1909019 2687248 72
7084576 7084595 89
7283967 7283976 81
7284689 7284693 77
996419 1844392 21
7287181 7287195 47
7288344 7288357 99
7288730 7288752 92
7290906 7290918 90
7291282 7291289 100
7291798 7291809 6
7292149 7292153 22
7292818 7292829 53
7292846 7292858 93
7299264 7299275 80
7299316 7299328 82
7301320 7301333 94
7301714 7301729 59
7303946 7303956 63
5653138 5653200 60
7305361 7305370 70
7305819 7305827 6
7307322 7307331 26
7307424 7307435 80
141547 446460 5
7311567 7311576 12
7312116 7312129 43
7314120 7314131 90
2406864 3095898 91
117272 376954 1
1766644 2582816 79
7314761 7314768 40
376833 980263 59
376941 980448 46
7322837 7322848 95
414859 1053662 59
7322908 7322929 21
7323430 7323438 39
7323707 7323716 18
7324116 7324124 64
3915582 4127557 19
6995637 6995715 44
7325885 7325893 84
7325906 7325919 35
7325948 7325955 86
7328410 7328419 80
7330272 7330279 91
7330290 7330306 21
7339597 7339608 78
7340144 7340154 78
7340594 7340603 43
1341562 2214567 58
7341401 7341413 62
1496384 2361513 7
7344015 7344025 28
7344064 7344074 73
7345324 7345338 39
7346036 7346049 15
7350258 7350270 45
7350411 7350419 86
4216881 4327317 22
7352187 7352198 27
7352765 7352772 59
3203735 3661282 38
7353515 7353525 8
7353927 7353937 86
7355670 7355679 33
7358183 7358189 89
7358377 7358384 16
7359051 7359061 85
7307477 7307514 75
7365796 7365806 71
7369378 7369386 94
7369393 7369403 54
7370352 7370364 75
7370504 7370512 4
7373733 7373748 25
7377142 7377149 44
3235272 3684227 7
7382038 7382047 77
7382560 7382572 69
7383364 7383373 29
7385165 7385185 17
3581510 3915572 14
2390995 3084128 82
7388417 7388426 30
7389200 7389209 61
7389463 7389482 62
7389630 7389641 1
7392509 7392516 65
7393002 7393020 44
7393943 7393954 25
7393964 7393976 12
5053927 5053951 87
7394756 7394766 70
7395132 7395149 84
7395578 7395584 80
7395844 7395857 18
7396502 7396518 16
7396713 7396729 97
7397439 7397455 21
7397709 7397721 2
724737 1491539 80
7403684 7403689 4
762890 1546428 98
7406251 7406267 82
2633940 3258195 98
7409975 7409988 66
7266255 7266282 95
7410767 7410786 57
7411011 7411019 83
7411433 7411445 73
7411903 7411914 93
7412509 7412518 93
7416441 7416454 34
7419573 7419581 59
7419857 7419868 2
7422648 7422660 19
7424245 7424260 91
7425496 7425511 81
1571943 2430814 70
7431761 7431771 55
7432859 7432871 28
7433765 7433778 85
7435269 7435285 29
7435335 7435345 97
7442931 7442937 18
7444707 7444716 15
7446153 7446166 4
7446731 7446744 74
7448767 7448779 10
7450912 7450921 21
7451987 7451992 44
7453172 7453178 87
7453841 7453851 30
7454227 7454233 3
7454360 7454370 16
6084162 6084208 27
7454793 7454798 3
7457752 7457761 14
7458729 7458740 72
7458800 7458811 81
4352014 4417306 27
7461638 7461646 36
7462651 7462670 81
7464879 7464888 35
7465734 7465744 25
7465885 7465900 39
7466071 7466082 96
7466636 7466648 86
7466718 7466730 74
7467044 7467057 3
5811121 5811149 86
7469359 7469367 18
7469417 7469423 81
7472646 7472658 44
7473243 7473259 74
7476433 7476439 92
7476588 7476598 70
7479163 7479179 89
7481259 7481268 55
7481272 7481280 34
18709 101996 64
7484518 7484530 46
7485564 7485576 83
7487238 7487244 6
7488412 7488416 31
7489041 7489049 38
7491762 7491772 97
7492269 7492274 88
7492535 7492549 35
6014678 6014782 9
7494232 7494243 37
1066186 1929392 17
7494918 7494925 15
1766645 2582855 52
7495429 7495437 23
7495756 7495764 41
7496971 7496980 43
7500168 7500178 50
7500366 7500373 97
7502145 7502158 32
7502165 7502173 59
7503795 7503808 30
7504592 7504599 26
7507109 7507118 46
7507239 7507246 88
7508317 7508329 50
7510848 7510853 31
7514214 7514227 91
7353048 7353070 9
7516992 7516998 51
7521599 7521608 76
7522168 7522184 42
1788451 2604571 82
7524675 7524686 6
7527180 7527187 27
7531992 7532007 19
7535853 7535860 35
21281 118805 95
7542220 7542229 18
7544407 7544414 67
7544498 7544510 26
7544850 7544863 95
7545286 7545292 41
3688402 3983298 83
7551204 7551215 49
161845 510026 18
7553016 7553028 37
7554311 7554318 68
7555475 7555487 70
7555718 7555725 96
7556251 7556256 69
7557002 7557011 23
7557617 7557625 5
7558159 7558168 29
7558726 7558741 64
7558970 7558977 43
7559928 7559940 96
7560666 7560673 78
7561764 7561771 89
7562148 7562153 57
7563347 7563356 27
7564863 7564872 89
7567547 7567554 44
7567710 7567724 35
7568022 7568030 50
7568556 7568569 6
7570383 7570399 63
7570532 7570547 58
7570961 7570968 92
7574087 7574096 90
7487921 7487958 95
7584837 7584849 54
7584864 7584872 10
7585545 7585552 79
762892 1546467 70
7585853 7585861 64
7588445 7588456 93
7591388 7591399 51
7594857 7594866 56
7597701 7597713 53
7601351 7601362 67
7604321 7604331 34
7604498 7604506 72
7605021 7605025 72
7607200 7607207 84
7608692 7608701 96
7608968 7608978 33
7614926 7614934 35
7616431 7616439 46
7618418 4495317 68
7623759 7623770 55
7625953 7625958 96
7627069 7627074 45
7633777 7633785 14
7642050 7642062 96
7646218 7646225 98
4173630 4300909 14
7655105 7655114 62
7657574 7657582 44
7660232 7660238 41
7663616 7663624 97
7664382 7664389 29
7664538 7664548 64
7665626 7665636 71
7670271 7670281 86
7671165 7671171 17
4169020 4297054 67
7674537 7674545 77
7675261 7675270 81
7677225 7677232 28
7678094 7678102 58
7684103 7684117 10
141532 446365 41
7685821 7685830 81
7687100 7687112 9
7689989 7689996 8
7692983 7692997 76
7694508 7694518 60
7702698 7702708 46
516123 1215172 80
7704307 7704315 90
7705916 7705927 94
980609 1824379 47
7710737 7710743 75
7712992 7713002 77
7715812 7715823 45
3684885 3980172 40
7722990 7723000 19
7724937 7724955 94
7730309 7730331 36
7733281 7733292 29
7738182 7738197 53
7738890 7738901 22
7739920 7739926 70
7744608 7744616 13
7745931 7745942 92
5450550 5450596 50
7750476 7750490 67
7756866 7756874 31
7757567 7757577 26
2340270 3039459 87
7766268 7766277 66
5077082 5077115 91
7771033 7771044 91
7772753 7772769 92
3263119 3704678 24
7776370 7776384 84
275445 781028 9
7782198 7782210 18
7782217 7782226 40
7783195 7783205 34
7785531 7785539 61
7795046 7795058 91
5653262 5653326 9
1343156 2217778 70
7803463 7803472 13
7804528 7804535 68
7808249 7808258 4
7809259 7809272 15
7810779 7810791 48
7811670 7811679 87
7812654 7812665 44
7813116 7813126 79
7813373 7813384 53
7813403 7813416 98
7813812 7813816 38
7816558 7816567 27
7818121 7818131 77
7819864 7819879 33
7825626 7825633 5
6438077 6438124 86
7831969 7831980 78
7834063 7834085 6
7834100 7834115 45
7840103 7840115 48
7841006 7841013 95
7842074 7842082 14
7842294 7842307 67
7849017 7849027 30
7850240 7850255 49
7850300 6132768 30
7854703 7854713 14
7855088 7855100 78
7855383 7855390 9
7856190 7856198 78
7856456 7856465 44
1782385 2598743 19
3396582 3790403 77
3190439 3648922 29
3372125 3774964 60
73496 266077 96
7863029 7863037 60
7864029 7864038 82
7865449 7865455 38
7866815 7866829 48
7870804 7870814 59
7876595 7876600 43
5431889 5431907 59
45278 196122 41
7881889 7881900 59
7882811 7882821 78
2750847 3341708 87
7888379 7888390 98
7890449 7890458 99
7891976 7891980 98
7893888 7893895 38
7894531 7894538 5
6259262 6259285 97
7897265 7897276 25
7898199 7898210 97
7900402 7900413 71
7900578 7900591 45
7901496 7901508 12
588003 1319761 81
7912287 7912292 43
7912475 7912483 38
7913132 2537567 87
7915261 7915267 85
799401 1590890 82
7926108 7926118 6
7927961 7927971 78
7928322 7928333 67
78622 276873 17
7929915 7929922 29
7932366 7932370 88
7934671 7934679 22
7940052 7940065 98
7942640 7942645 24
7959518 7959526 91
7965092 7965102 38
7966541 7966557 93
7974981 7974988 32
5658852 5658906 74
7989252 7989263 87
7997819 7997824 16
4379017 4437607 14
334776 912542 80
8026391 8026401 56
8038806 8038813 18
4765822 4766475 72
8047669 8047673 2
8055663 8055667 41
8056603 8056608 57
8083813 8083823 32
8085870 8085875 57
8091419 8091427 81
8091685 8091690 51
3904572 4119711 83
8110767 8110782 35
8112927 8112933 1
8125946 8125957 37
8125982 8125992 19
8131065 8131076 27
8135630 8135641 96
1527564 2386636 7
8146408 8146416 31
6424714 6424737 51
8155181 8155192 100
8164363 8164370 69
8164470 8164487 68
8165796 8165803 42
8166090 8166100 16
8167329 8167339 61
8168042 8168050 20
8171634 8171647 64
8171998 8172008 79
8172803 8172813 82
994744 1841123 54
4696154 4699770 67
4760581 4761432 86
8180907 8180916 50
8183739 8183749 65
4550499 4567834 35
752409 1533361 47
8184859 8184877 88
8186022 8186031 84
8192036 8192050 38
8194919 8194922 59
8195784 8195788 87
8195977 8195990 82
8196641 8196657 1
8201652 8201669 100
8201684 8201697 42
8209483 8209494 49
8209572 8209579 14
8209596 8209604 36
8209664 8209668 59
8217184 8217191 81
8218561 8218576 40
8222011 8222022 90
8224088 8224101 56
62067 243170 51
8228292 8228302 95
934500 1759771 6
8235118 8235138 86
54374 223177 21
8244707 8244715 34
8244850 8244858 10
8250913 8250920 25
8252467 8252473 49
8253097 8253110 85
8256510 8256536 32
8257261 8257273 97
8262224 8262233 85
8264717 8264725 68
214381 652423 24
8267694 8267703 23
8285010 8285016 38
8285663 8285667 15
8288955 8288964 70
8289538 8289546 2
4175397 4301940 48
4039343 4206122 15
8294861 8294870 67
8298881 8298887 30
8300803 8300810 10
8302214 8302226 28
8304085 8304093 59
8307238 8307253 42
8310049 8310059 61
1546418 2406879 71
8313012 8313025 77
8314656 8314665 81
8315065 8315077 88
8316441 8316453 50
8321565 8321575 28
7487925 7488024 76
8324066 8324075 29
8325522 8325530 31
8326270 8326280 49
8326349 8326357 20
8328966 8328984 77
8331881 8331892 48
8336714 8336722 7
8336922 8336932 28
525425 1232698 64
8338405 8338412 25
2191382 2929522 57
8349679 8349691 65
8349899 8349912 1
8352324 8352336 87
2406865 3095916 51
8365744 8365754 37
8375447 8375458 33
8376460 8376471 20
8377287 8377297 4
8379998 8380007 44
3337476 3753840 36
935015 1763978 42
8395413 8395423 4
8398770 8398776 8
8400859 8400873 87
8402279 8402286 79
8404746 8404754 2
8418765 8418777 21
8428323 8428330 86
8428339 8428349 67
8433566 8433580 73
8435107 8435113 80
8435341 8435348 17
8437849 8437862 28
8443685 8443699 84
8449426 8449438 79
8454035 8454040 55
7253424 7253466 33
8456095 8456106 12
8457736 8457748 99
8459043 8459054 2
8463918 8463932 76
8468068 8468077 96
8468442 8468454 83
8472756 8472766 56
8478438 8478449 69
8481547 8481555 41
1705875 2536705 64
8488145 8488157 39
8494896 8494906 86
379144 984881 31
8505837 8505845 23
8506578 8506589 86
8509833 8509842 36
8513036 8513045 43
8514571 8514577 52
8522349 8522366 90
8525846 8525858 36
8526882 8526891 96
8530260 8530270 7
8531934 8531948 14
8532787 8532796 92
8532936 8532942 65
8533170 8533179 39
8533233 8533243 48
8544491 8544496 68
8546366 8546377 31
1554184 2414315 65
201787 605755 4
5258768 5258795 62
8559151 8559161 28
11183 72124 71
8569084 8569095 19
8572922 8572933 63
183441 565207 53
1342546 2216607 46
8581694 8581704 19
8582149 8582156 37
8583788 8583796 92
4354799 4419790 17
7484473 7484493 44
319132 861154 82
8588111 8588116 75
8588385 8588396 38
8589287 8589293 2
8592535 8592542 10
8596516 8596522 96
8600175 8600184 54
8602133 8602143 45
45219 194968 31
8602372 8602390 49
8608194 8608203 91
8610043 8610051 18
8610090 8610098 26
8614516 8614526 42
8624012 8624024 77
8626486 8626494 70
8631555 8631574 85
8633098 8633108 53
8635843 8635858 40
8643282 8643291 85
8646228 8646238 53
8653877 8653888 65
8655334 8655339 44
8656327 8656332 62
8659412 8659423 20
8661486 8661496 94
8662183 8662205 67
8662642 8662655 70
8665262 8665274 88
8666791 8666797 94
8668354 8668364 29
8672443 8672463 28
8672726 8672742 99
8672766 8672785 95
8681800 8681812 95
8682125 8682130 34
8687410 8687419 66
8694976 8694985 89
8695606 8695614 6
7079165 7079182 65
4024046 4197672 92
2633976 3258220 7
8709108 8709121 98
8712589 8712598 33
8714541 8714551 80
8715789 8715798 43
8715804 8715821 46
8719109 8719114 17
8723841 8723851 2
4206609 4320479 83
45221 195089 29
8738504 8738515 31
8738824 8738833 76
8739268 8739280 99
8739355 8739367 84
8742414 8742422 64
8745198 8745208 23
8745642 8745652 25
3122961 3600188 90
2750811 3341668 18
8749724 8749735 14
8751772 8751780 23
8752065 8752076 52
8766237 8766244 79
2573746 3213953 62
8772252 8772259 70
243263 731016 45
8773724 8773736 8
8777933 8777942 35
8783126 8783137 35
8783924 8783932 27
3930651 4137813 45
8787020 8787027 74
2867207 3417156 36
8799596 8799601 97
8801908 8801914 36
8803023 8803029 73
8805475 8805489 47
8809735 8809743 88
8812960 8812965 47
136760 427374 6
8818296 8818307 45
8821628 8821633 71
8831403 8831410 10
8832982 8832989 55
8835590 8835603 19
8838230 8838236 71
8838651 8838656 88
8838723 8838737 51
8841535 8841547 92
8842122 8842131 64
8842144 8842153 99
8844028 8844035 10
8849627 8849639 18
3890528 4111295 48
8857094 8857101 39
8857426 8857440 11
8860033 8860039 80
4473962 4507413 82
8862364 8862371 98
8866456 8866468 21
8868804 8868811 85
8870843 8870852 83
8873860 8873864 2
8874328 8874335 26
8874718 8874729 13
4197679 4314713 97
8879434 8879440 82
8881960 8881973 7
8883696 8883704 75
8886407 8886418 33
8889345 8889349 80
8891510 8891521 49
8891606 8891611 85
8895520 8895526 96
8898883 8898897 31
8899088 8899097 46
327470 888018 38
584757 1313547 100
8908590 8908600 16
8909640 8909651 18
8912076 8912080 65
934503 1759882 24
8919672 8919684 83
276845 783635 61
8929235 8929252 73
8930612 8930620 85
8934115 8934126 43
8936810 8936818 70
8953516 8953534 9
8956597 8956602 84
2573747 3214003 71
8961193 8961203 42
8966391 8966407 72
2601650 3235649 79
8974502 8974521 92
8977436 8977440 27
8979235 8979253 32
71314 262943 59
1544313 2404498 4
8991609 8991618 67
8994810 8994818 32
8999164 8999172 69
9007002 9007009 100
9013841 9013846 17
9015200 9015207 7
9018569 9018577 44
9020389 9020395 85
9022058 9022065 13
9025323 9025328 99
9026285 9026300 88
2728177 3319090 8
9040776 9040782 10
9044919 9044937 76
9048732 9048737 37
9051647 9051651 22
9057451 9057461 96
5795911 5795930 65
9060466 9060473 96
2633977 3258230 26
9071240 9071246 9
9081619 9081623 79
71315 262977 97
9095684 9095693 62
9098437 9098443 36
9099772 9099786 87
9103303 9103307 92
9107569 9107574 3
9134784 9134800 2
9135219 9135226 94
9135714 9135722 67
10889 71348 38
9136463 9136479 98
9136928 9136935 21
9138117 9138129 78
9144015 9144022 88
9147092 9147098 60
42197 173665 31
9150338 9150348 94
9150567 9150577 75
1471557 2340324 83
9155685 9155691 84
1956669 2727922 28
9158936 9158949 29
444355 1094435 72
9178562 9178570 36
7196917 7196953 10
9181467 9181482 53
9195349 9195361 20
9214115 9214124 24
9238186 9238195 53
9205279 9205293 18
9249546 9249554 83
9252828 9252839 60
1637285 2481234 36
9267822 9267838 56
9270186 9270204 50
9276360 9276371 76
9278670 9278678 35
9284104 9284111 63
9285278 9285295 77
9287174 9287193 44
5649444 5649457 34
9303723 9303733 20
9304510 9304521 26
377039 980525 91
9312101 9088999 79
980608 1824370 90
9324135 9324142 75
1852708 2654635 30
866144 1680912 26
9328450 9328456 85
9331316 9331327 14
9338135 9338145 9
9338957 9338971 44
9345488 9345501 56
9358293 9358300 66
9358358 9358370 38
9379701 9379709 5
9389096 9389103 85
9396494 9396504 13
9398930 9398942 57
9404265 9404278 17
9404331 9404344 38
9404834 9404839 50
9405609 9405614 11
9407066 9407071 49
9421993 9422003 97
9436904 9436921 91
9437092 9437095 96
852846 1667224 10
9460863 9460873 93
9466943 9466953 35
9480879 9480883 46
9488835 9488844 92
9502421 9502433 81
9529024 9529033 63
9536451 9536455 70
9537121 9537130 56
9539789 9539800 99
9545340 9545349 84
928945 1744705 55
9574632 9574637 92
45229 195438 97
9583558 9583567 34
9591127 9591132 68
9599096 9599103 46
3536938 3886477 73
9611966 5827469 16
9614759 9614770 1
9615259 9615271 14
1402335 2276715 85
9629118 9629126 15
9635386 9635394 21
9637232 9637239 85
9644139 9644143 5
9655529 9655538 33
9657831 9657836 20
9777406 9777417 54
9779269 9779278 61
9792432 9792442 43
9799864 9799873 21
9809659 9809663 20
8851 66050 92
9836072 9836079 35
9838023 9838028 87
9871308 9871320 76
9875815 9875826 31
9889886 9889895 31
9892497 9892506 72
9896308 9896313 77
730985 1502256 91
9929600 9929608 3
9930049 9930059 60
9932665 9932678 60
9933821 9933834 82
1342169 2215231 87
8852 66091 24
162009 511404 60
9949151 9949157 70
9952339 9952343 35
9952695 9952702 97
9954846 9954853 98
9955028 9955034 79
9955953 9955964 1
9957424 3259863 86
9961310 9961318 38
8932657 8932679 100
9967476 9967482 72
9967843 9967854 69
9969494 9969505 49
9969847 9969856 79
9972530 9972539 34
9973788 9973797 18
9977022 9977031 73
255608 750079 94
9979472 9979481 88
9980229 9980236 44
9982160 9982169 56
9984099 9984105 4
9986129 9986138 53
9989121 9989129 39
9990383 9990391 29
9996675 9996683 54
9999353 9999368 69
889 7083 78
10014730 10014740 14
10015864 10015874 87
10020135 10020141 96
10030733 10030738 74
10117143 10117148 12
581043 1298350 2
8073022 8073055 55
242953 730618 33
10294948 10294952 28
10295351 2647598 40
10297876 10297880 33
269237 771738 22
3206396 3662907 98
10325564 10325568 60
10328194 10328198 98
7179705 7179720 2
10365516 10365520 1
10387265 10387269 29
38830 158635 70
10664264 10664270 4
10669015 10669019 56
10674323 10674328 71
10684706 10684714 86
10690774 10690777 43
117278 377004 65
10711879 10711888 55
10725170 10725180 64
10727344 7123245 49
10729491 10729499 10
10731483 10731486 21
10739172 10739177 78
10740851 10740858 38
10743127 10743132 85
10757318 10757321 73
10761293 2307315 51
10777950 10777954 17
10778171 10778176 52
10784519 10784524 72
10787479 10787482 14
782760 1569210 22
10804082 10804086 73
10821772 10821780 75
10830073 5133154 88
10832982 10832992 75
10836282 10836287 94
10838538 10838546 39
10864558 10864563 82
10865096 10865103 67
10866534 10866537 85
10871469 10871477 79
10875220 10875225 68
10876538 10876541 81
10909626 10909631 18
10915864 10915867 40
2285690 3007280 18
11041712 11041716 24
11041733 11041738 62
11041761 11041765 43
11042580 11042587 38
4564672 4579791 96
11044217 11044221 22
11044593 11044600 95
376911 980391 30
11045913 11045919 51
11046139 4160153 73
11046139 11046145 12
11046740 11046746 5
6600172 6600201 39
3982598 4170710 98
11064178 11064183 76
11070136 11070141 58
11070147 11070154 87
11070171 11070174 69
11070201 11070205 84
11070236 11070242 27
11070287 11070293 56
11070324 11070333 30
11070357 11070362 85
11071080 11071084 93
11072452 11072461 98
11072577 11072581 86
11073297 11073303 55
2404817 3094087 54
11074579 9824829 66
11076143 11076149 39
11078169 11078175 36
11078250 11078255 79
11071180 11071196 39
11079739 11079746 48
11080538 11080541 17
11082448 11082453 31
11082810 11082818 69
3206397 2085891 100
11084048 11084057 66
4126746 4268434 37
11089358 11089364 28
3112938 3593810 93
11097710 11097715 34
67469 255867 50
11100435 11100443 49
11100518 11100523 43
3039449 3543031 23
11105322 11105326 43
11105340 11105343 46
377045 980576 49
11106566 11106569 35
11111925 11111933 69
2366210 3060991 78
1092272 1956689 83
7929933 7929965 78
11167058 11167062 66
498801 1185408 45
11187968 11187976 75
11188397 11188402 78
11201380 11201384 11
11204736 11204741 13
11212750 11212757 85
11217892 11217896 63
980389 1824179 86
11221082 11221085 41
11224839 11224843 25
588013 1319844 90
376839 980307 49
3662952 3966272 87
11261691 11261697 34
2434508 3117084 72
11281970 11281973 31
2930990 3466346 2
11289520 11289525 29
11307774 11307780 88
11313773 11313782 5
11315675 11315686 7
11320200 11320206 95
11324944 11324951 90
11334996 11335000 86
2434509 3117094 67
11345517 11345522 42
498802 1185419 1
11360971 11360976 60
11361291 11361296 3
11363860 11363866 98
11365021 11365026 64
3966294 4160153 93
11389134 11389138 79
11419391 11419394 9
4160171 4291405 68
11425594 11425599 64
11441369 11441374 90
11453499 11453504 37
6869500 6869516 53
2366211 3061003 13
11499369 11499372 52
11533009 11533017 61
2059148 2818707 97
11567733 11567736 30
2429417 3112992 56
11590864 11590870 39
7775 63125 90
3661922 3965598 15
11626881 11626887 2
11637597 11637603 30
11642375 11642379 27
11649770 11649774 46
11652515 11652525 85
4160104 4291359 46
11703325 11703328 20
5321481 5321519 27
11753811 11753819 2
11774674 11774680 17
11779564 11779567 86
7284000 7284016 4
11781293 11781299 77
11790336 11790338 63
11792909 11792915 90
11804288 11804293 69
11804426 11804432 94
11805490 11805493 28
2760086 3348347 32
5653146 5653299 3
11836035 11836040 23
11836364 11836367 5
11849382 11849387 30
11871231 11871236 88
11877821 11877830 78
11914446 11914452 64
11938181 11938186 18
11941775 11941778 91
11941803 11941806 22
11955352 11955355 65
11979038 11979041 99
9556815 9556835 70
11985884 11985886 26
69037 257998 97
11995253 11995256 58
11997273 11997276 98
12006684 12006687 22
12034898 12034901 75
5000100 5000123 8
12066767 12066772 58
12160589 12160592 15
12160619 12160623 44
12160681 12160686 60
12160736 12160740 59
12160839 12160842 35
12179246 12179249 69
12182956 12182960 12
12183363 12183367 38
12196470 12196476 74
12199939 6154018 52
12227639 12227646 77
12240661 12240666 71
12240805 12240809 69
12264187 12264190 37
12274781 12274791 90
12275374 12275378 37
12297017 12297020 72
12315221 12315225 18
12320323 12320328 9
12330584 12330589 88
12334011 12334016 38
12334497 12334502 13
12342551 12342555 47
12346848 12346855 16
12354925 12354928 66
730470 1501972 61
12521426 12521432 45
12636737 12636741 43
12679012 12679016 60
12714591 12714595 30
12750981 12750987 96
2428250 3112237 9
12767657 12767660 58
12769464 12769469 97
12814934 12814937 51
12814986 12814990 52
12816107 12816112 55
12870368 11489134 76
12888452 12888458 76
2611232 3241478 71
12952591 12952595 54
12958098 12958104 95
13013621 13013626 39
13025682 13025685 41
13031854 13031861 58
13041140 13041146 3
13077167 13077170 65
13078297 13078300 95
13116218 13116223 82
13135478 13135481 16
13139098 13139101 79
13140085 13140088 80
13144701 13144706 13
13162786 13162792 91
13166029 13166032 40
13191756 1787112 60
13202890 13202898 37
13203097 11557479 50
13210431 13210437 40
44932 189687 67
966 15216 86
14217181 14217184 87
262871 761190 1
14222456 14222459 7
14224412 14224414 46
14224911 14224915 81
14228056 14228062 71
14233661 14233666 64
14233681 14233684 18
14233686 14233690 72
14233982 14233985 65
14242661 14242666 62
14252909 14252913 100
14255291 14255293 96
14266013 14266017 37
14268591 14268593 100
14272636 14272638 93
14275142 14275144 19
14283233 14283237 38
14290684 14290687 95
14299377 14299383 25
14307779 14307782 30
14310297 14310301 6
14312117 14312120 21
14316034 2549716 68
7250870 7250874 80
14326368 14326370 15
14327458 7472186 2
14329369 14329372 65
14330562 14330565 11
14331783 14331786 44
14332735 14332737 92
14337625 14337628 96
14338068 14338073 35
14338500 14338503 37
14339461 14339466 47
14342092 14342096 15
14342464 14342466 10
14343626 14343628 10
14346123 14346127 93
14348148 14348152 100
14348174 14348177 20
14353046 14353048 91
14354553 14354558 98
14355316 14355318 29
14356005 14356011 94
14364508 14364513 27
14375564 14375566 94
14378477 14378479 41
14381379 14381381 77
14383741 14383743 38
14387946 14387950 38
14387954 14387956 70
14388226 14388228 48
14388343 14388345 70
8933029 8933037 34
7253401 2593795 84
14391372 14391376 68
14393047 14393051 55
14401203 14401205 12
14405393 14405397 18
14405623 14405625 6
14408469 14408473 26
14415321 14415323 75
14429261 14429265 64
14437631 14437636 69
14440560 14440563 71
14468060 14468065 47
14469490 14469493 37
14470294 14470299 54
14473215 14473217 3
14474629 14474631 16
14477773 14477776 90
14478746 14478749 38
14480803 13990556 87
14481605 14481608 65
14485188 14485190 7
14496207 14496209 11
14499682 14499684 52
14505163 14505167 71
14505172 14505175 28
14511105 14511109 90
14523925 14523927 100
14526913 14526915 77
14527018 14527020 40
14527478 14527480 23
14530184 14530186 90
14530658 14530661 84
14532757 14532759 11
14530167 14530177 13
14544072 14544075 84
14544252 14544255 54
14544257 14544260 75
14544747 14544750 55
14545914 14545917 83
14546553 14546556 42
14557939 14557944 31
3061025 3555971 50
376914 980399 51
14571198 14571200 24
14574875 14574878 88
14639280 14639283 23
14646951 14646954 92
14658040 14658043 56
14658788 14658790 75
14667464 14667466 30
14694452 14694454 56
14704135 14704137 5
14713215 14713218 40
14714651 14714653 1
14715930 14715932 61
7193988 7194048 75
14725908 14725910 64
14726871 14726874 12
14730944 14730951 43
14732400 14732402 52
14732523 14732525 75
14732547 14732551 22
14736569 14736572 46
14737457 14737460 81
14737555 14737557 31
14737559 14737561 84
14737891 14737893 10
14739109 14739111 86
14739340 14739345 12
14739350 14739352 69
14740751 14740753 35
14743234 14743239 29
14747191 14747193 48
14747976 14747982 91
14748797 14748799 72
14752248 14752252 8
14753209 14753213 46
11568 72813 14
14755637 14755640 89
14755809 14755811 8
15008891 15008893 70
1471510 2340273 98
15286456 15286459 79
15307505 15307508 27
15316268 15316273 75
15319341 15319345 83
15338109 15338112 28
15358468 15358471 57
15407669 15407672 17
15413056 15413061 16
15413180 15413183 5
15430707 15430710 47
15440501 15440505 58
15443817 15443820 48
15452521 15452524 88
15608459 15608463 18
15609032 15609035 28
15616016 15616018 31
15645520 15645523 85
15664591 15664593 16
21722504 21722531 22
1066198 1929431 14
28386333 28386334 7
28955258 28955259 67
31085467 31085468 50
32632748 32632749 1
32635745 32635746 97
28685536 28685537 23
32992549 32992550 97
32992551 32992552 40
32992553 32992554 77
32992556 32992557 29
32992558 32992559 71
32992561 32992562 87
32992563 32992564 55
32992565 32992566 90
32992567 32992568 30
32992570 32992571 12
32992573 32992574 99
32992575 32992576 16
32992577 32992578 2
32992579 32992580 32
32992581 32992582 68
32992583 32992584 59
32992585 32992586 94
32992587 32992588 90
712636 1471511 1
14546702 14546706 82
32992589 32992590 86
32992591 32992592 77
32992595 32992596 66
32992597 32992598 39
32992601 32992602 91
32992603 32992604 38
32992605 32992606 77
32992607 32992608 52
32992609 32992610 38
32992613 32992614 78
32992615 32992616 64
32992618 32992619 34
32992620 32992621 36
32992622 32992623 35
32992624 32992625 89
32992626 32992627 19
32992628 32992629 6
32992630 32992631 18
32992632 32992633 72
32992634 32992635 40
31998002 31998005 27
32992640 11090996 44
32992643 32992644 88
32992646 32992647 49
32992648 32992649 6
32992652 32992653 1
32992654 32992655 25
32992656 32992657 2
32992658 32992659 51
32992660 32992661 93
32992663 32992664 67
32992665 32992666 85
32992667 32992668 18
32992669 32992670 94
32992671 32992672 83
32598627 32598632 34
32992673 32992674 66
32992675 32992676 66
32992679 32992680 1
32992681 32992682 21
32992683 32992684 10
32992685 32992686 15
32992687 32992688 85
32992690 32992691 30
32992692 32992693 17
32992695 32992696 91
32992698 32992699 48
32992700 32992701 8
32992702 32992703 39
32992704 32992705 87
32992706 32992707 39
32992708 32992709 30
32992711 32992712 21
32992713 32992714 24
32992716 32992717 78
32992719 32992720 15
32992721 32992722 35
32992723 32992724 3
32992725 32992726 90
32992727 32992728 2
32571016 32571021 76
32992729 32992730 80
32992732 32992733 29
32992734 32992735 88
32992736 32992737 36
32992738 32992739 64
32992740 32992741 1
32992742 32992743 90
32992744 32992745 8
32992746 32992747 23
32992748 32992749 2
32992750 32992751 81
32992752 32992753 76
32992754 32992755 38
32992756 32992757 57
