3916097 245850 50
4268875 245850 28
63347 245850 17
73421 245850 53
765112 245850 65
4908179 245850 53
1549194 245850 36
3097740 245850 36
424945 245850 29
262726 245850 38
4908164 73421 70
9695724 2409428 8
4110038 245850 13
3032838 262726 97
265898 245850 13
9699848 73421 45
9699848 4908179 56
265340 245850 73
128215 245850 60
2409381 245850 7
3582802 245850 50
4127720 245850 99
72822 245850 39
240806 245850 88
71257 245850 55
1292173 2169486 2
1292173 2169488 69
245850 265900 64
10100955 262726 97
10100955 71257 77
3887722 4110038 25
10100962 262726 52
10100962 71257 84
4908205 4908179 82
4908226 4908179 50
4908253 4908179 61
13312742 4902942 87
265900 765123 11
4908218 4908179 81
3032849 71257 72
14889903 14889905 77
14896201 14896203 35
14896213 14896215 82
14896213 14896216 22
14896229 14896231 10
1549212 71257 30
1549212 761073 99
14916041 262726 90
14916041 71257 91
14916041 1544281 91
14916046 262726 30
14916046 71257 29
14916046 3093655 86
14916053 262726 55
14916053 71257 74
14916058 262726 31
14916058 71257 62
14916913 262726 59
14916913 71257 98
14916913 3914662 12
14916913 761073 17
14917769 262726 50
14917769 71257 85
14923823 262726 28
14923823 71257 67
14923827 262726 57
14923827 71257 6
14923827 1544281 35
14923827 761073 52
14924999 262726 86
14924999 71257 54
14925003 262726 63
14925003 71257 44
14925007 262726 27
14925007 71257 50
14925011 262726 76
14925011 71257 33
14925016 262726 80
14925016 71257 30
14925016 761073 46
14925021 262726 60
14925021 71257 39
14925021 1544281 24
14925026 71257 84
14925026 761073 22
14925031 71257 94
14925031 761073 48
14925036 262726 19
14925036 71257 100
14925036 3914662 43
14925036 761073 72
14927377 262726 69
14927377 71257 59
14927377 1544281 6
14927385 262726 83
14927385 71257 96
4908240 4908179 99
14952050 71257 54
14953059 71257 38
14953059 3093655 59
2330465 262726 14
14953360 262726 90
14953360 71257 56
14953491 262726 57
14953491 72822 26
14953534 262726 54
14953534 3914662 8
14953538 71257 36
14953538 761073 87
14953999 262726 53
14954005 71257 35
14954353 262726 15
14954353 14954355 46
2409428 245850 71
14981032 73421 97
4943800 73421 31
4943800 4908179 29
14987492 14896215 10
14987492 14987494 2
14990500 245850 5
14954355 245850 72
15022346 262726 43
15022346 3582802 85
9695728 9695724 97
15033857 71257 10
15033857 3580012 13
15047038 262726 83
15047038 1544281 31
1549213 765112 61
1549213 262726 70
1549214 262726 31
1549214 71257 74
14953540 71257 81
14953540 761073 29
15050211 71257 35
15050211 1544281 60
15053626 3032849 77
15055357 73421 33
15055357 128215 96
15058343 262726 47
15058343 3093655 67
15058486 72822 38
15064564 1544281 31
15064564 761073 51
4908212 4908179 93
15084378 63347 94
15084390 14889905 2
15084775 63347 36
15084775 128215 42
15084795 4908179 77
15084795 128215 49
15084798 73421 92
15084798 262726 23
15084801 765112 37
15084801 128215 71
4908249 4908179 7
15087360 262726 24
15087360 15087362 70
15094642 71257 29
15094642 4268521 20
15096740 262726 85
15096740 1544281 50
15096744 3914662 35
15096744 761073 28
15096748 72822 19
15096748 71257 12
15096756 262726 27
15096756 14954355 22
15096756 3914662 4
15096760 72822 18
15096760 71257 55
15096764 72822 45
15096764 1544281 71
15096768 72822 56
15096768 1544281 77
15096768 761073 4
15096772 262726 59
15096772 4943821 93
15096777 72822 42
15096777 71257 84
15096777 761073 91
15096781 72822 27
15096781 71257 43
15106781 71257 9
4908151 4908156 99
15111843 73421 84
15116975 4908179 22
4902941 262726 14
4902941 71257 78
9695742 9695728 20
15123025 73421 55
15123025 4908179 85
15123025 424945 35
15125117 71257 22
15125279 3913882 26
15125581 14889905 26
15125740 73421 33
1549215 71257 58
15131523 262726 54
15131523 71257 58
14896221 14896224 95
4908202 4908179 75
3913882 761073 84
15156084 14896224 9
15156950 262726 51
15156950 15156952 46
15156950 10341900 60
4908223 4908179 72
4908245 4908179 17
15167196 4908156 66
15172795 63347 63
15172795 73421 34
15172795 262726 81
15178051 262726 27
30489905 73421 88
14991466 14991469 78
14991466 14896216 1
15038768 14896216 91
14991467 14896216 39
32948547 245850 65
32960203 262726 77
32960203 71257 95
32960390 63347 95
28311474 1549194 73
32960451 262726 8
32960451 71257 31
32960455 262726 51
32960455 3093655 27
32960455 1544281 100
32960462 71257 40
32960462 761073 69
32960465 71257 28
32960465 3914662 44
32960468 14889905 100
32960472 765112 78
32960476 73421 48
14953061 71257 1
14953061 3093655 62
1549216 71257 6
32960480 71257 68
32960480 761073 8
32960484 262726 64
32960484 3914662 90
32960484 1544281 11
32960488 765112 77
32960492 262726 81
32960492 71257 74
32960492 761073 18
3913883 262726 10
3913883 71257 68
14896209 3032838 92
32960495 63347 34
32960499 240806 64
32960503 240806 21
32960507 240806 74
32960511 240806 55
4908156 71257 9
32960515 71257 81
32960515 1544281 86
14889905 245850 85
32992758 73421 39
32992758 14889905 56
32992759 73421 81
32992759 4908179 23
32992759 14889905 53
32992760 71257 42
32992760 14889905 93
32992761 14889905 68
32992762 14889905 16
32992763 14889905 89
32992764 14889905 94
14896231 14896201 4
32992765 265340 40
32992766 10100955 29
32992766 4902941 29
32992766 4908156 34
32992767 73421 9
32992767 32992768 8
32992768 245850 28
14896208 14896209 2
32992771 15058486 94
32992772 15058486 46
32992773 3032849 49
32992773 4908156 98
2134896 73421 53
2134896 765112 1
32992774 73421 92
32992774 765112 59
32992774 262726 93
32992775 765112 28
32992776 63347 39
32992776 73421 67
32992776 765112 64
32992776 262726 9
32992777 765112 18
32992777 1549194 37
32992778 73421 47
32992778 765112 48
32992778 4908179 75
32992779 765112 57
32992780 765112 42
32992780 4908179 83
32992782 765112 78
32992782 1549194 47
32992783 765112 2
32992783 262726 82
14896224 4908156 23
14896226 4908156 84
32992784 4908156 72
32992785 4902941 39
32992785 4908156 39
32992786 32992787 60
32992787 761073 92
32992789 32992787 30
32992790 72822 22
32992790 71257 32
32992790 761073 67
32992793 71257 31
32992794 262726 62
32992794 71257 32
32992795 71257 66
32992798 72822 73
32992798 71257 87
32992799 262726 28
32992799 71257 94
32992799 3914662 5
32992799 761073 79
32992801 262726 85
32992801 71257 94
32992801 1544281 27
32992803 71257 23
32992803 761073 77
32992805 262726 3
32992805 71257 67
1549217 262726 56
1549217 71257 41
1549217 761073 48
32992807 262726 41
32992807 71257 88
32992810 71257 35
32992810 1544281 38
32992810 761073 2
32992811 72822 82
32992811 71257 83
32992812 71257 62
32992812 1544281 74
32992813 71257 75
32992815 72822 10
32992815 71257 49
32992817 262726 56
32992817 71257 14
32992817 3914662 14
32992817 761073 22
32992820 71257 32
32992820 761073 17
32992822 262726 36
32992822 71257 57
32992825 262726 5
32992825 71257 48
32992825 3093655 68
32992827 262726 39
32992827 71257 95
32992827 3914662 70
32992827 761073 12
32992830 262726 18
32992830 71257 56
32992830 3093655 4
32992832 71257 80
32992833 262726 16
32992833 71257 93
32992833 761073 10
32992835 262726 14
32992835 71257 48
32992835 3914662 61
32992835 761073 50
32992838 71257 96
32992838 764591 98
32992839 262726 95
32992839 71257 74
32992839 32992842 92
32992839 764591 1
32992847 262726 61
32992847 71257 27
8115866 71257 89
32992850 262726 64
32992850 71257 40
32992850 3914662 90
32992850 761073 75
32992853 262726 60
32992853 71257 85
32992855 262726 47
32992855 71257 60
32992855 3914662 92
32992855 761073 65
32992857 71257 43
32992857 761073 100
32992859 262726 87
32992859 71257 45
32992859 761073 34
32992862 262726 15
32992862 71257 67
32992862 761073 1
32992865 262726 15
32992865 71257 86
32992868 262726 68
32992868 71257 99
32992868 761073 14
32992871 262726 7
32992871 71257 82
32992871 761073 36
32992873 262726 60
32992873 71257 12
32992873 761073 25
32992875 262726 95
32992875 71257 46
32992875 761073 86
32992877 262726 24
32992877 71257 35
32992877 1544281 85
32992879 262726 60
32992879 71257 3
32992879 3914662 34
32992879 761073 50
32992881 262726 86
32992881 71257 20
32992881 3914662 61
32992881 761073 39
32992883 262726 26
32992883 71257 42
32992886 262726 26
32992886 71257 86
32992886 761073 70
32992888 71257 74
32992888 761073 92
32992891 71257 79
32992891 761073 59
32992893 262726 44
32992893 71257 68
32992893 3914662 64
32992893 761073 86
32992896 262726 10
32992896 71257 88
32992896 761073 23
32992898 262726 58
32992898 71257 65
32992900 262726 48
32992900 71257 33
32992900 1544281 32
32992903 71257 15
32992906 4268875 17
32992906 262726 96
32992906 71257 25
32992906 1544281 22
32992907 262726 4
32992907 71257 36
32992910 71257 4
32992910 761073 66
32992912 262726 20
32992912 71257 17
32992913 262726 25
32992913 71257 72
32992913 761073 86
32992916 71257 34
32992917 262726 92
32992917 71257 99
32992917 761073 2
32992919 262726 65
32992919 71257 20
32992919 3914662 76
32992919 761073 35
32992921 262726 45
32992921 71257 76
32992921 1544281 72
32992924 262726 33
32992924 71257 90
32992927 71257 6
32992927 3914662 20
32992928 72822 56
32992928 71257 87
32992930 72822 6
32992930 71257 6
32992930 1544281 20
32992933 72822 65
32992933 71257 36
32992933 14954355 84
32992935 262726 67
32992935 72822 72
32992935 71257 52
32992937 71257 54
32992937 14954355 24
32992939 71257 87
32992939 14954355 83
32992939 761073 36
32992940 72822 79
32992940 71257 80
32992940 3914662 71
32992840 262726 68
32992840 71257 61
32992840 32992843 48
32992840 32992844 32
32992841 262726 91
32992841 71257 73
32992841 32992845 17
32992841 32992846 38
32992942 71257 18
32992942 3093655 15
32992943 71257 58
32992943 1544281 35
32992944 262726 58
32992944 71257 26
32992944 3914662 94
32992944 761073 62
32992947 71257 3
32992947 761073 66
32992950 262726 82
32992950 71257 99
32992950 761073 77
32992952 262726 28
32992952 71257 52
32992954 71257 80
32992956 71257 66
32992956 3914662 85
4943801 71257 98
4943801 4943821 91
32992958 262726 73
32992958 71257 77
32992960 262726 67
32992960 71257 43
32992960 3093655 26
32992962 71257 78
32992962 761073 24
32992963 262726 90
32992963 71257 35
32992965 71257 96
32992965 1544281 25
32992967 262726 48
32992967 72822 10
32992967 71257 64
32992969 262726 99
32992969 71257 82
32992969 4943821 81
32992971 262726 94
32992971 72822 35
32992971 71257 47
32992972 72822 18
32992972 71257 89
32992974 262726 65
32992974 71257 34
32992974 761073 61
32992977 71257 5
32992978 71257 60
32992978 14954355 30
32992980 72822 4
32992980 71257 80
32992982 72822 43
32992982 71257 85
32992984 71257 58
32992984 32992845 53
32992985 262726 49
32992985 71257 92
32992985 761073 7
32992987 71257 32
32992987 761073 77
32992989 262726 92
32992989 71257 23
32992990 262726 32
32992990 71257 98
32992991 262726 3
32992991 71257 68
32992991 4943821 85
32992992 71257 10
32992995 262726 32
32992995 71257 15
32992996 71257 6
32992996 1544281 77
32992997 262726 59
32992997 71257 41
32992998 262726 69
32992998 71257 95
32992998 3093655 30
32992999 71257 58
32992999 4943821 55
32993000 262726 25
32993000 71257 22
32993001 71257 73
32993001 1544281 49
32993002 71257 65
32993003 71257 54
32993004 262726 6
32993004 71257 41
32993005 72822 39
32993005 71257 31
32993009 72822 75
32993009 71257 99
32993010 72822 7
32993010 71257 91
32993011 71257 40
32993012 71257 3
32993013 71257 82
32993014 71257 46
32993014 1544281 68
2330467 71257 100
32993015 262726 24
32993015 71257 38
32993016 71257 15
32993016 761073 23
32993017 72822 16
32993017 71257 21
32993018 72822 96
32993018 71257 25
32993019 71257 1
32993020 262726 52
32993020 71257 10
32993021 262726 75
32993021 71257 42
32993022 71257 25
32993023 72822 28
32993023 71257 81
32993024 72822 41
32993024 71257 100
32993025 72822 80
32993025 71257 33
32993026 71257 52
32993027 72822 16
32993027 71257 75
32993027 761073 44
32993028 71257 9
32993028 761073 100
32993029 72822 32
32993029 71257 46
32993029 761073 10
32993030 71257 44
32993030 1544281 27
32993031 262726 83
32993031 71257 54
32993031 761073 43
32993034 71257 60
32993034 761073 5
32993036 71257 39
32993036 3914662 65
32993036 761073 33
32993037 73421 40
32993037 72822 4
32993037 71257 100
32993039 71257 25
32993039 2404476 16
32993040 71257 11
32993040 3914662 50
32993040 761073 29
32993043 262726 97
32993043 71257 50
32993043 3914662 35
32993043 761073 16
32993045 71257 11
32993045 32992843 31
32993046 262726 19
32993046 71257 98
32993046 3093655 19
32993049 72822 46
32993049 71257 17
32993051 262726 57
32993051 71257 28
32993051 1544281 35
32993054 262726 20
32993054 71257 74
32993054 3914662 3
32993054 761073 82
32993057 71257 63
32993058 240806 91
32993058 71257 2
32993059 262726 98
32993059 72822 97
32993059 71257 85
32993060 71257 98
32993060 761073 22
32993062 262726 8
32993062 71257 38
32993062 3914662 19
32993062 761073 68
32993064 71257 77
32993064 3914662 85
32993064 761073 1
32993066 262726 51
32993066 71257 61
32993066 3093655 1
32992993 71257 4
32993068 262726 10
32993068 71257 39
32993068 761073 76
15156660 262726 66
15156660 71257 23
32993070 262726 2
32993070 71257 15
32992791 72822 79
32992791 71257 6
32993072 262726 64
32993072 71257 43
32993072 761073 15
32993075 262726 26
32993075 71257 21
32993078 262726 76
32993078 71257 1
32993078 761073 37
32993080 4908164 34
32993080 4908205 45
32993081 32993082 67
3093655 245850 10
32993085 3093655 71
32993085 4943821 46
32993085 1544281 94
32993087 262726 11
32993087 3093655 84
32993088 262726 76
32993088 3093655 91
32993089 262726 12
32993089 3093655 54
14896222 14896224 10
14896222 14896226 30
32993091 14896224 93
32993092 262726 4
4943802 262726 79
32993094 73421 83
32993094 262726 24
32993094 4943821 92
32993095 262726 61
32993095 32992845 81
32993096 73421 52
32993096 262726 84
32993096 72822 82
32993096 14954355 75
32993097 73421 50
32993097 262726 20
32993097 72822 18
32993098 1549194 14
32993098 262726 82
32993099 262726 97
32993099 764591 72
32993100 262726 86
32993100 32993101 51
1549218 262726 27
1549218 1544281 43
14953536 262726 65
14953536 3914662 89
32993102 262726 11
32993102 14954355 18
32993102 1544281 89
32993104 262726 62
32993104 1544281 73
32993106 262726 89
32993106 72822 34
32993108 262726 96
32993108 4268521 22
32993109 262726 90
32993109 14954355 93
32993109 1544281 41
32993111 262726 44
32993111 4943821 88
32993111 1544281 60
32993113 262726 66
32993113 2409381 53
32993114 262726 31
14953493 262726 77
14953493 72822 92
32993115 262726 80
32993115 14954355 35
32993117 262726 24
32993117 1544281 55
32993118 262726 64
32993118 4943821 4
32993119 262726 28
32993119 1544281 45
32993120 262726 32
32993120 14954355 56
32993121 262726 85
32993121 761073 46
32993122 262726 73
32993122 1544281 93
32993123 262726 28
32993123 761073 18
32993124 262726 45
32993124 72822 31
32993125 262726 38
32993125 32992843 95
32993126 262726 33
32993126 3914662 64
32993129 262726 91
32993129 4943821 96
32993130 262726 85
32993130 15156952 72
32993131 262726 37
32993131 128215 1
32993132 32993006 68
32993006 72822 11
32993133 32993006 66
32993134 3913882 48
32993135 1549216 28
2404476 245850 49
3580012 245850 66
3914662 245850 26
32993136 3914662 15
32993136 1544281 85
32993138 72822 36
32993138 3914662 79
32993140 14954355 95
32993140 3914662 25
32993140 1544281 72
4268521 245850 3
9695753 9695751 31
9695751 9695748 9
9695755 9695753 4
9695757 9695755 26
32993142 32993101 90
32993143 15156952 99
32992842 245850 78
32993144 72822 75
32993144 14954355 48
32993146 72822 71
32993146 1544281 12
32993148 72822 41
32993148 761073 42
32993150 72822 53
32993150 761073 25
32993152 72822 13
32993153 72822 32
764591 245850 6
32993154 73421 7
32993154 2409381 100
32993156 73421 86
1549219 73421 99
32993157 73421 35
32993157 4127720 34
32993158 73421 90
32993159 73421 90
32993160 73421 9
32993160 240806 88
32993161 73421 85
32993162 73421 46
32993163 73421 88
32993164 73421 14
32993164 15087362 26
32993165 73421 87
32993165 15087362 78
32993166 73421 74
32993166 4127720 31
32993167 73421 28
32993167 1549194 87
32993169 73421 94
32993170 73421 53
32993170 4943821 46
32993171 73421 53
32993171 4943821 12
32993172 73421 18
32993172 14954355 65
32993173 73421 74
32993174 73421 87
32993174 128215 99
32993175 73421 7
1549220 424945 52
1549220 265898 2
32993178 424945 17
32993178 240806 55
32993178 1544281 59
32993179 424945 60
32993179 4127720 81
32993180 14896229 8
14896203 14896208 20
4943821 245850 89
4550457 245850 78
4423189 245850 12
765127 245850 54
4674948 245850 64
4126952 245850 42
4359776 245850 74
4422875 245850 3
4467824 245850 28
4502408 245850 24
4529290 245850 6
4550449 245850 5
4567735 245850 64
4582559 245850 63
32993182 245850 62
32993183 245850 56
32993184 245850 96
32993185 245850 64
32993186 245850 4
32993187 245850 62
32993188 245850 2
32993189 245850 89
32993190 245850 50
4731310 245850 1
4669266 245850 14
4714836 245850 93
4582565 245850 7
32993192 245850 3
32993194 245850 77
4727415 245850 87
32993195 245850 18
32993196 245850 42
32993197 245850 70
32993198 245850 77
4502517 245850 54
32993200 245850 71
32993201 245850 76
32993202 245850 55
32993203 245850 99
15087362 245850 41
4605859 245850 97
4679972 245850 33
32993204 245850 32
32993206 245850 35
4663334 245850 66
4706627 245850 65
32993207 245850 20
4594800 245850 73
32993209 245850 40
4650243 245850 47
32993211 245850 27
4700546 245850 6
32993212 245850 16
32993214 245850 86
4642451 245850 26
4696801 245850 52
32993215 245850 11
32993217 245850 43
4657049 245850 69
4703683 245850 46
32993218 245850 8
4634514 245850 44
4692751 245850 93
4616127 245850 88
32993219 245850 44
4684485 245850 38
32993220 245850 66
4625534 245850 41
4688753 245850 35
32993221 245850 44
1544281 245850 17
761073 245850 73
32993223 245850 15
4732903 245850 84
4717265 245850 85
4529343 245850 24
32993224 245850 63
32993226 245850 21
10341900 245850 18
32993228 245850 70
32993230 245850 24
4467960 245850 29
4360078 245850 30
265906 245850 92
4567742 245850 22
14896204 4908157 12
4908157 2409428 92
32993231 32993232 77
32993232 1544281 62
32993234 32993235 47
14991469 14896219 22
14991469 14987496 61
14896219 14896221 80
32993237 14896219 24
32993237 32993238 13
14896215 14896219 85
14896215 14896220 91
32993239 14896219 58
14896216 14896219 91
32993240 14954355 19
32993242 4908179 42
4908242 4908179 48
4908234 4908179 70
4908247 4908179 32
4908251 4908179 46
32993244 4908179 96
4908175 4908179 18
32993246 4908179 19
4908180 4908179 65
32993247 63347 51
32993247 1549194 8
32993249 63347 63
32993254 1544281 46
32993255 1544281 9
32993256 1544281 8
32993256 761073 91
32993258 761073 18
32993259 761073 100
14987494 14987496 61
14987494 14896220 94
14987496 14896222 25
32993260 14896213 18
32993260 14987492 52
32993261 1549194 86
32993261 128215 48
14896220 14896221 65
14896220 14896222 64
32993262 14896221 59
32993262 32993091 38
32993238 14896221 25
9695748 9695742 25
32993263 32993239 7
32993263 14896216 90
32993264 14896213 85
32993264 14991467 28
32993265 14991467 49
32993266 14991467 99
32993267 32993264 78
32993267 32993266 14
32993268 32993266 32
32993269 32993266 10
32993270 32993271 64
32993273 32993230 78
32993275 15125279 41
32993276 13312742 94
32993277 13312742 100
32993278 32992993 11
32993279 1549194 72
32993280 265906 70
32993281 240806 84
32993282 240806 100
