3753367 89601 79
1105703 1977763 31
1315470 838594 54
4619255 25890 10
62097 89442 97
14108918 7604 36
14341441 8909 12
14680404 11948 47
535006 234566 81
14763837 45529 84
8713985 7964 43
14764362 88549 67
14765324 7605 26
14770259 718126 62
9555106 371597 30
9555106 24308 64
14904915 62835 48
14904915 89539 93
15007874 82489 56
15013268 2517 2
15055939 2515 64
15073359 72083 28
15148732 241578 71
15151140 74542 44
15165405 1018 99
15167080 4499 69
2486 35097 80
15175100 1018 85
15176321 1021 54
15176321 15176324 47
1802853 68360 35
1802853 268945 99
15178312 6529 85
15215268 21043 73
15219910 1020 7
12315739 24308 50
3693692 9635 33
15241380 7604 34
15244273 6529 50
15245353 8216 91
4561738 293616 73
2450742 7132 5
11023095 4874 16
15518795 28390 34
15545917 1317 76
8383796 204395 9
10354799 30171 88
14664890 1317 82
4638278 119209 39
15893960 710138 89
15261943 15261947 67
1090850 266 47
144228 7132 81
28409917 8216 44
14680406 14684 77
30488959 2517 97
30489463 1016 27
30489722 1519 94
30489936 1668202 30
30489936 72435 56
30490381 1018 15
30491373 11833 53
30491479 11216 90
30491728 4320 51
30492716 1022 93
30492911 1021 80
30492941 89608 58
28528794 1020 24
4032593 2515 71
30735180 266 28
30735181 28390 7
30735188 8909 47
1253194 8909 55
30299300 8909 72
30735191 266 99
30735192 8909 36
30735194 78441 58
30735197 8909 10
1253096 27596 67
30735198 8909 65
30735235 8909 49
30735236 8909 13
30735241 6529 80
30735262 123 73
30735264 266 54
30735273 249531 17
30735274 8909 78
30735275 7604 11
30735277 1018 10
30735278 10688 72
30735286 2517 21
30735295 6529 77
30735296 7605 46
30735299 6529 23
1253045 7605 68
30735301 1018 20
30735308 1018 18
30735309 1022 37
3586972 1018 7
30735310 6529 15
30735312 2517 43
30735323 29263 94
15844028 6529 46
30735325 8909 94
4956043 1018 51
30735327 8909 83
30735328 23433 92
30735330 8218 61
30735342 1019 43
30735343 1018 79
30735344 8909 57
30735345 1018 46
30735346 8909 54
535517 8909 27
30735347 9636 47
2412422 8909 29
30735349 1018 10
30735353 76851 93
30735354 29263 71
30735355 8909 23
11130138 7458 11
30735357 8909 33
30735363 266 87
1593141 25890 49
30735365 40273 90
30735369 2517 22
30735370 7604 40
30735371 1016 15
30735372 24610 43
30735373 8909 76
30735374 14566 100
30735376 1018 64
12288730 8909 81
30735380 7132 65
30735381 8909 65
30735389 1020 21
30735391 8909 88
30735392 8909 64
30735401 14566 5
30735402 40273 91
30735403 8909 46
30735404 8909 30
30735409 10688 95
4956044 266 12
30735414 7604 78
30735417 6529 37
30735418 6529 10
4960233 6529 39
30735420 13337 45
30735421 6529 21
30735422 8909 26
30735423 8909 30
30735424 8909 10
30735428 266 29
30735429 8909 2
30735430 8909 92
30735431 8909 85
30735432 266 85
30735434 8909 70
30735435 8909 11
30735436 1019 16
30735437 8909 34
30735438 8909 11
30735439 8909 23
30735440 8909 55
30735441 8909 87
30735442 8909 65
30735443 8909 6
30735444 8909 85
30735445 8909 26
30735446 8909 3
30735447 8909 26
30735448 8909 67
30735449 23433 78
30735450 8909 1
30735451 8909 84
30735452 8909 48
30735453 8909 83
30735454 8909 17
30735455 266 38
30735458 6529 12
30735466 8909 62
30735467 8909 10
30735468 8909 73
30735469 8909 80
30735470 8909 5
30735471 8909 38
30735472 1018 92
30735473 8909 11
30735474 8909 13
30735475 8909 47
30735476 8909 78
30735478 8909 24
30735479 1021 93
30735480 8909 87
30735481 8909 15
30735482 8909 81
30735483 8909 65
30735484 8909 43
30735485 6529 73
30735486 8909 90
30735487 8909 51
30735488 8909 32
30735489 8909 18
30735490 8909 85
30735491 8909 88
30735493 8909 80
30735494 266 78
30735495 8909 84
30735496 8909 51
30735498 8909 20
30735499 8909 22
30735500 8909 18
30735501 8909 1
30735503 8909 51
30735504 8909 43
30735505 8909 10
30735507 8909 69
30735508 8909 68
30735509 8909 49
30735510 8909 57
30735511 8909 73
30735512 8909 86
30735513 8909 48
30735514 8909 44
30735515 8909 14
30735516 8909 89
30735517 8909 24
30735518 8909 40
30735519 8909 14
30735520 8909 14
30735523 8909 39
30735525 8909 96
30735526 8909 60
30735527 8909 24
30735528 1018 100
30735532 8909 17
30735533 1018 67
30735534 8909 7
30735535 8909 95
30735536 2517 49
30735537 6529 43
30735538 8909 99
30735539 8909 41
30735541 1018 95
30735545 8909 83
30735546 8909 15
30735547 1019 42
30735548 122 37
30735549 8909 24
30735552 8909 61
30735553 8909 94
30735554 8909 57
30735556 266 100
30735558 8909 45
30735559 8909 100
30735560 266 42
30735561 8909 27
30735562 8909 76
30735563 8909 70
30735564 40273 73
30735565 266 89
30735566 27596 63
30735567 6529 17
30735568 8909 63
30735570 8909 73
30735572 8909 25
30735573 8909 4
30735574 8909 13
30735575 8909 53
30735576 1020 53
30735578 8909 59
30735579 8909 50
30735580 8909 2
30735582 8909 47
30735583 8909 89
30735584 8909 29
30735585 8909 29
30735587 8909 70
30735588 8909 63
30735590 8909 70
30735591 8909 10
30735592 8909 59
30735593 8909 64
30735594 8909 25
30735595 6529 52
30735597 8909 100
30735599 8909 64
30735600 8909 12
30735601 8909 52
30735602 8909 11
30735603 8909 43
30735604 8909 79
30735605 8909 64
30735606 8909 85
30735607 8909 17
30735609 8909 38
30735610 8909 99
30735611 8909 67
30735613 8909 60
30735616 8216 42
30735618 7964 17
1253048 1015 39
30735634 45529 50
30735636 6529 13
30735638 6529 54
30735640 6529 31
4214477 76851 70
30735642 8909 54
30735649 11833 22
30735651 6529 33
30735653 8909 82
30735654 8909 41
30735656 8909 13
30735657 8909 65
30735658 8909 97
30735659 2517 45
30735660 8909 94
30735661 8909 14
30735662 8909 63
30735663 1018 40
30735665 266 60
30735667 9530 78
30735668 1016 22
30735673 1019 73
30735675 8909 13
30735677 8909 76
30735680 8909 38
30735682 8909 96
30735684 8909 63
30735685 8909 34
30735686 8909 72
30735688 8909 2
30735689 8909 38
30735690 8909 9
30735691 8909 31
30735692 8909 85
30735694 8909 76
30735695 8909 57
30735696 266 80
795630 8909 2
30735698 6529 24
30735700 8909 6
30735702 8909 39
30735704 8909 4
30735705 8909 31
30735707 8909 14
30735709 8909 11
30735710 8909 96
30735711 8909 63
30735713 8909 75
30735716 8909 29
30735717 8909 43
30735719 72083 60
30735720 8909 6
30735721 2517 25
30735748 8909 52
30735749 1018 25
30735750 8909 3
30735751 1019 73
30735752 8909 76
30735753 8909 15
30735754 45529 86
30735755 6529 34
30735759 1021 64
30735760 7604 33
30735761 8909 16
30735763 8909 55
30735765 1018 35
30735766 4499 80
535021 8909 62
30735783 11833 73
30735784 1022 47
30735788 6529 83
30735835 266 61
30735846 8909 31
30735849 1018 88
2476416 6529 36
30735867 8909 97
30735868 8909 63
30735869 8909 21
30735870 8909 49
30735871 8909 51
30735872 8909 45
30735873 8909 70
30735874 8909 75
30735875 8909 36
30735885 266 97
30735900 8909 2
30735901 8909 22
30735902 8909 79
30735903 8909 72
9351980 8909 17
30735909 11833 43
30735910 1022 48
30735911 8909 96
30735912 14566 18
30735922 266 32
30735923 6529 77
30735924 11833 95
30735925 4320 12
30735926 8909 88
30735927 6529 11
30735928 2517 15
30735929 8909 80
30735931 7132 65
30735933 8909 10
30735935 4499 32
30735940 1019 64
30735941 1021 92
30735942 122 19
30735943 38470 45
30735944 8909 93
30735945 8909 32
30735946 266 93
30735948 8909 21
30735950 266 62
30735951 6529 26
30735952 266 19
30735954 1018 69
30735956 1020 72
30735957 8909 94
30735958 8909 65
30735959 6529 17
30735960 4499 4
30735962 4148 45
2184252 8909 50
30735978 8909 97
30735980 8909 10
30735981 8909 51
30735983 8909 8
30735984 8909 72
30735987 40273 54
30735988 6529 53
30735994 6529 47
30736001 266 19
30736003 8909 61
30736006 8909 57
14287337 8909 57
1253195 11948 52
30736013 8909 51
30736015 8909 74
30736017 266 25
30736020 7132 60
30736022 1020 52
30736023 26479 67
30736026 266 82
30736028 205880 42
30736052 65262 97
30736079 354970 53
30736086 9633 26
30736087 7458 20
30736091 26479 68
968781 174943 65
30736107 259179 3
30736110 24613 39
30736111 8909 16
30736127 37460 4
30736139 8909 75
30736142 11948 70
30736164 4874 92
30736165 89539 18
30736172 72083 33
30736188 30736189 31
30736190 15924 32
30736192 76851 88
30736193 1018 45
30736195 89608 85
30736197 104610 88
30736200 48396 10
10329889 8909 77
30736206 89590 85
30736207 4321 5
30736212 24610 79
30736213 34971 33
30736216 1020 57
6811535 6529 50
30736222 8734 34
30736223 1016 84
30736226 312 37
30736227 124 98
30736228 40273 95
30736242 1018 98
30736243 2517 39
30736246 13337 88
2423254 1019 83
30736247 2517 49
30736247 9637 39
30736248 40273 6
30736252 116957 42
30736253 6529 31
30736265 6335 56
30736266 15163 35
30736268 72083 95
30736272 116957 15
30736273 10688 19
30736307 89703 47
25137 127764 54
30736309 147743 21
30736317 20276 53
30736332 71781 22
30736338 88939 33
30736348 6529 27
30736353 93930 37
30736359 8909 13
30736364 164388 87
30736371 8909 94
30736386 89730 13
30736401 259083 94
3335418 256304 54
30736403 220318 62
30736411 1519 92
30736417 89703 72
30736419 4874 64
30736426 138000 17
30736427 24610 89
30736446 27596 19
30736447 6335 42
30736447 45529 19
30736448 15924 23
30736449 122 93
30736450 1021 11
30736451 133067 14
30736461 90189 99
30736462 38516 32
30736465 8216 100
30736469 75380 55
30736470 11218 100
30736471 89608 88
1090749 6529 8
1090749 1955329 13
30232877 40273 11
30736481 31085 21
30736483 7604 84
30736484 78441 4
30736485 7458 84
30736487 89581 74
30736490 266 61
3950410 64909 18
30736492 15163 79
30736494 48396 24
30736496 89590 6
30736500 199489 74
30736501 34877 50
30736503 128927 77
30736505 247213 62
30736508 1018 32
30736509 45529 97
30736510 7605 34
30736511 29263 82
30736517 1020 83
30736526 312 38
30736538 27596 9
30736543 24610 49
535024 1519 18
30736546 174943 54
30736547 100616 16
10999404 1018 78
30736562 89675 30
30736580 13337 46
30736593 8909 30
2417235 10688 95
30736606 4321 37
30736626 9633 91
15300014 8909 76
15300014 37460 94
30736630 11217 87
30736633 59756 47
30736636 122 30
30736646 249677 15
30736658 735374 72
30736662 1019 96
30736665 124 84
30736670 6529 59
30736672 124 21
30736679 1021 63
1806714 10688 47
30736680 64909 53
5954202 124 7
30736696 11833 71
4008738 21467 44
30736705 40273 32
30736708 8218 71
30736711 7132 94
30736712 76851 9
30736717 8909 30
30736718 9636 25
30736719 7604 32
30736720 13337 58
30736721 1015 31
30736723 132655 59
30736724 72083 55
30736734 14684 39
30736735 8216 69
30736739 9633 70
30736744 8216 3
30736745 18254 89
30736746 4321 90
30736750 1019 20
30736751 28390 95
30736762 4874 56
30736765 4874 75
30736773 2515 46
1956829 20262 17
30736793 89590 21
30736795 200609 24
30736797 162304 93
30736801 175236 80
30736804 77650 17
30736805 14566 74
30736812 10688 91
30736819 7604 9
30736820 14811 13
30736823 7604 33
30736836 11218 74
30736858 27596 84
30736859 122 74
30736862 89608 21
30736863 8909 38
30736864 11833 90
30736871 1019 45
30736875 14811 87
30736876 72777 85
30736878 89770 45
30736891 76851 46
30736892 26479 44
30736898 100616 33
30736900 123 33
30736906 24610 46
12554246 726905 62
11028803 36430 12
30736912 9636 51
30736935 89310 62
30736941 11218 25
30736943 1015 67
30736971 29263 22
30736973 6529 76
30736974 76851 81
1092260 254145 83
30737017 128952 96
30737022 8909 85
30737025 128952 89
1555811 254321 93
30737036 18254 69
30737037 234566 27
30737043 1021 7
30737045 14566 73
30737053 10688 45
30737054 23433 10
1593094 6529 54
30737057 89310 84
30737059 11833 59
30737060 6529 27
30737082 1020 88
30737083 266 61
30737084 122 98
30737088 82877 19
30737096 48396 83
30737097 138000 100
30737098 135218 6
30737108 8909 1
30737109 75039 19
30737130 38470 96
30737132 1018 29
30737142 1022 99
30737169 15163 49
1593142 8909 75
30737185 249531 82
30737192 6529 56
30737217 4320 52
30737224 77181 18
30737257 89730 68
70208 260617 72
70208 260618 59
2131578 8909 14
30737276 1015 51
30737282 72083 70
30737293 273686 24
30737297 8909 69
30737298 27596 9
30737299 124 48
30737301 72083 32
30737302 14811 61
13333473 1020 42
30737305 259788 65
30737306 14684 40
30737307 8734 13
30737308 1016 24
30737309 56471 29
30737312 23434 71
30737313 4320 25
30737314 11217 78
30737315 7604 2
30737331 6529 41
30737336 1021 66
30737346 6529 92
30737349 8216 17
30737369 115983 63
30737374 4320 57
30737390 130696 69
30737391 236259 34
30737407 4499 14
30737413 1019 16
30737418 1020 25
30737423 9633 49
30737424 27596 81
593473 7605 43
30737425 72083 79
30737429 27596 59
30737435 11216 54
30737436 148064 34
30737438 27596 83
30737443 11948 15
30737445 7809 3
30737448 104610 41
30737456 1022 47
30737457 25890 14
30737463 122 50
30737465 50056 66
30737467 468382 61
30737470 72083 32
30737472 4499 50
30737504 220318 23
30737512 34971 53
30737518 11216 60
30737527 1020 76
30737528 26479 9
3562989 40273 81
30737536 29263 26
30737547 10688 100
30737554 21043 48
30737556 266 65
30737557 89608 82
30737567 24613 81
30737568 20341 68
30737569 27596 58
30737570 1019 54
30737572 72083 8
30737574 7604 8
30737575 24613 99
13218808 6529 68
11345769 7604 77
30737577 247213 32
7401428 7604 9
30737581 7458 44
30737583 76851 63
30737586 1021 28
30737587 1015 5
30737588 7604 39
30737589 89608 14
30737597 27596 35
30737604 174943 91
1481415 174943 53
30737609 8909 97
30737616 64839 51
30737621 62835 19
30737628 30737630 86
1563008 4874 29
30737642 7458 20
30737644 1256511 8
30737658 24309 12
30737660 7964 49
30737661 133067 39
30737662 549708 25
30737663 31085 73
9612524 36430 26
30737666 8219 98
30737669 21467 56
30737673 72083 3
30737675 62394 36
30737677 89770 86
30737679 1018 16
30737680 34971 5
30737682 45529 70
30737683 64909 33
30737685 244786 17
30737686 89497 50
30737689 11833 79
30737694 13200 74
30737704 7458 55
30737705 82877 93
4357334 130243 76
30737716 259257 63
4490547 9635 30
2450712 3130461 76
30737724 1063559 61
30737726 593905 44
30737729 259750 43
30737741 1258181 47
30737742 219250 78
30360321 2517 57
30737743 70003 97
30737745 7605 39
30737750 7458 23
30737752 13337 13
30737755 4321 76
30737760 7458 60
29028387 24610 34
30737767 8909 87
30737768 82876 91
30737770 76851 90
30737773 123 54
30737776 100616 33
30737780 9637 81
30737797 2517 75
30737811 266 51
30737817 1021 92
30737819 123619 69
30737825 2517 55
4914906 174943 99
30737827 6529 21
30737828 8909 8
8383798 8909 41
30737838 9633 43
1561726 1019 4
30737846 1016 18
30737847 1022 9
30737863 1018 13
30737864 1018 98
30530334 6529 65
30737870 1018 51
30737871 1020 3
30737872 7458 93
4463925 1018 26
30737874 7132 47
30737906 171042 93
30737907 1018 33
30737912 7604 4
30737915 24612 10
30737916 2517 3
30737918 1018 57
30737932 1019 92
30737933 266 89
30737936 6529 92
30737937 6529 38
30314632 6529 80
30737941 8909 36
30737942 8909 52
30737944 14566 62
30737965 10688 34
30737972 266 61
4927194 8909 73
30737974 89539 75
30737984 20276 54
30737985 40273 5
30737989 8909 15
30737991 1019 56
30737993 6529 40
30737996 7964 8
30738000 266 69
3399785 133067 18
30738020 1020 46
30738020 1021 82
30738025 2517 27
11348311 1018 20
30738029 1018 69
30738033 122 95
12266066 6529 22
12308921 8909 12
30738044 1018 16
30738045 1019 17
30738046 4874 39
30738047 6529 15
30738049 123 38
30738053 7605 100
30738057 128952 3
30738063 1019 76
30738065 266 48
30738068 23433 19
30738069 6529 31
30738072 6529 53
30738077 266 55
30738081 1021 62
30738083 413493 6
30738087 1015 5
30738091 8909 2
30738092 8909 9
30738095 8909 62
30738097 23433 64
30738098 8909 17
30738099 8909 77
30738100 6529 66
30738108 7605 59
30738109 2517 60
30738110 24610 51
30738111 8909 98
30738118 1020 11
30738120 8909 58
30737110 1019 5
30738124 1021 62
30738127 8909 35
30738132 8909 89
30738134 8909 18
30738140 8909 82
30738142 8909 49
30738143 8909 87
30738144 24308 5
30738145 15924 5
30738148 25890 95
30738162 24610 53
30738163 10688 71
30738164 14684 13
14946581 89600 91
30738167 10688 35
30738169 266 74
30738174 8219 32
30738178 2517 7
30738179 1018 69
30738197 4499 16
2345636 8909 62
30738225 1317 48
5393075 6529 47
30738226 266 34
30738227 8909 32
30738228 2517 3
30738237 1021 72
30738238 266 23
30738239 11833 29
30738241 4321 48
30738242 1018 67
30738243 6529 85
30738245 7132 76
30738247 11833 13
30738249 253973 21
30738251 14566 76
30738252 1021 34
30738253 122 93
30738254 2517 59
30738255 4148 54
30738256 1022 89
30738257 9636 5
30738269 8909 68
30738270 8909 30
30738271 1019 78
30738272 8909 48
30738273 8909 25
30738274 8909 3
30738275 8909 25
30738276 8909 71
30738277 8909 90
30738278 6529 67
30738279 8909 85
30738280 8909 19
30738281 8909 58
30738283 8909 77
30738284 6529 25
30738285 2517 68
30738287 28390 76
30738291 40273 63
30738293 7132 83
29877329 8909 72
30738304 8909 79
30738305 266 37
30738309 6529 80
30738310 1018 78
30738312 1019 58
30738313 1020 14
4198629 1020 33
30738315 45529 97
30738328 1019 54
30738329 6529 19
30738331 7604 4
30738332 1020 45
30738361 1018 46
30738365 40273 69
30738369 6529 21
30738374 2517 24
30738376 1018 83
30738380 10688 12
30738382 6529 60
3604331 3929187 51
771735 21105 34
14215884 38440 7
30738408 476901 70
30738415 1130424 95
30738417 115983 37
30738423 122 100
30738425 6529 48
30738428 6335 93
30738430 1022 44
30738450 16642 92
30738472 7458 12
30738473 9636 6
30738476 11217 95
30738477 76851 54
30738486 7458 57
28779262 266 39
30738496 76851 85
30738507 7605 19
30738509 7458 14
30738512 13337 39
30738513 29263 39
30738514 38470 66
30738520 2488548 78
535518 8909 44
30738522 9633 53
30738524 30738525 72
30738530 24308 46
30738537 266 80
30738538 8216 39
30738539 312 30
30738540 11948 5
30738545 78441 84
13509503 762526 38
30738551 13337 84
30738561 80385 33
30738563 28390 49
30738564 82877 7
30738572 1022 96
30738584 23139 37
30738585 123 52
30738587 312 29
30738588 72083 45
30738591 78466 11
30738596 1135 23
30738620 78387 24
30738625 1016 1
30738629 7458 75
30738633 26479 82
28625780 7964 96
30738634 4320 17
30738637 8216 88
30738652 13337 56
30738653 1015 25
30738656 89539 9
30738657 36430 37
30738659 27596 28
30738671 8734 50
30738672 110723 79
30738673 18254 35
30738679 123 46
30738681 76851 51
30738687 1021 80
30738691 2515 7
30738695 38534 18
30738698 30738699 80
30738701 20276 94
13303895 7604 77
30738705 122 37
30738710 77482 18
180906 77482 80
30738728 1022 16
30738731 258424 70
30738732 4499 91
30738736 124 37
30738749 123619 7
11344073 23433 95
30738750 157082 81
30738752 38470 90
30738753 13337 94
30738754 76851 38
11344077 4499 72
30738759 8909 93
30738761 14811 9
30738769 157820 99
30738770 89749 26
30738771 7458 52
12542995 466229 69
30738772 92204 50
30738773 62835 15
30738774 18254 66
30738776 133067 88
30738778 7458 83
30738786 20302 29
30738788 312 64
30738797 20302 95
30738806 33230 88
21650923 1022 77
30738813 14684 30
30738823 89770 71
30738827 135708 40
30738835 258344 72
30738842 23139 14
30738855 7809 6
30738856 4320 17
30738860 115821 15
30738861 8909 53
30738880 88657 30
30738888 20276 9
30738892 13337 64
30738895 238822 94
30738907 62835 38
535025 40273 73
30738914 4499 100
30738916 23139 72
30738919 11948 43
30738923 123 94
30738927 13337 55
30738928 62835 49
30738930 128853 15
14626697 122 73
30738934 740740 67
30738936 70003 68
30738937 1020 93
30738944 11217 93
30738946 115821 71
30738969 47462 17
30738970 45529 14
30738972 13337 60
30738974 4320 15
30738975 56558 36
30738990 26479 59
30738994 88841 88
30738996 138000 21
30739002 89675 69
30739003 13337 6
30739004 10688 45
30739005 18254 19
30739013 2517 26
30739023 82877 46
30739024 123 91
354374 31085 61
30739026 123 86
30739027 18254 28
30739034 23434 53
30739036 266 72
30739038 133397 83
30739050 21471 49
30739056 7964 6
965218 64839 53
30739089 23434 48
30739090 18254 80
12508142 6335 99
30739093 11220 15
3821439 48396 23
30739098 123 32
30739099 1317 32
30739108 34971 97
30739109 21043 29
30739121 7604 41
3453217 31261 46
30739136 1020 7
30739150 1021 40
30739153 6529 28
30739154 6529 14
30739166 1016 88
30739169 4874 60
30739178 123 12
30739182 266 87
30739185 1019 51
30739186 1021 52
30739198 6529 96
30739199 1018 85
30739206 88841 25
30739207 6529 28
30739208 6529 17
30739220 266 42
30739243 1018 71
30739246 6529 12
30739247 1022 72
30689764 89497 61
30739264 1022 29
30294279 6529 82
30739295 6529 81
30739299 6529 62
30739301 1021 64
30739323 6529 55
30739326 10688 97
30739328 2515 8
30739330 25890 23
30739333 1022 65
30739343 6529 29
30739344 7132 86
30739352 2517 4
30739355 6529 35
30739356 1020 56
30330416 1018 54
30739359 6529 60
30739365 2517 68
11388925 6529 33
30739366 48396 38
30739368 6529 19
30739369 1018 46
30739371 6529 47
30739375 4499 33
30739376 8909 35
30739380 6529 80
30739381 8909 67
30739382 6529 82
30739383 1018 81
30737111 4874 6
30739386 1018 82
4963429 11216 36
11040866 8909 78
30739390 7964 79
30739398 1018 43
30739399 1016 21
30739403 266 98
30739406 7604 31
30739408 2517 75
29028441 1021 29
30739410 2517 22
30739411 1021 89
30739424 146182 19
30739426 2517 32
30739428 25890 82
30739433 1020 83
30739434 29263 23
30739435 123 6
30739438 7605 63
30739439 122 35
30739440 1018 6
30739441 89539 10
30739444 89770 46
30739446 45529 43
30739453 11833 15
30739465 10688 68
30739479 553245 39
30739482 6529 50
30739483 1022 92
30739485 124 16
30739486 24420 5
30739487 6529 39
30739488 2517 16
28215665 2517 70
4008706 7604 96
30739502 7132 39
30739503 266 8
30739505 8909 95
30739506 8909 18
30739507 8909 99
30739508 8909 57
30739517 171042 14
30739522 242088 38
30739523 72083 74
30739527 6529 3
30739529 266 89
30739533 76946 55
30739534 11218 15
30739535 6529 68
4207417 24610 11
30739536 4499 12
30739538 8216 32
30739540 8909 16
30739541 2517 35
30739543 6529 33
30739599 89120 43
30739600 23857 58
30739602 8909 4
30739615 89789 68
3335406 67462 45
30739618 1022 7
30739621 1019 93
30739625 244902 62
30739635 9633 35
30739636 218299 59
30739638 63983 20
30739639 26479 53
30739640 13337 81
30739641 9633 99
30739643 157655 68
30739644 133067 35
30739651 124 89
29371491 199489 60
30739667 218299 28
30739669 56741 58
30739672 7458 39
30739685 2515 61
1327258 256397 71
30739686 89608 90
30739688 7458 14
30739689 4148 89
30739692 4320 79
30739694 26479 11
30739695 4320 57
30739703 4320 9
30739709 485640 8
30739710 132686 63
30739710 8732 67
30739720 27596 86
2933848 24610 27
30739721 14566 61
30739726 13337 25
30739728 11217 7
30739730 13337 20
30739733 89770 88
30739735 100616 63
30739736 11216 33
30739737 7458 37
30739740 34014 4
29597972 4874 74
30739742 787749 29
30739746 11217 64
30739749 45529 76
3050582 70003 23
30739812 8216 90
30739813 56741 12
4448907 27596 58
30739816 7458 88
30739818 1015 83
30739819 21471 44
30739826 1565 33
30739834 89539 32
55926 76888 84
30739852 495838 86
30739855 48396 11
30739857 11216 44
30739859 23433 71
30739861 24612 91
4325631 89746 4
30739875 62835 66
30739879 95105 11
30739880 124 28
30739883 126161 46
30739912 8219 52
11433004 7964 81
30739916 4320 76
30739917 4321 68
30739918 59756 13
30739919 32599 3
30739924 273686 38
30739927 89600 56
30739929 14566 5
4396290 157655 37
30739947 28390 97
30739948 26479 87
30739950 1022 72
30739951 157082 50
30739952 266 82
24425471 89770 80
30739956 59756 18
30739957 27596 81
30739960 1018 39
30739970 242084 37
30739971 7605 64
30739973 6335 46
30739977 2515 70
30739987 59756 78
30739988 124 61
30739990 4321 31
30739991 186976 83
30353245 124 2
30740011 128853 21
30740014 218299 71
30740017 10688 99
30740033 645901 99
30740036 24612 25
30740060 34971 57
30740067 24308 60
30740074 124 54
30740082 77482 88
30740084 123 71
755505 82489 14
30740085 9635 46
30740096 8216 29
30740097 11948 48
9956962 8909 8
30740103 1019 38
30740105 7604 90
721465 78466 59
30740107 1019 79
127908 1018 18
30740119 6529 97
30740120 122 43
30740135 2515 70
30740141 6529 60
30740144 266 94
30740147 89770 7
30740151 1015 85
30740152 1021 46
30740153 266 11
30740156 1016 73
4590609 1019 92
9478016 6529 17
30740158 8216 5
30740159 6529 43
30740163 266 30
30740166 10688 13
30740168 266 95
30740172 2517 14
30740173 1022 33
30740176 1021 78
14223 6529 72
30740192 1018 15
30740203 76851 75
30740205 25890 68
30740205 72083 1
30740205 7132 70
30740219 29263 22
30740224 34971 70
30740225 8909 35
30740226 11948 90
30740227 266 96
12290427 6529 60
30740231 122 45
30740234 6529 91
30740235 1021 58
15226111 8909 77
30740245 8909 80
30740248 1016 17
30740250 1022 82
30740251 266 66
30740255 266 53
30740259 6529 81
30740263 122 26
30740264 34971 65
30740265 8909 90
30740266 7605 76
30740271 8909 23
30740276 1016 76
30740278 266 32
30740291 231180 94
30740292 234566 98
30740296 4320 20
30740297 13592 24
30740300 29263 68
30740302 1019 8
30740312 34971 42
30740313 1022 50
30740318 28390 26
30740319 1018 87
30740321 31085 60
30740323 64909 63
30740325 123 63
30740326 1019 16
30740328 76851 52
30740334 753003 55
3335431 133446 79
30740341 24309 93
30740346 29263 95
30740351 2517 82
30740352 7604 40
30740353 266 35
30740355 25890 6
30740360 6529 60
30740360 266 67
14679483 10688 48
30740361 1021 36
30740362 13337 40
30740364 1018 29
8637795 6529 55
30740366 123 60
30740368 76851 31
30740369 116957 97
30740373 1022 15
30740375 9636 92
30740378 23433 12
30740382 38470 26
30740383 11833 1
30740384 6529 52
30740391 89712 97
30740418 7458 34
180907 89310 7
8531418 123 82
30740425 1021 86
30740426 1317 89
30740428 6529 59
30740430 4320 30
30740433 4320 56
30740435 89414 16
30740440 1018 56
30740442 7458 13
30740443 45529 32
30740451 56471 44
30740453 88939 72
762535 254084 3
30740456 10804 27
30740457 27596 45
30740459 65481 37
30740480 15163 55
30740508 9636 75
30740512 9530 96
30740515 13337 57
30740518 258681 99
30740526 11948 57
30740527 8909 89
30740531 6529 79
263616 8216 92
30740547 1018 6
30740548 9417 48
30740551 2515 33
30740554 138000 37
30740557 6529 74
30740559 38516 24
30740567 123619 84
30740569 62835 40
30740572 477303 4
30740579 8909 2
30740591 7458 25
30740593 97075 42
30740594 8909 64
30740600 128853 65
30740602 20276 13
30740606 7458 29
30740612 6335 54
30740614 122 59
30740624 128427 79
30740628 518926 2
30740640 43770 39
30740655 1980531 87
30740657 8909 33
30740671 23857 26
30740682 24420 29
30740685 89539 73
30740686 24420 85
5030943 253973 50
30740689 128952 89
30740690 9633 64
3399786 147743 45
30740698 90189 1
1545143 4874 79
3752299 292519 18
30740703 312 80
30740705 13337 23
30740706 133067 8
30740714 89590 10
12556639 38516 87
30740729 13337 18
30740747 124 44
30740749 1317 30
30740761 133067 64
30740764 89501 84
1443621 122 69
30740768 266 6
30740769 47645 90
30740782 6529 63
30740784 8909 46
30740785 4874 23
30740787 8216 45
30740797 7604 75
30740809 123 82
30740813 6529 54
30740815 7964 63
30740817 8218 69
30740820 13337 84
30740834 1019 21
30740842 25890 90
30740843 2517 42
30740844 21467 5
30740845 1015 88
185677 266 33
30740862 1021 64
30740864 11833 67
30740871 123 11
30740876 29263 57
30740881 36430 69
30740887 34971 93
30740888 24308 52
1252685 238424 20
30740896 25890 43
30740918 24309 73
30740922 4874 28
30740927 2517 41
30320340 1019 29
30740935 89675 10
30740936 7604 11
30740939 6529 83
30039235 6529 41
30740951 40273 88
30740952 1019 73
30740956 10688 94
30740957 23433 83
30740973 1015 83
30740974 37460 61
30740985 6529 75
30740991 1015 76
30740994 1018 31
30740997 34971 81
30740998 11833 79
30741012 1015 64
30741013 11833 95
30741019 1022 70
30741022 266 68
30741024 4499 8
30741025 7132 65
30741030 266 26
30741031 266 97
30741033 8909 53
30741035 6529 55
30741042 23139 49
30741060 1022 50
30741061 8216 9
30741080 4320 59
30741082 8909 40
30741091 78441 69
30741092 7458 98
30741093 123 42
30741109 23139 38
30741112 24420 94
30741117 88841 80
30741120 64909 41
30741152 151982 44
30741158 62835 92
30741160 62835 90
30741161 1019 46
30741162 1015 33
30741176 14811 81
30741180 77179 75
720158 1016 90
30741200 143216 17
30741205 59756 37
30741218 89748 79
30741219 40273 49
5472 20262 83
30741224 23434 60
30741227 11833 91
30741228 63994 32
30741229 11218 33
30741232 133067 37
30741233 20262 52
30741235 7458 61
30741249 89521 74
30741252 186976 41
30741256 134019 15
30741263 20276 1
30741264 64909 35
30741266 1019 36
30741268 7132 23
30741272 24610 75
30741273 1022 22
30741275 11833 92
30741281 11833 1
30741282 186976 20
30741283 72083 80
30741284 1019 60
30741286 1019 95
30741289 1021 16
30741291 20341 59
535100 8909 4
30741298 1018 83
30741305 8909 41
30741306 29263 63
30741307 7604 5
14664884 1022 46
30741308 1022 66
30741318 6529 62
30741319 40273 30
30741320 7132 77
30741326 26479 21
4188311 29263 93
30741338 36430 2
30741339 11833 98
30741341 1020 94
30741342 10688 49
30741346 1019 97
30405158 1021 99
30741355 124 78
30741358 7132 46
30741361 266 81
30741362 4320 31
30741370 14684 73
2510502 72083 37
30741402 9633 60
30741403 4321 80
30741413 1019 18
30741414 7605 86
30741417 1015 69
30741418 7132 75
30741421 7604 4
30741426 1019 64
30741427 122 54
30741429 2517 96
30741430 1019 54
30741435 1018 33
30741438 1018 19
2692711 10688 27
30741441 1020 23
30741442 2517 1
12356030 4874 34
30741452 266 29
30741460 2517 80
30741461 266 9
30741462 6529 2
30741463 10688 77
30741465 72083 78
730955 8216 64
30741470 6529 10
30741478 7604 25
30741479 6529 76
30741483 7458 15
30741485 7132 91
30741495 266 69
30741496 1015 2
9497931 8218 33
30741497 45529 92
30741499 314396 79
30741521 7458 77
30741526 9633 83
30741527 20276 73
30741531 7132 4
30741537 1815915 66
30741542 123 48
4991393 74542 95
30741562 7458 85
30741568 89712 58
30741571 131129 54
30741577 24610 3
1110379 458461 51
30741583 133867 12
30741584 239515 86
30741603 89691 69
30741607 34971 33
30741614 24420 8
30741617 13590 79
30741618 89497 10
30741619 7458 4
30741621 7458 33
30741625 128952 68
30741643 128853 94
30503353 64947 35
30741645 70003 67
30741647 17969 66
30741648 62835 91
30741656 2515 20
30741657 133067 16
30741658 90189 82
30741659 123 47
30741667 11216 19
30741673 40273 32
30741674 7604 59
4463926 59509 26
30741680 1018 84
30741682 25890 22
30741684 7132 15
30741690 4148 61
30741692 26479 74
30741696 72777 83
30741697 2517 63
30741698 24610 7
30741699 1015 8
30741701 38470 71
30741705 7132 91
30741707 6529 95
30741708 1021 55
30741709 7132 84
30741711 1020 28
30741724 266 29
30741727 266 50
30741729 1018 17
30741742 7964 55
30741745 11833 62
30741746 266 37
8141930 122 86
30741749 34971 12
11576494 4499 33
30741758 2517 27
30741759 1020 89
30741761 1016 92
30741764 7964 34
30741766 15924 13
30741774 23433 85
14626716 1015 8
30741785 20276 45
30741787 7604 8
30741790 4499 20
30741794 13337 78
30741795 1018 72
30741796 21460 81
30741797 14566 5
30741798 124 89
30741799 2517 67
30741800 6529 38
30741801 36430 28
30741803 1016 40
30741805 6529 71
30741810 266 74
30741812 36430 24
30741814 76851 24
30741815 1018 46
30741816 18254 38
30741818 4874 48
30741819 6529 47
30741822 266 11
30741823 122 71
30741824 1018 48
30741830 36430 50
30741834 6529 58
30741837 1019 34
30741841 11218 87
14587345 1016 98
30741844 8734 98
30741858 7458 70
30741860 42258 73
30490383 15163 16
30741877 30528 93
30741878 9417 8
30741880 199192 1
30741881 89581 72
30741898 59756 97
30496297 138000 80
30741900 211922 15
30741905 14811 57
30741915 8732 19
30741917 62394 76
30741919 43770 23
30741921 10688 32
30741923 4148 100
30741942 100616 52
30492913 247308 86
30741948 64957 37
30741952 457202 98
30741953 37460 89
30741974 246938 55
30741978 133867 97
30741985 38440 64
9531595 9635 64
30741988 23433 31
30742022 157082 40
30742029 67462 63
30742031 88841 24
1318314 9636 54
30742032 122 55
30742034 256304 50
30742038 123619 82
30742039 23434 48
30742040 229992 64
30742050 2517 35
30742051 9636 50
30742053 14566 90
30742055 45529 15
30742056 8909 96
30742076 1016 3
30742083 7605 97
30742086 1021 28
30742096 89539 32
30742097 21043 40
30742100 8216 56
30742101 122 1
30742102 40273 97
30742124 1015 15
30742126 78441 69
30742145 14566 94
30742153 123 31
30742163 6529 67
30742167 62835 27
30742169 229992 58
30742171 8909 77
30742173 11833 15
30742180 122 16
30742181 11833 51
30742182 76851 82
30742183 24309 60
30742184 78441 37
30742185 2517 84
30742186 8216 71
30742193 266 88
30742206 7132 46
30742208 266 25
30742210 4499 96
30742214 76851 83
29355158 312 45
30742225 76851 69
30742228 72083 64
30742231 1015 52
30742237 7458 39
30742238 78120 51
30742240 78120 73
30742241 8909 8
30742250 2515 43
30742252 20276 59
30742258 131129 36
30742259 77482 90
30742266 89712 16
30742267 20276 79
30742295 1018 34
30742305 89414 45
30742327 77482 89
30742328 20276 92
3399153 127129 25
30742333 88520 34
30690163 1020 21
30742341 77482 68
30742343 244536 86
30742344 13337 5
3335372 1161424 47
30742358 8909 4
8383802 82489 97
30742367 1020 70
30742369 76851 72
30742371 29263 13
30742373 1019 63
30742376 72083 31
30742378 1016 42
30742379 1018 50
30742391 14684 49
30742394 25890 72
30742398 20302 94
4613060 1016 44
30742399 23433 52
30742412 7132 85
30742414 20276 10
30742417 7964 64
30742418 1020 40
30742420 7964 63
30742425 11217 10
30742427 56741 43
3530474 10688 67
30742430 127986 56
30742432 11833 85
30742434 70003 5
3344464 20276 48
30742435 34971 57
30742437 89310 30
30742441 48396 95
1095681 4874 62
30742443 6529 31
30742446 21043 72
30742454 72083 74
30742456 123 55
30742457 4499 87
30742465 1019 1
30742468 1021 98
30742474 7132 12
30742479 6529 99
30742483 7605 20
30742485 4320 5
4582019 4874 48
30742493 258490 62
11356724 1020 72
30742496 7605 26
30742498 24610 28
30742507 242084 98
30742509 72083 82
30742513 92204 34
30742523 28390 28
14286965 10804 90
30742537 7130 11
30742540 258478 80
30742541 47645 60
30742543 8732 74
1318315 8909 87
1182337 1290796 38
30742568 23857 56
30742569 88841 55
30742575 220318 69
30742576 259179 40
30742577 89590 40
30742578 7458 17
30742588 4874 80
29349227 312 17
28696984 11948 58
30742595 122 88
30742598 1022 48
30742604 78441 51
30742605 1018 38
30742607 1016 73
30742609 6529 12
30742611 11833 90
15198124 6529 59
30742630 33230 95
30742633 25890 86
30742645 8734 28
30742646 2517 75
30742653 1021 72
30742655 92204 22
30742656 89770 1
30742665 28390 55
30742667 1565 93
30742669 11833 62
30742671 6529 83
30742672 89770 83
30742676 21460 27
30742677 4321 31
30742686 1022 5
30742687 266 80
30742692 76851 52
30742698 128249 80
30742699 7458 49
30742700 4874 60
30742701 1016 76
30742705 7605 8
30742706 1019 61
30742708 38470 35
30742711 1019 83
30742720 11833 89
30742728 4499 99
30742735 14811 82
30742747 30742749 87
30742752 30742754 2
125651 89539 16
13395718 78629 96
31758952 8909 41
4163291 1018 72
6811536 1317 69
32697173 6529 12
12229533 2517 66
32746765 1018 32
33094321 8909 63
1077901 8909 73
33094322 8909 43
33094324 8909 72
33094325 8909 98
33094329 8909 44
33094330 8909 90
33094332 7458 23
33094333 89310 100
33094334 56471 66
33094335 1015 32
33094336 1015 67
33094337 1015 27
33094338 1015 98
33094339 1015 1
33094340 56741 79
33094341 72777 67
33094342 10688 31
33094343 10688 39
33094344 2515 81
33094345 199489 16
33094346 134019 25
33094356 6335 63
33094357 24609 63
33094358 1016 12
33094359 1016 71
33094360 1016 46
33094362 1016 95
33094363 1016 75
33094364 1016 63
33094365 1016 34
33094366 14811 1
33094367 88657 70
33094368 25890 11
33094369 25890 31
33094370 25890 9
33094371 25890 53
33094372 25890 41
33094374 7604 55
33094376 9633 9
33094383 9633 18
33094384 9633 97
33094387 4874 94
33094388 97075 61
33094389 82592 35
33094390 82592 15
33094391 40273 5
33094393 40273 82
33094394 40273 72
33094395 121155 39
33094396 8216 71
33094398 8216 16
33094399 8216 3
33094400 89590 75
33094401 11833 20
33094402 11833 19
33094403 11833 87
33094404 4499 41
33094405 4499 21
33094406 4499 5
33094407 4499 94
8383804 6529 97
8383805 6529 73
8383806 6529 3
8383807 6529 39
33094408 6529 12
33094409 6529 13
33094410 6529 75
33094411 6529 3
33094412 6529 81
33094413 6529 69
15237453 6529 100
33094414 6529 76
33094415 6529 96
33094416 6529 48
33094417 6529 60
33094418 6529 63
33094419 6529 7
30735914 6529 18
33094420 6529 73
33094421 6529 48
33094422 6529 85
33094423 6529 66
33094428 6529 12
33094429 6529 23
33094430 6529 85
33094431 6529 80
33094432 6529 95
33094432 266 66
33094433 6529 82
33094434 20276 16
33094435 122 15
33094436 122 14
33094438 122 73
33094439 29263 87
33094440 1317 78
30735915 1317 35
33094444 1317 12
33094445 120447 37
33094446 7964 31
33094448 89733 70
33094449 27596 91
33094450 27596 71
33094453 14684 58
33094454 14684 20
33094455 14566 75
33094456 14566 29
33094457 266 70
33094458 266 17
33094459 266 69
33094460 266 93
33094461 266 14
33094462 266 80
33094464 266 56
33094465 266 68
33094466 266 15
33094467 266 52
33094468 266 73
33094472 266 70
33094473 266 84
33094474 266 25
33094475 266 7
33094476 62835 4
33094477 76851 48
33094478 8218 52
33094479 18254 67
33094482 18254 16
33094483 36430 76
33094485 273796 4
33094486 171042 2
33094487 34971 85
33094488 89539 95
33094489 89539 62
33094490 89539 86
33094491 11948 81
2619796 11216 34
33094492 1018 14
33094493 1018 56
33094494 1018 13
33094495 1018 99
33094496 1018 16
33094498 1018 22
33094499 1018 54
33094501 1018 39
3433536 1018 6
33094503 1018 98
33094504 1018 5
33094505 1018 4
33094506 1018 5
33094507 1018 36
33094508 1018 12
33094509 1018 56
33094510 1018 46
33094511 1018 45
33094512 72083 58
33094513 72083 61
33094514 9636 48
33094516 28390 22
33094517 28390 9
33094518 26479 3
33094520 2517 57
33094522 2517 26
33094523 2517 33
33094524 2517 95
33094525 2517 97
33094526 2517 11
33094530 2517 78
33094532 2517 31
33094534 2517 91
30722183 2517 88
33094535 2517 73
33094537 2517 68
33094538 2517 20
33094539 2517 1
33094541 2517 70
33094542 2517 93
33094543 2517 78
33094547 2517 72
535049 2517 46
33094548 15163 23
33094549 123 76
33094550 123 93
33094551 78441 65
33094554 13200 12
33094555 21043 1
33094556 21043 74
33094557 834399 34
33094558 11217 30
33094559 11217 61
33094560 11217 59
33094561 48396 16
33094562 128853 93
33094563 1019 49
30808361 1019 10
33094565 1019 81
33094568 1019 76
33094569 1019 60
33094570 1019 34
33094572 1019 53
33094573 1019 25
33094574 1019 77
12352373 1019 71
33094576 1019 75
33094577 1019 8
33094578 1019 17
33094579 1019 27
33094580 82489 92
33094581 4320 30
33094582 4320 41
33094583 4320 10
33094584 4321 60
33094585 70003 9
33094586 1020 91
33094587 1020 42
33094588 1020 86
33094589 1020 23
33094590 124 58
33094591 124 18
33094592 124 73
33094593 123619 92
33094594 23139 81
33094595 133067 80
33094596 24420 39
33094601 1021 91
33094602 1021 54
33094603 1021 12
33094604 1021 93
33000998 1021 47
33094605 1021 54
33094606 1021 31
33094607 1021 32
33094608 13337 58
33094609 13337 39
33094610 7132 41
33094611 7132 96
33094612 7132 98
33094613 7132 11
33094614 7132 63
33094615 89581 56
2333344 89581 52
33094616 1022 86
33094617 1022 81
33094618 1022 85
33094619 1022 56
33094622 1022 94
33094623 1022 58
33094624 1022 62
