523876 99899 39
222866 122363 51
2916375 50393 47
5067331 54189 52
5069777 753936 86
5072218 393842 79
5078976 117483 83
856434 5545 100
4338445 48997 86
4207533 37294 59
1213180 1248774 96
813710 55259 78
1789180 295146 82
1758662 59525 21
5164599 363242 50
5168286 352627 33
813711 487947 86
3031368 407823 4
5171250 98437 17
723106 322839 84
4783185 103631 88
5179294 52044 100
5199027 201582 10
2418952 95950 53
384133 607514 63
5223634 339195 47
688867 5468 97
5263736 755999 66
5268746 473439 46
5268778 323991 49
5278147 325203 34
2364125 6243 27
5328203 200828 4
728450 207693 97
71078 233431 81
5337012 345850 86
728451 274622 97
358739 102223 91
2219107 63515 61
2219107 43510 39
1319377 501440 31
728452 126763 38
462885 17050 97
448851 92391 93
4848781 76284 52
1438090 1404 3
164854 118038 48
157834 141789 31
2078241 239805 29
537736 16954 65
3284760 125121 77
5387164 99469 9
5388190 346487 4
319374 112008 84
5390387 470596 56
2328482 40952 69
2420449 2051 10
44481 189087 98
1467018 40040 68
524377 87869 90
5415308 754170 54
5416474 385927 12
976044 444963 13
5433733 255737 13
5434501 436039 81
2569530 1627 85
5439122 17120 94
2937339 424827 36
537738 35779 62
5448650 299079 26
163358 137390 80
4367250 523692 95
685127 926196 8
534827 1607 87
2128435 103242 77
5460564 35869 64
3113775 96767 69
2728330 20836 15
5477617 178743 48
3967907 108414 51
3233713 144278 33
5487211 105965 73
1972079 121586 63
5492539 199164 88
2128436 428797 1
3913803 64154 14
85979 63684 77
237238 135079 85
5494596 736709 11
5496887 353308 88
2875890 142180 59
111289 105860 53
5508311 108338 46
5508327 104321 1
1629048 230942 72
728454 295450 1
447346 109096 20
5515672 338946 39
173126 534086 31
2420450 373264 16
5517700 94890 23
2094019 77422 8
5521500 99252 75
4915214 93661 1
5521910 177127 59
222441 307295 70
293931 72775 34
5526672 105326 30
5530518 149569 40
728455 344610 38
764157 49102 15
5534554 371696 18
293932 127421 21
222442 94447 2
3187304 388788 2
4384180 152826 99
141983 447165 47
2921653 1002 48
2472440 327613 55
2917028 248043 48
2087253 121061 80
5549832 192778 39
970376 226287 23
2751799 633997 23
5555729 218292 34
344623 299643 5
3794792 1210526 46
441779 22245 15
5561305 324083 48
5561847 671051 94
141326 52283 26
728460 217288 15
4237650 118269 69
1980138 170726 62
1789095 170839 1
836031 141377 64
1250643 221879 50
5572124 356974 87
747164 803556 92
1703244 34446 6
5576333 39079 16
1974876 104232 9
1716116 172044 58
676148 226588 56
2741640 75546 80
133284 104605 93
4411147 50516 27
5596543 11469 24
1971686 736958 70
728461 882781 32
2475861 326270 35
1299170 46551 100
4832684 441056 14
1099821 632212 18
8848 65891 56
222252 207675 90
2924679 503681 64
728462 222476 38
722358 101653 63
700188 217868 9
2328483 265311 99
1091880 961434 45
728463 5461 22
1067632 150268 97
293934 47365 26
5632655 341833 27
10767 34875 41
5634285 133317 41
5635919 889128 36
5636764 328836 92
691694 119839 54
293935 651770 54
215058 2142 73
4849321 60164 66
3050323 929854 30
54369 5748 32
5168329 66148 22
2781007 1200458 28
1946859 507833 75
447575 1089237 60
513201 78076 19
3926938 355535 4
305725 6514 72
5650798 678130 91
2937334 5466 2
4849215 34683 54
2881825 192467 55
576096 347343 47
5659505 216942 41
5662164 162950 92
5663278 445273 25
5663778 508128 99
5664363 342009 8
4826294 101602 14
1789096 51719 87
5667972 513057 89
5668430 216360 15
1617057 207959 17
728465 50642 80
609403 51361 34
142093 51275 32
1084704 51649 85
5663780 16409 41
305917 120808 62
513202 290916 80
3730693 109557 87
1323996 223258 24
5686053 249770 94
2336282 131049 80
5687233 397229 78
1202234 243050 18
5689714 51077 80
172804 39344 80
5692007 9966 76
5693126 49453 92
293937 163482 12
5698663 47455 25
200176 349478 70
4640973 21893 12
5701018 498756 33
141562 72285 14
4237651 104404 31
3425542 323737 37
5707225 379696 52
5709730 278847 16
2741775 100133 91
5714888 226592 92
5717126 308723 29
8849 65974 57
5727013 340670 65
5728313 6067 88
462828 584773 67
5732880 512855 96
5737831 49841 27
5740042 215785 40
1954873 351862 62
5742342 642954 25
3807554 99036 75
821894 53644 82
5751939 43099 60
2322287 52839 83
1498444 97603 54
1703245 103059 95
3457531 214742 50
939799 622595 8
298182 290225 55
5766711 699507 48
933215 93766 32
5770004 15333 67
513203 14967 100
21556 119556 15
172352 60920 74
59769 240646 25
5777617 96284 75
233345 698348 98
1457616 54525 72
5786744 338947 4
728467 318508 98
4115491 37582 92
5789637 314050 75
5789837 8077 54
5789976 335647 41
1299190 142165 38
4187461 333747 88
1671276 157427 99
700189 150039 5
5797229 51360 30
5797900 312775 59
261841 287828 40
5804866 17124 67
3336083 110235 18
3897955 37190 77
5807963 175111 65
5809528 363836 11
5810867 112766 91
4387630 500334 97
813713 288536 64
5815512 97704 78
2089243 355631 5
1452214 450818 85
293938 100270 3
448260 91625 99
4721743 140187 32
1975982 324174 2
5820302 319682 58
5822848 479401 91
5824101 93767 82
5825008 443337 77
1210997 2765 73
4052676 276394 71
5827382 8728 86
1500000 135340 11
5830706 677538 23
5830887 178532 12
5831584 199577 59
3031293 95098 61
4533118 18252 5
5836465 215185 51
5836942 946190 19
5837500 200309 95
5837509 566875 99
2657018 181815 17
1911154 22252 82
3072 38611 41
5850025 500751 66
957484 23656 25
4074486 340477 98
5852176 249889 6
5854681 207674 88
442944 53373 66
5857140 506948 55
5859989 332520 23
3402640 21710 16
1245675 329221 30
5865004 394806 63
5866757 859873 14
1629277 218185 41
4214179 35770 93
4053460 392673 57
5867262 124625 8
5871759 322674 46
1526708 105378 88
447148 352883 59
2720373 193339 100
5884163 332574 23
1467019 128023 26
5885177 144517 31
517051 144182 8
152813 228832 73
5887595 104318 81
5889434 311447 71
5893433 95295 2
5900579 19071 9
5902205 204598 54
5903183 621209 84
2475862 1628 65
65865 253352 21
1102004 106431 17
3974681 827551 9
5910898 302054 16
5915506 96768 46
5915714 164839 19
5915972 961052 77
5918204 312772 25
5918350 252341 31
2200357 229904 88
201840 57951 73
765816 54865 9
5919486 340672 43
2470119 280773 64
5922505 752434 41
5923891 1010191 19
5923940 217004 70
5928098 916073 48
201799 1409 31
5930465 105228 7
5930507 633174 98
4812848 308672 78
4625094 335325 45
3021707 96931 21
4209169 62428 22
5933671 7951 8
5933873 278826 60
5938063 84325 17
5939631 240274 100
5714151 6968 83
5949381 267323 88
5949792 137995 53
5949962 68199 90
1486628 5469 38
1671277 43950 79
1467020 43100 24
1485084 99992 47
5954565 56377 23
5954835 144456 3
470016 134679 24
5955008 433631 45
5959660 218347 63
5959975 272734 47
5961990 104947 29
2605237 534666 53
293939 217005 98
686887 50034 88
813715 36589 18
5964837 802336 19
5964921 493378 21
2937341 334562 20
5968001 62321 61
4696182 829997 30
293940 119438 89
5970378 220313 82
813716 322840 56
5970771 506676 6
5714778 1057139 94
5972865 842555 9
2705455 100512 94
5974688 123141 42
5974690 627521 100
5978123 109598 6
2009795 117898 8
5983809 21167 66
5983837 47367 98
3340462 344217 53
142160 98275 10
5986424 102297 64
813821 8613 43
513204 222629 66
3420178 80423 6
5993565 402991 83
5771302 53048 74
3317256 859512 16
1101515 929454 72
5995392 288325 33
5837512 149960 35
305918 400462 3
5997323 23136 23
513205 80182 92
1441117 674552 65
728641 5619 92
1250644 270892 29
1819029 844371 19
6004075 337888 61
4559415 340407 1
3621099 104607 78
6006651 307997 56
2363472 157139 78
443555 35961 94
4308142 60676 27
513602 678357 40
6011056 827518 99
1921088 378506 51
3537303 365968 94
6014272 743033 54
6015734 109244 10
1250645 125325 56
89856 193147 89
6015984 622095 60
6016204 5393 97
6016593 225330 69
6016730 48995 51
6016935 63824 30
697325 309048 9
728471 362393 41
728472 348489 11
728473 461702 99
305919 190301 72
2309830 165501 82
576017 922188 61
6023342 104531 12
6025183 345113 20
6028966 37053 100
6028991 344565 17
6029989 372719 55
686888 270893 49
2726359 36008 90
6031514 549880 54
6031545 325021 23
6031630 363584 85
5789839 841098 31
3436616 99398 41
6032770 93764 53
2859182 121325 27
6034342 367550 37
813609 204475 69
6035038 131781 4
6037597 208130 45
1616259 109691 26
6038935 50514 27
175080 72843 69
1917219 97743 12
813998 201264 50
3050324 722019 51
6042885 232959 9
6044212 137996 97
1210903 52722 32
6049736 56780 49
85688 272747 23
6050700 35463 67
6052631 203404 66
4859354 1650288 66
2489723 91379 56
6059420 368333 66
871817 277547 57
1954840 36474 91
606126 10098 88
6059857 213505 53
142451 448276 5
5058987 881164 82
6062999 231113 29
6064026 161393 14
3467961 225053 81
6064558 312626 77
6064846 622838 38
592550 121189 29
6066167 463192 59
6066275 326289 52
6066300 488275 9
5430878 202409 99
6067507 348516 82
647707 512930 10
6070074 420118 49
2128438 50959 1
6071650 121677 55
6072684 336757 84
1102038 134384 40
196525 308643 44
1541825 336221 87
4214142 9623 53
2125016 593391 27
1092812 109955 49
6080211 3086992 50
3741947 318471 77
6082472 219109 7
1099023 103861 78
2363966 506914 8
6084283 240514 90
2728488 174339 31
1957774 179588 83
6086557 164078 52
728475 884273 53
2363527 334392 7
3358816 142877 33
6093050 24809 15
45609 196550 70
6094626 77789 80
1102861 12656 31
6096759 152377 67
4103851 220554 2
1138230 72284 53
6097100 144230 74
261750 22248 80
6101977 433184 29
55997 230461 8
1766641 108201 66
6104759 280588 18
6104783 461364 57
6111072 94591 48
5387207 507096 39
261984 215089 94
2063410 294887 68
6115901 127170 18
6117342 249892 74
6118211 218119 16
6119305 676188 44
6119508 448648 72
6121643 157928 45
3460844 95100 72
2706726 51430 55
6133343 363241 56
6134338 339737 94
6137079 276393 69
4045129 306883 21
1500001 584285 96
6137627 1071981 53
141062 18042 59
6138182 500045 90
3499014 224122 22
3555759 347275 29
4786555 75957 10
3214812 200961 7
6145878 1787757 61
1969914 43324 68
6148840 54660 66
6150184 901051 31
6150975 252046 65
6151595 54826 93
1104589 109136 58
6153874 151559 16
6154471 169267 15
6154473 291989 27
1500435 76283 45
6156651 352059 100
6156973 41757 8
3541593 99329 20
2178931 109243 66
703863 220615 84
6160457 154332 98
3632344 181904 37
6164043 79987 80
6165535 435833 60
6168244 48889 75
3594345 111874 3
1558100 118499 60
2697786 151278 14
6173999 161412 67
6179057 123272 45
5268780 322613 30
6180234 607224 46
6180486 10923 97
6182361 86699 62
4052697 76725 56
3162556 5457 83
4170071 895165 77
1343243 10254 91
6183980 40953 48
261929 648351 67
1789406 52773 41
311650 49394 98
411432 774010 55
2690852 77299 88
3425061 295965 15
4443483 613418 53
1976570 41925 92
6200763 218398 34
2510117 44178 36
6206135 142066 90
6206292 180683 19
1976693 134124 12
1063138 48996 46
89858 305870 44
6207812 46167 53
532762 197711 81
686889 44313 13
6211754 86014 3
6211997 267484 13
6213801 407821 23
2815685 119640 7
6215761 178829 87
2834952 105329 45
6227367 566228 46
6227925 1041232 72
6228322 656318 44
2435780 309694 2
36095 93376 3
3250223 328877 44
142453 63457 77
1295703 41921 85
6237545 17884 3
4849245 68705 31
228274 109556 100
2390000 53574 22
933219 466085 63
1211301 99584 40
3688586 627684 100
6245991 500717 31
6246290 739595 22
3036932 189083 72
758361 285621 22
4156 41132 15
2776563 260843 38
2086644 391402 88
539172 199694 69
3807599 224837 44
6256387 567050 57
2747426 215784 54
758987 342606 29
4185060 98089 87
6263248 174013 30
6263995 363837 2
2876099 157952 44
6265054 173571 61
127157 327667 20
421188 83568 68
6267748 341485 65
126393 175235 67
6272323 58968 86
262211 250003 42
89859 132754 22
47061 101382 25
6275983 396211 39
1229312 70658 25
6276494 238001 25
2384905 1413 16
4575213 19408 85
330624 216889 56
1104590 83930 34
449007 16994 73
1216689 36921 92
2092973 43404 14
170554 235554 80
5722957 34779 69
1541695 51431 100
4020887 458448 97
2364797 56882 12
1558906 176702 13
1215951 343225 42
516759 363286 41
89860 134867 99
2875891 362660 37
933220 31829 57
6303279 412207 55
1210904 198874 33
518435 342011 7
1102862 90056 77
1299191 369673 90
1541413 329680 78
447943 53548 96
758780 207621 63
2178989 5463 92
261843 35569 58
821896 313042 90
1102865 55086 55
262213 759697 1
2720579 104829 38
1074209 452688 31
933221 67339 27
6313276 340763 5
5190 39294 35
6319040 344181 20
6319061 46359 32
513206 357763 55
2178837 128627 84
6323028 55627 84
6323075 340765 72
6323875 449296 49
6323907 325865 41
6325206 344676 1
6325404 65703 54
379519 636921 31
1615890 51076 2
2720374 63433 54
253560 122516 64
261985 99039 97
1924339 603787 96
1484228 852853 61
6213883 301018 52
1977549 179491 82
2364798 100776 64
2876330 240202 9
6341202 311572 67
6341258 314780 35
6342440 885178 6
606408 53000 27
71081 109460 27
1062423 72776 61
71082 243994 45
1202124 12104 65
513207 1411 63
34235 17965 48
6354403 144989 61
6360993 218532 40
6363162 211832 54
2937346 196319 54
6364837 363451 27
447578 112151 89
6151083 139046 82
4075974 519657 87
1542659 363171 90
3807893 233355 69
201841 365151 91
3958198 190353 46
1542609 62429 36
71083 262005 74
2364879 99901 19
6388966 85612 85
2642099 104678 26
1789327 981998 18
448262 412619 11
1581806 236759 87
2751856 100867 40
1074085 38891 97
1095559 361706 75
273353 340669 75
750300 96827 11
1554251 51075 88
3810274 161118 70
1346250 99703 24
6213878 345527 47
6401424 507809 78
1541354 1488841 83
4631812 99838 13
6405672 54866 94
6407344 162578 6
6408559 95103 66
1210905 226733 7
417751 71955 74
3197927 51188 86
795475 5597 29
1484229 79784 49
1059297 56614 97
6419425 622225 84
3091418 178308 80
2400465 209913 3
3540668 444554 67
933222 102229 6
1103598 313069 47
6423257 35361 18
6424627 256261 38
2753300 346816 47
324289 117555 8
876562 6833 16
2087057 96046 32
6429680 48130 31
990628 226083 27
6431070 96711 27
6431207 97306 34
4163166 104229 58
6431379 137994 88
6436245 1998408 68
6438903 36472 64
6008173 201583 52
3175369 94441 100
3780886 92718 79
3075489 505679 91
6457669 58289 2
508749 185072 90
6461053 353125 41
6462484 197393 34
6462875 1659454 25
6465938 8483 45
6010779 136229 13
6472142 213506 42
728479 53858 95
4683333 1741341 25
131345 116944 40
6478854 38439 88
759023 929821 96
173128 534193 44
164859 353762 34
424277 756479 45
2199671 297208 56
2092974 651 56
6492583 226591 34
6493568 124987 40
6494306 56308 39
6495228 101597 91
3371995 176863 62
6499418 338373 100
2187275 493381 32
2087050 226736 3
6517505 52230 48
2336136 52284 75
1970227 8726 98
20874 2052 60
261931 86902 32
71084 262045 46
1541911 341484 33
6525156 384484 76
6525194 17121 31
6148842 112245 65
6533987 708470 71
4515762 190417 44
6544610 94892 38
6546484 155436 62
6550712 106657 60
6553304 672299 12
3579347 393563 37
2352276 571365 6
4704544 234767 2
2086730 51072 21
261932 138393 41
1103388 815387 36
262153 168953 95
6562858 99330 60
6564035 665283 22
3471030 99520 5
6028993 122803 71
728483 291739 43
2638314 214916 27
6568595 298074 87
990630 72375 97
201874 152034 34
3781061 105724 35
6585147 215666 35
2092975 5598 73
6589460 218184 99
6589462 218795 81
4085041 230856 54
1211303 100173 34
2091460 237895 50
5969520 15542 58
6596891 109197 10
278468 36588 88
3036792 220047 86
1691665 70132 74
448403 163681 60
3702264 121432 5
6612485 248621 30
498934 236431 63
537741 80893 14
726678 118656 32
1976385 338367 7
6645808 226965 10
6665444 109956 58
6669815 893059 66
6670126 26476 88
497216 302501 78
2527774 361167 20
6683805 50388 92
3751279 99038 13
6697745 233106 54
6698417 142606 61
6699736 1042785 89
2363992 320383 45
2917200 276251 13
6718254 80303 87
6728063 36479 30
4707494 108436 62
2208272 177264 76
1161651 461308 68
3117885 76395 6
1499743 668046 15
158155 146125 31
1616261 278626 81
2364799 193217 69
1820911 376225 37
6586544 244265 29
4367282 49225 62
1522174 530808 36
324290 132685 2
6178 55532 48
6792434 730363 81
201875 606239 11
525533 401793 44
1062424 78274 74
741539 41917 77
201842 154224 62
6806595 545420 59
2134768 1603081 77
3460845 102228 97
6822519 50960 58
6824427 538876 88
3926612 308389 99
466056 221303 9
4696001 53775 17
1234581 137823 5
4612984 351808 18
2476102 115808 6
821897 84112 82
4578267 907401 67
4701464 941948 34
3898746 1314486 74
4705907 104402 97
6829399 90671 32
2555019 142975 52
3479784 213366 23
6840584 790488 88
2871387 358953 79
1946863 17125 8
4399188 94291 62
525201 51905 51
6887773 312584 16
606032 99116 13
411346 5828 57
293063 208721 84
1299086 344423 91
6909541 344394 69
876563 480440 52
606373 88039 75
606033 132026 30
65050 54314 36
1541633 101166 56
2605185 143600 13
6943183 200829 34
6944738 219935 6
3933534 92138 38
1098740 401993 20
985369 158028 25
1969886 353551 30
1957791 76166 71
6978355 21101 77
2352961 580700 80
6994830 681300 44
6999451 94891 63
4817608 695071 30
2336212 124131 95
4384130 224514 19
4473209 166626 76
3807897 52187 61
2336137 107619 8
6994832 55339 66
324291 346399 23
3358818 4412 70
6412166 37872 18
6156695 248601 51
6156653 142932 62
7026758 399384 22
7033912 196282 78
4175996 296411 92
2195284 38601 96
1541524 274265 77
1924094 87215 78
2195285 910410 5
7038880 338639 89
7041021 326800 56
3467004 371900 33
4451538 213164 80
66358 5161 14
7062100 926937 62
2937344 39812 42
3898002 148093 38
1228922 297153 67
7067285 45765 91
581876 100131 22
1204090 151366 96
7084689 124601 38
7088865 225805 85
46734 201816 68
606081 157292 91
2056385 3205 56
1936257 345071 99
7091968 248263 13
4052612 832 63
1957708 216891 7
1975837 308684 73
448700 549879 10
7121656 36007 28
813526 325650 43
2838129 104465 73
4398255 91018 32
4661837 98664 79
7141900 293979 44
7142228 100905 67
3051572 14676 28
1250647 743917 33
7166365 831766 95
7174711 144131 58
7192122 363402 100
760098 336755 20
411434 196191 81
2876142 43407 66
7205515 253463 92
7208452 52105 100
1497800 80515 18
723109 142296 30
7214396 99117 76
7215952 18135 88
2913343 341133 34
7223350 36178 94
500669 176500 89
7242945 692816 62
2173113 345149 8
7248243 200486 83
7250026 1932 4
7250157 194014 39
7263417 224128 61
4302414 470029 8
2937015 221741 59
7275123 336222 72
2893630 145106 60
933224 102870 32
261933 670220 59
7294813 330650 37
306202 639183 77
4277776 98601 59
7302501 344215 9
7302558 84856 83
7303507 53473 2
7307678 56740 38
7311716 157102 80
148592 468523 54
7313545 336763 46
6641849 181694 44
422160 58228 11
3402641 135244 17
46735 201856 71
7339378 534869 100
7339615 190194 91
5217 47040 53
758615 163884 16
1210999 381839 34
7349970 365698 32
7355579 93238 94
261934 249951 72
2917201 98661 89
7373449 389829 60
2746071 612428 60
6376936 160825 7
2840569 96930 41
3177686 445641 44
2602620 135379 68
3290382 217287 20
7393659 441136 55
7393902 816702 22
7394667 46897 8
2720376 317786 87
3398362 51522 47
1388743 376113 80
3702283 157929 37
1919447 98662 69
7425268 133348 47
7438321 91103 12
2123743 530058 82
7441109 324314 33
1526808 620537 69
7458224 394805 67
3241544 634160 99
1212032 423769 49
7467595 97849 94
3049610 93544 17
7469323 662349 4
747166 180836 11
261988 76047 32
499597 99171 58
7478551 95420 13
3218150 200060 14
7482249 202407 74
792176 275621 22
1969916 249882 100
4115685 92575 81
3460846 62851 3
723110 612418 89
2845553 23770 11
3664457 12037 96
187314 396055 71
7513171 174758 45
7513760 12865 30
159365 224632 88
2023595 54016 20
1102559 153479 35
7526365 315877 61
526584 97604 26
1972881 36247 7
2352045 350302 74
7538814 1080910 88
4132834 389771 10
5268781 19583 5
7551087 344954 35
3091832 739318 14
7572718 669493 48
2128668 21008 49
7574672 94296 72
7581270 132825 41
1344446 97968 65
7601427 109522 41
7603626 52332 8
7610016 440642 42
7610072 163239 43
7610608 238003 8
2845554 41910 16
4046047 47366 13
5789840 13587 83
7634546 261454 94
7636039 870863 23
7636315 36005 9
1653671 164479 9
7638186 547990 11
7638337 374294 94
3404144 642640 2
7640485 53079 59
7640839 77739 77
308070 716151 60
1098741 75379 80
3751280 51830 67
7646546 538729 2
2384906 147358 69
2113123 507776 97
7654720 159905 85
261935 94589 99
7657350 393093 37
7664971 19011 15
7665893 238540 47
2490019 40362 55
3166886 100177 59
7678830 83929 67
7679112 365475 37
7681877 12655 97
7683379 101887 21
7684533 57676 40
2718621 51717 82
7697237 512556 74
7700249 425607 25
6499481 212530 7
164862 363884 32
5689717 327726 66
1250651 267196 14
7730598 480576 64
4343043 153674 53
7743385 126396 4
7744150 344720 70
449068 862062 30
1925335 298188 25
3261853 66793 60
7757007 53974 97
532010 62877 69
1557358 1630 17
7765788 220815 80
7768899 392050 66
7770827 392146 46
6311941 101439 70
1535330 96155 10
3425525 250169 54
7801790 107816 76
1954794 337567 86
7804759 324498 11
789864 654 2
1558806 999248 10
7813703 505713 60
7817301 1408 41
4213704 96479 38
3666381 218115 81
2178089 218887 9
153516 224261 82
7826158 86095 58
3702846 179675 42
7828009 191428 28
3807541 283933 97
959604 17126 5
606387 276324 59
7836848 612721 68
2362413 104679 17
7839980 78186 62
7841133 109828 89
7841525 332248 14
7842970 488630 64
2629734 51238 47
7848343 36767 44
4850892 234127 37
3753698 238997 85
2401176 54315 92
1138231 740388 54
3807532 613374 42
1050997 1488457 78
7854835 96283 16
524866 524081 14
7857990 330496 10
1257239 148382 28
7863513 394901 51
7874957 1056326 23
1541415 154866 90
842578 42697 55
3968713 305250 57
7891983 698588 68
7892078 340600 21
7899542 701273 91
1758862 67229 97
7919361 552833 97
5561372 1097010 70
7211488 362064 71
3555048 56306 60
3382386 382266 54
7948637 117485 89
7949630 110095 41
7841182 119945 35
7972066 249909 10
7973796 367549 77
8048260 86011 66
8101824 104822 95
8117328 87924 48
4161486 104530 30
8133310 19586 28
8141299 520820 56
1257240 877767 12
8150477 101650 75
8156560 344924 68
8157310 37974 10
2062506 339734 74
8157792 322104 95
2876469 41515 12
2123687 345851 6
1062609 369672 9
8163710 50088 97
2882873 277415 47
2221591 84946 38
170088 107219 62
142460 104470 17
448908 55626 16
8191854 48929 76
5408576 638954 64
4962282 278811 42
8204930 316339 28
2845555 35963 66
8212389 61752 85
8212412 94965 55
5561307 328943 47
8221768 95477 41
261752 45959 4
3294630 35679 54
2696583 75157 10
4850914 628601 1
2743878 332063 56
1919537 67461 75
8235555 308646 95
4053003 308712 53
8257199 333824 62
1946864 841992 43
8271362 101384 97
3402642 225522 68
8289756 106762 62
1217643 108491 64
8294245 247392 91
8296274 566555 67
7038882 333749 33
3807545 51187 1
8311829 97571 80
5811332 333951 91
8315236 154403 50
8317233 333406 10
8317788 333633 63
8319434 52401 88
4975568 73937 92
526970 314344 17
8335792 99841 48
262244 384102 86
8346246 43952 62
8353317 220722 89
518491 1219045 36
2689215 216074 54
3315557 360806 1
1250652 484438 48
46736 201889 65
723111 143461 64
8393592 36989 12
8402904 321688 22
8405103 53976 54
71087 60599 71
8429375 182166 95
4429017 110236 57
605962 99840 79
12048 16634 37
758973 328979 15
3162591 105379 67
8468100 36765 85
1784695 222733 74
4163167 740841 48
8479840 123271 69
8483227 134123 75
8488573 388414 73
2741429 814008 30
758988 943223 10
8504551 513021 54
8504606 148448 88
8512029 1732687 41
8513776 104403 100
4103961 163481 16
2095614 219480 44
2455557 54618 83
1103807 323562 50
1211001 316575 96
8551208 18887 57
8569518 66403 24
41308 170336 33
2087816 814807 82
8576167 992887 67
8587561 305811 67
2401205 9519 92
8602789 19421 29
8613259 390686 79
6099679 275722 60
1291929 80421 64
3534848 181901 52
8635778 899682 51
40171 164896 91
8656712 237419 74
1758952 419472 85
8660754 95248 64
8661397 126764 58
46737 201912 27
8684833 867410 30
1217163 657159 74
8697439 5394 91
758974 217719 96
5168341 230037 31
2178932 248536 96
7487772 318363 54
7681879 25134 80
8718435 75956 8
8759921 218113 92
262247 9625 12
5314825 86015 86
8770838 156941 60
4578271 199963 7
1660732 429253 15
8800119 125483 67
8814952 43033 92
8823616 338860 28
4136735 7593 34
7841183 87060 76
170219 252943 37
8836864 626334 99
2124954 131449 89
8847373 52832 63
8855752 226967 22
8866894 109097 1
1217644 441527 60
728491 18047 23
8878135 24603 8
8879231 343905 57
2352046 78774 19
8882850 193650 42
8901874 347427 55
8906509 215260 89
3578838 158339 25
606082 387077 43
8920753 428206 16
2845556 333384 69
8936309 339828 23
8950654 14555 45
8952056 319648 57
8964421 215996 57
142464 448806 59
8976380 637492 34
8977688 288721 93
8982499 709455 84
2173114 50850 34
8990951 288091 55
1212033 90495 35
1183579 98709 93
9021477 698085 29
1202942 109095 27
3118182 274623 87
758529 94107 12
164866 44312 74
9068433 133512 91
3983380 327133 57
9074497 337754 46
9089073 37362 2
9096280 505748 8
9098521 194339 95
9108234 325283 31
9108336 309596 48
9109095 43617 91
9109543 284143 20
2420809 189980 96
9131763 335394 58
9137703 322284 63
2455558 213789 1
1541349 242452 97
3751392 471045 9
3187337 249794 31
187315 156164 63
9186686 79283 84
9196680 154579 86
9207821 37361 40
9210215 567937 32
1248500 324840 63
9221297 249692 94
6138648 859621 48
9245178 339001 9
9249712 30988 27
9251264 609149 49
2937326 52395 9
9254411 51429 34
933233 95476 34
778211 24810 76
9267791 83126 46
9271842 186884 29
4190456 104224 68
9295207 504253 11
9299417 866912 36
7841214 41409 90
9300943 82828 28
262216 343902 21
2095599 26882 10
2419141 161418 31
9319567 554805 45
9322915 332286 35
9334896 680987 61
1250654 543282 81
8800121 407822 44
1101520 218486 97
3333845 299824 25
9382232 9726 64
9382346 25028 29
876590 149326 69
5561309 475107 69
1077421 655 44
9394340 61751 12
305923 142724 76
9401658 343396 10
1241898 218294 44
9419324 18455 19
2352766 316453 25
9432515 612552 67
9444722 9289 100
1257241 130283 86
517759 625241 65
3914092 259815 29
9469978 440443 71
1605870 28807 21
9474483 619437 88
2085408 209388 88
6323909 101773 50
933234 672741 33
518493 412299 9
4207534 299760 35
1911155 86013 88
9500868 333037 28
9501442 28178 60
5972904 17879 42
1106474 95844 75
9515913 43689 2
5423446 94298 48
3550433 82873 88
9527018 152827 35
2928778 335602 69
1388744 53403 39
750219 47642 51
3751056 917416 59
9536542 51065 28
7697603 273224 73
9544406 142976 44
7535450 87925 37
7394669 65040 12
3898290 273294 27
7841135 376072 55
9568898 677511 50
9570283 207413 3
9571927 142624 52
9572257 89895 98
9573634 651802 70
2845210 98442 69
9573698 213367 13
9574729 54269 93
9576104 9025 83
9576421 257077 46
3949679 215088 73
9581590 226189 37
9595926 54406 82
9598398 95247 20
9599539 550698 2
4145350 190650 92
5689748 145824 20
9610620 284144 47
9620873 94747 13
1629344 196363 27
9643968 327088 73
9644044 246536 97
9645035 74792 6
1215895 5655 62
9648386 200825 61
8111161 130349 83
3949667 389158 28
9655053 161358 63
9663534 98663 45
303171 121381 85
1298797 251545 92
42102 173144 69
577471 207391 72
2571376 389369 67
609510 876751 31
2913286 582710 2
999446 12453 24
579421 1296490 54
2913287 133581 61
6494356 95154 45
813717 339675 3
9854074 169560 39
9899127 97808 63
9960659 102177 27
255608 700276 22
8998 67201 52
9989062 278712 89
9999353 100132 67
158847 22602 40
3541505 364583 85
293948 98164 43
10018105 121112 25
3125579 324549 73
10049198 126148 61
4824103 63609 58
10049631 218114 84
10050635 42613 27
5820356 71289 33
10050931 352650 42
10051425 10677 97
10051966 580708 54
1486412 70134 26
10053223 22824 33
2086818 214201 88
10054169 91906 73
10054267 21102 39
2336284 275945 11
10054689 131887 51
10055176 121016 39
10055267 101897 53
10056975 334000 19
10057046 111557 75
6276498 329459 10
10058277 340923 88
1671279 22826 73
9227096 626250 25
1291931 19420 62
5714194 16018 81
2173115 705436 94
10061311 676655 31
10061419 174831 41
10062019 170198 64
10062168 143768 78
10062749 110841 83
1210828 450824 39
10063009 186701 54
2128971 109599 94
4035655 354137 33
10064028 96570 78
6884821 226406 95
7838461 652252 100
10066357 142031 67
10066481 516344 70
10067071 325023 90
10067179 214743 63
5972867 679209 20
10068459 331732 9
10069821 98511 55
10071304 344515 34
3670886 60455 59
1250658 366695 9
10072371 312774 51
9501444 96888 22
10073228 94516 71
10073749 640539 73
10073870 109822 89
10074065 111082 100
1250659 95373 2
2753248 227537 26
9501465 341181 31
10074804 10099 40
3037028 462448 29
10076233 141402 84
2840409 58553 2
10076804 337484 38
1291933 613918 89
10077997 54526 42
10078074 742107 62
10078670 16017 76
10079819 263195 73
10080249 350365 38
10058176 2048 10
10080956 37782 70
10082118 297622 76
4631771 109558 54
10082622 219894 63
3908567 19417 43
10083411 78628 41
10083671 105229 48
2435782 126905 47
10084811 153344 54
10084841 420343 55
10084981 259950 36
7478554 112353 17
10085454 42805 49
4553676 36477 49
10086725 660149 46
10087453 226496 38
10087581 100677 94
10087594 353350 85
10087775 31258 98
10090197 192081 81
7705360 7805 29
2056742 502287 74
3351092 298106 93
7705361 77366 95
9184110 52726 60
10093487 369500 34
4062168 56307 83
2128523 505712 20
500543 60295 69
55591 218065 73
56807 56166 83
10096256 321641 45
40201 76285 84
159375 96571 43
735508 207244 60
4011219 144350 64
230854 192301 88
527692 226498 22
531732 237960 1
430912 349145 29
13296 72832 86
419558 339405 95
212520 328585 62
909265 333610 73
310622 1402 54
1188043 201181 43
159376 423710 14
10096379 128212 16
929517 56375 61
90986 51181 67
76040 142164 45
50243 42322 95
2917188 141781 55
159377 285669 36
1188044 597428 47
1210830 855621 52
39771 99523 43
159378 129066 77
2050396 298977 6
3418479 550312 62
10096507 98597 84
500403 98441 70
1188440 51519 24
779995 75158 91
1188261 289224 88
2062463 168952 2
1188589 285750 1
240622 85430 70
779996 621337 9
10096548 172030 19
159379 500374 83
3832387 229318 80
10096653 207727 79
10096662 328730 57
10096699 343986 40
187316 148599 89
2822181 312773 77
2062796 42323 10
4293559 1535066 46
2901655 342455 59
10097643 219699 92
10097647 355111 26
10100716 288090 100
10100720 200827 3
10100859 893149 3
10101512 296078 19
10101520 341365 20
159381 90336 61
1583886 692670 82
2582546 54973 23
2561537 354475 5
577808 321836 25
728496 1336664 21
2561540 615218 86
187609 579153 23
578117 96049 70
224254 100515 34
188926 344643 5
187317 46169 21
303172 340671 40
187610 419413 58
88187 54271 35
88188 203358 83
303159 322788 43
44257 653 75
2917649 35682 13
44258 40834 19
187582 45764 31
10102805 93818 38
723364 448605 16
187318 340921 39
187319 330443 55
187320 345652 31
187321 222332 5
110720 57140 50
187322 349477 100
187323 399613 21
187324 577422 76
187325 341266 84
187326 64541 63
187327 403793 85
187328 278825 38
237325 7952 58
44518 189254 55
44607 189402 69
88189 303181 75
1295459 51593 67
1295460 24916 11
723378 152411 33
1295020 681925 19
237326 638552 90
723380 1312143 38
4692037 467800 93
579435 213276 4
577481 24304 26
832583 435396 88
832584 895691 90
728497 450943 29
1294166 33674 1
187330 52000 24
1298801 104948 50
10102829 1110234 10
10102848 576491 62
577211 98894 18
1295123 253506 54
728498 339583 77
2172372 97744 97
187506 94105 54
578119 99705 19
189482 219295 57
582495 621385 88
582495 83427 87
511866 867486 54
254170 103865 1
187331 53549 29
444433 3924 44
728499 52666 90
237327 723394 14
578451 58042 34
187583 50033 45
582184 339736 97
189377 163368 58
237328 103377 56
237329 83634 78
2172266 128344 54
10102892 110131 63
237330 217376 43
582185 312624 15
1294190 62354 50
1294951 30524 89
157876 52567 79
577306 50953 69
497461 164775 53
723434 325721 76
1295674 29823 100
577258 153672 34
10102927 362202 27
577273 222331 7
10102939 901117 89
3846943 14801 67
10102943 677079 69
578906 161423 52
2822199 1621 13
10102959 145641 20
10102969 198240 77
10102979 396332 14
4921095 1198618 73
10102983 299987 38
577618 360804 48
10102987 102350 99
10102991 97810 97
10102995 97671 18
10103009 215891 36
10103014 328908 29
10103027 52725 76
444170 338437 41
237331 39295 58
1534187 446450 81
3211219 327305 63
10103084 48180 83
2363840 98041 74
1528235 277189 94
10103122 622060 18
443558 49652 34
1453428 80126 65
1542613 109290 15
44260 142065 81
10175458 218110 95
10175478 2731 94
10175485 374496 29
10175487 238233 19
10175489 97966 53
3220594 94513 3
780015 64945 28
10175499 97406 85
508401 93116 4
779997 188743 58
957107 41541 17
10175527 70616 57
10175529 62372 19
10175542 93763 22
578120 34680 90
10175549 102227 50
1919538 97967 52
10175551 471927 28
3036934 320856 97
4816193 172287 14
10175568 361646 54
10175572 654165 81
6373358 66234 60
1959959 96101 99
2062797 100050 99
2009729 1403 14
187333 330879 33
10175587 110313 57
10175601 310730 73
10175603 41577 100
578121 52443 79
10175624 75544 13
10175626 122644 95
728500 93660 74
728501 98990 95
10175682 17122 2
2951535 252442 4
10175715 109872 11
10175724 144659 9
10175726 53912 4
581042 53309 7
10175728 94379 87
2917190 265798 73
10175738 416660 96
1972424 102869 17
10175740 170776 2
577809 137091 61
581542 867739 94
10175742 1394 11
237332 53112 59
10175745 181952 25
10175788 177083 72
6323911 330019 96
1327102 127306 4
3807389 1489902 30
10175793 100865 7
10175804 227326 50
10175808 190414 75
1104593 218350 26
3428952 392706 9
3059628 81079 51
10175816 1183336 10
6794312 939247 41
10175834 53235 80
10175836 99466 29
10175848 159430 46
2086820 295527 33
500594 539310 9
500595 478401 100
187334 266066 64
500412 451865 28
1188220 85355 71
728341 248635 97
10175850 462428 54
10175859 98090 14
10175870 65259 52
240625 361082 61
10175881 413949 68
10175883 50641 93
10175890 36140 66
10071306 143678 94
10175915 79062 60
10175917 146505 52
7626051 864661 1
4115782 109953 72
1088082 170566 97
6254230 5574 58
10175936 65892 65
3479695 65893 14
555449 100174 19
10175946 51272 71
2384956 49226 37
10175958 44231 26
10175969 232110 98
2056387 213723 67
212524 21168 72
10175979 987693 82
2659001 339406 80
189410 164414 21
2056522 36136 85
723714 251760 60
3358820 100612 69
274814 275721 73
10175993 92648 58
10176049 199288 71
2021159 192468 86
846499 50847 82
846577 39645 70
10103086 460478 43
1295106 54483 78
10176056 101824 74
10176058 874028 9
3305324 324697 28
2710918 87760 78
3848980 77324 1
1935774 1405 73
2710907 100356 74
3305298 1417754 11
2412154 536794 51
4008202 659890 23
10176071 43032 59
10176083 70121 45
10176096 256121 64
2149176 1623 69
10176111 280820 80
10176122 57569 90
4188073 332711 47
10176134 355110 30
3364950 511952 18
10176142 126762 36
476958 101380 53
728502 148971 21
187507 89888 63
4175994 660888 84
4302415 100560 83
4175991 442889 75
187335 325747 91
577810 325279 100
187336 98440 34
10176144 291056 89
10176148 236667 85
723116 221631 71
534023 21100 76
3049730 715442 35
821902 729184 24
10176150 101649 46
1211163 53973 41
10176160 1625 95
3027220 67999 84
10176178 102808 28
10176192 460251 14
10176194 803747 58
1211164 443467 58
10176199 72968 55
10176206 42219 25
1920925 612424 62
10176214 5458 22
2218024 612420 44
10176221 489201 2
10176224 346863 85
2402379 398052 45
4262880 47953 55
44261 58039 1
1693858 52444 63
1062426 612425 29
578452 130949 21
2186451 416836 60
2840660 199766 51
10176227 98318 64
10176229 72676 12
10176233 66290 1
10176247 218112 78
1183625 195505 95
2385003 340530 89
10176255 51716 84
577949 361578 56
728503 623849 96
444171 276691 10
10176257 241085 80
10176259 296843 33
10176262 146557 49
10176265 790120 44
579472 79193 61
10176278 108200 49
10176290 70843 82
10176292 476784 47
3050308 795334 77
4228767 342605 16
582832 70879 12
577676 691498 60
10176297 339004 51
5820304 50087 24
10176299 56927 97
10176310 219932 86
10176348 95716 83
187337 322356 12
5820357 37581 93
5820358 36838 77
4020891 37409 46
10176357 194015 9
10176362 46122 85
10176368 489772 29
10176370 98713 19
10176380 341221 9
10176389 70133 53
10176391 430299 83
2401661 137740 82
500596 50958 2
88190 21879 86
7307681 307798 25
10176393 100354 8
10176400 390357 71
10176403 246686 57
10176417 51909 29
10176421 199936 91
444434 415691 80
4797124 117470 42
1188403 93717 83
10176423 43403 23
189465 582470 55
44262 117648 40
10176427 462925 83
10176431 383367 38
71091 52400 51
10176437 225048 65
10176462 204497 48
10176464 177173 90
10176468 101598 38
5820380 93596 59
10176470 52563 35
577884 158181 26
10176472 141995 40
10176500 170047 50
10176518 865878 32
10176520 604127 20
10176522 159311 46
10176524 251924 80
10176527 499902 88
10176529 51424 26
10176548 272199 41
1500132 221648 45
10176565 386002 29
10176589 215318 93
10176609 180832 49
1531642 50632 77
10176615 325244 51
10176619 322787 61
10176637 330373 77
697326 123298 100
10176642 44907 66
3573046 268636 78
3832533 118064 79
187338 577576 83
303135 201295 24
2786044 602274 5
444435 78211 88
4132664 67174 2
723663 325281 55
10176645 247642 4
2730022 525080 16
1959150 224513 37
10176656 525618 59
578453 186206 4
3974712 94588 83
187339 80044 61
10176667 50517 15
10176679 370216 61
10176681 95893 74
10176687 507794 21
10176712 376075 17
728504 325408 64
758278 22485 53
10101916 22144 71
1789103 219723 80
3805138 1038324 84
582172 456341 4
10176729 553440 62
44659 189478 61
189411 338948 59
2094009 841674 15
187340 418104 49
44263 99774 55
10176734 462447 73
3622945 216388 33
688886 282591 40
10176736 284181 87
10176743 507859 50
10176755 216937 79
261757 342010 58
10176767 112009 58
578412 119697 59
10176769 224127 34
10176782 316509 47
10176796 361465 54
10176798 316790 80
10176800 243663 90
10176802 243827 1
10176807 5251 12
581043 54186 37
10176810 100091 15
10176812 112148 5
10176815 140104 75
10176818 160353 26
10176837 106407 54
3077028 409740 4
10176839 136004 25
1093945 206621 99
3578615 101549 28
10176841 261141 66
1629330 112083 23
10176856 21888 87
10176859 390358 80
2912956 120406 16
508750 402706 59
10176882 64126 24
2400415 241436 14
2056388 216884 65
10176898 221493 47
10176900 5543 15
3949668 328942 14
4149689 324799 1
3632346 424319 61
10176905 105473 77
3632348 396954 37
10176920 500310 29
10176925 291741 61
10176934 226888 56
10176945 58040 50
3949629 180780 29
261939 592007 76
500545 328833 21
1188590 284728 51
10176949 342726 96
1213171 94288 53
578737 105187 24
4052824 51067 50
189487 219889 75
10176952 44865 57
10176962 126216 77
10176967 167536 40
2845557 17123 75
10176969 219478 41
759157 274126 99
187584 579095 14
187584 73593 14
10176971 56835 50
10176973 131815 20
10176978 430714 65
778213 43893 83
3404233 333822 17
10176980 48622 18
10177001 222998 63
10177009 213166 15
10177014 56113 42
10177018 222178 39
10176474 46272 84
161543 43323 52
10177027 180223 41
10177029 252045 32
10177031 5460 63
10177035 440773 45
10177033 216932 47
10177037 228617 75
728505 176541 16
578763 831 10
6082474 190572 90
6213805 515801 48
1324177 20035 70
10177039 50136 1
10177048 197487 84
10177050 95948 8
10177052 17051 33
10177061 104743 19
577370 989719 37
578122 248617 73
10177070 122484 42
10177082 129759 37
9643970 28898 24
10177084 362166 29
3091825 5596 27
10177105 56469 59
269197 326973 88
523793 54017 72
10177107 146221 84
10177110 42883 52
1161652 702189 74
2845558 639957 30
10177113 939562 85
3404250 1311632 4
10177115 105418 54
10177129 961614 27
10177131 72229 30
10177135 220312 54
1629121 42616 45
1498536 134253 45
10177148 102667 89
10177160 556219 25
3807571 57093 62
10177162 671093 87
10177168 349661 7
10177178 99244 52
10177183 339342 76
2165376 177132 40
10177188 40039 64
10177191 52916 66
10177193 39567 88
10177196 94748 2
10177215 51775 10
10177219 142914 12
10177235 202586 22
10177240 99582 86
10177245 330067 87
10177257 370109 20
44264 64173 24
2913437 401242 31
2173117 170879 93
1969809 96709 2
1294887 112010 97
10177259 220264 33
10177261 216938 85
578273 333746 15
2218144 110041 28
10177263 100733 38
443559 736687 42
443559 217839 24
2063063 104821 27
3333846 355881 40
10177265 52723 75
10177269 97203 90
10177271 144277 13
10177276 96047 59
4086338 98038 64
10177278 50963 89
10177280 92825 41
10177282 92988 100
10177284 21657 96
10177288 186737 42
10177290 736761 33
46739 22247 61
2217979 94164 82
10177292 88062 95
579521 95717 13
2400928 227465 35
728506 318824 19
10177294 294962 29
10177300 121844 93
303203 97305 92
10177304 47074 11
187341 53857 8
8800124 35308 26
814000 568564 31
10177315 345588 98
10177321 52146 5
44265 121508 99
444436 113053 22
10177328 247334 42
237333 528891 5
723494 109296 89
10177347 366606 91
10177349 292923 46
88191 19585 34
10177364 163738 3
577925 279083 27
10176647 109873 77
187342 330444 60
577677 53047 22
188927 5455 64
581319 313488 36
88192 115157 22
577678 95155 54
1629331 697261 87
1629304 328834 16
187343 52724 79
237334 46219 21
303204 93143 31
187344 248730 84
10177370 324931 25
3471081 248487 60
10177375 665442 39
10177389 219825 28
10177401 336869 99
1094556 35265 37
10177408 96826 64
188969 54018 2
44460 189037 96
444437 312630 71
581482 126761 32
10177432 281986 96
10177436 342186 66
577950 884143 23
2931604 83296 77
237335 126765 27
2363841 312861 50
728507 658704 17
10057491 109421 9
1343244 19418 41
1343451 277557 17
237336 16412 69
1300261 17197 24
578454 90010 15
10177446 17880 71
10177451 95479 25
2912382 1046030 51
2912382 165538 46
2111238 637624 67
10177460 5464 36
10177463 202358 8
10177468 110659 20
7640843 264889 49
46740 201934 45
10177470 43405 59
201878 107878 50
201879 101381 91
2476065 89891 87
3488202 142424 100
10177503 48887 9
2937018 350409 62
10177505 19415 28
3240041 215184 31
10177507 218719 94
500760 337485 69
2845559 365696 12
159390 23039 91
10177510 1027367 29
10177513 342138 23
1443775 5465 67
578274 173390 98
1299062 174404 83
187345 324238 59
44266 187404 94
189265 52837 30
500547 51643 38
2173068 139100 61
578180 263435 64
578180 938829 37
187347 235856 16
3421156 162539 96
3428698 111506 93
188928 139146 11
444172 235886 79
2881318 388993 20
2881319 1005203 4
355273 287360 65
2881320 323633 80
444173 38791 24
444174 423315 51
1343304 330627 55
3479785 1193911 39
1526711 195704 40
10177515 114870 54
10177517 111157 35
10177519 1305231 26
1541863 205717 35
170392 62373 79
10177547 329314 66
10177553 219572 33
578455 219984 95
832606 84824 73
577585 342104 68
2527800 321609 50
753103 332062 34
2527801 179329 54
3573053 349774 39
10177555 339199 9
10177569 744938 81
10177574 225050 80
723479 287247 36
10177576 340762 97
187348 225051 85
1293735 325607 13
606083 336721 65
187566 94295 52
578456 96710 46
10177580 611880 82
10177583 173213 17
10177585 343327 85
10177587 35775 2
577488 684482 44
324292 362061 59
2352963 105526 79
10177614 161796 40
2217968 224060 76
10177618 213168 19
10177621 299349 21
10177623 336503 50
1498445 314364 34
10177625 216026 63
1327103 222723 41
1327104 346486 32
606129 349982 49
1343389 92465 16
606035 110315 52
10177646 5849 49
4236751 252908 98
10177681 488862 70
10175640 346920 80
2950879 48669 34
10177685 320962 29
10177687 626173 15
10177695 346667 53
4699793 17881 61
10177705 219826 49
10177714 100868 11
10177716 285250 65
10177721 1372345 10
10177724 251763 38
10177726 221026 99
10177733 325609 94
10177735 394570 6
1103809 100561 14
10177737 616661 11
2401027 881533 66
10177739 271450 91
758616 408278 90
10177742 765060 55
444438 1009967 81
10177744 263436 65
10177746 323327 97
10177748 108226 37
2950920 910208 77
10177750 260541 20
2741950 90718 23
2086997 660211 23
187349 112305 57
578457 308663 94
2932102 141979 78
8364957 308688 68
187350 135432 53
2936305 308695 28
2936306 308708 52
1250660 97378 67
1250661 832043 53
10177756 36218 4
1202943 109743 22
10177761 54948 82
6028995 109597 73
1541149 79956 20
10177766 22469 65
10177768 52838 21
3479873 83928 99
10177776 344998 76
10177778 98895 76
10177780 160736 48
10177782 83737 87
10177790 397001 69
581320 16118 56
10177797 348874 66
4561384 340764 96
578664 243765 39
4542580 312631 30
1298878 243780 11
577811 90390 66
10177799 207414 94
10177808 116951 32
187351 1406 86
10177827 790121 90
10177829 243744 39
10177840 621179 38
10177858 9725 52
10177860 319302 31
10177866 120696 67
10177872 251767 16
10177875 392580 14
10177877 23007 4
10177889 36475 50
6432279 36476 71
578752 100775 12
187352 15959 19
4728978 99993 27
187353 100906 46
189510 324239 33
578082 328731 1
578083 103863 11
10177892 502911 61
578123 216411 67
578124 99325 90
10177897 49227 45
1188591 126730 2
577054 41918 61
10177899 341664 64
4115592 5160 14
2951060 51647 40
2951061 50389 33
3848983 35462 66
3848984 344566 28
3848985 325610 5
3767378 687060 38
2218121 1041575 55
578181 342240 72
10177909 214950 11
1500186 1407 61
3770604 364504 9
578458 344716 5
3549726 79015 31
3894804 265418 50
2785959 246537 48
2730091 930098 43
2730092 221880 80
2364130 84855 76
10177911 664125 62
10177914 640304 94
274815 633254 27
10177916 330445 91
10177921 322139 79
10177931 394254 92
2177666 94643 7
4540673 24713 17
10177939 349070 81
10177944 32926 67
10177946 33128 62
10177951 328872 67
10177953 21574 100
10177958 103466 87
10177968 47118 61
3767379 248910 9
3767380 242203 56
10177970 97775 15
3767381 729910 19
1188592 350157 91
10177972 240412 90
10177974 229972 52
10177976 676001 52
1499769 338528 89
2786032 138693 53
10177978 336073 43
10177989 92190 49
7638189 213584 4
2172284 51999 14
10177992 237605 14
10177994 190196 36
2912975 249895 39
2912976 106456 31
2179154 144890 70
187354 305515 54
1294535 505652 4
10177999 240413 66
8759924 391104 51
1959151 622839 30
791644 331403 48
10178002 130089 59
10178004 321766 66
10178007 249617 1
10178018 385926 84
2198972 186118 93
2728360 430834 40
10103124 17961 50
3319338 862267 29
2786033 442421 49
3319295 19419 70
3279988 901983 43
582476 99522 7
38944 158897 29
3320909 51648 62
1957689 224835 20
2728353 188217 77
10178029 284244 49
10178031 95156 84
10178033 249624 67
1441205 48890 59
10178035 199191 88
686892 201484 44
577951 316482 55
10178042 54104 100
10178046 392813 3
303230 53430 60
577952 53496 66
10178048 93434 75
1295218 405085 29
10178060 658964 90
10178063 56781 20
10178065 417049 24
444439 131166 6
10178073 112011 53
1294528 295621 80
10178075 104320 70
1294701 95192 88
578413 489053 77
578275 321018 86
578414 249930 67
10175892 51277 8
7135536 333748 45
2950955 552813 70
10178077 48930 90
1343500 41178 52
606130 337267 53
10178080 149455 91
3741949 51520 68
2950999 201657 4
3479818 343397 21
3358821 290915 60
2009822 828847 44
10178084 334563 16
10178089 190416 51
10178091 124729 53
187265 109559 35
10178104 72376 25
10178108 602409 93
2021141 93545 31
10178112 342868 90
10178114 320267 34
10178116 568165 34
3479734 152776 61
1482577 72377 53
2753382 53776 56
2700081 624964 24
2913382 53244 61
5789841 53604 1
10178121 1329933 34
10178123 57299 4
2062464 392220 44
1188262 140022 47
2412155 325611 18
3958200 72378 47
2336214 316681 71
10178125 152889 66
7665896 463421 39
10178140 72379 86
10178148 333688 62
3807572 72380 65
1294519 345684 35
2062919 328873 71
3358800 340478 70
2776565 585411 8
10178160 332122 46
3358822 390739 5
3767421 361705 4
1967224 186085 18
44731 4144 71
578125 190510 15
187355 92262 27
189205 227136 36
189206 582016 97
189207 391204 98
187356 1629 3
578033 729545 52
582257 1300097 61
189378 174210 42
189473 582480 47
189474 251698 86
582478 131519 17
578276 473386 56
10178162 361168 43
10178164 501573 15
578216 216027 76
581321 208417 40
738876 46802 80
10178169 200342 66
2753383 633762 22
10178171 249824 10
10178185 227199 42
3037031 249861 23
10178193 222734 81
10178195 313191 62
1150121 249565 77
1150121 327232 62
158925 49653 62
10178200 137391 27
3261929 351860 48
10178208 52189 4
1388748 455832 7
6097102 338643 98
10178221 594738 86
10178232 145543 51
10178234 347381 97
10178238 160656 73
10178240 293978 37
10178242 345584 68
10178257 713788 35
3058999 351861 6
10178259 363240 71
1499164 505113 18
4457079 101600 76
2728354 503682 5
10178268 599587 8
1957771 194695 51
514644 584026 53
187604 579146 56
201880 442193 88
444440 416172 84
1534189 188490 41
876564 758388 52
3334023 319013 30
10178270 143932 21
10178275 49103 8
10178280 99640 49
10178283 339008 79
7535405 339141 52
10178286 877515 42
10178307 612884 38
2872952 344859 55
500303 35922 17
1188876 146506 92
10178314 318375 12
2128525 100176 93
10178320 57066 68
2128526 172771 54
1646386 94507 26
5268855 398190 37
1924321 15129 16
2822480 189085 11
10178337 594824 28
10178339 94849 32
2607237 241665 59
10178349 43548 23
10178351 435420 72
10178353 140189 11
10178361 146736 6
813719 238002 53
10178369 723155 7
578459 216075 57
10178405 332550 59
10178421 219933 22
3471032 1142375 61
189304 320186 27
1090282 785189 71
1090283 381562 86
189475 223003 38
10178423 396895 100
10178440 102967 27
10178442 785223 60
10178444 160826 43
10178446 313932 55
10178448 78042 33
10178469 480922 27
10178477 435450 12
3429747 48506 19
1758072 325105 54
3541537 321462 12
10178479 628031 43
10178504 401353 95
3906977 739703 91
577213 486996 67
10178547 289288 89
1935802 60040 98
10178549 169268 71
10178552 991790 94
10178555 176595 89
10178557 238260 34
814172 769398 27
1090284 213275 61
2710935 128473 31
10178567 52285 27
10178572 242365 39
10178581 267546 36
2400933 257942 83
3305342 129480 46
10178592 499841 29
2336140 159309 78
582235 543655 99
688887 73866 2
10178597 406246 48
1541660 464379 53
1202237 42551 94
10178599 204698 32
2745125 28899 97
2611316 40898 28
1796537 249923 76
3036930 251768 6
6589465 174481 23
2466340 19732 36
129413 249473 14
293951 21817 72
1091883 224308 75
2745161 218436 44
517115 155956 52
10178601 312671 95
1967252 671782 62
1343497 341571 18
237337 504872 85
10178603 673148 4
9999356 441525 6
9999357 341363 13
3337295 330581 46
1954796 53189 75
446299 394898 83
606331 621384 19
1954804 646689 2
10178631 249370 60
10178658 249707 100
4133723 658705 72
10178680 293980 19
10178685 455162 23
10178688 65894 38
577214 389830 26
44444 101709 85
303176 97894 30
3969246 396697 74
10178691 267807 75
10178693 249912 16
187357 410386 54
187358 577914 100
10178703 705121 54
577215 279574 42
581322 160827 82
10178708 499885 52
10178711 500046 84
10178717 124797 40
1057771 73819 53
10178719 406147 54
10178728 159720 44
10178736 249699 28
10178742 22871 94
4441177 316966 99
10178747 132286 42
4441178 782949 83
10178764 205334 13
578616 30022 15
10178786 231234 35
10178788 323526 55
10178791 724972 83
10178800 126373 26
10178806 225965 98
9624656 101826 47
9300946 190662 99
10178828 109741 3
10178832 364584 85
10178841 53977 89
10055270 96193 95
10178848 279463 26
10178864 53645 11
10178871 139147 75
10178875 119348 88
10178918 502180 39
1250662 551245 69
10178923 228737 96
10178944 18111 46
4049144 91464 79
10178949 41133 35
10178960 206678 60
10178965 99941 82
10178970 91462 12
10178976 231509 74
10178981 98896 96
10178983 51996 72
10178986 62320 12
3983422 343903 93
728508 271597 75
578126 271664 96
578127 100475 36
10178989 91465 87
581392 351208 94
44572 189374 10
582043 99250 76
10178992 111618 23
577813 111681 68
10179012 51833 61
10179019 66524 59
2323448 35776 9
10179021 391819 70
10179036 238188 28
10179046 91891 22
7304389 483048 98
10179049 290827 5
4035656 95949 43
10179057 111742 20
10179064 232010 76
10179081 859986 56
3343885 339672 90
3218310 204038 58
3632821 453068 82
10179095 204156 52
10179097 108873 94
4254150 94380 23
1647420 5342 54
10178850 144724 41
10179107 80045 84
10179113 49228 71
1758665 98039 18
10179116 55816 83
10179118 468524 56
10179121 93765 74
10179141 54559 73
10179146 205643 74
10179152 78335 87
10179157 92197 22
10179162 76048 7
10179170 112012 21
1542614 170727 52
10179181 43834 100
10179183 443682 12
7665898 278948 52
10179185 678930 48
10179188 142570 5
10179208 192828 91
10179216 150640 81
10179225 160030 89
10179228 228579 98
10179235 39124 81
10179238 159589 9
10179240 135509 20
10179245 668477 73
2178436 341364 2
10179247 281607 72
581323 65895 92
1298815 611938 11
10179251 356784 4
10179253 102298 3
10179258 53045 25
10179260 267604 90
10179268 300336 53
62410 44159 33
10179270 124032 64
10179279 169196 81
10179286 142801 58
10179288 161170 3
581324 98162 22
3456593 25767 63
10179294 13705 56
10179315 32311 85
10179318 7445 64
10179320 8484 43
10179322 20887 78
10179324 32598 50
2194758 24215 74
10179326 23655 88
324293 6967 6
10179333 9854 54
10179335 12103 45
1576859 657922 35
310124 30814 94
269198 31927 63
3144532 3926 67
189396 12223 40
10179337 194270 49
1671282 12343 61
9643942 25027 80
1188221 24915 6
10179353 8902 91
10179357 43717 6
10179366 53044 65
10179368 13326 21
1293920 33227 19
582166 13085 50
10179373 25483 89
10179375 23040 13
10179377 42504 52
10179390 27081 51
444441 32118 72
748211 29919 6
187253 10440 53
578277 27186 63
578128 11586 86
4275456 273132 90
1060802 13193 8
10179392 10545 38
3903527 50508 86
577259 11712 16
10179397 67747 11
187359 8361 10
3579359 226585 12
44724 189500 13
3834136 6683 73
10179402 14342 57
10179404 149816 20
7841216 670618 52
2128973 9157 83
10179453 11830 27
10179456 12558 91
10179458 25665 74
10179486 11038 97
10179499 7256 1
10179513 23910 20
10179525 11209 30
497462 32714 7
497463 2508 93
187360 32818 42
791645 139708 84
187361 8207 28
8677520 295254 64
10179533 45819 24
758697 45423 56
512833 7712 53
306232 23365 10
444442 268222 1
578278 62882 61
1540647 118192 25
187362 51718 56
577946 86786 23
581393 20945 41
18240 66613 62
578460 109520 86
3059037 55923 2
10179549 189681 4
577855 84857 92
578753 86208 32
10179551 181344 91
10179553 223608 8
2363842 16182 53
1094592 277764 83
582299 52565 78
1300110 82235 7
578705 6371 57
10179555 22249 65
189295 316558 69
9576107 633384 44
582152 117095 87
578461 120908 21
10179557 53049 37
10179559 117011 68
10179561 37672 14
10179563 215721 41
582153 337956 91
578402 485071 94
577864 346740 86
1542681 485057 4
2466314 52286 89
2062555 485052 87
4422809 56376 64
578462 100358 19
578463 90931 50
10179572 18305 39
303225 195507 36
577398 48931 57
577399 216076 7
577400 91341 56
10179584 46217 93
577401 98378 71
10179613 511955 96
4741107 161076 78
578464 90159 40
723495 320153 18
10179624 676040 25
187363 52402 35
10179626 95193 5
1959152 54415 76
10179628 316068 54
10179633 436243 36
10179640 397529 12
10179649 141974 90
10179651 485085 97
1693804 146805 57
245881 485086 82
10179653 385817 53
188024 388373 88
10179664 622554 74
10179666 328783 46
10179669 613962 10
10179673 215491 66
10179677 142312 44
10179679 385570 91
10179681 174582 48
10179683 35777 60
10179689 218235 93
10179691 296324 7
187520 42453 55
44267 187505 44
187364 578027 33
44750 189526 76
10179693 1245806 26
578739 325410 29
578739 6373 97
3059058 140106 93
10179695 95588 53
10179697 218796 23
10179699 145765 97
261990 759166 13
1202944 698250 56
578665 30625 92
3075133 30716 10
10179701 31361 43
1094593 31450 35
88193 31171 56
303177 234241 46
577954 256851 58
10179704 181521 98
832587 905409 95
88194 303201 44
582014 318425 53
578710 353351 74
582550 669886 57
10179706 53914 52
10179720 960097 71
582154 237700 47
582036 224733 76
44704 189492 15
578279 221973 79
10179725 365527 73
578465 346092 77
1294022 136773 98
577055 322954 71
581504 919042 91
2913155 132323 74
497464 58369 52
6944742 226497 41
10179732 51588 17
10179753 101601 22
10179766 323373 80
10179780 341073 10
10179799 73418 91
7174747 842005 86
1573783 1515 25
10179801 178964 5
10179809 771031 38
10179832 842019 98
10179842 441526 51
189412 108582 91
10179844 97345 4
10179846 95249 39
10179848 367521 77
10179851 290980 96
10179853 58407 37
516737 219934 22
10179855 614017 85
778214 124798 73
10179857 353158 54
10179887 179103 6
10179890 5315 79
10179908 345263 17
3687274 46681 66
10179910 1410 73
10179914 181498 41
10179916 548737 86
10179964 548760 92
10179971 361513 23
10179984 745065 28
10179986 345650 8
10179988 396608 98
1211843 354986 47
10179993 201485 79
1616651 396746 72
7174739 770671 64
10179995 213788 17
10179997 339967 66
10180003 301077 26
10180000 417362 44
2402502 105527 35
10180009 399701 82
10180016 503442 59
578466 102299 22
10180018 101072 24
10180020 395220 28
9020990 353529 36
577148 5795 19
10180022 1053388 4
4796931 831730 51
10180027 1162888 23
10180033 610262 51
10180038 846159 55
187365 321368 27
10180040 373057 33
832543 332572 35
832526 102968 24
578617 399695 99
832527 93662 79
578618 323504 57
189164 581863 1
581325 452491 31
577403 598824 32
10180042 399720 71
577404 346293 65
254144 345401 14
187366 164118 59
577536 363943 9
1294949 485199 19
578280 261555 8
187367 541679 31
187368 578050 100
10073230 253286 2
2179611 385818 1
577586 613873 2
578281 828912 95
578038 216351 7
832693 1009884 35
1294625 442887 85
1295133 367687 58
1295133 505114 11
187611 215090 94
187369 293450 21
10063078 1143615 50
577459 629990 58
10180044 52190 59
187370 578061 46
1294254 624440 58
444443 444509 49
1094598 210927 38
1293260 1443237 91
1960469 151493 60
517444 1217156 3
2401634 507189 42
1576860 68554 7
7941230 8614 59
10180064 8729 55
10180073 299764 45
189373 29920 40
1294381 31611 32
10180079 5087 57
10180085 14804 86
1294236 296280 40
1294237 13588 39
1295264 9026 30
10180090 25135 38
578467 66614 17
578468 6334 61
10180111 9158 22
578469 45018 82
1295271 11210 94
1960509 31716 45
1295272 12866 38
1295136 25250 73
444444 13332 90
1295273 13194 43
511867 261451 17
1295274 2509 21
1295275 61341 98
1295266 30717 84
1295267 5544 59
1295268 30991 37
1295575 31081 13
2912901 31172 54
2173070 31259 11
577489 13086 100
1293752 31362 31
1499838 31451 33
1499839 13706 93
1295131 24216 9
578470 7806 16
577661 6832 40
10180114 24515 88
1295210 8078 21
10180125 14448 90
1294168 8208 49
577483 9290 61
10180127 132109 66
1294169 509559 97
10180130 12224 5
10180138 1003 38
10180145 9967 4
44268 187513 70
10180147 12344 7
187293 25366 8
4309769 60600 98
187371 25484 17
1294351 25567 9
44269 187524 13
10180155 5620 10
10180157 34012 44
10180160 10546 100
400379 10678 35
10180162 10791 26
10180166 10924 76
10180168 9723 4
723400 25666 90
2363231 7261 55
933249 11331 17
10180170 14677 56
10180179 26375 45
10180186 29036 98
10180197 14556 78
10180217 25768 69
10180219 26269 9
10180221 23549 16
189413 29254 14
10180226 26573 91
10180228 26674 14
10180235 26781 95
10180237 23426 51
582535 53110 1
10180239 29369 82
2172785 11470 81
1295276 52774 33
3129113 1401 85
1295277 29638 99
10180254 26981 52
1295675 27082 57
579071 7121 6
582445 29136 74
832548 27187 38
1294482 11587 34
581326 27279 32
582405 27374 4
582044 27489 71
3129114 51078 80
303194 11713 25
1294255 29727 75
578471 28385 14
10180256 27688 67
578472 27884 89
10180262 27993 53
189414 28177 72
578745 11831 70
723588 11937 86
10180264 17882 83
578069 33574 55
1300313 25885 26
1300314 23911 74
187372 28284 50
2200312 26161 54
44620 68622 73
578649 59890 15
189416 7446 33
10180270 6517 62
10180276 51994 37
10180280 566279 4
431894 135510 14
411435 441933 51
7941251 130154 6
10180286 51910 67
10180298 261556 85
10180300 776658 80
7135537 336190 32
10180304 96336 99
187373 578078 82
1443710 500884 92
189417 582426 27
2172267 102103 72
2172268 639225 62
2172269 580551 47
2912958 188375 37
3454393 376226 46
4824180 768270 46
578282 963659 3
2363473 136877 25
10180320 110252 81
1500017 692751 59
579859 283554 21
187244 136677 78
187224 402579 95
141221 193148 25
187210 221881 59
199630 503778 15
189305 34561 16
10180323 321767 18
10180325 468936 40
10180327 493364 93
1294483 109692 97
3785759 451723 11
189379 268806 2
3405837 51776 65
10180329 1306087 82
10180331 338364 73
10180348 343904 80
172760 493383 17
10180442 468765 35
4579693 387542 76
303205 832596 27
497465 1182548 36
539176 102104 7
10180444 591105 67
10180456 1257212 86
10180458 87261 25
10180205 113362 3
10180199 493380 17
1486415 493379 41
1758236 188261 87
10180460 580419 89
4688148 406526 4
10180465 197794 54
10180467 493376 58
10180484 394368 47
2172270 897470 11
10180486 347382 85
10180488 193261 40
577927 648520 28
10180493 338529 64
10180505 79168 35
88698 171248 53
2128671 923722 71
577680 1109958 75
578283 446343 44
578237 386066 51
605964 843041 93
187374 51079 80
723548 58259 36
237338 106507 77
1294462 913811 62
578473 362661 73
10180523 642477 30
578284 51834 76
723664 672742 57
577814 672838 10
582202 101550 37
497466 65644 55
10180526 133703 56
1294344 221210 83
2172462 1527353 35
10180529 227038 41
1228568 532928 81
10180532 225446 29
10180534 323468 14
10180563 562297 6
187375 47639 6
187376 578102 77
187377 104065 88
187378 99118 60
10180565 573858 40
187379 329915 81
1094910 332345 19
44585 189385 94
10180567 554417 43
40246 95668 47
1062989 219249 47
10180573 52147 71
518708 346628 37
10180575 307045 83
1218817 327056 28
518709 701926 49
2666073 786755 30
1217646 95894 25
189381 573797 31
189382 573868 8
1294723 620595 83
582280 99900 85
10180583 50519 8
578285 186180 51
1294978 331027 56
577307 146381 8
1294953 186151 31
728509 940258 31
1528196 101489 30
748213 497290 8
10180586 36679 71
10180589 613335 61
1294287 102040 79
1294288 335128 33
10180591 383707 40
1295064 355576 81
581327 328944 82
3058716 621692 89
3058717 295622 33
189033 581503 33
10180593 168670 88
10180597 160909 64
10180599 937114 18
10180601 756942 21
10180603 349251 38
10180605 145939 84
10180607 947047 55
10180609 399541 62
10180611 487879 41
581394 346564 27
10180622 275803 93
582496 295676 63
10180624 185305 92
189483 285563 75
577449 147398 24
10180626 363621 17
10180628 52923 19
10180658 107099 39
10180661 691863 14
10180671 333948 93
10180679 232404 68
9568919 652381 9
9568901 938895 30
10180681 1385639 66
9568902 514420 63
9568921 94515 77
10180683 1516 30
9568934 610285 82
10180695 428907 9
9568903 97411 56
3050372 139588 55
10180700 434486 74
3317389 333537 89
10180702 487977 87
581395 352695 85
10180719 144988 26
582015 824028 29
10180727 673062 10
10180734 874198 32
1294912 306065 34
2172405 1164671 62
10180750 529455 92
10180752 255429 31
88195 303209 51
10180754 376169 8
10180757 344516 96
10180769 879260 95
10096673 643362 51
10180771 678133 22
187567 578891 14
10180776 638481 72
10180778 218291 11
10180791 295918 34
577681 464702 52
1441355 346298 32
187380 386688 57
187225 341740 89
578474 606519 15
582515 329134 77
577886 428960 39
10180793 882825 57
1094605 238360 96
444446 98320 25
1094631 1256735 3
10180798 54792 81
10180809 94804 37
511868 764554 57
4467762 342528 35
578039 764555 75
10180823 236712 37
10180825 681797 25
10180829 196901 86
10180832 219628 98
10180838 681283 75
4054858 678489 33
10180840 49351 63
10180842 440314 8
10180844 353426 72
10180846 181422 15
10180868 818653 96
10180870 866523 36
10180872 735322 5
189165 147111 50
10180874 19587 35
10180884 629850 78
189252 328835 65
582038 1029416 79
2938146 893990 83
582167 218240 80
582516 626251 26
578286 572787 69
10180886 358957 95
3338276 324240 98
10180888 2202661 13
10180890 438817 68
10180892 496687 24
10180894 293485 19
10180896 355577 58
723526 62883 68
10180917 288413 2
1500034 126598 91
728510 152291 94
1605516 103447 50
1295784 334665 12
516894 829114 65
10180925 186724 88
3187339 631042 100
3573028 93663 92
187294 577267 59
10180927 98092 58
518494 542064 61
1605517 607424 62
1576861 215182 88
6029992 922189 53
10180934 514838 93
10180940 336758 54
10180945 36680 13
10180949 100092 56
10180958 115046 37
10180960 198350 8
10180962 99251 82
4816636 95669 9
10180964 218797 17
2400903 285537 96
1758555 626369 73
723678 363670 62
10178265 285622 79
2179678 91965 43
10180968 18194 71
10180975 355300 34
10180979 333015 75
10180986 330818 33
10180988 102533 67
723480 452906 66
10181020 149474 73
577815 192154 18
303178 237825 44
10181023 662482 33
577491 86472 3
4565469 123885 50
10181025 267226 63
10181027 97672 55
2173108 144485 87
10181030 257150 83
10096678 891428 58
10181032 52865 73
10181034 42274 4
832687 225326 73
4799673 1201336 46
2309841 276737 38
723589 41919 84
10181036 280483 36
578287 395955 39
3454361 339738 16
10181038 49352 3
3404255 132182 44
3404256 108524 63
444175 829422 69
444176 358948 74
578129 322431 26
4348584 681815 85
4348584 376286 94
577183 506635 75
187568 578895 25
187569 334005 26
141178 108585 59
10181040 226288 26
577057 346918 68
578217 681869 96
1299941 52557 61
10181046 299424 36
10181052 98276 91
578475 681902 78
10181058 178477 4
723550 107610 42
1294256 146084 26
582045 212156 35
2172124 364995 14
10181060 334912 50
237339 319356 35
1294691 108681 58
4832839 144987 29
1300662 449794 3
582833 372106 80
582834 345110 47
582835 348206 13
582186 682014 5
579106 295494 52
1294556 469385 17
723456 276368 86
723679 324312 62
237340 93768 61
10181062 53518 80
189476 582493 69
1485002 329358 55
578288 35627 69
582300 384365 83
10181067 395221 82
10180580 392961 28
723551 377298 26
4688015 507894 51
578476 1128085 94
10181070 765034 35
2172283 365528 18
303245 832665 31
10181073 542638 78
10181082 224633 49
10082908 91428 28
2571377 604200 81
10181084 297869 29
10181086 21890 27
10181088 220048 54
10181090 416393 21
10181093 342607 32
10181095 161406 49
577877 101490 69
10181100 424245 71
10181102 127329 92
10181104 142972 65
577184 344329 20
10181109 699189 23
582421 158522 44
618065 626370 77
207204 618068 39
237341 225052 34
618067 48578 61
1356893 518999 75
3486425 98552 66
3569683 261788 28
748345 225966 29
2937019 336722 62
1293950 339826 37
577274 122868 82
723665 333016 7
10181111 553948 56
10181113 99775 48
10181115 508306 10
10181118 356721 71
10181124 54188 24
10181126 383859 94
10181134 1213020 66
10181140 466843 18
10181145 48009 48
10181154 1034791 100
10181158 18440 55
10181164 358958 60
10181166 18419 85
10181178 274624 63
10181180 651676 69
187266 37295 36
10181207 57261 36
2172106 231964 88
2363979 136678 67
10181214 343621 86
10181219 332573 69
10181229 91342 82
10181241 606766 45
10181243 883243 91
10181245 97506 23
187381 381140 4
10181247 392221 26
10181249 90600 75
324294 393696 83
1092767 98797 18
10181251 1019628 55
10181258 349911 33
10181260 872212 3
3031294 506482 73
1453375 221974 85
10181268 1017561 17
10181271 79928 86
187211 146871 2
1188285 49392 38
3975479 698350 29
10181276 108841 28
3088220 663912 39
10181278 761292 32
7174714 120745 23
2605238 217566 48
10181280 1023317 77
10181282 91514 95
10181284 295495 22
10181287 92931 7
10181290 863430 32
7174715 162832 47
10181292 575449 19
10181294 317342 43
10181303 199065 15
10181305 218241 58
10181307 659232 1
722171 98935 37
10181309 78187 86
10181317 189562 21
10181319 1249230 45
3404146 783658 39
2845561 123142 18
2913403 871960 20
10179755 119439 74
10181324 815750 90
189418 582428 96
10181327 100051 39
10181329 1672505 40
10181338 329410 19
10181340 365153 23
759942 346531 36
10181345 504439 6
606323 1343619 3
187382 342946 82
606084 344138 91
10181352 95424 28
3549731 85521 3
158625 324964 56
486451 399350 9
10181354 1735438 18
10181356 1001333 91
10181361 349106 40
1204091 109651 53
7174748 92198 49
10181363 350445 20
1343305 94297 87
1343306 522951 37
10181365 527171 13
1343307 122869 15
2527697 479262 41
269199 342402 40
1103710 609362 95
10181367 873005 68
1343498 181623 28
1210908 432932 52
10181384 875080 43
10181389 355534 47
10181391 661681 11
10181393 562146 46
10063074 98444 64
10181395 512529 65
10181397 873260 7
10181401 365739 30
10181403 362463 33
10181405 325411 79
10181407 2861 20
10181409 339992 18
761572 392222 71
10175995 83794 45
7174745 208330 7
578695 320674 86
1541150 336759 53
10181411 635846 76
2458535 554680 29
7174750 18045 68
10181413 514974 62
10181415 1055056 14
3767344 105528 94
3730319 179011 32
1300002 35778 63
778156 142166 22
10181433 65975 10
2217933 520697 56
10181441 141977 57
10181449 345922 99
10181451 49393 81
4441148 581812 67
10181453 155012 47
10181455 230234 92
10181459 110989 22
10178481 479285 2
10181461 308367 27
10181463 793623 47
10181465 659848 86
10181467 52331 40
3688541 998841 62
10181472 316439 18
10181475 19422 20
606085 354565 76
10181498 766709 51
10181502 342241 22
3115883 50390 92
1189876 41709 95
4384103 479292 99
3447008 211889 28
2728355 332521 36
4850916 393647 56
10181507 243348 51
10181515 1407007 85
10181517 43573 75
189034 470949 96
10181519 137888 35
1294443 865698 37
1343502 180530 95
10181528 200831 32
9568904 200832 17
189512 200826 20
10181543 537814 71
10181551 601013 7
10181556 91515 35
591272 1042145 51
10181561 98315 46
10181563 51777 67
10181565 339475 99
10181567 241627 15
4441150 200830 87
10181569 22250 72
10181576 1597314 45
10181578 396611 25
10181583 218798 98
10181595 321551 20
4553678 156267 54
10181597 51650 75
3404192 319014 57
10181599 224734 57
3404193 395465 33
10181601 642955 40
2134819 95991 5
2134820 698589 57
10181603 323527 90
10181608 283028 54
10181610 52045 69
10181619 532184 98
578131 521136 70
10181634 392342 9
10181636 376498 77
10181638 462591 32
10181640 209912 63
10181648 38139 22
10177752 571120 31
10177753 570373 1
10181650 867669 32
10181652 291513 19
10181656 339827 84
6029036 51778 94
2172125 207245 27
1295011 859466 45
1295012 310315 81
578289 570370 87
2917032 659932 41
577816 256230 52
1057717 902354 89
1161653 39056 13
3239240 397389 95
10181658 100359 72
10181661 911729 42
10181666 888454 70
2572518 52191 25
10181675 668045 49
10181677 86012 60
10181679 395841 10
3454645 97536 5
10181682 151052 4
10181684 333689 42
1343340 222179 21
1693688 162694 74
6138582 46497 9
1499446 243060 23
1796538 135881 24
443560 65479 84
1092824 1088397 35
709095 1043624 63
3840243 317464 96
3848802 332064 97
10181686 174712 70
4030872 686492 61
4030873 526204 100
4029399 627857 34
10181688 627688 77
443561 126770 56
10181711 150755 61
1092831 275436 9
10181727 344395 14
10181729 709454 17
10181731 278790 42
10181737 497616 61
10181739 658919 82
10181752 219988 32
10181754 385473 4
3968780 649394 94
1540626 625934 31
10181756 47746 31
10181758 367176 77
10181760 48775 71
2912978 178258 57
10181762 96104 82
3319388 117507 67
4154724 393192 85
10179655 660081 41
10181764 996156 11
10181766 188320 96
10181770 905273 26
10181772 193419 4
10181775 1020463 75
5820306 867299 62
10073232 696761 9
4824181 94928 8
10181777 1401517 82
10181784 16635 87
88196 303222 75
577485 362960 76
10181789 636958 70
10181791 624560 11
1094545 895997 15
1094546 822644 8
1094547 889947 13
10181795 276659 50
10181803 687554 98
10181808 98988 71
10181810 543844 63
2492195 399805 35
517471 398095 2
10181812 952930 13
10181814 331769 82
578477 41920 64
10181816 96397 30
10181818 22782 65
1471169 327865 87
10181829 224341 6
2688745 368402 93
10181831 705385 9
10181837 1487121 94
10181839 94448 44
10181844 678801 77
10181869 225851 19
10181871 562511 73
10181873 365700 41
10181875 218800 67
10179347 364373 87
10181882 363127 81
10181884 1007114 40
10181890 579809 80
10181892 322057 27
10181894 862480 50
10181898 393502 62
10181901 94691 18
10181907 105328 14
10181919 1041811 34
6272326 108526 21
10181921 138390 47
10181923 627231 12
10181925 19423 75
10181927 607515 33
10181929 655233 20
10181931 85577 22
10181935 323169 90
7467599 646530 92
10181937 236015 61
3573054 420075 25
7657353 230008 66
10181939 333751 50
10181942 300385 56
324295 94690 13
10181945 332287 57
10097753 483228 85
10181953 683020 79
1294659 153438 79
237342 723668 4
500761 67053 90
10181955 207771 25
10181957 100870 81
577865 780144 40
10181959 176955 21
578728 332420 58
10181961 395771 97
2172064 378822 99
1295211 297123 12
577682 827716 79
1211165 929485 16
582203 228367 84
3753654 347120 12
10181963 215408 46
582204 104609 70
577575 907811 15
10181966 93546 19
10181768 1063539 77
10181982 110318 44
10181984 400744 46
10181989 406216 72
10181991 412238 96
237343 634370 53
10181997 1040876 65
10182011 93598 31
10182018 95481 18
606086 194632 60
10182025 58120 72
606087 635078 73
1343442 422567 71
2217970 660180 36
10182027 327597 1
577587 48773 78
832593 172846 31
1294023 419326 91
832560 796912 51
578681 345681 64
10182032 1076384 54
10182036 362114 97
10182038 351435 100
10182043 396561 36
10182049 332058 15
2134841 464928 75
2134821 393648 80
10182054 364065 77
10182056 359419 40
10182058 905411 45
10182060 209342 100
10182089 1017534 36
832572 1643208 35
577871 567167 32
10182102 99041 86
10182104 742109 69
10182124 224634 18
10182146 371646 6
723527 322789 88
500548 320269 33
577928 392846 13
10182148 547933 14
1294348 607758 88
10182151 649642 83
10182153 1170136 24
10182172 37722 48
2134822 194959 53
2134823 877895 51
2134824 101654 88
2134825 540362 72
2134826 240303 8
2134827 28392 39
2134828 273311 88
2134829 416106 92
2134830 679250 29
2134831 349845 28
2134832 872252 62
10182174 361650 71
2134833 358131 93
2134834 1512892 22
2363353 137914 71
10182176 742017 33
10182178 742091 57
1526712 305484 79
10182180 532895 27
10182193 318656 74
10182195 176799 56
10182197 328785 85
606036 871199 98
10182203 220092 52
10182205 256094 78
303179 365103 51
1294820 715785 65
579860 228463 53
3479713 284185 32
10182207 742099 98
606037 92319 28
10180507 93594 94
10182209 670587 9
2728348 325206 51
303207 425041 18
1188159 963507 98
1471170 1017587 2
10182214 101286 92
3462738 318932 19
577537 365530 52
578393 165039 85
7640844 275968 69
444447 427351 26
10182223 1065859 29
10182229 89007 85
1796539 521009 72
10182234 275905 51
10182237 51086 57
4236852 321268 77
10182239 519518 30
10182254 418853 22
10175893 56237 6
10182296 331029 44
10182298 275969 15
10182312 332490 42
10182307 632009 77
10182317 1224319 59
4010048 1423072 70
10182323 328940 54
2198987 103869 1
10182330 231641 8
2217945 1119434 44
10182335 800671 45
1092820 401056 59
2217840 1309447 23
1295284 637467 6
582539 1121857 93
582540 194575 26
10182337 335627 24
10182342 94517 32
10182344 104473 70
10182363 83945 40
10182365 332395 6
10182371 96435 18
10182373 401505 81
10182379 1536057 7
10182381 137998 31
10182388 132379 4
2218016 108929 27
146713 221979 18
443562 49534 46
10182390 105523 92
10182397 323880 48
10182400 554198 30
10182403 95107 18
10182406 343709 64
10182409 981950 4
10182411 962602 88
10182414 224515 89
10182418 624095 9
10182421 359541 76
10182423 537840 34
10182425 946529 78
10182427 330582 81
10182429 722687 64
10182431 1382004 59
10182433 102181 35
10182436 228940 68
10182441 623552 78
10182443 363721 79
10182445 1159025 35
10182453 635180 37
341054 320069 75
3983423 143418 67
10182458 96161 17
2710915 53777 49
2710915 675852 69
10182464 880068 20
187383 96438 72
10182466 392054 59
10182472 288401 59
10182482 237080 68
10182484 208730 85
10182486 902967 24
1576862 893060 78
10182489 1362183 64
3454662 38525 72
187384 36067 96
10182496 318828 18
577629 344258 29
4789048 546664 60
10182500 105475 8
10182510 225594 49
508901 122986 62
3554663 52566 82
10182512 339740 54
10182514 137566 54
10182516 235082 58
10182518 471248 19
10182522 330183 52
10182524 316440 32
6272327 1305577 29
6272327 896731 94
6272366 346161 83
448909 779205 28
1230885 321190 6
10182526 95958 20
4268430 1755510 23
1959153 313440 5
10182241 276180 43
832573 55177 97
10182528 502221 25
10182533 90543 64
10182538 663176 47
10182540 201556 18
10182542 67159 36
3479773 295716 43
3479773 572161 82
578206 173966 11
10182545 337083 53
578478 402902 56
10182551 332288 89
10182562 234893 95
10182564 1029148 50
5670835 34100 3
10182566 412243 34
1500028 628418 35
1294495 660798 99
10182582 308519 13
250434 319245 16
10182592 220189 79
10182592 2507514 58
10182596 757890 84
10182598 57415 86
3058827 214844 95
44551 189310 5
10182605 1175032 34
2217942 882209 90
759868 489184 82
10182619 51438 84
10182634 387019 43
10182653 332625 32
10182666 150930 19
10182671 195775 68
88197 263476 31
10182676 469315 20
10182679 340059 9
10182684 502458 78
2384908 193460 49
578754 98994 5
10182686 1631 57
10182691 323170 63
5172447 147255 98
10182693 51839 82
2198993 296538 58
10182695 322359 67
10182704 99045 49
10182709 645042 51
10182319 286404 98
10182320 913354 31
10182375 904413 80
10182376 316894 4
10182718 274532 15
10182741 234356 85
10182746 659432 92
10182748 626593 46
444448 39291 11
10182750 295773 56
9362757 19043 6
582205 345956 37
3849020 841115 37
10182754 724384 96
10182767 638551 86
1104595 18936 35
10182769 264212 49
187385 39293 92
2383566 21891 32
10182771 234445 87
577405 347297 19
1094633 87883 25
10182774 224129 94
10182781 669374 57
10182784 49529 31
10182786 170097 2
443563 634572 24
10182788 27689 41
2217848 21169 16
3554559 232511 89
1074331 244204 51
10182790 221494 44
10182792 246448 52
606131 261087 27
10182794 39296 8
10182799 219629 81
10182802 118167 10
10182807 133242 81
10182809 279335 43
723421 31612 31
10182811 922130 61
10182815 39297 13
10182817 32217 22
10182819 270136 28
10182821 170838 57
813529 345523 30
10182823 21163 90
10182835 103518 90
577683 39298 63
2328487 97167 16
10182844 646550 54
10182846 107618 100
10182848 1705612 94
1935821 286277 44
10182850 52667 78
10182857 474443 20
10182859 672448 26
10182861 283829 6
10182863 355492 62
10182866 932625 64
10182868 1672833 74
10182870 500810 80
10182872 217305 76
10182874 578945 2
10182891 810813 92
10182894 73591 58
3085244 214371 65
10182896 533511 7
10182898 448219 10
10182901 346711 16
1625867 344999 88
10182906 221362 25
10182908 432738 86
189573 142862 14
10182913 627204 75
10182930 565259 92
10182934 243347 99
2736224 387630 34
10182936 227346 30
10182941 295714 29
10182943 643666 18
1298329 119698 46
10182946 150719 83
10182954 218682 47
10182958 298284 78
577916 187665 27
10182979 10790 17
10182981 5656 96
8713398 51641 54
10182983 332981 71
578479 333038 47
1295330 104744 21
10182985 532831 55
606317 125276 85
10183001 34013 45
10183014 135453 1
10183026 572071 61
10183029 82906 33
1939482 127551 68
10183031 154372 71
10183035 108620 58
10183042 180932 65
10183044 943018 39
10183049 129458 34
10182052 1205334 55
10183052 1336483 93
723382 550956 38
4457080 1206102 28
4457081 482325 33
4457082 385008 37
187585 180835 59
577684 351962 99
10183055 84113 55
10183057 884477 24
10183059 503159 83
10183061 302325 55
10183076 782821 40
577887 331778 68
10183094 101167 25
10176020 204540 72
1443776 895692 37
1002353 341572 1
10183101 142684 12
10110515 216390 94
10183103 222333 15
10183105 549855 47
10183113 101383 4
10183115 178988 9
10183117 18888 62
10183133 909556 2
10183135 83428 39
10183137 447493 23
10177578 758073 85
10183144 308508 91
10183151 60116 89
10183166 179257 91
10183168 98379 74
10181698 158658 60
3358861 487161 51
1327106 319817 22
10183170 633367 6
10183172 930893 72
10183174 1754467 94
255428 100316 12
2912937 96156 11
2753384 325374 37
10183176 101274 69
1462168 132785 70
10183184 779386 49
187570 85001 34
1957794 17128 81
10183186 235512 65
1060772 611672 52
10183188 174541 69
8759925 406970 72
10183190 196318 19
1099027 132493 90
10183197 131420 37
10183202 52046 98
10183207 52073 49
10183222 997779 34
10183224 1513485 70
10183237 328945 83
10183242 83208 55
10183250 687846 55
582447 364001 98
10183253 418169 3
10183257 279688 41
10183261 182040 96
10183263 604775 61
2401635 94518 73
74955 269202 2
10183266 947999 90
10183275 223089 87
10183280 401152 64
10183282 626541 74
10183284 60367 16
10183286 790896 88
10183288 100437 44
10183290 53190 67
10183294 223859 61
10183296 858693 13
10183298 406442 4
832594 423869 20
10183300 202838 4
10183302 101985 90
10183305 597313 47
10183307 299912 33
10176021 484370 24
10183309 932779 98
10183311 855950 1
10183313 661481 90
686893 931498 32
10176022 35921 75
10183315 1198064 34
10183321 116254 11
10183323 335391 33
577888 602875 84
303246 199398 100
10183328 459923 11
10183330 336223 32
10183332 65896 86
4306708 459910 31
10183337 253353 55
10183340 143974 11
10179099 1090531 97
10176648 92199 74
10183344 318677 32
10183346 1198848 65
10183348 47126 49
9441996 643202 73
10183352 317984 79
10183354 867236 9
1957775 233985 24
1957711 945921 78
10183356 281002 61
201845 606158 16
10183368 645501 40
237344 16633 75
10183374 595574 36
10183376 121255 78
10183379 305747 56
2056389 305871 52
10183381 394425 93
759998 68451 42
10183395 49571 50
578480 200308 5
1616334 1401945 10
3578839 199854 53
10183397 151981 19
10183399 1503484 59
2517281 108043 32
10183401 328732 94
10183403 688942 66
10183405 1684046 41
10183407 510898 65
10183412 275230 60
10183417 370374 88
10183419 158659 44
10183421 327727 55
10183423 245224 50
10183425 156684 87
17222 88202 25
10183427 654859 15
3795826 576179 73
10183435 195397 53
10183441 649180 77
10183443 606763 80
3035898 701938 17
578481 276154 23
10183454 459983 26
2950968 171963 68
10183457 773388 5
3848826 340479 36
1343269 332004 34
10183459 1016772 41
10183461 1139130 95
10183463 5159 67
3537438 587007 79
10183465 352201 65
10183467 935609 36
10183469 432353 65
10183471 616611 41
10183473 35962 48
10183481 701201 63
10183486 96889 58
2534200 252393 32
10183489 99776 42
10183497 92394 98
10183513 147571 77
10183515 765457 89
10183517 551080 22
10183527 322951 84
10183529 295848 88
10183535 191512 58
10183539 85522 76
10183541 616673 24
10183551 2174531 7
10183553 226737 6
10183555 87580 69
187386 224415 63
10183557 54014 44
7307682 312632 39
7307683 606580 72
10183559 526134 6
3342390 355405 3
2785979 333789 2
10176032 52568 46
10054114 1257558 29
10183561 102351 26
2745338 52509 78
10183564 887233 55
10183566 1309505 62
10183569 546045 54
10183571 196362 14
10183577 62878 56
10183589 798178 8
10183593 48088 45
10183595 101168 43
10183602 363063 24
10183604 157926 43
10183606 383856 19
10183579 110840 95
1414343 346250 12
10179100 1207230 79
10183608 317168 54
3187374 757886 59
10183622 54560 30
3573056 345524 51
10183624 169956 3
187571 470580 67
10183628 295528 31
10183630 257051 97
2400904 1785531 52
10183632 1725114 76
10183637 634544 52
10183639 300384 12
4734155 608579 31
10183641 104532 19
2172466 149069 30
577560 104193 76
4154725 279311 62
10183643 107100 98
10183645 906596 38
4154700 47849 5
10183655 392254 37
4084973 638956 89
10183657 862067 77
10183659 416296 49
2401874 100821 94
10183668 652753 83
10183673 61342 5
10183678 84662 22
10183692 161295 72
1102867 498130 12
10183694 171919 51
577460 153227 71
3790108 97000 89
2728405 871589 24
187387 324363 91
10183716 160737 84
10181793 49760 12
10183718 649807 67
10183720 1029049 90
10183723 600298 8
10183725 177217 57
10183727 1029176 100
10183738 668654 47
10183740 95951 75
10183742 1194834 19
10183747 191023 77
9998220 868097 61
10183749 96048 6
10183771 367029 84
6183983 1089756 44
1077352 139280 40
2128600 371901 7
9245182 920650 2
10183782 332487 1
577381 121059 23
3810311 301019 32
3402643 665570 46
10183784 905072 83
10183790 349384 9
1343617 665107 87
10183803 457201 47
10183805 94749 30
1500119 63520 8
10183813 268861 59
44530 189268 75
10183819 219545 27
10183822 224302 44
10183610 122927 82
10183827 371996 1
10096683 402962 81
44482 189168 11
10183847 791219 74
2200339 306307 44
303241 252265 30
578482 278157 42
10183849 205013 95
578239 117044 89
10183851 285910 60
10183854 111083 35
10183859 226968 4
10183861 35781 36
10183863 505714 17
3398363 1050809 37
3767432 705584 75
88199 76396 40
10183865 568648 9
10183867 367611 9
274816 142915 13
1629305 308152 22
10183869 488276 33
10175628 108842 88
10183871 189086 45
10183876 121380 69
10183878 858163 100
10183880 96194 16
10183882 105230 14
723383 156355 43
748340 127811 19
10183884 92395 84
4459373 322225 45
10183956 309828 66
578077 671677 46
10183961 349127 55
10183963 332522 59
3412088 1202742 52
187388 54527 82
10183965 339829 50
10183967 818933 36
10175645 371645 9
10183975 142207 100
10177520 102963 18
591296 1101642 69
10183977 356969 84
10183979 1401463 69
10183981 1789595 91
10183983 108174 67
10183990 392485 26
66360 95947 30
10183992 105474 95
2466231 251886 16
3539133 1551510 72
187389 578271 26
10184010 586536 41
2912930 83795 63
10184012 336867 76
581506 146672 60
577601 495188 69
1295651 674365 16
187295 219479 64
10184015 598755 85
6570079 213995 83
10184021 1095688 48
3814126 523510 20
10184043 598161 51
2728389 2868410 56
1293949 62880 71
10184045 1596559 14
10184047 216735 15
10184049 98553 60
10184051 396333 87
10184053 165657 82
10184055 99782 44
582474 643630 8
10184061 858786 41
1616263 295147 91
577276 110130 27
10184063 856396 82
10184079 295677 33
10184083 346817 79
1959154 335755 17
10184089 433725 30
578290 445642 2
578291 1295018 41
1343618 627086 100
821904 295620 9
2109740 1415433 76
523989 340412 83
10184109 1532903 36
377229 346530 15
3144534 475758 42
578432 403728 71
10184111 50292 89
10184113 348207 50
686894 52555 48
10184119 140190 86
10184121 618178 71
1104549 828718 23
509094 250542 23
10184129 333538 7
4084954 392996 49
10184131 783138 65
10180188 213507 31
2745565 51651 85
10184153 121062 91
6097203 858288 15
10184155 630332 13
10184157 352151 98
1462326 1315269 90
10184159 117685 86
10184161 552814 14
10184163 109098 82
10184165 122928 10
10184176 180781 43
10184186 479884 67
2527759 271220 57
10184188 674243 52
10184190 1247375 85
10184192 213065 83
1294863 101710 10
10184194 1706313 7
10184198 827678 79
10184203 261455 42
10184205 173058 81
10184207 1032884 96
10049634 756056 18
10184214 213724 27
10184216 288913 64
3903555 299825 58
4042872 914917 29
10184218 109099 6
10184225 105189 90
10184227 331028 51
189495 82054 90
703963 86005 21
10184229 214574 33
261759 434445 41
10184234 43804 4
10184259 177027 30
10184261 36248 22
10184267 43643 44
10184271 116952 42
10184276 43216 44
187390 40899 76
2218064 141926 55
1257244 93664 3
2134843 127229 35
10184282 211750 51
4396127 51524 15
280644 336586 93
3476150 17967 27
10184284 107608 39
4494306 51069 35
10184294 145107 39
1257245 46436 5
159391 147167 15
1257246 135706 59
2963255 83931 74
578132 154625 43
10184300 257215 66
10184302 328780 68
10184304 2856 72
10184311 218290 32
10184319 95375 2
6272368 99642 5
10184341 54585 22
10184352 233492 18
2578974 102919 60
10184357 193101 43
10184361 217838 75
10184363 202406 56
10184384 332712 65
10184365 92865 14
10184366 213157 59
10184402 17878 40
10184408 41906 56
2579010 218418 5
10184414 178581 21
10184431 121135 5
4475651 220555 50
1500057 76810 93
728511 551986 72
10184433 123905 22
10184436 37238 51
10184438 179708 31
10184440 118039 29
10184444 400123 74
4787271 226593 68
10184446 18112 54
578483 119440 35
10184448 255374 43
10184450 192373 28
10184452 86649 94
10184454 76850 85
10184461 359418 86
10184463 23130 37
10184465 238362 27
10183475 120746 72
10184469 353764 89
3741950 45502 61
10184471 179738 59
10184473 93320 7
10184475 517901 76
10184477 58192 50
4262860 52840 53
237345 660797 30
10184481 316876 99
10184483 228656 6
10184485 82978 66
10184489 71288 100
10184491 44232 21
10184493 215091 29
10184495 96241 26
10184497 360550 18
10184499 105278 69
578293 307580 49
10184505 130350 1
10184507 172689 7
577685 332250 98
187391 58260 64
832617 138391 63
2172443 338369 78
846501 152252 50
10184519 41923 56
10184523 293393 94
10184525 226290 39
10184527 333654 30
10184529 162976 33
10184531 95426 97
10184533 139148 84
10184535 52570 26
10184537 164511 88
10184539 196376 93
723591 85429 87
1294192 17883 12
189208 149406 74
44504 189212 65
1294927 280821 92
1294330 165133 43
1295138 84327 57
10184541 99583 17
1295041 901052 94
10184543 38064 60
582406 18476 9
1295022 192376 37
10184567 37923 99
578484 36179 58
237346 449796 4
237347 302126 98
187392 297209 82
577216 35464 5
189307 220544 34
582188 212417 51
10184596 580659 98
10184598 22251 97
189383 297380 35
4367283 43218 12
10184601 180837 52
10184603 554795 6
723384 364998 18
10184605 63648 46
10184607 52404 99
10184622 221226 74
10184624 361228 51
10183209 21713 2
10184626 271960 98
10184632 92099 35
10184636 104746 24
10184638 98759 34
4850917 117096 63
10184641 338371 9
10184648 43408 77
10181612 17968 52
10184658 284693 55
10184660 50954 46
189419 157312 65
10184670 366605 94
85031 138264 65
10184681 121324 4
10184691 150245 24
4546616 269786 81
500413 307149 75
591304 99519 63
5781 50035 80
10184699 101893 59
10184707 54827 39
1540713 452492 30
10184709 233078 97
10184712 5794 44
311651 77957 74
8454 65063 91
10184714 97847 38
10184716 47364 23
10184725 171917 36
1188684 40042 91
1188685 2050 80
10184731 94446 75
6183984 156940 8
1188593 96482 3
10184746 121809 49
523687 48345 65
2075890 157454 15
10184751 50520 64
4740993 123299 56
4742045 69002 38
10184763 38019 20
4823887 17290 87
1188466 97972 4
44270 115588 1
2062798 361305 75
10184770 330745 39
10184776 333207 71
10184783 92649 46
10184790 37051 67
582472 236895 14
10184822 57570 30
10178851 38479 3
10179339 186204 81
10184839 363403 11
10184842 112085 59
10184846 363944 16
10184848 99707 11
10184850 213509 66
10184521 120910 64
10184852 242693 70
10184854 99403 31
187245 149714 33
189401 213940 17
187227 343183 17
4407474 151190 65
3319373 424751 5
10184858 152146 92
10184890 193264 25
10184897 48010 65
10184908 54895 65
2323389 191090 98
187393 150832 41
10184915 218186 36
3320943 6351 100
187394 314876 6
605965 40984 20
3903528 284569 6
2172292 41911 45
10182825 93168 62
10184939 305554 86
1090286 151020 82
159392 191879 45
5972907 98992 89
10184941 142654 17
10184947 1136801 79
10184951 52287 78
10184964 53520 33
10184966 542367 82
10184969 197434 73
10184973 171614 33
10184977 528987 79
10184979 74327 15
10184981 176652 19
10184983 102231 22
3903529 51594 92
10184986 75652 41
10184988 216474 72
10184990 124602 36
500549 43894 40
10184992 62962 4
10184994 117506 36
10184997 70251 25
10185002 342244 6
3599712 109248 85
10185005 95895 12
10185010 235921 39
10185014 202483 41
10185016 51523 56
10185018 820593 70
269201 102748 99
10185020 213280 53
10185022 1634 34
10185037 94102 14
10185039 216359 80
10185041 74931 89
10185043 453904 99
10182826 130413 66
10182828 135883 43
10185045 50137 71
274817 282560 40
274818 338572 29
10185047 56033 66
10185050 464494 7
2198973 230921 1
44271 40038 65
10185056 56115 11
10185058 251737 30
10185068 246283 74
10185073 319683 7
10185075 246644 51
10185077 141257 66
10185079 177174 26
10185081 99780 10
10185083 393094 3
4543 43409 39
10185085 259952 22
10185087 319308 65
10185089 76676 73
10185091 112307 5
10185096 62332 53
2916931 222336 90
10185101 433119 72
1090287 118312 68
4119193 420073 99
