4899029 3798895 29
3663738 3966749 64
2476589 3151367 75
35530 141205 59
19913 112767 1
19913 112768 83
4956549 4956564 37
35540 87380 63
35540 141378 36
35540 141380 44
141186 444283 9
5006608 5006612 5
5007172 5007176 80
5007768 5007772 20
3200367 2553041 21
3200367 3659344 6
1311893 1311894 12
328087 889134 99
5011998 5012000 24
5012847 5012850 73
5014250 5014252 87
3531471 3883067 24
5017259 5017263 54
5017535 5017539 1
5017721 5017723 72
5018399 5018403 95
5018556 619271 80
5018644 5018649 91
5019605 5019608 65
3688017 3240851 83
1279870 2156600 56
1279870 2156601 40
723291 1484746 23
723291 1484748 56
723291 1484767 90
723291 1484768 55
5024935 5024938 89
3444619 2903935 42
5027513 5027516 8
3200377 2553072 81
5031204 354102 87
9666053 9666055 92
1496819 727282 67
1496819 755160 16
9667585 2732149 6
1108516 1980853 11
930714 1751684 76
697178 1453067 14
1051959 268854 9
1051959 74697 52
3616075 3139521 3
2876634 3425613 77
9679921 9679923 78
9680862 9680868 94
75 732 90
722359 236808 72
9684104 2080429 69
9684104 3607450 2
4162630 2231862 81
4162630 776285 54
511598 776285 46
511598 1206648 55
2495352 3166672 25
591997 196845 64
454849 1115468 75
454849 1115469 16
4082665 3844070 39
9685226 1100470 64
1970782 1100470 31
1058896 1920658 87
9687298 115132 37
83722 16329 21
83722 287842 17
83722 287844 22
1295730 578789 27
2200034 1096720 65
2200034 2937658 75
2200034 2937660 1
2200034 2937672 1
796604 1587905 39
2312 23009 18
82303 284631 24
1235 15952 99
2087 22148 8
302649 827293 78
50782 214712 12
612 5241 93
436816 1084386 91
83387 286943 3
83388 286965 13
83389 286980 71
313795 850073 39
2353630 3051165 94
83894 288258 65
3078152 3567783 24
9690756 9690759 18
419101 1058897 67
4998357 4998404 63
4998357 1402985 45
9692435 9692437 50
655589 282779 83
2163505 2904532 59
22940 113264 77
236749 722100 50
6176460 6176463 92
1549211 2409415 56
1549211 2409418 87
1549211 2409422 95
262726 723128 90
2146345 2565776 28
2146345 1270081 38
9696254 342983 38
9696254 9696256 9
9697706 9697709 87
1583785 793986 94
498 4330 75
9699474 9699479 8
9699557 9699560 10
9700355 2080429 40
9702536 9702540 41
9703305 9703307 45
3227532 3677555 37
9704221 9704225 9
9704221 9704226 18
9705041 35994 21
9705041 1115469 1
9705041 497693 13
9705041 9705043 94
3761475 1115469 90
9705496 9705043 1
3854166 3488697 73
3131056 3607450 10
2554254 445789 7
9706262 9706265 1
9706724 9705043 55
83392 287038 1
3854167 3488697 25
2607168 3239420 52
9708143 3021966 63
1821488 269872 42
1821488 1453142 23
9708314 9708319 33
4506557 119681 20
4506557 228454 11
4506557 4532851 33
3836899 3464959 95
3554175 3058045 58
3529248 3881785 65
3529248 3881788 61
1800538 2614004 64
9709188 3668024 22
9709204 9709207 14
9709267 9709270 79
9709267 9709271 70
9709519 9709527 64
9710236 1321537 68
3534692 3026899 49
3444890 3819922 89
2332405 3034474 28
9712307 3607450 68
3322655 2732149 26
9712421 9712429 75
8372809 8372815 12
3641722 3954676 22
3773637 3370382 76
9714408 359627 24
3216999 2937658 5
9715308 4082931 79
126896 412453 88
237799 724437 41
20116 113264 66
9719208 195059 97
35553 2786 24
15922 82076 10
19926 1661 18
2235163 2965317 17
295310 51043 57
997894 386683 20
9749867 9749870 19
73055 11690 20
1358476 1486091 31
415940 608745 91
1345590 608745 60
4165503 4294593 93
10096965 10096972 47
1971361 2743249 87
3078182 2786 78
2510445 2180005 35
2385841 3078758 50
3534695 3026899 80
619744 1358916 46
2198477 2935769 15
10100080 10100082 30
444012 1093655 8
534985 1251261 94
10100327 3568224 30
1970785 1100470 69
126752 412195 30
449008 1104673 7
2149779 2149776 62
10100645 10100647 56
10100751 10100755 30
21962 120686 80
20326 115323 20
20326 115324 18
581214 372086 1
10101120 162943 24
777528 272933 77
10131110 10131113 60
422533 133722 72
422533 133729 81
76437 271978 97
10146463 10146467 85
10156627 10156631 16
10157148 10157154 15
9670242 9670246 34
197894 594312 9
11437 72526 76
10168927 10168930 62
9681180 9681178 58
282252 444345 72
282252 792865 48
282252 792871 62
10677682 9706071 36
10678243 10678251 57
4677940 4672802 92
11663534 11663536 29
2311588 866151 17
2311588 3021587 25
12194128 5457980 14
792297 1582706 5
3898349 4115799 40
3898349 4115800 6
13257826 9691445 38
1486852 2354366 72
3147651 3621172 22
724407 724408 90
119688 369480 60
8845180 8845190 27
375619 978769 19
13263518 13263522 57
1036536 1900995 58
1724856 966069 34
196845 196844 73
196967 592294 1
13265972 13265974 46
13265972 13265977 78
13266557 13266559 15
2565776 1731862 44
2565776 2565779 21
2565776 3206309 65
2707614 2895883 71
2707614 3303016 33
390826 1001616 29
7515091 3034867 63
722099 282065 50
722099 722097 57
722099 2786 23
1433928 2304076 17
508169 1201688 32
508169 1201691 89
2231916 2962475 15
12793537 12793546 20
12793537 12793547 69
85993 2786 37
13283092 13283095 58
164945 517546 77
197310 593364 2
197310 593370 36
4080442 3841216 86
4987741 4987751 51
13287922 13287924 25
141749 94268 1
13290577 13290583 15
35562 2786 12
3443789 2902720 88
2103 22481 87
13292191 13292194 46
2749635 1976741 76
3439092 3439103 27
1823612 1067282 84
1823612 228454 18
8492712 8492705 2
2003877 1132168 18
1282261 562301 28
769694 379843 10
449021 283437 44
13302706 13302712 38
13303631 13303635 81
9717038 9717035 1
13307008 13307010 62
13307198 2786 87
2895888 3439103 96
13307663 13307665 65
113122 369478 72
113122 369480 7
1477793 718439 60
1477793 2345623 57
1477793 2345624 23
208936 629268 56
1055731 608745 16
13314749 3034867 69
1976740 1104739 85
261357 757773 11
2753071 751981 57
3552388 3896401 45
368834 968090 80
2452373 1201691 41
123871 22703 3
3575469 3910573 99
13335230 5483583 90
13342622 13342624 85
1483540 2235163 12
13345142 965 59
13345186 435609 42
13345186 1187871 54
13345186 13345190 96
13345186 10326095 85
3340567 2749649 54
3690987 3245488 15
13364323 751899 70
9746779 9746777 52
368217 368257 13
9685234 1216078 68
8645934 8645978 79
8645934 8645979 31
13370281 13309063 25
13374316 13374320 13
13375883 1960419 100
2900470 3442013 12
13389050 446218 88
2395415 1536716 51
2395415 3087906 45
13410345 2574820 84
9705050 9705043 72
1496822 727282 93
1496822 755160 92
4216126 283558 60
4104073 4253786 52
288890 286797 37
13249771 13249769 2
13249771 13249782 13
11664041 11664038 1
13482560 368722 20
13487268 2709281 75
13487970 1325 48
13487970 1824 89
13487970 16460 46
13504819 3893175 28
13506913 4328819 89
13512950 84583 8
13514206 164945 93
15654 81150 46
3187093 3647026 39
4004950 4186096 19
13529239 5025160 51
14718523 3094113 71
14718523 356183 87
14762887 14762889 28
14765864 14765867 3
14768166 3034867 22
727175 1496494 78
3614062 3937942 8
14771348 609968 66
2395297 1536683 30
2395297 2169461 31
14778385 31922 34
41450 60244 58
9666068 9666055 46
9666069 9666062 70
3836905 3464959 63
14883484 14883486 95
14884575 14884578 1
14884766 14884768 68
14885647 14885649 96
1530149 1292492 36
9754869 9754867 25
14886983 14886985 69
14887802 2786 54
14888568 2231862 44
793369 1583217 73
2395417 1536716 87
2395417 3087906 57
418376 1058359 68
4143596 3938991 60
4143596 4280443 71
13402709 381793 70
13402709 13402715 72
13402709 13402716 74
13402709 13402718 22
13402709 13402719 30
376607 980098 1
376607 980099 40
9705272 9705043 54
14978206 14978208 83
4155172 3958744 12
4155172 4288056 35
3238960 3687035 44
11293799 11293789 37
2696693 2444097 58
2696693 3294740 87
2696693 3294741 37
71686 263282 51
15044817 15044821 38
15046767 15046769 65
15053244 164968 18
15053244 517664 37
3334894 3447562 28
15080936 708384 27
3821557 3447562 45
15092946 15092948 71
521175 167522 31
15111689 15111693 33
15111689 15111694 37
5246 47193 25
10491315 98541 50
10491315 1503106 69
10491315 1560476 100
10491315 502825 77
10491315 1293048 42
1550114 3103 89
1970413 2742160 44
1505425 1505431 57
15160411 9825751 21
15163372 15163374 87
15163381 15163374 40
808734 1611009 71
15172432 15172435 58
14654474 14654472 10
9740169 9740179 21
9740169 9740180 41
9740169 1344208 40
3759983 4026350 57
13290581 13290592 28
15344368 272173 22
15344368 111276 63
15344368 3566869 61
15344368 5646403 27
15344368 1080858 37
15344368 6141330 31
15344368 3120806 3
15344368 7850240 31
15344368 5253965 29
15344368 15344370 57
15344368 15344371 98
15590150 12289033 18
4158893 3964186 79
15671255 15671257 90
15671260 15671262 14
15671369 15671371 31
15671763 15671765 1
15671799 15671801 61
15671807 15671809 60
15671830 15671832 66
15671843 15671845 3
15671846 15671848 90
15671870 15671872 5
15671886 15671888 25
15671897 15671899 75
15671900 15671902 52
15671968 15671970 12
15671973 15671976 66
15671986 15671988 16
15671993 15671995 46
15672000 15672002 22
15672014 15672016 32
15672017 15672019 68
15672022 15672024 65
15672067 15672069 92
15672077 15672079 20
15672084 15672086 57
15672087 15672089 12
15672094 15672096 52
15672101 15672103 22
15672120 15672122 18
15672125 15672127 12
15672134 15672136 94
15672149 15672151 60
15672152 15672154 95
15672165 15672167 63
15672174 15672176 79
15672190 15672192 72
15672199 15672201 23
15672202 15672204 56
15672227 15672229 50
15672232 15672234 5
15672239 15672241 12
15672252 15672254 74
15672257 15672259 53
15672265 15672267 92
15672276 15672278 42
15672279 15672281 91
15672288 15672290 23
15672298 15672300 1
3200379 2553073 94
15672318 15672320 40
15672356 15672358 29
15672362 15672364 76
15672369 15672371 67
15672374 15672376 45
15672385 15672387 9
15672388 15672390 38
15672422 15672424 71
15672436 5007772 19
15672444 15672446 4
15672449 15672451 68
15672578 15672580 47
15672581 15672583 45
15672605 15672607 40
15672614 15672617 11
15672622 15672624 85
15672629 15672631 11
15672634 15672636 79
15672647 15672649 5
15672652 15672654 80
15672661 15672663 5
15672664 15672666 60
15672667 15672669 41
9584376 9584290 80
15672793 15672795 91
15672800 15672802 50
15672803 15672805 40
15672814 15672816 40
15672827 15672829 62
15672867 15672869 46
15672898 15672900 35
15672912 15672914 55
15672939 15672941 16
15672963 15672965 71
15672968 15672970 55
15672994 15672996 88
15672997 15672999 92
15673000 15673002 28
15673005 15673007 5
15673008 15673010 64
15673019 15673021 76
15673022 15673024 13
15673025 15673027 83
15673238 15673240 77
15673304 15673306 20
15673309 15673311 55
15673312 15673314 41
15673315 15673317 60
15673324 15673326 28
15673341 15673343 16
15673406 15673408 56
15673409 15673411 100
15673424 15673426 56
15673463 15673465 21
15673468 15673470 39
15673480 15673482 75
15673487 15673489 5
4158905 3964201 99
15673570 15673572 75
15673573 15673575 88
15674060 5020647 15
15674070 15674072 73
15674116 15674118 12
15674119 15674121 63
15674134 15674136 87
15674148 15674150 54
15674161 15674163 52
15674166 15674168 75
15674173 15674175 43
15674180 15674182 21
15674183 15674185 75
15674378 15674380 61
15674383 9825751 7
10908 921 83
288512 805036 40
15828464 15828468 22
15832249 15832251 57
2753072 1715948 18
2753072 1341389 7
2753072 3343496 66
3966705 110722 54
446994 1100942 60
22022500 2329954 41
22408821 22408823 3
22414933 22414936 46
22414933 22414937 57
22414933 22414938 50
4114532 4114531 45
13307586 13307593 18
22449699 9694317 1
22449699 2786 15
22461333 10100228 60
22461333 503883 85
22461333 3034867 46
22465597 22465600 96
22465606 22465608 30
22472088 22472090 17
22486330 22486332 38
22495855 443057 63
1822343 978769 27
14889739 14889736 79
23665959 3034867 60
2572522 1719284 32
23668814 294713 95
23668929 6089478 4
2559910 167522 56
951685 1782252 59
24398062 5879481 54
24398062 6705289 3
24398062 6874182 32
24398062 10423482 69
24398062 24398063 68
24398062 24398064 13
28267566 4734 99
28267566 28267565 15
4944464 4944493 31
4944464 4944494 35
4363080 4425648 17
4363080 4425649 8
28311930 4425648 61
28311930 4425649 4
3925385 4133012 88
28314954 4491031 50
2132 22701 90
2132 22702 18
28315955 4491031 13
28317160 3034867 25
4133012 4272661 97
4133013 3925385 94
1165 15757 63
1165 15760 19
1165 15761 9
1165 15767 31
1165 15768 98
1165 15769 5
1165 15770 86
1165 15771 69
1165 15772 68
1165 15773 27
1165 15774 48
1165 15775 82
1165 15776 19
1165 151 60
1165 15777 39
1165 15778 98
1165 15779 90
1165 15780 35
1165 15781 20
1165 15782 50
1165 15783 86
1165 15786 23
1165 15789 7
1165 15790 4
54013 202207 9
15524747 15524750 9
1961570 2732148 96
3075662 3565652 89
1833739 2391167 3
2628408 3254952 90
7813013 7813002 96
11476119 2080429 56
29040440 929514 55
29040440 115127 3
29042656 2231862 37
29043071 35554 56
2846330 2937658 96
2846330 443057 8
29043443 29043442 17
2197054 1325623 38
2477923 1632140 71
29046170 29046174 6
270341 721334 80
270341 773017 35
270341 773018 71
270341 721336 43
270341 75664 67
270341 773019 24
270341 236539 74
270341 536002 23
270341 173421 7
270341 721340 62
270341 536004 17
270341 773020 52
270341 772958 62
270341 773022 36
270341 536007 86
270341 536008 31
270341 773023 44
270341 773024 8
270341 772960 64
270341 773025 86
270341 773026 10
270341 535094 35
270341 762367 4
270341 173430 97
270341 535430 66
270341 535312 32
270341 536016 48
270341 773027 83
270341 173433 34
270341 773028 55
270341 773029 41
270341 773030 19
270341 536017 32
270341 773031 23
270341 270347 32
270341 773032 62
270341 773033 72
270341 773034 45
270341 773035 92
270341 773036 93
270341 773037 83
270341 173436 11
270341 535101 18
270341 773038 79
270341 773039 68
270341 773040 61
270341 773041 60
270341 773042 76
270341 773043 89
270341 773044 100
270341 773045 71
270341 773046 65
270341 236544 37
270341 772967 77
270341 773047 19
270341 536020 81
270341 773048 49
270341 721348 65
270341 535183 15
270341 773049 79
270341 773050 26
270341 773051 90
270341 773052 16
270341 773053 49
270341 773054 29
270341 535835 76
270341 773055 88
270341 773056 76
270341 773057 95
270341 773058 4
270341 773059 100
270341 773060 16
270341 773061 88
270341 536023 30
270341 773062 33
270341 173511 81
270341 773063 93
270341 773064 10
270341 270354 47
270341 773065 25
270341 721350 75
270341 773066 3
270341 773067 14
270341 773068 35
270341 721351 86
270341 773069 58
270341 773070 88
270341 773071 67
270341 773072 67
270341 773073 38
270341 773074 97
270341 773075 66
270341 773076 95
270341 773077 56
270341 773078 37
270341 773079 23
270341 772972 87
270341 773080 58
270341 773081 62
270341 773082 11
270341 773083 4
270341 773084 65
270341 773085 88
270341 721354 79
270341 773086 74
270341 773087 18
270341 773088 59
270341 134185 38
270341 773089 35
270341 772975 2
270341 773090 19
270341 773091 88
270341 773092 31
270341 773093 42
270341 773094 79
270341 773095 46
270341 721355 27
270341 773096 58
270341 773097 56
270341 773098 100
270341 772978 66
270341 773099 78
270341 77280 59
270341 773100 86
270341 773101 45
270341 773102 30
270341 773103 64
270341 773104 41
270341 773105 14
270341 773106 72
270341 773107 58
270341 773108 32
270341 773109 51
270341 773110 93
270341 773111 36
270341 773112 81
270341 773113 46
270341 773114 74
270341 773115 74
270341 773116 5
270341 773117 57
270341 773118 30
29046956 722321 28
29046956 4987751 12
3692472 3985987 44
29049399 57850 21
29049399 954320 72
29049399 2198519 35
29049399 753267 47
29049399 401970 6
29049399 13263720 4
29049399 8711556 9
29049399 29049405 28
29049399 29049406 4
29049399 29049407 98
29049399 29049408 17
29049399 1810973 87
2937639 132401 10
2937639 3061070 49
2451120 3130707 81
28491191 28491169 29
3928505 3603481 32
3928505 4135583 91
29344623 29344625 32
29345222 4043389 73
2838266 2444097 39
4021423 3751918 2
2742166 2742176 87
3334896 2742176 2
3125983 2742160 38
3334838 2742160 45
3751847 3751918 96
3751847 3751853 25
3751848 3751853 90
29357620 29357621 91
3928542 4135652 6
3928542 4135653 20
4771125 4771781 5
3334897 3294740 83
4486663 4486665 46
4486663 4517753 33
4021273 3751854 36
3334898 3751907 58
3334898 2742176 78
3724045 3294741 2
3724042 3294740 61
3821558 3447562 94
3334839 2742160 48
4021268 3751853 88
3125991 3603050 44
3334899 3751909 28
3334899 3751907 56
3334899 3751910 78
3334899 2742176 82
3724046 3294741 64
4021400 3751910 95
3751912 3603059 2
4186086 4004955 22
4004952 4004955 6
3603057 3603059 97
3603057 3751918 31
4021387 4021392 83
4639329 4639331 49
4021274 3751854 80
4313537 4313540 40
4517756 4517753 46
4274578 4135659 2
4274578 4135660 64
3928543 3603548 91
3928543 4135655 100
3928543 4135656 22
3928543 4135657 66
3928543 4135658 32
3928543 4135659 62
3928543 4135660 4
3126297 3603478 7
3126297 3603479 69
3928641 3603530 48
4135706 4135665 34
3928544 3603549 4
29364585 15058179 83
3126298 3603480 71
3126298 3603481 5
3126298 3603482 27
3126298 3603483 47
1585813 2444291 38
1585813 2444292 91
1585813 2444293 80
1585813 2444294 21
3928502 3603480 32
3928672 3603550 33
3928672 4135659 59
3928672 4135660 57
4274573 4135655 6
4274573 4135656 89
4274573 4135659 39
4274573 4135660 38
3928545 3603546 88
3928545 4135665 93
3928545 4135666 69
3928545 4135667 46
4274577 4135657 43
4274577 4365111 5
4778283 4778849 52
29583354 2709281 88
29586162 5659148 44
29593466 228274 36
29595104 3566454 81
29353220 3962639 43
29597248 15163374 45
29597249 15163374 45
29599810 1358476 69
4301374 4174447 53
29607657 29607713 11
1915 21256 38
112855 369065 21
29608855 117836 68
29610401 29610406 78
28774010 83311 49
2441758 3123621 53
2441758 3123622 74
81472 15756 79
964198 366386 74
964199 1804045 73
964199 366386 35
2304754 221061 70
679607 220549 30
29711095 1424520 40
29711095 29711084 10
30227702 535142 99
30227765 30227767 100
30227766 30227768 97
4502185 4529111 29
30233972 30233973 20
1217336 12426 48
1217336 2363 92
1217336 2380 54
1217336 2386 34
1217336 2388 45
1217336 2389 45
1217336 441255 36
1217336 12431 27
1217336 1091532 57
1217336 192942 46
1217336 2093712 100
1217336 517544 73
1217336 2093713 72
1217336 2093714 77
1217336 1502072 43
1217336 365910 76
1217336 2093716 49
1217336 2093717 84
1217336 2093718 80
1217336 2093720 70
1217336 2093721 86
1217336 2093695 33
1217336 2093722 31
1217336 2093723 60
1217336 2093724 80
1217336 2093725 71
1217336 2093726 40
1217336 2093727 30
1217336 2093728 44
1217336 2093729 82
1217336 2093730 85
1217336 2093731 54
1217336 2093732 90
1217336 757495 55
1217336 2093736 53
1217336 2093737 23
30242721 30242722 48
30298827 1407233 70
30298827 116756 19
30298827 95578 87
30298827 2582032 74
30298827 2273939 26
30298827 14235132 49
30298827 9618392 52
30298827 10042819 3
30298827 216268 40
30298827 29338642 99
30298827 9546300 13
30298827 30298830 61
30419366 1960002 94
30420333 367964 84
429680 1073925 11
30421665 12431 76
30421665 1091532 46
30421665 192942 4
30421665 2093714 80
30421665 1533295 71
30421665 2093716 52
30421665 2093720 100
30421665 2093721 56
30421665 2093695 65
30421665 2093723 60
30421665 59441 33
30421665 2093724 53
30421665 2093726 57
30421665 449633 7
30421665 3404738 41
30421665 3405008 6
30421665 2093732 99
30421665 9443240 64
30421665 12183991 86
30419183 892 38
30419183 951 80
30419183 2458 81
1477092 951 26
1477092 302 83
1477092 2458 70
1477092 745876 35
773165 1557052 11
773165 773001 39
773165 1557053 94
773165 1557054 17
30421823 1052599 5
29341912 29341911 65
30446145 15151102 95
30446145 3290801 22
30497565 30497566 75
30505163 28491174 59
30505165 30505167 81
30505230 30505231 44
30505237 30505216 59
30505239 30505240 51
30505245 30505210 55
30505603 30505231 73
30505606 29343336 48
30505628 30505210 69
30505207 30505210 81
30505632 30505231 38
30505634 30505167 56
30505635 30505240 27
30505649 30505650 9
30505658 30505231 32
30505683 30505684 8
30505687 30505210 29
30505689 30505650 63
30505696 29343336 94
30505719 28491174 33
30505723 30505724 55
30505729 28490603 47
30505730 28490588 97
30505778 30505684 83
30505780 30505781 40
30505885 10860528 8
30505887 28491174 87
28490747 3727827 35
30505888 28490588 98
30505905 30505684 48
30505911 30505231 1
30505912 30505231 96
30506077 30505684 52
30506079 28491169 53
30506081 30505781 18
30506083 30506084 51
30506085 30505781 66
30506088 28491174 45
30506543 3727829 29
30506557 3727832 58
30506663 30505781 31
30507302 30505781 36
30507304 30505781 19
30507307 3727830 10
30507308 3727830 7
30507316 3727830 28
30506673 30505781 34
30507317 30505781 91
30507319 3727830 38
30506684 30505781 16
30507321 30505781 21
30507310 3727830 22
30507323 30505781 68
30506677 30505781 15
30507325 30505781 6
30507326 3727830 26
30507329 30505781 76
30507331 30505781 30
30507633 3727827 47
30507634 30505781 70
30507637 30505231 98
30508379 30505231 45
30508383 30505231 28
30508384 30505650 1
28491208 28491212 84
28490831 3727827 78
30508715 30505650 13
30508717 30505650 26
28490848 3727827 50
28490859 3727827 81
28490841 3727827 88
28490881 3727827 4
28490823 3727827 70
30508719 3727827 4
30508722 30505724 35
30508733 30508734 94
30509408 30509409 7
30509949 30509950 84
30509951 30509950 28
30509952 30509950 73
30509954 30509950 1
30509955 30509950 87
30509956 28491169 11
30509957 28491169 48
30509958 28491169 62
30509959 30509950 36
2839625 2085866 100
30510375 3727830 33
30510376 30505650 60
30510378 30505650 92
10860529 4230538 22
30506664 30505781 43
30506707 30505781 68
30512079 30505231 6
30512424 30512425 46
28490974 3727830 57
30512428 3727831 56
28490874 3727827 54
30512430 30505210 45
30512431 30505781 2
30512433 29685395 73
28490805 3727827 98
30512482 3727831 51
30512607 10860529 20
30513221 30505781 87
30513224 30505781 88
30513228 28490603 73
30513229 28491174 76
30513232 28490603 46
30513233 28490603 45
30506693 30505781 85
30506740 30505781 84
30506751 30505781 86
30506759 30505781 16
30513242 30505781 94
30513247 30505781 78
30513250 3727832 60
30513254 3727829 15
28490613 28490603 62
30513257 30505781 6
30506733 30505781 35
30513259 30505724 4
30513264 30505781 58
30506709 30505781 10
30513266 30505781 58
28491284 28491174 29
30513267 30505724 68
30513272 29343336 67
30513274 3727831 51
28491165 28491169 64
30513286 30505781 98
30513288 30505781 68
30513290 30505724 3
30514453 3727830 17
30505194 30505167 82
30514456 29343336 31
30514458 30505240 21
4408357 4457783 96
30515304 30505650 40
30515306 30509950 87
30515308 30505231 49
30517040 30505231 76
30517042 30505231 83
30517043 30505231 52
30517045 30505231 75
30517046 30505684 53
30517048 30505231 2
30517049 30505231 79
30517050 30505650 76
30517054 30505650 25
30517055 30508734 93
30517057 30508734 65
30517058 30508734 20
30517060 28491169 17
30517062 28491169 46
30517064 30505724 2
30517065 28490588 33
30517067 30512425 28
30517068 30505684 78
30518202 29685395 72
30518204 28490588 100
30518206 28490588 81
30518208 30505216 37
30518699 29343336 95
30505198 30505167 28
30505197 30505167 25
30519574 30519575 11
30519581 28384137 98
30519582 10860528 61
30519585 30519586 67
30519587 30519588 13
30519590 30505724 45
30519642 4230538 90
30519644 4076135 96
30519648 10860528 78
30505202 30505167 26
30505200 30505167 27
30519655 28384137 42
30519593 30505724 72
30519632 30505724 53
30519631 30505724 67
30519629 30505724 95
30519626 30505724 37
30519624 30505724 45
30519622 30505724 50
30519621 30505724 69
30519620 30505724 35
30519618 30505724 95
30519613 30505724 5
30519602 30505724 36
30519597 30505724 49
30519594 30505724 12
30519591 30505724 14
30519596 30505724 94
30519599 30505724 49
30519722 10860528 100
30519737 30519575 62
4269759 4230538 41
30519792 4230538 10
4423650 4468214 19
10860523 10860528 31
30519828 30519575 49
30519839 10860528 10
30521095 30505724 100
30521096 28490603 36
30521098 30505210 78
30521100 30505210 1
30521102 30505210 12
30521103 30512425 53
30521105 30505231 60
30521108 28490588 66
30521109 28490588 40
30522487 30508734 53
30522489 30508734 79
30522490 30508734 32
30522535 30505684 4
30522536 30505231 6
30522538 30508734 67
30522541 30508734 80
2839626 2085866 18
2839626 3399723 96
30526788 30505781 7
30526794 3727831 77
30526797 30505781 84
30526800 30505684 14
30526801 28490603 66
30526803 30505240 72
30526804 30505240 70
28490837 3727827 21
30526806 30505210 27
30526809 29343336 93
30526966 29343336 27
30526972 29343336 26
30526974 28491174 90
30526975 30509950 92
30526982 28490603 87
30506670 30505781 96
30526985 30505781 7
30526989 28490603 30
30526995 28490603 56
30527001 3727831 68
30527003 3727832 89
30527007 29343336 17
30527009 30505781 62
30527020 28491169 54
30527022 30505781 28
30527029 28491174 49
28491066 3727831 54
30527032 28490603 43
30527034 3727829 97
30506682 30505781 40
30527037 29343336 2
30527051 3727832 24
30527052 30505781 74
30527053 3727832 71
30527054 30505724 55
30519592 30505724 85
30527060 28491169 100
30527061 28490603 71
30527064 28490603 99
30527069 28491169 92
30527072 3727832 90
30527079 30505781 75
30527080 30527081 25
30527085 28490603 51
30527087 30505781 62
30506680 30505781 28
30506671 30505781 64
30506734 30505781 60
30527168 30505684 54
30527170 29343336 100
30527192 30505216 98
30527297 29343336 53
30527299 30505240 67
30527302 30505231 73
30527304 30505650 94
30527408 30509950 58
30527410 30505650 84
30527411 30505650 48
30527413 30505650 16
30527415 30505650 85
30527417 30505650 56
30527419 30505650 79
30527420 30505650 18
30527421 3727832 71
30527422 30505650 83
30527426 30505650 35
30527428 30505650 91
30527430 30505231 35
30527431 30505650 37
30527433 30505650 98
30527436 30505650 14
30527438 30505650 6
30527440 30505231 80
30527442 30505684 36
30527444 30505650 83
30527446 30505650 30
30527450 30509950 28
30527451 30509950 75
30527453 30509950 36
3918163 4128987 83
30527616 30505231 70
30527617 30505650 45
30527620 30509950 97
30527622 30508734 24
30527629 28490588 88
30527631 28490588 47
30527632 28490588 46
30527634 30512425 13
30527636 30505231 91
30527638 30505231 30
30527639 30508734 15
30527641 30508734 83
30527642 30508734 49
30527644 30508734 40
30527645 30508734 16
30527648 30508734 84
30527652 28491169 31
30527654 30505724 77
30527655 28490588 44
30527656 28490588 77
30527657 28490588 81
30527659 28490603 46
30527661 30512425 77
30527663 30512425 83
30527665 30512425 61
30527667 30512425 98
30527669 30512425 22
30527671 30512425 90
30527674 30505210 29
30527676 30505210 92
30527678 30505210 6
30527872 29685395 69
30527919 29343336 89
30527922 29343336 56
30528075 30505231 46
30528077 3727832 17
30528080 3727827 73
30519605 30505724 16
30528085 29343336 92
30528089 29343336 79
30528100 29343336 36
30528132 4468214 16
30528133 3727832 15
30528232 30512425 17
30528297 30505231 11
30528299 30505231 64
30528301 30505684 34
28490688 3727827 25
30528933 30505210 93
30528941 30505210 41
30528949 30505216 96
30528998 3301518 33
28491043 3727829 34
30528999 29343336 79
28490836 3727827 31
30529001 30505216 83
28491078 3727829 54
28491273 28491174 29
30529006 28490603 11
30529008 3727829 50
30529010 30505684 16
30529012 30505231 17
30529013 3727832 28
30505212 30505216 85
30529014 30512425 48
28490867 3727827 2
28490683 3727827 13
30529016 3727829 18
30529023 30505240 56
30529024 29343336 77
28490668 28490603 49
28491097 3727829 57
30529027 28491169 49
30529028 30505231 49
30529020 3727830 72
30529031 30505684 28
28491107 3727829 46
30529033 29343336 44
30529035 30512425 9
30529036 30505216 17
30529040 3727829 26
28490767 3727827 94
30529042 3727829 29
30529043 30505240 80
30529098 30505210 38
30529099 30505216 6
28491101 3727829 41
28491029 3727829 8
30529106 3727831 88
30529108 3727827 60
30529110 3727831 25
30529188 29343336 5
30529190 30505724 20
30529194 30508734 63
30506700 30505781 88
30529206 30509950 41
30506717 30505781 31
30529208 30505724 44
30529210 30508734 90
30505203 30505167 46
30529214 28491169 70
30527098 28491169 53
30506678 30505781 25
30529234 30505167 46
30529239 3727832 6
30529241 30505781 7
30529243 28491169 62
30529252 30505167 66
30529254 30508734 54
30506688 30505781 44
30529261 3727827 23
30529278 30505781 96
28490628 28490603 76
30529282 30508734 66
30506668 30505781 75
28491159 3727832 96
30505206 30505167 65
30529329 30505684 72
30529330 29343336 94
30529371 30505240 49
30529373 30505240 19
30529375 30505240 8
30529377 30505240 54
30529379 30505240 58
30529381 30505240 79
30529382 30505240 35
30529084 30505240 3
30529384 30505240 2
28490716 3727827 6
30529449 30505650 62
30529451 30509950 18
30529453 30509950 76
30529455 30505650 79
30529457 30505650 50
30529459 30505650 35
30529461 30509950 24
30529463 30509950 18
30529464 30505650 13
30529467 30505650 74
30529468 30505650 96
30529470 30505650 71
30529471 30505650 90
30529475 30505231 27
30529476 30505650 14
30529479 30509950 48
30529481 30529482 19
30529485 30505231 97
30529486 30505650 64
30529488 30505650 58
30529490 30505650 64
30529491 30505650 94
30529492 30505231 58
30529493 30509950 51
30529494 30509950 54
30529592 30505231 93
30529594 30505231 90
30529600 30509950 32
30529602 30509950 26
30529604 30505231 96
30529605 30509950 1
30529606 30508734 8
30529608 30512425 40
30529609 30505231 70
30529611 30508734 29
30529613 30505231 2
30529615 30508734 49
30529617 30508734 4
30529619 30505231 22
30529620 30508734 19
30529622 30505231 45
30529623 30505724 49
30529625 28490588 90
30529626 28490588 83
30529627 28490588 27
30529629 28490588 7
30529631 30512425 1
30529633 30512425 67
30529634 30512425 75
30529636 30512425 76
30529638 30505210 6
30529640 30505210 27
30529642 30505210 64
30529643 30505210 25
30529644 29685395 98
30529702 28491212 17
30529709 29685395 21
30505898 30505216 70
30529742 29343336 39
30529744 29343336 52
30529746 29685395 37
29685390 29685395 60
30529748 29685395 57
30529864 30505231 1
30529873 30505684 6
30529884 30529885 23
30529892 30529885 67
28384139 28384141 4
30529894 29343336 31
28490750 3727827 65
30529896 29343336 84
30519586 28384137 84
30529076 30505240 93
30529903 30505231 22
30529963 30505216 79
30529975 28490603 45
30529976 30505231 13
30529978 30509950 84
30530084 30505231 4
30530454 30508734 87
30530459 30505210 62
30530463 30505210 24
30530467 30505240 69
30530469 29685395 23
30530471 30505210 54
30530473 30505650 82
28491062 3727829 48
30530476 28490603 35
30530478 30508734 92
30530479 28490603 81
30530480 28491169 17
30530482 28491169 68
30505201 30505167 23
28491146 3727832 1
30530503 29343336 80
30530516 28491174 12
30530518 3727832 7
30530520 28491174 50
30530521 3727831 86
30530524 30505167 42
30530526 30505167 72
30530528 3727832 13
30530529 28491169 47
30530534 29343336 79
30530537 30505724 3
30505199 30505167 91
30530543 28491169 13
30530545 3727832 90
30506686 30505781 21
30530553 30505724 65
28491153 3727832 64
30530558 30527081 7
30530612 29343336 79
30530617 30509950 47
30530624 30505240 66
30530627 30505240 33
30530630 30505240 21
30530633 30505240 70
30529062 30505240 57
30530635 30505240 84
30530637 30505240 65
30530640 30505240 95
30530642 30505240 79
30530643 30505167 9
30530644 30505240 1
30530646 30505650 76
30530699 30505650 64
30530701 30505231 45
30530702 30509950 55
30530704 30505650 98
30530706 30505231 5
30530708 30505231 71
30530710 30505650 72
30530775 28490588 95
30530777 30505684 100
30530778 30505210 70
30530780 30505231 68
30530781 30508734 18
30530783 30505231 100
30530785 30505231 78
30530787 29343336 89
30530789 28490588 45
30530791 28490588 77
30530792 28490588 33
30530793 28490588 51
30530795 28490588 18
30530797 28490603 53
30530798 30512425 39
30530799 30505210 2
30530802 29685395 3
30530847 29685395 39
30530849 29685395 22
30530851 30505216 73
30505893 30505216 38
30530902 30505231 65
30530906 29343336 43
30530914 29685395 27
10860528 10860529 62
30530932 29343336 63
30530948 30505231 23
30519616 30505724 47
30531130 30505210 22
28490641 28490603 35
28490884 3727830 15
30531133 3727832 38
30531134 30505240 49
28491185 28491174 22
30531136 30505684 51
30531139 30505231 22
30531141 30505231 21
28491014 3727829 44
30531192 29343336 61
30531201 30505724 28
30531216 3727832 32
30531217 30505781 38
28491203 28491169 24
30531218 3727827 45
30531232 29343336 25
30531236 29343336 43
30531238 30509950 33
30531239 30505240 99
30519635 30505167 25
30531242 30505650 97
30531243 30509950 48
30531244 30505231 81
30531245 30505650 39
30531246 30505650 45
30531248 30505231 80
30531251 30505650 64
30531258 30505684 33
30531260 30505650 81
30531263 30505231 93
30531267 28490603 49
30531269 30505210 95
30531282 29685395 39
30531288 29685395 69
30531324 30505231 48
30531553 28491174 88
30531557 30505231 35
30531559 30505216 34
30531561 30505240 11
30506723 30505781 67
30531573 28491169 66
30527104 28491169 15
30531575 28490603 69
30531581 30505781 65
30531592 30505231 97
30531593 30509950 34
30531595 30505684 10
30531603 30505231 81
30531604 30505231 69
30531607 30505231 52
30531609 30505684 9
30531610 30505231 27
30531612 30505210 37
30531614 30505231 97
30529092 30505240 73
30531645 3727830 56
30531685 29685395 20
30531687 30505216 12
28490645 28490603 62
30531690 30505231 92
30506690 30505781 47
28490812 3727827 19
30529071 30505240 46
30531691 3727832 96
30531693 3727832 42
30531703 30505240 41
30531705 30509950 9
30531711 30508734 84
30531712 30505231 32
30531723 30505231 76
30531728 30505231 56
30531730 30505210 22
30531732 30505210 64
30531751 30506084 62
30531757 28490603 52
30531764 30505684 7
30531788 30505231 82
30531791 29343336 51
30531792 30505216 70
30531795 30509950 50
30531797 30505210 80
30531800 28491169 23
30531802 30508734 85
30531804 30505684 74
30531808 30505240 23
30531810 30505231 73
30531812 30505231 48
30531814 30505650 2
30531815 30505650 77
30531817 30505231 14
30531818 30505216 45
30531822 30512425 72
30531826 30505684 7
30531827 29343336 2
30722164 30722166 18
30723268 142680 8
30722170 30722166 30
30724389 661227 64
968185 112937 92
968185 1325 26
968185 1095678 89
968185 116623 18
968185 84552 65
968185 727106 76
968185 368803 36
968185 794701 94
968185 20432 81
968185 1807405 13
968185 1807408 62
30782211 986386 64
30782211 30314408 44
29339829 29339832 16
30232622 30232621 21
30868727 30868726 23
30868727 30868729 48
30868727 30868730 40
30873131 30873130 56
30880800 298332 56
30881476 30881478 50
30881491 260 39
791222 1580672 39
1544042 760800 71
31066952 4276357 86
31066952 112679 76
29607864 29607713 18
31068150 11785704 10
31068207 31068208 20
31068554 31068555 89
31300928 31300930 72
4165428 4294579 17
4165428 3974562 60
31758723 31758722 16
31758852 31758851 65
1713067 1848946 58
1713067 2542799 58
1713067 2542800 72
1713067 2542802 18
28409888 2077078 22
30724277 30724276 31
31759231 31759230 15
31758729 31758723 11
31758729 31758738 18
31758729 31758739 34
31758729 31758740 70
1585405 773026 68
28409849 2077079 83
2732151 2732149 97
31760072 31760071 60
31760835 236883 45
31760835 281890 6
4383564 4174447 89
14205483 14205510 43
14771981 243608 18
14771981 1183131 34
31924772 31924774 80
32240601 32240603 37
32645532 32645533 21
8043520 8043484 58
32650040 32650041 78
795693 284835 57
1486685 2354232 9
32653037 136803 36
28314957 4491031 94
28314957 28314961 85
375009 978102 40
375009 978103 5
32673436 381793 60
32673436 32673438 42
4473431 4506966 79
4473431 4506968 2
4473431 4506971 82
4473431 4506972 38
4473431 4506973 54
2362660 1831362 95
115563 21047 52
32684943 39016 17
32684943 127213 12
32687447 2743112 16
32690562 1619707 91
32690562 3548054 69
141160 444077 69
13310352 13310349 58
1175 152 29
1175 155 86
14770886 14770882 29
32698146 792860 56
1717173 905504 87
32700979 32700980 1
32701126 23140 49
32701126 32701127 89
9706799 1115469 92
9706799 197194 68
32705150 32705151 29
1822017 2631865 25
10559778 10559785 16
10559778 10559786 51
10559778 10559789 23
10559778 10559791 27
10559778 10559792 96
10559778 10559793 19
10559778 10559794 68
30529222 3727830 4
28490914 3727831 69
32781675 3727829 20
28490700 3727827 73
28490791 3727827 78
32781679 3727829 71
32781680 3727829 2
28491026 3727832 86
32781682 3727829 92
28491163 3727832 3
28490804 3727827 32
32781683 3727829 14
28490845 3727827 78
32781685 3727831 23
28491038 3727831 23
32781689 3727829 70
28490858 3727827 87
28490691 3727827 58
28490929 3727829 14
28490915 3727830 18
32781697 3727829 25
32781698 3727832 71
28491041 3727831 42
28491089 3727829 15
28491061 3727831 24
28490877 3727830 70
28490997 3727829 14
32781699 3727829 8
28490949 3727829 18
28491161 3727832 62
32781707 3727829 11
32781712 3727831 2
32781714 3727829 23
28491045 3727831 99
32781716 3727829 23
32781718 3727829 4
32781719 3727829 26
32781720 3727829 18
32781725 3727829 11
32781726 3727827 91
32781728 3727827 9
32781730 3727827 80
32781732 3727827 28
32781733 3727827 5
32781734 3727827 47
32781739 3727832 64
32781741 3727832 62
32781743 3727832 94
32781746 3727832 12
32781747 3727827 49
32781749 3727830 62
32781750 3727832 40
32781753 3727832 11
32781758 3727827 17
32781763 3727832 5
32781764 3727827 52
28490777 3727827 54
32781768 3727831 19
28490908 3727829 31
32787279 14972193 98
32787281 14972193 99
32787288 14972193 31
32787291 14972193 15
32787300 14972193 89
32787292 14972193 82
32789329 32789330 44
32789332 32789330 33
32789333 32789330 67
32789336 32789330 68
32789338 32789330 45
32789442 32789330 75
32789561 32789330 78
32789644 32789330 52
32791728 1950582 71
32791728 13265499 46
32794582 28491169 5
32794583 28491169 33
32794584 30505650 34
32794585 30508734 11
32794587 30505650 64
32794588 30509950 15
32794590 30509950 82
32794592 30508734 88
32794610 30527081 60
30527111 28491169 42
32794618 30527081 17
32794624 28491169 58
32794626 30508734 96
32794630 28491169 23
32794633 28491169 22
32794635 28491169 1
32794646 30508734 91
32794650 30508734 84
32794652 30508734 26
32794658 30509950 53
32794660 30505650 23
32794663 30509950 18
32794665 30509950 33
32794667 30509950 58
32794668 30505650 73
32794669 30505650 52
32794670 30505650 63
32794672 30508734 82
30530530 28491169 6
32794675 28491169 80
32794677 30505650 16
32794679 30505650 11
32794681 30508734 19
32794900 32794901 87
32796496 30505781 96
30519601 30505724 47
28491167 28491174 41
28491253 28491174 71
32796497 28491174 75
32796499 30505781 30
30505166 30505167 82
30506753 30505781 89
32796500 30505781 60
28491173 28491174 24
32796501 30505781 31
30505189 30505167 48
32796503 30505167 24
32796505 30505724 9
32796506 30505724 58
32796508 30505781 56
32796510 28491174 73
32796512 30505167 28
32796514 28491174 42
28491193 28491174 67
32796516 30505167 76
32796518 30505724 14
32796520 30505781 1
32796521 28491174 53
30519600 30505724 36
30519609 30505724 87
28491285 28491174 57
32796523 30505724 28
32796524 30505724 4
32796525 30505724 81
30531204 30505724 2
32796527 30505781 24
32796528 30505781 81
32796530 30505781 47
32796532 30505781 55
32796533 30505167 68
32796535 30505781 91
30506725 30505781 59
28491247 28491174 95
30506719 30505781 33
32796552 30505167 72
30506756 30505781 48
30506745 30505781 52
32796555 30505167 93
32796567 30505724 96
30519628 30505724 95
32796574 30505167 62
32796576 30505167 95
32796578 30505724 94
32796581 28491174 23
32796584 28491174 42
30519633 30505724 89
28491238 28491174 60
30506749 30505781 93
1145597 2016357 29
1145597 474061 31
1145597 1145593 56
1145597 1145594 42
3918164 4128986 2
28384141 28384140 59
32801588 4423648 12
32801764 30519588 84
4962272 4962277 21
32810063 1100802 13
32804955 1953 18
4657590 3065816 43
4559794 4575605 74
4559795 371661 72
32814637 78748 96
3792763 3399723 30
3792764 3399723 27
3792765 3399723 69
3792766 3399723 38
3792767 3399723 56
3792768 3399723 27
3792769 3399723 70
32818399 1817606 67
32818399 974916 68
32818399 32818400 82
32818890 165955 55
32818969 337011 64
32826628 30506084 55
32826629 30506084 11
32826631 30505684 50
32826637 29685395 83
32826640 30505231 67
32826642 30505231 14
32826644 30505231 46
32826645 30505231 81
32826646 30505231 31
32826649 30505231 59
32826650 30505231 11
32826651 30505231 67
32826652 30505684 40
32826654 30529482 11
32826656 30505231 1
32826662 30505231 66
32826663 30505231 91
32826667 30505231 88
32826669 30505684 90
32826670 30505684 95
32826671 30506084 100
32826673 30505231 17
32826677 30505231 23
32826679 30505231 18
32826681 30505231 54
32826688 30506084 70
32826690 30529482 70
32828410 30505210 3
32828412 30505216 7
29343333 29343336 71
32828419 30505210 17
32828422 30505216 99
32828424 30505210 7
32828426 30505216 44
32828427 30505216 47
32828428 30505216 13
32828432 30505210 41
32828434 30505210 58
32828437 30505210 86
32828443 30505210 14
32828445 30505210 58
32828448 30505240 1
32828450 30505210 52
32828451 29343336 6
32828452 30505216 41
32828454 30505216 91
32828456 30505216 41
32828458 30505216 100
32828460 30505216 76
32828461 30505210 79
32828462 30505216 84
32828464 30505216 14
32828465 30505216 59
30505209 30505210 74
32828466 30505210 58
32828468 30505216 7
32828470 30505216 29
32828472 30505216 91
32828474 30505216 20
32828479 30505216 64
32828480 30505210 89
32828481 30505216 81
32828483 30505216 2
32828484 29343336 97
32828487 30505210 78
32828488 30505210 48
32828489 29343336 38
32828491 30505240 100
32828494 30505240 95
32828496 30505240 46
32828498 30505240 20
32828500 30505240 30
32828502 30505240 58
32828505 30505240 71
32828507 30505240 43
32828509 30505240 23
32828510 30505240 97
32828511 30505240 45
32828513 30505240 54
32828515 30505240 43
32828517 30505240 44
32828518 30505216 31
32828519 30505240 60
32828525 30505210 56
32828526 30505210 25
32828527 30505210 90
32828529 30505210 8
32828532 29343336 65
32828533 30505210 63
32828535 29343336 42
32828537 30505210 47
32828540 30505216 9
32828817 15489608 25
32828987 29685395 13
32828989 30512425 80
32828991 28490603 30
32828994 28490603 88
32828996 28490603 17
32828999 28490603 24
32829000 28490603 51
32829003 30512425 99
32829004 28490603 63
32829006 28490588 11
32829007 29685395 87
28490632 28490603 43
32829011 30512425 78
28490651 28490603 80
32829014 28490603 2
32829016 28490588 53
32829017 29685395 81
32829019 28490588 98
32829020 28490603 25
32829022 28490603 74
28490625 28490603 25
32829026 30512425 23
28490594 28490588 69
28490634 28490603 69
28490602 28490603 39
32829027 28490603 90
32829028 28490603 58
28490647 28490603 16
28490589 28490588 73
32829029 28490603 11
32829030 28490603 38
28490640 28490603 23
28490642 28490603 98
32829033 28490603 37
32829035 28490603 38
32829036 28490603 77
28490599 28490588 47
32829037 28490603 68
28490586 28490588 46
28490620 28490603 55
32829038 28490603 23
28490618 28490603 56
28490639 28490603 46
28490635 28490603 86
32829043 28490588 90
32829044 28490588 12
32829045 30512425 6
32829046 29685395 23
32829048 29685395 2
32829050 30512425 56
32829052 29685395 15
32829054 29685395 90
28490675 28490603 36
32829106 30512425 56
32829107 30512425 17
32829108 29685395 30
32829109 29685395 60
32829288 513007 15
32837858 14940688 94
32843066 3146264 67
2362119 1497397 43
32848735 32848737 70
32853559 28491212 79
3126303 3603529 24
3126303 3603530 22
3126305 3603543 85
2444332 2444291 51
3090667 3090668 68
32872442 28491169 96
28490609 28490603 90
28490619 28490603 9
30529080 30505240 91
32872834 3589808 70
32872989 244 11
32872990 244 96
29030063 29030062 67
3248378 3693040 84
3248378 3693041 38
15838480 15838475 73
32831988 332158 63
32960550 1963444 73
3155718 3130707 46
21845008 21845010 87
30338918 30338920 20
4477689 4510713 48
15770 81559 52
33038237 33038235 96
33038238 33038235 12
33039005 30348145 73
33041895 33041898 92
33042809 13419286 58
33044112 21039 30
10042529 10042518 7
13429521 13429519 5
13429521 13429525 3
13429521 13429526 2
33112083 13429526 46
33112083 6701855 46
33112084 13429519 27
33112084 6701855 98
33112087 30243550 9
33136180 2795229 79
33136180 22455800 80
33136180 8235518 98
33136313 3607450 10
765794 51043 15
3248379 3693040 87
3248379 3693041 69
3248379 2199299 9
402716 122787 1
984231 1828599 50
33162408 1062296 12
32650198 35564 22
32650198 141756 11
33164540 966074 17
33171196 3925743 48
13256499 13256497 26
33236884 7641988 28
33236884 33236883 92
1488607 2355623 10
1488607 2355624 100
4506981 4473432 27
4506981 4533245 28
4506983 4473433 23
4506983 4533247 32
4473432 4429308 42
4473433 4429308 6
33239180 33239181 21
4367509 4429308 36
33239836 33239838 58
33239694 33239693 63
4473435 4429308 68
33239685 33239688 60
33240193 174389 84
4473436 4429308 84
4473437 4429308 64
11107419 2276024 59
2361736 1496711 47
3123593 3600580 16
290023 808179 87
4216127 142416 87
33583236 794945 1
33583348 33583352 57
223 151 94
223 152 19
41 151 96
41 152 3
41 154 87
33585029 217099 85
33585029 731786 66
33585030 217099 79
33585030 731786 53
16 151 4
16 152 2
16 154 44
16 155 95
77 151 3
77 152 65
380 152 46
17 151 23
17 152 41
1177 152 71
1178 152 39
1178 155 49
1167 151 35
1167 152 36
1167 155 61
1168 151 39
1168 152 89
224 152 35
33588670 394 77
33588670 15673 100
33588670 39478 32
33588670 374714 16
33588670 2442932 72
33588670 13352677 66
33588670 9894591 73
33783354 434795 1
6273592 45187 66
3928508 3603482 94
3126306 2444291 1
3126306 3603480 76
3126306 3603546 71
3126306 3603543 83
3126306 3603481 7
3126306 3603482 56
3126306 3603529 46
3126306 3603478 29
3126306 3603547 31
3126306 3603483 41
3126306 2444292 39
3126306 3603530 33
3126306 3603548 91
3126306 3603549 31
3126306 3603550 37
3126306 2444293 80
3126306 2444294 96
34235919 10953475 52
4216959 4059676 46
4216959 4327376 2
4216959 143586 78
4216959 4327377 41
4216959 4327378 69
1328360 2200121 52
1328360 2200122 57
34267122 4992280 93
34267123 4992280 80
34279770 11667610 29
34279770 14937309 34
34279770 14937285 16
34279770 29349894 93
34279770 32835163 18
34279770 34240861 84
34279770 34279771 69
34279770 34279772 91
34279770 34279773 19
34279770 34279774 65
34279770 34279775 61
10749323 10749312 25
34305630 75366 70
28370134 1942751 10
34344613 34344614 38
34355754 3034867 21
34355754 34355755 15
15163382 11085536 89
34394366 34394367 45
3792770 3399723 42
23700354 23700357 32
30734682 9685752 98
4558637 42197 45
4558637 4574747 55
3894628 3049566 81
15163387 11503409 40
15163387 11085530 50
15163387 11085536 78
15163387 15163392 73
15163387 1154216 64
33171847 1606676 59
4473438 4429308 54
34426413 142451 91
14885679 14885677 38
14885679 14885684 1
290056 116623 76
13307666 13307671 96
34446661 34446662 61
13401078 13401076 16
34463789 3034867 2
34463789 34355755 17
34474538 34474539 75
13231573 13231568 17
34479777 2081425 8
34483745 9757571 18
15095194 15095188 97
34487562 1759481 78
13553102 13553095 86
4948215 3103 81
31890590 31890592 81
34717427 80405 74
34720370 1232564 74
34721999 711458 40
34722000 65952 37
34724101 13431261 92
34724101 167522 47
34755462 34755463 50
34755464 34755465 78
34755466 15671832 53
34755469 34755470 36
34755471 34755472 72
34755473 34755474 12
34755526 34755527 79
34755528 34755529 20
34755530 15672167 98
34755582 34755583 15
34755584 34755585 43
34755623 34755624 98
34755750 34755751 58
34755752 34755753 51
34755846 13376599 7
34755846 377125 52
34755847 13376599 9
34755847 377125 11
34756693 34756694 78
9714244 9714241 12
2445385 3127092 90
35042372 2146706 10
35056293 724437 8
3896400 4114941 25
35058873 35058875 64
4296527 471280 9
1553581 2413829 44
1553581 770935 34
18869 105921 29
18869 1615 44
35062466 9723234 53
35062466 19694 80
13271938 13271932 6
35063233 3607450 61
1104736 1976733 61
3071249 2380494 50
35075228 283599 42
35094288 162560 80
13292607 13292605 50
15058307 15058305 14
13271261 13271253 8
181 152 48
181 155 13
42 151 21
42 152 79
42 155 77
18 152 89
18 155 89
1179 152 51
35340268 71921 22
35341633 35341634 69
1170 151 4
1170 152 3
1170 154 16
1170 155 49
35405645 1100802 100
35406125 245 14
35406125 116013 99
4473439 4429308 22
35407023 30395836 61
3647911 3958744 64
22016793 22016791 1
35410721 770234 38
35410754 1183131 59
35411221 3844260 59
35411221 1328355 99
35411221 3471585 61
35411221 2200113 88
35411222 728248 10
35411222 3844261 61
35411222 502825 40
35411222 2200121 67
35411222 1328355 94
35411222 3471585 92
35411222 30418932 37
35411222 2937826 89
35411222 2937756 46
35411222 2200113 98
35411902 3693595 53
35542383 974912 45
35542707 35542709 64
35543421 13381945 1
35543611 282252 49
35544401 974893 58
35544401 974894 39
35544401 974895 40
35544401 974896 71
35544401 974897 5
35544401 974898 86
35544401 974899 89
35544401 1817582 47
35544401 974900 13
35544401 974901 76
35544401 974902 91
35544401 115658 2
35544401 512486 57
35544401 974903 55
35544401 34457328 72
35544401 34457329 37
35544401 35062843 12
35544401 974911 21
35544401 974912 44
35544401 974913 61
35544401 974914 82
35544401 974915 58
35544401 35544403 34
35544401 35544404 80
35544401 1817606 9
35544401 974916 13
35544401 32818400 13
35544473 84583 91
35544909 14978208 52
35617160 76831 10
35772531 35772532 62
35772531 35772533 90
35772531 3607450 51
35772534 214691 14
35772535 3353782 76
35772536 125293 46
1553647 2351727 99
722367 236808 78
35772538 218101 25
35772539 228275 35
2506956 1667515 9
35772540 15108648 66
35772541 2460433 20
35772545 2968682 63
35772546 35772547 94
9861896 9861891 71
1810229 970890 16
35772549 46046 11
35772549 87152 97
35772549 988840 60
35772549 15729675 58
35772550 2149458 22
35772552 2149458 100
35772554 2149458 79
35772556 2149458 91
35772558 35542877 31
30754192 30754196 46
30754192 30754197 9
35772560 35772561 61
4903281 4903288 37
9740346 581290 35
9740346 297277 10
35772564 35772565 35
35772566 1491848 41
35772566 13300114 58
35772567 32232997 83
15050729 15050726 75
444076 2780 14
444076 73978 84
444076 16348 18
444076 626 89
444076 16439 81
444076 936962 11
444076 283584 95
444076 141202 34
444076 141292 82
444076 1093794 46
444076 1093795 41
444076 16463 32
444076 1093796 6
444076 141160 52
444076 16475 47
444076 16478 52
444076 1093797 95
444076 1093798 43
444076 1093799 85
444076 16482 76
444076 1093800 25
444076 84535 36
444076 444077 11
444076 794357 58
444076 1093801 29
7948560 5683999 13
7948560 5472957 79
7948560 7948541 66
7948560 3882872 91
7948560 1488121 19
7948560 5248924 99
7948560 7537228 17
7948560 7948572 35
7948560 7948573 54
7948560 7948574 13
35772568 276729 16
2364997 2364994 4
2364997 1500633 84
2364997 2364995 8
14701054 14701048 11
14701055 14701048 71
35772569 33094762 63
35772569 2656083 100
35772570 368216 7
35772571 4082821 19
35772572 2347 93
35772572 775775 89
35772572 15039928 28
35772572 207478 91
35772572 217099 82
35772575 217099 37
32697217 98541 59
4400101 136761 86
4400101 48492 63
4400101 966395 65
4400101 98541 73
4400101 3539046 36
4400101 3047365 69
4400101 4452194 31
29597498 98541 17
32697218 98541 37
10491330 98541 7
35772578 136806 23
35042562 51498 79
35042562 136806 77
32647879 32647875 19
35772579 10661303 50
35772580 9709207 68
4913547 1530062 19
4913547 2366819 72
4913547 4913555 34
35772581 35772582 43
2749641 1976738 30
35772585 35772586 74
35772586 35772588 53
13271262 13271253 36
13271263 13271253 98
35772594 13258336 83
35772594 13277352 9
35772594 9179627 37
35772594 14768816 48
35772594 14769766 21
35772594 14769805 76
35772594 14771588 95
35772594 12847 90
35772594 14775403 26
35772594 35772595 52
4949192 732976 82
771046 1553646 9
771047 1553648 82
35772597 661227 21
35772598 661227 43
35772599 983368 11
35772599 661227 68
35772601 983368 58
35772601 661227 95
35772603 661227 74
35772605 661227 38
1553649 2413903 86
9757604 9757606 44
9757604 9757607 76
9757604 9757608 59
3910385 3575235 6
2395431 1536716 49
2395431 3087906 85
35772607 722456 82
35772607 338617 40
35772607 277062 22
35772608 195660 68
35772611 14410979 42
13401079 13401076 54
35772612 2444066 72
35772612 3125873 48
35772613 35772614 97
35772619 78261 55
35772621 1067282 93
35772621 9719963 62
35772622 31890781 39
35772623 35772624 48
35772627 34523 100
35772627 136803 77
35772631 35772632 38
29707193 29707192 29
35772633 163040 83
35772633 1210835 52
35772634 35772635 95
13255865 13255862 66
35772636 559816 48
35772637 559816 100
29707309 29707308 50
35772639 721552 55
35772643 304173 97
35772644 2353632 100
9724831 9724822 8
9724831 9724841 99
9724831 9724832 87
35772645 9711720 28
35772645 14957407 48
35772645 3612824 11
1046564 409858 87
35772646 673512 41
35772647 35772648 44
35772649 13267234 68
35772650 9685008 59
35772651 33038046 97
35772655 63485 93
3129973 2450162 74
30299030 29041236 46
30299030 21803922 43
30299030 30299035 27
263284 263282 99
263284 263293 78
1363836 625678 97
2839286 2839287 54
4155175 3958744 30
35772656 1340004 95
35772656 603031 13
35772656 361448 9
35772656 5503492 97
35772656 6060480 25
35772656 6419286 15
35772656 6419306 35
35772657 33039842 64
794098 1583963 54
709673 231183 66
729040 240915 14
35772658 12224825 5
772982 535546 64
772982 535019 68
772982 1253127 7
35772659 239173 82
35772660 2665715 13
35772660 986386 100
35772662 20638 84
4978301 253108 30
4978301 834830 45
35772664 35772665 97
35772666 282779 21
35772668 18343 15
14764061 14764064 62
10097118 10097121 86
10097118 10097122 34
35772670 30770983 27
792186 281890 86
13217536 13217534 94
35772671 8717 59
9711731 9711720 35
9711732 9711720 85
35772672 137133 37
35772673 1807450 18
35772673 35772674 55
35772673 3247922 16
35772673 35772675 80
35772673 35772676 57
34355755 3034867 23
35772790 3034867 58
35772790 34355755 39
35772791 3034867 50
35772791 34355755 57
35772792 35772793 95
35772801 189545 15
3933658 4139766 75
3933658 3610398 11
3933658 4139767 19
3933658 4139768 15
3933658 4139769 5
3933658 4139770 79
3933658 4139771 88
35772802 35772803 83
13286726 13286723 78
35772804 35772805 57
35772808 92232 92
35772809 113384 26
35772810 1115469 81
35772810 10099175 11
35772811 35772812 82
4052607 4213599 17
35772813 4053781 93
35772814 35336873 61
35772816 1950582 71
35772816 9723234 25
35772817 943 76
35772819 2251033 20
35772820 35077793 25
35772821 32691676 13
35772822 197818 94
9685388 1100470 65
14882861 14882859 54
3964194 3659329 85
3964195 3659329 60
9693560 9693553 84
29029657 29029656 29
4342284 4134065 53
35772823 4134065 12
35772824 35772825 10
35772828 370844 4
35772830 35772831 33
35772835 51498 51
35772837 35994 56
35772837 10096857 55
35772837 7884277 11
35772837 4408206 17
35772837 35772838 77
35544905 20588 21
35772840 9743165 43
3439103 3815801 50
35772841 14890339 3
35772843 2138648 6
28409434 28409433 32
28409434 28409432 57
28409435 28409433 8
28409435 28409432 41
28409436 28409433 73
28409436 28409432 13
28409437 28409433 54
28409437 28409432 96
35772844 35772845 51
4301377 4174447 54
35772851 30873130 64
1804079 722418 25
1804079 82214 19
1804079 722425 89
35772852 722418 35
35772852 722425 25
35772852 795264 48
34040009 7403 57
4340398 4234322 91
116925 20714 34
35772853 35772854 86
35772855 35772856 66
35772859 1823611 22
35772860 45246 86
35772863 45246 10
35772864 33038183 35
35772864 33048131 97
35772867 23664221 30
35772868 23664221 86
35772869 23664221 90
35772870 4491031 17
35772870 3718987 3
15111692 728758 47
15111692 1500628 66
15111692 3549221 69
4143608 3938991 95
13362662 66359 51
35772871 4491031 32
35772872 4491031 72
35772874 4491031 35
35772875 4491031 15
35772876 4491031 84
35772878 4491031 41
34262382 4491031 41
35772879 4491031 65
35772880 35772881 16
35772880 35772882 17
35772883 9742848 80
32085455 44190 72
32085455 4947455 45
35772884 8916347 71
35772887 2080429 79
35772887 3607450 91
2937671 2200034 45
2937671 3061069 67
35772888 16239 1
35772888 31839814 25
35772890 442141 34
35772890 936 78
4080447 3841216 60
35772892 12289018 45
35772892 1695708 88
28606243 28606238 28
71698 263293 98
35772893 1552436 93
35772894 1552436 15
35772895 13480823 93
35772896 334666 34
35772897 795344 80
4998406 1377697 36
35772898 796327 94
35772899 2934240 99
35772900 35772901 8
35772904 35772905 8
35772907 5208420 6
35772909 777172 78
35772909 21875116 21
35772909 21914661 44
35772909 323283 14
35772909 35772910 58
9711755 9711746 17
978350 375364 59
2197058 1325623 99
35772911 1804026 73
35772911 368209 7
35772911 966559 91
35772912 3034867 58
35772913 3034867 25
35772914 3034867 65
35772915 3034867 3
35772916 3034867 18
35772917 3034867 1
35772919 3034867 75
35772919 35772920 90
35772923 10100228 21
35772923 3034867 83
35772925 3034867 33
35772926 3034867 70
35772927 3034867 77
35772928 3034867 48
35772929 3034867 71
35772931 3034867 66
35772932 3034867 33
35772933 3034867 44
35772934 3034867 69
35772935 3034867 54
35772935 28314961 98
35772937 3034867 13
35772938 3034867 19
35772939 3034867 16
35772940 3034867 10
35772941 3034867 21
35772942 3034867 4
35772943 2937658 42
35772943 3034867 70
35772944 3034867 94
35772944 35772920 71
35772945 3034867 18
35772945 35772920 80
14400919 14400914 20
35772946 9380698 39
35772948 368209 97
35772948 966559 75
35772949 368209 99
28399892 962 76
35772950 1594440 88
35772950 120124 75
35772950 7233288 6
35772950 4557033 31
30880770 30880767 29
4314608 4197516 95
2573207 1748709 14
35772951 35772952 44
35772953 12224455 100
3756531 3340559 60
35772954 82214 26
33038239 33038235 79
35772955 35772956 10
35772701 35772710 50
35772701 3488901 53
35772711 35772725 1
4012256 3738012 95
35772958 32692232 57
35772958 32692234 14
35772959 751899 50
35772959 28409430 54
9708321 9708319 6
2925106 2187558 38
35772960 120130 19
35772960 7233288 86
35772960 1608173 50
35772961 1402640 65
35772961 4485372 10
13374328 13374320 28
35772963 7358121 14
35772964 7358121 40
35772965 722425 32
35772965 795264 71
35772966 722425 84
32814095 32814094 83
35772967 963493 19
33038203 33038201 92
35772968 9983465 34
9669099 9669090 34
13287879 13287867 93
35772971 35772972 41
35772973 11626165 19
35772974 11626165 54
35772975 2120680 30
35772978 8487721 91
35772980 8487721 28
35772980 1582439 20
30421999 30421998 56
30422000 30421998 58
35772981 35772982 21
35772984 952387 84
35772985 165083 46
13480824 13480820 18
13480825 13480820 69
28362178 9723234 13
28362178 28362180 19
35772986 7645575 64
35772987 35772988 55
35772989 450699 31
9712321 3607450 79
9712314 3607450 49
35772990 11695548 63
11695546 11695548 65
35772991 1100802 39
35772993 117763 42
3058029 1496711 52
35772994 75366 98
163 151 38
163 152 2
163 155 55
1171 151 40
1171 152 69
1171 155 19
78 151 74
78 152 42
78 155 32
2736720 1967898 10
3620347 48491 15
35772995 450711 79
35772995 30768812 44
35772996 450711 55
35772996 2732148 8
35772997 2335 43
35772998 14326926 62
35772726 3250015 98
35772726 3715501 66
35772726 35772742 59
35772726 35772743 36
35772726 35772744 3
35772999 13496918 54
35772999 1806412 16
30227801 13329211 73
30227801 13392070 13
30227801 30227798 12
30227801 30227803 18
30227801 30227804 53
30227801 30227805 6
30227801 30227807 44
1296215 2173669 95
1296215 579247 52
35773000 22408823 76
35773003 14560935 58
35773003 34097217 6
4998407 141345 73
13161385 13161381 56
13161386 13161381 82
29708324 29708322 49
10042534 10042539 47
10042534 10042540 27
10042534 10042529 96
35773005 35773006 66
35773007 35773008 89
2775454 2008428 28
29708359 29708357 32
35773011 961639 57
13429523 13429519 15
13429523 13429526 99
35773013 3796402 50
35773014 35773015 36
35773022 2441284 87
35773022 9726897 69
35773023 35773024 78
9669455 9669451 94
2787375 2023050 41
2787376 2023050 94
30239973 30239968 92
30239973 30239976 71
29708608 29708607 48
35773027 35773028 49
35773030 35773031 21
35773033 35773034 26
35773036 35773037 31
35773039 35773040 43
35773042 35773043 18
35773045 35773046 90
35773048 35773049 38
35773051 35773052 19
35773054 35773055 25
35773057 35773058 6
35773060 35773061 13
35773063 35773064 18
35773066 35773067 10
35773069 35773070 47
35773072 35773073 57
35773075 35773076 78
35773078 35773079 76
35773081 13313776 37
3334006 3751232 79
35773082 35773083 98
13372735 13372736 16
13372737 13372736 65
4974889 4974876 99
22703 22702 47
35773086 35773087 94
35773090 35773091 27
35773094 1490509 79
35773094 3398886 39
29708819 29708818 2
35773095 653440 23
35773099 3089789 31
35773099 4999353 73
35773099 3912866 48
3577563 3089789 21
3577563 3912866 14
35773101 4944255 99
35773102 4944255 72
35773103 4944255 96
35773104 4944255 93
35773105 3566570 81
1137418 469354 4
29709040 29709039 57
1496835 727282 40
1496835 755160 94
1496836 727282 31
1496836 755160 51
29709191 29709190 4
29709194 29709193 75
29709197 29709196 12
35405843 35405841 34
444077 283584 27
35773109 1292492 23
35773109 35773110 34
29028791 29028802 56
29709269 29709268 19
9702540 9702541 68
31066767 31066766 39
35773114 9685736 77
35773115 32742842 100
35773116 35773117 23
32815527 32815525 76
34303815 34303814 68
1181294 496879 36
35773119 35773120 53
35773125 35773126 40
35773127 35773128 35
35773130 245 45
794330 142434 95
33048920 33048918 45
35773132 35773133 77
35773134 6384353 48
35773134 35773135 47
14963721 14963716 62
35773136 35773137 79
35773140 139452 10
35773141 4574747 89
35773142 24893 44
35773144 13267556 77
35773145 2732149 58
33580230 33580228 46
35773146 30905914 64
30237120 30237119 13
30237120 30237123 79
30237121 30237119 28
30237121 30237123 49
30237122 30237119 54
30237122 30237123 40
35773147 10843384 82
35773148 35773149 20
35773152 35773153 10
35773154 35773155 31
35773159 35773160 87
35773160 5001665 9
35773162 35773161 31
14882862 14882869 67
31863844 31863845 9
125721 23178 77
15176217 1099799 19
35773163 13277097 90
35773164 442343 30
30227769 30227767 76
35773165 2732148 96
35773166 35773167 18
29025035 29025034 41
35773169 3585826 51
35773169 9685930 58
35773174 3264078 5
35773175 5025160 74
22457271 253040 26
30297328 782676 89
1292162 1536683 38
1292162 2169461 87
4119017 3903425 46
35773176 39772 75
15106644 15106646 14
71730 11007 95
39421 161770 89
2933414 760795 56
35773177 36088 59
35773179 446416 37
35773180 9267965 75
28362179 28362178 25
35773182 35773183 96
35773186 976593 34
2441766 3123649 48
35773187 340159 97
72000 11044 100
142574 36096 17
4197517 4023666 98
35773188 9683736 80
35773189 35773190 27
35773189 35773191 55
35773189 35773192 47
35773199 1277304 69
35773200 3130707 76
35773202 3130707 43
35773210 3130707 60
35773213 35773214 96
4392469 4314609 69
35773218 754842 51
35773219 754842 12
3340561 2749638 94
35773220 722549 87
4123737 3910573 51
4123738 3910573 69
35773221 30724855 26
35773222 35773223 5
35773226 35773227 13
35773228 35773229 98
35773230 35773231 76
35773232 35773233 74
35773234 35773233 20
35773235 35773236 25
13285589 1819736 85
33109923 33109922 89
8065876 2641378 95
35773244 34238081 31
35773244 34292761 41
35773244 34302329 34
35773244 34302583 45
35773246 452259 89
35773247 5001665 79
35773248 35773249 26
35773251 35773249 17
35773254 13314059 67
35773258 35773244 35
35773259 35773260 61
35773261 137957 67
35773262 255392 22
35773263 354102 90
35773265 354102 47
35773267 354102 98
35773268 35773269 83
35773270 15242013 11
35773271 186078 89
35773272 924 8
2441466 519952 75
2441466 81150 68
35773273 35773274 27
35773278 35773279 20
35773280 35773281 78
30749232 441255 47
35773285 35340119 25
35773286 441488 56
35773287 441488 13
35773288 34375132 28
35773293 272080 32
35773294 35773295 36
35544566 1482985 41
4369490 4280443 39
35773299 1921748 72
35773300 9717863 13
703973 173186 42
35773301 157876 9
35773302 11714875 2
1453188 697189 22
35773303 30724967 2
35773304 35773305 12
44140 186747 48
35773306 35773307 2
29028835 29028838 51
29028841 29028838 63
33107546 3686689 5
35773309 171660 82
35773311 35773312 95
3209067 3664623 72
13243642 13243637 27
35773317 3169055 87
142074 447573 90
35773318 35773319 74
35773320 445789 6
190142 2786 46
2421528 2786 7
35773321 35773322 91
35773323 28269731 62
35773324 35773325 27
35773327 1723260 22
35773328 3145223 4
35773329 3145223 12
15021776 13376803 70
13438941 13376803 18
402718 122787 39
35773330 122787 59
35773331 15100216 92
35773332 35773333 62
35773335 35773336 48
33565545 1298737 48
35773337 35773338 26
35773340 35773341 79
35773344 35773345 1
35773346 4992280 22
4992260 4992280 25
34267166 4992280 49
3836914 3464959 99
3101727 2413829 74
35773347 31892881 78
2925011 2187524 38
764 78 5
765 78 8
766 78 41
33585068 33585066 43
35773291 35773292 81
35434717 35434716 79
4023668 3756526 21
1180 152 27
1181 152 60
1181 155 31
1182 152 53
1182 155 49
1183 152 45
1184 152 50
1184 155 1
1185 152 20
1185 155 73
395 152 60
395 155 44
1186 152 73
1186 155 94
1187 152 82
1187 155 13
1188 152 79
4944495 4944464 38
35773349 3222445 89
35773350 35773351 56
35773352 35773352 76
35773353 35773354 19
28367093 28367095 42
28367093 28367096 46
35773356 35773357 59
1392874 283685 53
35773359 283685 32
35773360 264360 90
25469308 25469306 31
289245 806835 34
35773361 14888885 53
13287929 13287924 98
13287930 13287924 3
35773362 286797 81
2996129 2275932 76
35773363 35773364 64
11293801 11293789 21
15048107 15048105 70
35773365 370002 56
35773366 35773367 28
1819242 976156 10
35773369 15501833 62
2240262 1363837 72
35773371 13293096 38
35773372 164945 23
245513 63075 87
2364996 1500632 74
35773373 3969611 83
35773374 173341 15
35773376 173341 2
2719000 1945207 59
35773377 180788 91
35773379 180788 42
2591580 1775053 83
10666520 10666512 36
35773384 3027416 24
35773385 3027416 48
264712 72450 23
35773386 803477 17
35773387 12225532 74
35773388 23081 97
31835767 31835762 29
14452466 14452473 82
35773393 196845 36
35773394 9812 87
35773395 282065 75
35773396 282065 7
35773397 127213 43
35773398 140862 46
427283 136690 2
35773399 35773400 15
35773405 15129972 64
35773406 23665073 25
35773407 4678278 57
35773408 4678278 31
35773409 4678278 51
35773410 35773411 61
35773412 35773413 58
3575479 3910596 18
4977949 256698 84
35773414 2599707 70
15829559 15829557 81
35773415 35773416 59
35773417 7775 97
35773420 13322631 12
35773422 2085640 29
287156 83403 47
32705208 32705205 95
35773425 20422 3
35773427 35773428 10
35773423 3760037 90
35773429 31805 2
35773430 368206 51
35773431 9705043 31
35773432 132473 76
35773435 9699093 26
35773436 123929 28
35773438 4932331 38
35773440 9685752 95
35773441 1669 40
43906 185744 75
35773442 81150 85
13422562 13422554 54
35773443 35773444 83
4921309 4921276 90
35773446 35773447 82
14771986 446218 34
9689970 9689965 79
35773451 13703 79
35773452 1980853 32
32674274 6575661 81
35773453 35773454 19
35773466 686303 4
35773467 3616694 33
240916 60300 47
35773468 3729303 35
35773470 3729303 58
35773472 3729303 58
35773474 3729303 79
35773476 4938860 54
35773289 23669733 66
35058732 35058730 33
35773477 255509 39
35773478 28388508 28
35773479 30240079 33
2445146 1587733 2
35773480 9756342 88
35773481 35773482 79
3693036 3248367 57
5234052 3103 12
35773483 35773484 65
35773485 2544565 11
35773486 1103345 70
