2180520 219628 47
10022147 19417 59
163914 43033 48
468659 345850 98
46309 47126 86
10208215 319014 53
10208222 600502 30
10213621 915237 42
4000057 429061 15
10239852 124653 56
1183647 31924 2
10187376 654410 46
10401098 642640 48
149951 128344 49
10411425 48996 90
10411427 50520 9
10411430 2849451 91
10411671 107041 5
10411782 1541500 54
10411792 15211 58
10411930 265993 66
134563 423710 28
10412585 180832 66
10412600 121215 50
10691705 76396 28
10705350 19249 29
11109318 364505 25
11672614 88042 42
11674425 328945 6
11744751 393697 19
11795087 4574401 39
11831615 7593 63
11842162 2436481 68
11843169 52395 91
11928937 72602 78
11969476 1002610 98
12011295 3375106 20
11366964 2004517 29
317097 62427 78
12180657 1298059 15
12185715 152634 51
12196285 587351 1
8894926 702606 40
12212497 678219 23
9625637 441934 51
134610 181094 38
12265907 307295 69
12300393 97745 57
12307699 138324 28
12312185 363940 40
12312745 2585819 61
12324550 464085 29
12348846 48887 96
12615000 1011015 12
2053611 277964 33
13151942 128541 37
93158 317060 82
13159545 198874 76
13166266 37190 67
13224032 224735 45
1183652 130350 41
13274647 332880 88
2494186 553440 2
646526 102870 87
13111314 654165 53
13331288 344513 38
13331903 1072693 82
599892 261554 12
540580 92391 33
13336742 96823 37
13336835 104405 89
13336873 18888 16
13337237 40039 40
130958 281986 8
599987 126730 53
13342871 632004 2
13344970 324564 34
1991468 518988 85
1258671 22248 95
1668214 37722 3
4612785 1442608 62
8789516 155437 77
13349650 587941 91
13349699 218112 43
199758 103377 25
13350102 899643 68
13350417 391259 39
13355145 219699 69
2160290 1753121 61
2205093 336995 32
13358176 437554 92
156433 46169 17
13367777 98720 39
470320 98277 5
13369726 650979 50
13155235 1301872 15
11498018 252281 6
958713 46681 89
13376770 95098 62
317098 98163 99
7858698 192376 29
13378948 121324 63
13379559 276154 82
3383644 163884 88
6359663 2068325 18
13383207 93664 34
11111783 1806580 82
13386186 881070 61
13387209 470580 77
1240803 35679 12
46355 22782 39
13387787 72776 34
13387800 659619 38
3609753 104743 87
13388243 142276 68
13388262 1348107 11
13389601 102231 1
13390168 106836 27
5052866 330818 59
13390675 394718 82
13390678 758073 19
13394230 38439 57
13395365 99947 78
13395370 354877 62
13397988 30907 85
13407469 94447 12
232840 149326 49
13411413 708044 35
13411425 3433701 81
13415303 101935 72
13416481 95591 41
5192528 318654 42
13418939 126396 57
13423443 50850 48
13427149 770258 44
13427654 116952 64
13429119 98162 20
13429659 863819 55
13430283 54314 56
13430954 43804 94
13431699 35463 28
2815953 12037 34
2700182 219829 45
13432930 105228 75
13435475 1262778 76
13439744 470029 31
13442709 396851 92
13447771 322788 3
13449314 1417904 17
13480159 874792 24
13481938 464494 5
13485048 112082 54
7855145 334031 39
13489536 1811074 18
13490444 126146 86
11762167 120860 15
11924125 191090 54
1045578 144988 97
13493631 181422 51
13493638 2509 90
13495377 158339 49
13500796 135432 80
13502944 340337 2
13505678 1518879 99
13509422 62851 47
13509492 197073 20
13509718 364791 73
13509972 1240529 6
13510108 21167 50
2138937 209912 35
2777133 166350 41
13517440 723668 58
13520948 603335 56
13521922 1249462 41
14206384 43643 11
14206696 1341352 41
14206731 944060 27
6728171 646530 16
14210260 2138610 1
14210410 5161 25
14210481 2217574 42
14212138 875404 63
14215146 95100 65
14215939 1134734 63
14216575 862981 21
14216830 219860 67
14218714 1218337 63
314694 355720 65
14220937 509700 27
14220940 52399 72
14220943 164839 48
8565826 432409 77
11183258 1004942 30
14226199 409200 66
14238508 54187 61
14245797 2416253 34
14245930 2230259 84
10334344 853464 50
423630 149474 49
14269875 1022505 77
14277238 328780 21
11779219 230856 50
14282298 181521 57
14285934 46167 1
14292445 612406 94
11688265 134123 45
14298015 1404 11
14298458 503682 74
14324455 2502367 23
1388606 236668 36
11751349 157312 1
14380900 217719 29
14388617 1425861 95
7858699 93594 30
14409447 101373 89
1301502 118039 48
14423216 639245 2
14425502 191445 66
14427727 362027 86
14431036 1303457 86
14431831 360550 98
14433644 906817 29
6987205 230921 96
14439540 90334 73
14439800 4185788 4
14439833 145107 68
14440739 82591 30
14440854 54559 88
14442642 365529 55
14469855 930129 38
6531230 99777 41
14505519 64945 16
14525024 1602639 78
14531804 380677 52
14586845 853863 35
14601179 144987 11
14631646 35779 94
14637669 94929 61
14648659 323169 48
14673972 152146 18
14694792 180835 33
11251795 340672 42
14694852 1255276 1
14695858 361646 17
14700293 365307 54
14730984 442985 94
14965369 104404 74
14967716 527714 18
14967722 131449 90
2138946 31361 14
15158752 346816 40
15163472 104232 89
15165993 17878 16
15178909 866639 71
15326376 1401888 31
4323034 21822 9
15624878 549242 73
15643717 324240 100
29357651 3356291 4
30056888 83934 23
260358 756110 62
2180535 224633 2
4612783 52567 57
30505777 215433 18
30513303 678614 31
30513304 350421 39
4323036 321551 73
11746844 35921 60
11351897 89891 86
31152795 296962 37
2823858 56781 98
7858702 515801 35
30488232 109828 42
5644518 76284 66
9808050 389457 83
13240219 36680 81
31914870 246474 80
30218830 386002 96
32851953 115943 66
32851956 514649 29
32851960 2273 3
32851963 115698 61
32851965 83433 33
32851970 76811 99
32851971 365101 19
32851974 583012 56
32851978 335129 19
32851979 1006841 80
32858142 331028 46
5052875 1195103 33
32884353 373264 50
32884963 1297765 25
32888646 363171 36
32914737 526133 17
32914739 395593 71
32914741 68705 18
31929896 863084 26
1010075 5597 21
32914757 1879543 35
32882981 161422 50
32914758 1274255 10
32914762 53193 51
11216090 253507 1
21650342 196852 82
30802211 2848558 59
31927311 408517 86
32914773 292490 50
32914775 3919126 73
31926540 1088568 96
32914896 148289 3
32914898 308508 83
11804209 86649 59
32994032 276435 44
33144482 129033 36
34302946 92718 73
34343775 312361 31
34347010 333659 41
13379561 322951 96
34352686 90056 70
34356952 298977 29
34374185 1089535 70
34374199 257118 99
13493633 862911 6
34379242 78042 100
34387322 105683 97
34387827 339007 23
34406883 336759 47
34411084 51999 33
34411087 395464 66
959273 96154 20
34447591 435450 61
34455507 3500135 33
6302708 721816 24
34468042 325105 41
34475100 321462 61
34479490 312632 86
34494230 627420 62
34716368 604894 51
34755482 202406 40
35089691 249565 24
32886780 221226 66
2815944 63609 75
35564368 218532 59
35573397 36679 54
35585180 191879 87
9987790 19587 13
35607705 352650 38
35615073 314744 94
35615253 46359 95
4921309 502799 88
36119326 5469 54
36119327 1828419 42
36119328 393646 31
36119329 105327 71
36119330 92368 62
36119331 361362 51
32892609 996727 56
36119332 97406 78
34784798 360321 63
36119333 709884 69
36119334 1043458 12
8477957 554624 37
36119335 749651 9
36119336 1212683 6
36119337 49570 45
36119338 41541 14
36119339 348155 64
36119340 346814 55
36119342 275802 94
36119343 130282 76
36119344 3204 83
36119345 195239 92
36119346 320151 68
36119348 634278 28
36119349 1599110 26
36119351 598804 43
36119352 322400 19
3297231 872 18
36119354 334613 14
36119355 80560 83
36119356 524081 31
31926961 988786 2
31929428 50640 37
36119358 2860 94
36119359 825191 45
36119360 960474 57
36119361 98598 92
36119363 546856 59
36119364 986186 24
36119365 224125 90
36119366 884908 32
36119367 927242 82
36119368 1621 32
36119369 1203637 63
36119370 2189241 38
36119371 531025 28
36119372 380489 72
36119373 959509 20
36119374 53309 73
36119375 332820 62
36119376 826978 13
36119377 872093 81
36119378 537055 79
36119379 70535 91
36119380 572780 25
36119381 572546 86
36119382 594903 35
36119383 131089 12
36119384 227444 8
36119385 879694 13
36119386 382264 71
36119387 233355 28
36119389 95543 51
36119390 207959 56
36119391 862062 96
31928391 392706 77
36119392 147518 64
36119393 63457 6
36119394 322402 91
29954103 957149 97
36119395 665282 55
36119396 53235 35
36119397 426814 70
36119398 1401190 49
36119399 86953 69
36119400 573703 48
36119401 327304 47
36119402 396127 74
36119403 46551 25
36119404 1154492 31
36119405 553727 55
36119406 99329 46
36119407 104028 56
36119409 660080 99
36119410 823744 3
36119411 539310 42
36119412 1135017 70
36119413 357127 16
36119414 118655 93
36119415 757881 17
36119416 655983 84
36119417 288716 28
11751573 8726 32
36119418 142975 29
11336890 56614 49
36119419 572763 72
36119422 600484 1
36119423 327750 25
36119424 16954 77
36119425 327309 48
13041688 329028 21
36119426 54271 7
36119427 1745461 7
31927160 1286290 93
36119428 123616 12
36119429 1729962 35
36119430 257658 13
36119431 248920 52
36119432 306744 87
36119433 92827 42
36119434 465982 27
36119435 283202 25
36119436 536794 8
36119437 659890 76
36119438 194014 78
36119439 280820 10
36119440 1124295 93
36119441 103517 8
36119442 615744 77
36119443 153366 77
36119444 126763 14
36119445 660888 42
36119446 1692249 33
31929784 394013 2
36119447 104606 99
36119448 654396 95
36119449 326040 32
36119451 306214 1
36119452 575902 69
36119453 603261 45
36119454 792364 10
36119456 127145 83
11419996 939945 82
31927989 1693224 50
36119457 344610 94
36119458 105417 48
36119459 1339 47
36119460 308523 42
36119461 328729 16
36119462 267195 83
36119463 53973 75
36119464 288721 51
36119465 67999 17
36119466 102808 56
29622371 78774 99
36119467 42219 54
36119468 1401968 66
34894144 7260 85
36119470 77997 57
36119471 2187597 28
36119472 359705 25
36119473 867802 80
8698626 349910 80
32891379 604870 6
36119474 934671 9
36119475 1222489 2
36119476 291863 95
36119477 93544 55
36119478 3076610 80
36119479 388047 50
36119480 828528 62
36119481 324551 53
36119482 216890 28
36119483 336719 46
36119484 2481030 32
36119485 87215 55
36119486 363668 22
36119487 2700963 12
30146121 4457998 17
36119488 965748 5
36119490 74111 5
36119492 2459938 46
8285338 935303 50
36119493 702451 50
36119494 283178 80
36119495 79193 89
36119496 35772 94
36119498 70843 18
36119499 216188 70
36119500 1940514 66
36119501 127360 70
36119502 221397 64
36119503 1711500 20
36119504 162198 93
36119505 215784 16
36119506 37409 89
36119507 338947 98
36119508 1777371 100
36119509 581833 74
36119510 1382239 75
36119511 56780 96
36119512 28384 39
36119513 26676 5
36119514 394366 38
36119515 649948 95
36119516 828407 56
36119517 188811 43
36119518 117470 46
30802202 2055558 42
36119519 2024537 88
36119520 551443 76
36119521 117648 77
36119522 1389189 87
36119523 98796 23
36119524 1711717 61
14243474 363756 83
36119525 321687 72
36119526 379766 86
36119527 88091 58
12504581 1079590 52
36119528 296342 100
36119529 573523 87
36119530 1417425 65
36119531 1002882 86
36119532 448423 74
36119533 2880871 26
36119534 360933 31
36119535 192778 33
36119536 272199 93
36119537 215318 76
36119538 41409 9
36119539 816702 90
36119540 293250 38
36119541 234632 30
36119542 123298 79
36119543 222469 25
36119544 669513 67
36119546 3420797 60
36119547 724540 83
36119548 341362 49
36119549 1694730 71
36119550 1821099 34
36119551 2231381 66
36119553 245915 72
36119554 67174 15
36119555 580069 3
36119557 827851 38
36119558 247642 15
36119559 681383 77
36119560 364790 11
36119561 52564 1
36119563 525080 53
36119564 660371 9
36119565 1405194 89
36119567 518692 87
36119568 525618 46
36119569 186206 71
36119570 94588 96
36119571 537041 90
36119572 326857 87
36119573 1427740 55
36119574 98165 91
36119575 1427754 64
36119576 1427767 28
36119577 424827 100
36119578 935734 75
36119579 1261342 65
31927646 576537 45
36119580 35963 98
36119581 153674 89
36119582 333384 45
36119583 193147 39
36119584 329221 61
36119585 1290247 68
36119586 537635 6
36119587 395715 61
36119589 76395 17
36119590 98274 20
36119591 327354 45
36119592 728614 8
36119593 1094761 44
32851981 331580 27
36119594 338948 17
36119595 934469 74
36119596 79283 21
36119597 2998283 7
36119599 333571 4
36119600 1019046 68
36119601 1775481 78
36119602 1215996 54
36119603 141402 36
36119604 284181 53
36119605 28719 22
36119606 507833 59
36119607 213165 45
36119608 329088 54
36119609 53975 81
32874868 152745 84
36119610 2410254 88
36119611 1285061 63
36119613 102717 42
36119614 792673 94
36119615 38966 82
36119616 863789 44
36119617 109914 76
36119618 897643 49
36119619 1566498 48
36119620 1405733 38
36119621 2742647 31
36119622 1235568 71
36119623 152145 66
36119624 1005453 27
36119625 224938 51
36119627 1386819 99
36119628 225756 18
36119629 62876 38
36119630 155266 46
36119632 225445 30
36119633 698909 91
36119634 458300 56
36119635 99122 2
36119636 333998 5
36119637 870742 49
36119639 676770 12
36119640 812097 36
36119641 953457 48
36119642 2752599 93
36119643 2291737 67
36119645 1398752 86
32892642 1211129 68
36119646 512650 91
36119647 625769 14
36119648 990471 92
36119649 1742684 19
36119650 1003389 76
36119651 2300132 72
36119652 1051117 51
36119653 1652051 81
36119655 887823 59
32873697 52868 2
36119656 65062 95
31926063 1561693 81
36119657 776684 100
36119658 1433220 14
36119659 264566 27
28710621 1024022 100
36119660 779141 84
36119661 731515 27
36119662 228405 3
36119663 615071 29
36119664 615249 63
36119665 205854 86
36119667 1353517 96
36119668 1033166 93
36119669 2087157 69
36119670 899642 38
36119671 1387228 43
36119672 613255 75
36119674 1086265 31
36119675 2705943 24
36119676 875543 88
36119677 3096147 84
36119678 2437785 26
36119679 1761868 86
36119680 314023 97
36119681 1908842 67
36119682 927528 4
36119683 208483 89
36119684 2261170 72
36119685 959504 47
36119686 632731 45
36119687 1764172 55
36119688 312582 5
36119689 106407 71
36119690 524401 36
36119693 2258872 14
36119694 51180 77
36119695 204446 71
36119696 612526 73
36119698 948226 55
36119699 46841 14
36119700 1423260 19
36119701 575667 20
36119702 2016903 5
36119703 1335678 84
36119704 574997 5
36119705 434681 6
36119706 1335864 75
36119707 982519 23
36119708 499065 54
36119709 800161 65
36119710 999169 36
36119711 264076 44
36119712 649949 100
36119713 485748 36
36119714 1146175 64
36119715 361361 26
36119716 474620 38
36119717 98556 68
36119718 630583 13
36119719 53573 51
31928315 96887 64
36119720 392253 43
36119721 815029 49
36119722 838916 79
36119723 307118 2
31927236 294675 38
36119724 580736 26
36119725 334392 14
36119726 423131 78
36119727 649796 85
36119728 391170 5
31925573 393372 92
36119729 54896 66
36119730 1031139 65
34781397 807280 73
36119731 573738 59
36119732 319353 20
36119733 397424 70
36119734 85916 67
36119735 126603 63
36119737 97974 93
36119738 554298 8
36119739 177216 69
36119740 331776 11
36119741 1214702 8
36119742 399194 71
36119743 409740 92
36119744 344072 70
31928510 64300 79
36119745 1022253 54
36119746 2128828 46
36119747 794666 62
36119748 1113115 64
36119749 120406 17
36119750 3205 79
36119751 92261 74
36119752 241436 59
36119753 970675 45
36119754 965044 52
36119755 932284 96
36119756 51074 79
36119757 216467 89
36119758 53243 62
36119759 334004 3
36119760 3945695 27
36119761 897235 58
36119762 90300 13
36119763 930620 8
36119764 346485 17
36119765 616702 80
36119766 2719220 22
36119767 872388 5
36119768 589732 15
36119769 41578 47
36119770 443598 53
36119772 1153737 29
36119773 3677002 48
7753825 1406651 24
36119774 393323 15
36119775 1142849 90
36119776 996061 70
36119777 43323 30
36119778 180223 78
36119779 180589 49
36119780 396331 95
36119781 307972 56
36119782 137241 85
36119784 537937 57
36119785 735935 72
36119786 362798 29
36119788 2087158 15
36119789 224261 36
31074981 154403 29
36119790 86689 84
36119791 345203 21
36119792 105418 63
8583566 332388 5
36119793 1625423 48
36119794 1107699 69
36119796 1968048 62
36119797 2869529 64
36119795 876435 88
36119798 913771 16
36119799 3242558 63
36119800 3878661 85
36119801 1557726 29
36119802 356974 18
35412911 142914 66
36119803 1471193 20
36119805 358623 93
36119806 1775447 72
36119807 1852635 59
36119808 584568 32
36119809 21772 38
36119810 1536980 36
36119811 64173 15
36119812 322613 62
36119813 544375 97
36119814 293445 79
36119815 220139 54
36119816 1004961 72
36119817 1648541 21
36119818 2201450 14
11969870 328906 39
36119819 107719 74
36119821 324083 46
36119822 529454 5
36119823 93718 71
36119824 1104617 14
36119825 104229 26
31074993 662349 6
36119826 20942 17
36119827 2382129 12
36119828 1007501 29
36119829 92988 96
36119830 241638 1
36119831 65703 67
36119832 2001241 59
36119833 1804663 49
36119834 2133071 55
36119835 1742816 60
36119836 664017 97
36119837 2201411 54
36119838 289473 93
36119839 652252 40
36119840 782547 31
36119841 518080 87
36119842 400462 10
36119843 22826 43
36119844 286078 52
36119845 250003 28
36119846 1256142 17
36119847 202938 15
31152734 108931 86
36119848 59525 38
36119849 2057586 8
36119850 851480 81
36119851 352202 54
36119852 606172 34
36119853 1525876 17
36119854 1575689 17
31927779 501892 55
36119855 862888 26
36119856 1575716 21
36119857 916473 28
36119858 210914 37
36119859 299768 26
36119861 84115 88
36119862 320189 65
36119863 609360 30
36119865 1123558 68
36119866 189037 47
36119867 325720 65
36119868 531917 63
36119869 98991 4
36119870 277557 58
36119871 17197 88
36119872 3378399 55
36119873 178308 49
36119874 902968 81
36119875 336159 80
36119876 142424 87
36119877 350409 14
36119878 19415 99
36119879 97671 8
4902398 975803 75
36119880 337485 58
36119881 1027367 92
36119882 1958340 59
36119883 5466 75
36119885 51643 78
36119886 207675 35
36119887 849990 79
36119888 235856 32
36119889 97634 2
36119890 162539 99
36119891 55529 34
36119893 111506 27
36119894 1256507 60
36119895 90080 93
36119896 896424 33
36119897 423315 69
36119898 34875 78
36119899 1017882 32
36119900 810089 45
36119901 341567 89
36119902 3511688 45
36119903 1912925 7
36119904 1534561 30
36119905 321609 41
36119906 178408 22
36119907 1277391 51
36119908 3246382 15
36119909 913320 85
31929328 941158 92
36119910 104678 25
36119911 538729 99
36119912 290225 93
36119913 401669 75
36119914 2137629 81
36119915 1440110 70
36119916 393563 58
36119917 216026 92
36119918 1810614 23
36119919 2722171 21
36119920 97574 49
36119921 726890 42
36119922 940799 55
36119923 2135534 34
36119924 17881 36
36119925 369500 14
36119926 221026 6
36119927 395514 95
36119928 2496604 13
36119929 660211 96
36119930 112305 32
36119931 293486 68
36119932 1834767 37
36119933 325727 20
36119934 309534 85
36119935 2039595 79
36119936 97378 66
36119937 36218 39
36119938 109743 28
36119939 122803 97
36119940 54948 87
36119941 109597 71
36119942 329680 72
36119943 79956 2
36119944 200345 74
36119945 4669744 10
36119947 472570 47
36119948 212983 4
36119949 437837 56
36119950 1257362 71
36119951 826784 73
36119952 2402188 43
36119953 325116 41
36119954 1675506 74
36119955 116951 14
36119956 173935 81
36119957 224417 81
36119958 649081 78
36119959 1000069 83
36119960 450506 96
36119961 2800949 12
36119962 1454774 57
36119963 441533 92
36119964 1308413 71
36119965 344956 67
32873899 2016062 55
36119966 104947 17
36119967 330650 1
36119968 701381 47
36119969 790121 76
36119970 61751 93
36119971 239630 18
36119972 598697 54
36119973 1592023 57
36119974 36476 61
36119975 1536178 14
32851972 813127 79
36119976 1491921 85
36119977 666491 43
1628172 1407 39
31062120 2658485 27
423712 436737 19
36119978 3339288 46
36119979 1453730 55
36119980 1091907 36
36119981 328949 50
36119982 2546086 6
36119983 1033588 28
36119984 324801 100
36119985 226892 85
36119986 1391404 21
36119987 659235 56
36119988 419847 44
31928838 249595 6
36119989 96479 38
36119990 209124 36
36119991 1937353 69
36119992 1623569 39
36119993 2037137 55
36119994 564100 38
36119995 253866 64
36119996 390951 58
36119997 987248 91
36119998 962972 5
36119999 50000 79
36120000 202651 45
36120001 373622 95
36120002 1091776 78
36120003 3548415 36
32891706 3478794 47
36120005 1451715 4
36120006 58067 88
36120007 655417 63
36120008 101159 7
36120009 150717 32
36120010 897265 66
36120011 809673 91
36120012 1951413 92
34356953 4024038 93
36120013 1026170 92
36120014 832155 50
36120015 342606 12
36120016 607824 68
36120017 2230726 85
36120018 93522 92
36120019 2556113 33
36120020 944066 88
36120021 2236174 68
32963761 2531511 96
36120022 2989391 17
36120023 605697 36
31928683 2231177 71
36120024 541305 66
36120026 364002 10
36120027 353459 12
36120028 1458314 14
36120029 249937 48
36120030 1597539 22
36120032 108044 77
36120033 389626 6
36120034 2197651 40
31183546 2010979 44
36120035 739635 24
36120036 124729 6
36120037 342868 74
36120038 817950 65
36120039 1487637 20
36120040 3670663 61
36120041 1608756 75
36120044 3504249 67
34784272 1040912 59
36120045 1729890 70
36120046 137995 90
36120047 2613348 33
36120048 2725538 93
31928543 2809010 6
36120049 2618125 45
36120050 332220 68
36120051 886947 84
36120052 1707829 3
36120053 1300097 98
36120054 174210 67
36120055 163368 23
36120056 231777 12
36120057 582480 4
36120058 2525686 45
36120059 251698 36
36120061 1256194 11
36120062 870699 1
36120063 506948 6
36120065 2129 31
32882978 1195790 6
32886088 392482 98
36120066 131519 96
36120067 473386 87
36120068 1049898 37
36120069 739595 23
36120071 109749 42
36120072 361168 3
36120074 51187 52
36120075 96768 75
36120076 198240 16
36120077 1358508 8
36120078 341186 87
36120079 966332 88
36120080 506336 49
36120081 941953 89
36120082 97543 100
36120083 211360 7
36120084 2690054 89
36120085 1029778 96
36120086 191963 55
36120087 1912750 32
36120088 1458590 38
36120090 364842 83
31926765 332716 86
36120091 2057474 45
36120092 402171 25
36120093 1492258 95
36120094 954075 79
31926898 314101 42
36120095 862364 32
36120096 1607936 92
32892715 1879740 87
36120097 52189 63
36120098 118149 78
36120099 677968 89
36045464 1423992 15
31926844 651063 1
36120100 1425824 19
36120101 1425843 61
36120102 1423830 80
36120103 882678 75
36120104 790667 93
36120105 678249 65
36120106 2873574 57
31925718 31620 51
36120107 918584 74
36120108 349504 99
36120109 1625104 63
36120110 818536 17
36120111 1087746 35
36120112 2601533 52
36120113 2272995 31
36120114 2543823 22
36120115 1082135 100
36120116 1186008 56
36120117 135244 37
36120118 379125 44
36120119 346219 43
36120120 505712 66
36120121 2573699 72
36120122 3454261 19
36120123 2771876 5
36120124 390686 47
36120125 108878 53
36120126 146736 11
31927941 321370 95
36120127 363175 64
36120128 672536 94
36120130 313932 89
36120131 622595 58
36120132 739867 8
36120133 910153 69
36120134 60040 97
36120135 240202 7
36120136 353350 54
36120137 800320 70
36120138 3632847 96
31929405 1204636 83
36120140 3746654 70
36120141 1492934 24
36120142 2661194 83
36120143 1913219 39
36120145 1721696 3
36120146 28899 44
36120147 2488514 96
36120148 2724582 32
36120150 1493637 82
36120151 174481 84
36120152 2485693 89
36120153 3708022 21
36120154 218436 3
36120155 2511647 49
36120156 504872 60
36120157 330581 60
36120158 665898 60
32851980 928050 49
36120159 751229 74
36120160 1621743 75
36120161 71955 13
36120162 249850 75
36120163 116944 53
36120164 2382750 53
36120165 467800 96
36120166 2824871 38
36120167 671020 45
36120168 1597128 44
36120169 929690 84
31926339 1485989 86
36120170 1486003 52
36120171 1511282 75
36120172 547126 64
36120173 1511283 25
36120174 1114903 46
36120175 740188 35
36120176 4882659 28
36120177 740175 2
36120178 744061 11
36120179 429352 92
36120180 4882630 18
36120181 740260 22
36120182 3035714 56
36120183 3477653 43
36120184 4882589 41
36120185 3611283 20
36120186 972229 43
36120187 1945566 61
36120188 2306532 73
31926646 2382138 91
36120189 4254948 18
36120190 2766321 23
36120191 500886 21
36120192 661909 63
36120193 1657990 74
36120194 757118 97
36120195 2404856 2
36120196 1564165 50
36120197 1732269 39
36120198 834982 51
36120199 348251 25
36120200 537146 38
36120201 1846219 44
36120203 132286 30
36120204 4881594 10
36120205 348365 49
32884939 1121067 92
36120206 211756 94
36120207 180376 6
36120208 1329574 49
36120209 551678 91
36120210 979614 84
36120211 91462 11
36120212 425205 18
36120213 1308033 37
36120214 4281618 19
8996570 654069 41
36120215 4878416 90
36120216 674247 45
36120217 333453 90
36120218 483048 4
36120219 1457729 76
36120220 290827 100
36120221 655179 80
36120222 339672 16
36120223 104822 73
36120224 453068 2
36120225 65040 81
36120226 362814 68
36120227 344109 35
32879461 78076 69
36120228 372323 15
36120229 36007 21
28661787 669707 89
36120230 92197 98
36120231 278847 22
36120232 1121573 30
36120233 1547023 17
36120234 1470143 79
36120235 2717998 61
36120236 669997 27
36120237 624725 92
36120239 515256 86
36120240 65895 90
36120241 1500995 29
36120242 102298 48
36120243 2186311 15
36120244 267604 87
36120245 2921022 49
36120246 632030 78
36120247 1438893 25
36120248 883398 23
36120249 2080504 59
36120250 1746080 76
36120251 23655 90
36120252 1626647 51
36120253 1592027 86
36120254 31258 78
36120255 3989121 69
36120256 10099 91
36120257 349527 2
36120258 33227 62
36120259 1264163 16
36120260 722049 66
36120261 23040 56
36120262 973452 23
36120264 2801906 82
36120265 50508 90
36120266 1260923 57
36120267 97413 6
36120268 218192 78
36120269 1495894 31
36120271 24514 5
36120272 25134 100
36120273 149816 19
36120274 11830 53
36120275 28178 68
36120276 7256 76
36120277 31715 67
36120278 45423 87
36120279 219573 19
36120280 223608 100
36120281 6371 17
36120282 316558 54
36120283 53049 53
36120284 56376 67
36120286 100358 8
36120287 213276 81
36120288 52402 84
36120289 259950 41
36120290 485085 95
36120291 42453 46
36120292 144278 67
36120293 189526 16
36120294 152034 83
36120296 234241 97
36120297 256851 66
36120298 37582 34
36120299 110095 76
36120300 365527 56
36120301 878565 82
36120302 226497 31
36120303 323373 87
36120304 99841 77
36120305 193339 98
36120306 43689 77
36120307 534193 61
36120308 349145 16
36120309 275751 87
36120310 609149 92
36120311 226498 31
36120312 922188 70
36120313 95249 9
36120314 105527 56
36120315 42805 53
36120317 104607 2
36120318 68554 10
36120319 204475 3
36120320 31716 40
36120321 12866 31
36120322 13194 40
36120323 7806 31
36120324 14448 93
4906143 94105 20
36120325 187524 100
36120326 102223 89
36120327 23426 43
36120328 11470 25
36120329 1401 85
36120331 29638 65
36120332 27187 31
36120333 27489 14
36120334 29823 57
36120335 51994 39
36120337 327306 66
36120338 660149 86
36120339 83929 91
36120340 36588 23
36120341 402579 26
36120342 137996 26
36120343 406526 27
36120344 104463 8
36120345 597428 48
36120346 360804 81
36120347 37361 66
36120348 152377 64
36120349 338860 96
36120350 578891 33
36120351 295918 93
36120352 233106 7
36120354 428960 7
31042035 54792 33
36120355 353426 73
36120356 288413 97
36120357 219935 18
36120358 98092 85
408966 215182 93
36120360 285537 78
36120361 355300 19
36120362 333015 68
36120363 523692 98
36120364 237825 61
36120365 662482 29
36120366 86472 91
11500499 148382 93
36120367 322431 76
36120368 681815 73
36120369 578895 1
36120370 334005 42
36120371 336994 19
36120372 144989 90
36120373 54660 90
36120374 604200 27
36120375 299079 52
34495215 445147 37
36120376 225052 71
36120377 261788 29
36120378 336722 44
36120379 100776 82
36120381 180683 10
36120382 18252 74
36120383 90600 26
36120384 36477 95
36120385 144131 1
36120386 120745 26
36120387 162832 23
36120388 189568 69
36120389 875080 59
36120390 891429 67
36120391 101898 96
36120392 876751 1
36120393 554680 3
36120394 235332 48
36120395 566751 30
36120396 1200558 10
36120397 566228 15
36120398 514974 53
36120399 1055056 98
36120400 582465 100
36120401 479401 45
36120402 141977 31
36120403 345922 28
36120404 387913 16
31926709 51650 62
36120405 186701 9
36120406 340835 89
36120407 570373 80
36120408 54526 49
36120409 84946 56
36120410 52191 43
36120411 22824 72
36120412 151052 91
36120413 222179 48
36120414 46497 58
36120415 135609 26
36120416 51238 61
36120417 126770 14
36120418 344395 52
36120419 709454 42
36120420 217839 88
36120421 398155 54
36120422 397229 24
36120423 209388 16
36120424 160657 67
36120425 193419 17
36120426 1020463 51
36120427 56308 25
36120428 86851 14
36120429 225851 6
36120430 213366 82
36120431 236015 48
36120432 240646 41
36120433 420075 78
36120434 117898 10
36120435 153438 50
36120436 218185 27
36120437 209342 47
36120438 67201 25
36120439 715785 60
36120441 742107 9
36120442 75957 22
36120443 37622 75
36120444 207400 23
36120445 51086 30
36120446 321268 69
36120447 519518 44
36120448 418853 4
36120449 277415 90
36120450 332490 84
36120451 132379 80
36120452 224515 84
36120453 344259 11
36120454 308519 82
36120455 189310 95
36120456 1175032 42
36120457 489184 77
36120458 195775 90
36120459 147255 46
36120460 640539 66
36120462 345956 7
36120463 18936 74
36120464 39293 47
36120465 41757 33
36120466 669374 38
36120467 327232 65
36120468 27689 61
36120469 39296 93
36120470 73591 58
36120471 54866 82
36120472 142862 51
36120473 129458 92
36120474 43407 32
36120475 96155 11
36120476 1169568 55
36120477 56964 63
36120478 132493 57
36120479 420343 30
36120480 119009 23
36120481 182040 48
36120482 947999 35
36120483 867339 54
36120484 53190 71
36120485 735897 41
36120486 16633 71
36120487 659557 5
36120488 200308 83
36120489 88202 22
36120490 678130 69
36120491 649180 8
36120492 5159 24
36120493 587007 20
36120494 530808 35
36120495 434300 32
36120496 333789 30
36120497 52568 92
36120498 62878 64
36120499 325559 60
36120500 54560 77
36120501 52864 57
36120502 515193 51
36120503 47849 23
36120504 189268 52
36120505 75379 56
36120506 189086 95
36120507 33675 70
36120508 95947 68
36120509 219479 69
36120510 1295018 87
36120511 194302 64
36120512 674243 46
36120513 261455 50
36120515 213724 14
36120516 941948 25
36120518 87116 46
36120520 770322 87
36120521 150870 14
36120522 200870 60
36120523 566039 63
36120524 689208 46
36120525 393030 27
36120526 237960 48
36120527 594808 20
36120528 463127 54
36120529 115637 37
36120530 86005 37
36120531 73593 66
36120533 225053 73
36120534 36248 22
36120535 43216 17
36120536 620537 97
36120537 54315 26
36120538 40899 5
36120539 639291 48
36120540 251769 20
36120541 219607 94
36120542 440315 55
36120543 154866 24
36120544 655217 27
36120545 289323 1
36120546 40834 69
11969855 31536 19
36120547 30223 58
32882466 256649 17
36120548 1199481 70
36120550 107608 62
36120551 76111 52
36120552 46436 30
36120553 147167 93
36120554 332281 44
36120555 202361 69
36120556 332575 14
36120557 2856 17
36120559 350000 61
36120560 97927 96
36120561 48370 43
36120563 397317 93
36120564 328475 48
36120565 97633 36
36120567 41921 36
31928892 166204 47
31929536 392581 70
36120568 148448 70
36120570 620308 61
36120571 218115 68
36120572 102919 57
36120573 1298205 33
36120574 2328949 23
36120575 341303 97
36120576 92865 4
36120577 333066 16
36120578 554805 8
36120579 54189 81
36120580 57676 82
36120581 37238 11
36120582 179708 58
36120583 400123 95
36120584 255374 16
36120585 76850 23
36120586 1595307 62
36120587 651803 93
36120588 519645 8
36120589 141377 49
31927826 179738 75
36120590 809471 85
36120591 637653 52
36120592 1016955 7
36120593 734528 67
36120594 537431 51
36120595 1232168 61
36120596 80423 10
36120597 609808 2
31928195 105278 67
36120598 5395 23
36120599 54618 86
36120600 332250 10
36120601 394679 10
36120602 293393 18
36120603 226290 43
36120605 1039364 94
11317817 124902 69
36120606 62428 53
36120607 1036255 78
36120608 50851 78
36120609 225055 71
36120610 237870 47
36120611 46899 16
36120612 1583334 49
36120613 17883 91
36120614 412762 59
36120615 922267 71
36120616 328519 77
36120617 262318 19
36120618 36179 99
36120619 54561 6
36120620 302126 28
31928247 231557 72
36120622 276593 38
36120624 276252 24
36120625 203591 55
36120626 220544 81
36120627 585333 5
36120628 173571 38
13348587 672300 56
36120629 272093 63
36120630 152411 96
31928575 340191 34
36120631 500014 80
31183547 2054415 7
36120632 103482 84
36120633 907838 39
36120635 383788 65
36120636 361706 41
36120637 554820 65
36120638 109246 92
36120639 51522 27
36120640 98759 50
36120641 669676 20
36120642 917602 37
31926828 385182 98
36120643 500917 39
36120644 462081 50
36120645 447997 93
36120646 111138 3
36120647 448747 80
36120648 106764 16
36120649 228580 24
36120650 950229 19
36120651 146916 39
36120652 366605 77
36120653 138264 39
36120654 376114 63
36120655 17121 34
36120656 261786 67
36120657 75546 91
36120658 218887 72
36120659 331779 33
36120660 874793 5
36120661 150245 38
36120662 586737 50
36120663 54183 76
36120664 998034 53
36120665 307149 49
36120666 18049 59
36120667 257078 76
36120668 291891 23
36120669 103693 75
36120670 50035 78
31926607 110789 43
36120671 630970 46
36120673 54827 47
36120674 616058 78
36120675 622164 86
36120676 332679 58
36120677 47364 4
36120678 363402 88
36120679 912586 43
36120680 2050 3
8036120 219709 42
36120681 499452 72
36120682 342187 78
36120683 227537 50
36120684 412598 8
36120685 142372 49
36120686 60848 87
36120687 131912 15
36120688 50088 28
36120689 123299 21
36120690 34489 20
36120691 17290 63
36120692 149960 21
36120693 47592 13
36120694 217868 61
36120695 47367 19
36120696 330041 61
36120697 1456809 46
36120698 127421 59
36120699 444304 57
36120700 333207 72
36120701 170594 77
36120702 99402 46
36120703 277914 16
36120704 4413 13
36120705 393257 26
36120706 308150 66
36120707 344861 86
36120708 236895 90
36120709 202620 58
36120710 202546 97
36120711 356382 85
36120712 137823 27
36120713 473614 76
36120714 1025020 92
36120715 232712 75
36120716 922229 3
36120717 346052 95
36120718 236713 63
36120719 1153319 54
36120720 53519 5
36120721 104465 73
36120722 96243 24
36120723 219665 99
36120724 629903 34
36120725 363403 64
36120726 253285 5
36120727 639184 81
36120728 914990 62
36120729 446344 69
36120730 739965 75
36120731 301353 66
36120732 365808 67
36120733 213509 89
36120734 334001 49
36120735 541460 67
36120736 67340 27
36120737 1071105 3
36120738 337453 55
1907692 331279 8
36120739 822170 80
36120742 355245 27
31929420 963612 3
36120744 99403 90
36120745 343183 76
36120746 163482 70
36120747 103631 77
36120748 440316 32
36120749 929450 91
36120750 459674 24
36120751 393974 15
36120752 48010 21
36120754 53550 26
36120755 53744 2
36120756 150832 82
36120757 100777 9
31925453 662626 78
36120758 1051797 36
36120759 112086 54
36120760 40984 100
36120761 124625 79
36120762 432025 55
36120763 41911 64
36120764 370789 69
36120765 308479 41
36120766 316510 85
36120767 237662 85
36120768 17884 62
36120769 361649 18
36120770 487466 31
36120771 317404 50
36120772 763765 97
36120773 1112910 46
36120774 51083 42
36120775 110009 46
36120776 99472 60
36120777 101653 54
36120778 2533473 50
36120779 108414 66
36120780 64902 42
36120781 1194756 51
36120782 1419930 31
36120784 54273 79
36120785 1756226 69
36120786 138184 22
36120787 109192 12
36120788 2952432 49
36120789 1126113 29
36120790 102106 17
36120792 109744 26
36120793 51594 14
36120794 345994 4
36120795 1406869 15
36120796 476768 25
36120797 923662 17
36120799 291874 99
36120800 173911 15
36120801 891330 53
36120802 670905 67
36120803 779204 27
36120804 230290 70
36120805 1346326 22
36120806 324637 1
36120807 1437314 92
36120809 529124 34
36120810 392537 4
36120811 726267 42
36120812 231604 21
36120813 872974 30
36120814 51084 56
36120815 474746 63
36120816 921086 75
36120817 1696547 72
36120818 98093 32
36120819 627950 17
36120820 225723 96
36120821 606821 4
36120822 95887 2
36120823 6243 25
36120824 1423153 82
36120826 56115 17
36120827 192247 82
36120828 901221 34
11152294 83925 81
11416192 385474 26
36120829 225967 86
36120830 1632846 12
36120831 2395458 40
