5030630 5030646 68
5031149 5031170 53
1662638 2501648 50
5080185 5080191 61
5081871 5081875 70
5093339 5093350 63
5101643 5101663 14
5109074 5109085 33
5110976 5110989 98
5126456 5126465 67
5139539 5139547 83
5155727 5155733 19
5169314 5169325 66
5180726 5180734 77
5185957 5185974 17
5186150 5186165 47
5186728 5186734 38
5186927 5186940 9
5187208 5187220 65
2658312 3275756 4
41856 172389 25
5209320 5209328 100
3031465 3537455 7
5279953 5279958 58
724630 1487182 100
5285949 5285969 57
5285996 5286006 38
5294041 5294049 63
5294055 5294061 63
587783 1319283 28
5301295 5301308 94
5302450 5302463 95
5303155 5303162 10
5303378 5303395 34
5330693 5330700 74
5349969 5349976 41
5354357 5354367 18
5398897 5398916 66
5401371 5401381 94
5401595 5401613 12
3715050 3999936 82
5426392 5426404 17
5436819 5436824 11
5437441 5437451 45
5437458 5437470 67
5440107 5440123 6
5455577 5455580 80
5462801 5462826 1
5464057 5464084 69
5465026 5465036 25
5470206 5470216 91
5470573 5470592 25
5476281 5476296 44
5476316 5476324 95
5480386 5480397 81
5486248 5486263 75
5495869 5495891 96
5497619 5497628 14
5499730 5499761 72
5499838 5499847 43
5507625 5507631 83
5507625 5507632 89
5513597 5513626 33
5525492 5525501 37
5528414 5528429 63
5531506 5531512 11
5532974 5532995 95
5539380 5539388 20
5546624 5546636 34
608908 1345975 88
5553337 5553346 14
5574903 5574915 16
5593561 5593564 55
700219 1457878 66
5637401 5637415 22
5668029 5668045 71
2175451 2914494 3
5673664 5673669 18
5301116 5301142 24
5677455 5677464 13
5700581 5700593 98
5709055 5709062 44
5726485 5726499 46
1804283 2616404 44
5282419 5282465 3
5779038 5779043 25
3268079 3707973 32
5785207 5785220 20
4937745 4937781 19
5826891 5826897 19
5847044 5847054 11
5871926 5871937 24
2422444 3108231 23
2422444 3108232 92
5885785 5885801 50
5889112 5889127 95
5897557 5897567 79
5902685 5902696 20
5953193 5953200 11
5954210 5954215 91
5966507 5966519 33
5966796 5966807 5
3410963 3799869 33
5978925 5978936 72
6008417 6008429 100
6017998 6018014 17
6019099 6019111 41
6089547 6089566 32
6095762 6095772 53
6097414 6097432 74
6104719 6104732 20
4185003 4306625 73
6114363 6114368 91
6130246 6130253 100
652305 1394423 36
6148790 6148805 2
6187336 6187357 98
364478 962922 64
3102639 3586493 30
5386483 5386518 58
6227114 6227130 71
6236142 6236151 77
6238696 6238705 25
6261479 6261486 33
47061 202848 83
6274322 6274335 71
6291195 6291206 10
6291712 6291723 22
6293360 6293374 62
1898331 2680477 61
226858 701390 12
6360750 6360758 94
6361523 6361533 64
6366113 6366116 2
6368277 6368290 23
3645837 3957605 76
6372968 6372980 51
6373080 6373085 54
6392000 6392010 1
6396985 6397000 51
6411171 6411177 41
6417289 6417305 11
5313574 5313611 67
2491809 3164234 8
6436711 6436719 54
6443423 6443430 14
4469448 4503825 88
6461682 6461698 6
6465195 6465202 47
6496064 6496075 52
6498995 6499005 44
6503668 6503675 66
3658794 3963880 66
6511092 6511099 67
6518745 6518757 46
6536326 6536346 61
6572330 6572336 13
6597616 6597630 99
6598755 6598759 83
6602468 6602473 71
5507125 5507169 28
2501626 3170492 32
6612275 6612282 2
6422580 6422606 83
6613845 6613850 19
6620351 6620361 33
6628484 6628501 34
6650623 6650629 79
990751 1836646 75
6694245 6694253 75
6730184 6730196 62
6732151 6732165 41
6743254 6743260 21
1841162 2647052 92
6767389 6767397 30
6769207 6769220 58
6774769 6774790 46
4361105 4424003 13
6776850 6776858 4
6777768 6777777 1
6782209 6782229 1
2118658 2866110 46
4044673 4208898 44
3105532 3588180 82
6804962 6804981 82
6818595 6818603 39
6821302 6821315 43
6831669 6831676 11
6835114 6835120 68
6838365 6838381 63
305849 836130 99
6851435 6851444 82
5386534 5386546 66
6868431 6868441 5
6875894 6875902 49
6889127 6889135 50
6891804 6891822 25
6892964 6892969 34
4826474 4826559 7
4495438 4524218 51
6909384 6909399 17
4288239 4373987 1
724718 1490804 71
724718 1490805 73
4668981 4674691 84
6972323 6972330 7
6979147 6979153 41
6991715 6991724 7
7044959 7044967 72
7063744 7063757 64
7080431 7080439 35
7145581 7145595 12
7157375 7157386 85
7174168 7174172 4
7185559 7185571 10
7185625 7185632 80
7206576 7206581 49
7220770 7220776 26
7221199 7221208 66
7224247 7224257 17
7226044 7226059 49
7231366 7231374 70
7234944 7234956 32
7249023 7249034 54
7262442 7262450 2
7282719 7282728 73
7284695 7284702 43
7285728 7285734 49
7304494 7304499 26
7309171 7309178 18
7317859 7317865 14
7343704 7343715 15
7351898 7351902 8
7352055 7352064 4
7376390 7376402 19
7385279 7385291 42
7389159 7389171 68
7393002 7393022 88
4279432 4369018 98
7409480 7409491 42
7417851 7417861 23
7425248 7425258 56
7434378 7434384 29
7438040 7438051 54
5700306 5700342 53
7469246 7469253 39
7485751 7485760 59
2522845 3185026 26
7511209 7511215 29
2865767 3416205 12
7539699 7539707 51
7543978 7543985 85
7553466 7553472 66
7568479 7568484 12
7584135 7584141 93
7610895 7610911 61
7631823 7631834 72
7637932 7637941 87
7649951 7649962 47
7653853 7653863 39
5486250 5486280 24
7670624 7670633 58
7676824 7676835 37
7677194 7677200 13
7679013 7679028 45
7679013 7679029 72
7681025 7681036 71
7684671 7684674 26
7688989 7689004 42
7700404 7700416 34
7710293 7710300 64
7716262 7716270 95
7731523 7731532 96
7732155 7732167 39
308488 841303 42
7742917 7742926 13
7766843 7766848 67
7773214 7773218 94
7774258 7774270 58
7778490 7778502 3
7779719 7779730 22
7804577 7804590 92
7804641 7804652 40
7814789 7814804 75
7814838 7814847 99
7822919 7822931 41
7826035 7826043 37
7849350 7849358 37
7888447 7888458 69
7894139 7894147 13
3164206 3633424 10
7930753 7930768 23
7939760 7939770 14
7943167 7943174 12
7944417 7944424 5
7954888 7954896 48
7955163 7955178 83
7955237 7955245 45
7955256 7955270 32
7956761 7956774 55
7963724 7963730 37
7963738 7963742 72
7974154 7974159 71
8001075 8001086 8
8005975 8005980 77
8007248 8007254 9
8029680 8029688 62
8059387 8059395 45
148739 469215 23
2308464 3018732 75
8084237 8084245 33
8089103 8089109 35
8094959 8094968 14
8095364 8095368 55
1554854 2414982 56
8104220 8104224 71
8111041 8111051 17
8113589 8113604 95
8123172 8123176 31
8124829 8124848 94
8142086 8142092 57
8143101 8143108 99
8145284 8145289 60
8149838 8149849 94
8152651 8152659 33
8158152 8158160 53
8165064 8165073 91
8170336 8170346 100
8176254 8176257 58
8192570 8192582 41
8193896 8193904 87
8194121 8194131 31
8195219 8195228 22
8201078 8201086 25
7185620 7185624 89
8217471 8217478 46
8221822 8221837 8
293788 813255 39
8228860 8228875 20
8229774 8229784 15
7393004 7393043 51
8234382 8234394 94
4342283 4410665 61
8237029 8237035 84
8237029 8237036 84
8237042 8237048 25
8246740 8246749 88
8252526 8252531 54
8253190 8253195 23
8307576 8307584 76
8323271 8323278 69
8333388 8333397 1
8338988 8338996 25
8343564 8343568 5
8347793 8347797 50
1319466 2190443 36
8376040 8376049 2
8402839 8402848 83
8407280 8407287 70
8414806 8414818 27
8434285 8434288 13
994786 1841181 32
8442216 8442225 100
8442956 8442965 56
8445008 8445021 54
8464079 8464083 88
8477236 8477240 32
5749397 5749433 42
8498099 8498107 29
8506602 8506608 12
8514382 8514392 86
8516593 8516608 40
8523937 8523948 78
8143265 8143280 37
8564395 8564399 24
8581035 8581042 70
8582223 8582229 84
8602409 8602418 54
8602918 8602922 46
8603039 8603047 93
8603187 8603192 7
8621430 8621439 20
8630671 8630679 23
8631129 8631140 65
8632284 8632293 99
8632855 8632860 63
52494 218421 92
8660019 8660033 6
8668972 8668978 10
8689549 8689563 98
8700830 8700844 78
4674670 4679714 100
8152653 8152674 14
8726722 8726734 32
5386481 5386492 24
8731182 8731189 51
8746486 8746496 91
1087542 1949788 95
8752773 8752785 53
8753263 8753273 76
8762584 8762594 100
8771486 8771494 61
8774727 8774737 44
8781949 8781953 76
7185561 7185592 17
8786968 8786978 71
6438630 6438640 52
8814416 8814427 17
8817451 8817461 66
8820207 8820221 66
8835869 8835874 89
8843862 8843868 92
8850155 8850165 6
8851637 8851647 40
8843879 8843893 50
8854341 8854351 83
8858254 8858262 67
8867175 8867184 75
8868700 8868703 96
8869154 8869161 76
214676 653328 50
8895013 8895017 14
8942884 8942889 8
8968499 8968514 23
8973704 8973713 57
8982243 8982252 31
8983362 8983368 66
2747280 3338767 30
8990446 8990459 14
2118616 2866051 36
8996774 8996783 45
8999734 8999740 54
9001041 9001049 39
9001166 9001180 14
9002948 9002954 48
9018894 9018900 77
9065246 9065251 14
9067144 9067148 8
4956946 4957012 22
9075407 9075411 17
9096879 9096885 40
9121887 9121893 66
9148874 9148878 1
9160134 9160141 1
9178228 9178232 24
9213202 9213213 81
9218075 9218089 44
9226439 9226448 17
3586348 3917996 72
9231768 9231780 9
9244510 9244515 74
5658506 5658519 83
9266401 9266411 87
9274997 9275005 57
9275247 9275253 6
9294973 9294983 68
9354218 9354224 44
9354218 9354225 20
9356386 9356393 5
9356810 9356816 58
9363930 9363935 31
5885482 5885509 46
9388503 9388510 85
9396019 9396026 61
9402784 9402800 32
9403596 9403605 6
9403817 9403825 56
9410042 9410045 9
9410121 9410129 28
9411263 9411267 4
9412232 9412237 7
9424118 9424125 21
9425796 9425807 77
9427709 9427719 36
9444038 9444045 45
9451054 9451061 75
2334740 3035883 78
9483087 9483097 42
9497710 9497715 29
9497718 9497723 8
9507674 9507682 33
9403819 9403836 30
9513123 9513131 1
9513209 9513218 13
2328677 3031551 22
9513991 9513997 33
2099570 2851388 9
9515678 9515685 47
9515816 9515819 42
9515958 9515963 24
9516443 9516450 19
9516536 9516541 99
9517021 9517025 76
9517027 9517035 98
9517068 9517073 99
9517078 9517087 1
9517092 9517096 95
9517098 9517109 28
9517117 9517120 68
9517387 9517393 44
9517958 9517962 51
5966798 5966825 70
9519966 9519969 74
9520383 9520399 9
9521164 9521171 59
9521273 9521279 16
9521316 9521324 21
8221824 8221854 85
9521774 9521781 34
9521807 9521811 52
9522115 9522118 31
9522993 9523000 7
9523326 9523330 27
8229776 8229795 49
9523842 9523849 27
9523891 9523901 52
9524147 9524155 91
9524748 9524755 55
9524780 9524785 88
9524839 9524847 9
9525269 9525276 12
9525498 9525504 45
9534091 9534098 73
9538697 9538704 80
9539158 9539172 73
9541430 9541433 5
9555526 9555538 69
9555698 9555702 60
9555704 9555708 73
9558624 9558631 43
9562055 9562059 23
9564386 9564396 55
9571596 9571599 8
9587276 9587284 59
9601689 9601695 31
9602593 9602601 58
9624549 9624561 31
9652678 9652688 20
9787665 9787669 26
9806580 9806590 80
9846276 9846284 39
9880174 9880181 16
9898107 9898112 4
9919676 9919689 98
9976986 9976997 48
9976986 9976998 39
10005463 10005470 24
10012176 10012182 97
10060196 10060201 66
10063677 10063682 15
2265851 2985788 51
9991465 9991479 5
10293262 10293264 33
777170 1563049 94
2321530 3026040 34
10298040 10298044 78
10304438 10304443 15
10306732 10306738 69
10315075 10315079 89
10363157 10363163 10
10396563 10396568 85
10416024 10416026 83
10423203 10423208 31
10423244 10423253 53
10424582 10424589 40
10427807 10427813 23
10430058 10430063 53
1491059 2357614 22
10430684 10430693 67
10431945 10431949 21
6918042 6918070 53
8192757 8192836 22
10433638 10433644 72
10433877 10433880 79
10436144 10436151 15
10664550 10664556 1
10665327 10665341 47
10669022 10669030 15
10681945 10681951 59
10685782 10685786 23
10692439 10692444 49
10706937 10706943 48
1841167 2647146 44
10713290 10713295 35
10722977 10722980 38
10723368 10723372 30
10725268 10725272 34
10726702 10726705 73
10732943 10732952 83
10734437 10734441 90
10738881 10738885 88
10738991 10738996 100
10740620 10740625 14
8290327 8290355 67
10743894 10743900 8
10746020 10746028 72
10747249 10747254 94
10753079 10753082 11
10753680 10753684 72
10757416 10757420 25
10761585 10761591 89
10763880 10763886 2
10764138 10764142 91
3985747 4172241 64
10768081 10768084 45
10768924 10768929 98
10774048 10774055 56
10777200 10777204 97
10785834 10785841 22
10786563 10786568 17
10790226 10790231 47
10792136 10792140 78
10793643 10793649 59
10797596 10797599 71
10807412 10807415 91
10808695 10808702 54
10808978 10808981 11
10810774 10810777 30
10812675 10812681 50
10816837 10816842 77
10819717 10819723 83
10828450 10828456 62
10840533 10840539 21
10845796 10845799 24
10865851 10865860 17
10867456 10867459 26
10869218 10869221 38
10876814 10876819 37
10881560 10881569 96
10887184 10887188 69
10887997 10888000 50
10888202 10888205 20
10890494 10890497 24
10443927 10443934 79
10905755 10905758 9
10906548 10906551 58
10907508 10907511 30
10911047 10911051 85
10912167 10912172 41
10916188 10916193 20
10922117 10922120 82
293789 813272 95
10928825 10928829 2
10930856 10930859 45
10932597 10932601 74
10933470 10933473 15
10934903 10934907 50
10941212 10941215 93
4208926 4322031 51
10944384 10944391 34
10945029 10945033 14
10946053 10946057 14
10946243 10946246 2
10948203 10948206 22
10948221 10948225 34
10949551 10949554 24
10949937 10949940 42
10953952 10953957 70
10956613 10956616 24
10963534 10963538 89
10963698 10963708 20
10964770 10964773 17
10965187 10965191 69
10965663 10965667 15
10965673 10965677 63
10965681 10965686 46
10965694 10965697 61
10965716 10965720 19
10965734 10965738 60
9356822 9356829 16
10967059 10967063 11
10967279 10967283 89
10967925 10967934 36
10972946 10972949 75
10975297 10975300 8
10983964 10983969 100
10994938 10994946 82
10996545 10996551 1
11008427 11008430 18
11018663 11018668 37
11021849 11021854 87
11026212 11026215 97
11026749 11026754 23
3480247 3849225 51
11041214 11041217 34
11049674 11049678 45
11057032 11057035 26
11057490 11057494 40
11059965 11059969 95
11060176 11060182 34
11060203 11060207 15
11060452 11060455 46
11063823 11063828 100
11065204 11065207 65
11066176 11066180 57
11069394 11069398 36
11070090 11070095 27
8152769 8152803 7
3593287 3922446 29
4001037 4183771 56
11075411 11075415 54
4085110 4236953 59
11076312 11076317 31
11076757 11076761 86
171622 529605 100
11076789 11076793 3
11076800 11076804 57
529479 1239351 71
11076807 11076810 32
11078002 11078005 69
11078468 11078476 72
4013838 4191186 100
11082032 11082036 95
11082159 11082162 69
11086195 11086199 10
11088249 11088254 96
11088702 11088705 62
837625 1648561 38
11090747 11090750 58
11090802 11090805 38
11090808 11090811 13
11095246 11095251 93
202885 608990 70
4490159 4520368 40
4562691 4578161 37
11103704 11103709 67
11108612 11108616 44
11110049 11110060 41
11113630 11113635 38
11117974 11117977 40
11121456 11121462 35
11125043 11125046 67
7185563 7185599 29
11131042 11131046 13
11132051 11132056 95
11134132 11134142 71
11138481 11138484 65
1565771 2425045 78
11142808 11142814 95
11146444 11146447 27
11148609 11148613 46
11149061 11149067 47
11150844 11150847 51
11155056 11155061 62
11155885 11155889 99
11158119 11158125 22
11158147 11158157 68
11161657 11161660 24
8581611 8581632 8
11161850 11161854 63
11168115 11168121 50
11174922 11174925 87
11174946 11174949 42
11176061 11176065 57
11182742 11182745 52
11188626 11188633 14
11190262 11190266 75
11190823 11190831 26
9177652 9177673 79
9819405 9819428 20
11209536 11209543 91
11210701 11210705 37
11217168 11217171 5
11224506 11224510 92
3260088 3701444 91
11172933 11172948 32
8192644 8192668 55
11245236 11245241 71
11253184 11253188 77
11260885 11260889 66
11268181 11268184 41
11274306 11274311 39
11280741 11280746 57
11282181 11282186 4
11285635 11285638 14
11286358 11286363 29
11287148 11287151 61
11293654 11293659 82
5354372 5354376 83
11294187 11294191 33
11295536 11295543 5
11300190 11300196 62
11307488 11307492 44
11307541 11307546 69
11307962 11307966 18
11307971 11307977 6
11307983 11307988 1
11315627 11315630 11
11320811 11320817 54
11321185 11321191 88
11321549 11321553 2
11323324 11323333 26
11323660 11323668 100
7924332 7924344 6
11325954 11325958 91
11327266 11327270 82
11328331 11328335 78
11330664 11330668 66
11333855 11333858 11
10681947 10681963 56
11335678 11335688 93
11336004 11336012 65
11339120 11339127 9
11343566 11343570 26
11351216 11351220 89
10444544 10444550 53
11365847 11365850 70
11379119 11379123 6
5532978 5533017 2
11383593 11383600 94
202886 609007 90
10307419 10307446 16
11407323 11407334 89
11416198 11416202 46
8192672 8192709 71
5749427 5749448 40
11419134 11419140 49
11419672 11419680 22
11420266 11420275 18
11420973 11420977 28
10443883 10443889 72
11422558 11422564 14
11432379 11432389 64
11432778 11432786 17
11451560 11451563 38
11451656 11451660 77
2491790 3164188 25
11468833 11468837 83
2923092 3461808 22
11474747 11474751 90
11485336 11485342 70
239795 727374 67
11495179 11495182 61
11497402 11497411 16
11498074 11498079 28
171581 529484 87
11499148 11499153 44
11508203 11508208 90
11508210 11508216 80
11509771 11509775 76
11510764 11510767 54
11515886 11515896 6
11516919 11516922 39
11519160 11519167 33
11520233 11520237 50
11520261 11520268 43
11520604 11520608 43
11522167 11522170 89
11523546 11523549 45
11526189 11526192 2
11526251 11526255 95
11527720 11527723 19
11527726 11527729 50
11529110 11529114 32
11534238 11534247 94
11536175 11536178 35
8192698 8192776 30
11540123 11540127 78
11540824 11540828 84
11540876 11540879 97
11540900 11540903 24
11541047 11541051 71
10963536 10963548 47
11546019 11546023 42
11547925 11547928 61
11549347 11549350 4
2465563 3144251 44
11555039 11555042 11
8192596 8192609 80
11561550 11561556 94
11564798 11564801 22
11565819 11565824 27
11572976 11572979 90
11574468 11574475 27
11577359 11577362 18
11577500 11577503 36
11577952 11577958 47
11582266 11582270 28
10434489 10434501 55
11582618 11582621 51
11584142 11584147 87
11586995 11586998 16
11588388 11588394 95
11335698 11335712 84
11591312 11591316 91
11592342 11592345 40
11600176 11600181 67
11602393 11602396 67
8192597 8192618 80
11605147 11605150 28
11609226 11609230 14
10967927 10967946 42
9425814 9425822 13
11619247 11619251 55
11621057 11621065 36
11627420 11627424 64
11627584 11627590 67
11644276 11644282 33
10544751 10544760 48
11718735 11718738 8
11722042 11722044 29
3919071 4129468 87
11730927 11730929 44
11803683 11803685 100
11823058 11823064 53
1239526 2118602 79
4237267 4342738 74
11940515 11940519 93
11940823 11940828 74
7955167 7955195 92
3586488 3918122 46
11971503 11971505 43
11978691 11978693 12
11986969 11986973 72
11994098 11994102 95
11995013 11995016 13
12018989 12018994 26
12031896 12031903 39
12033259 12033266 90
12033303 12033306 6
12034683 12034688 85
12034693 12034697 29
12034748 12034751 24
12034893 12034895 92
12035230 12035234 16
12037217 12037220 22
12037941 12037943 94
12038508 12038512 96
12040031 12040034 46
12042143 12042148 89
12043371 12043376 44
12043418 12043423 99
12043987 12043990 14
12046626 12046629 85
12047180 12047182 98
12047899 12047903 2
12055358 12055361 85
3802410 4049970 92
12055811 12055813 32
12068265 12068268 42
12146592 12146594 23
12181864 12181867 100
11110051 11110072 1
12254843 12254847 79
12302293 12302295 92
12357188 12357191 97
12367338 12367340 29
12413890 12413892 30
12418065 12418069 100
12427202 12427206 87
12431766 12431773 92
12432414 12432421 85
12461733 12461738 68
815668 1620047 81
12467943 12467947 6
12494490 12494494 31
12503787 12503789 64
12543620 12543624 74
962887 1800917 4
12560645 12560649 22
1955887 2727440 12
196437 591024 24
12604131 12604134 38
12611887 12611893 6
12616089 12616093 77
12619097 12619102 86
12675047 12675055 82
12765629 12765634 13
12780540 12780542 5
12783900 12783903 66
12800588 12800591 75
124019 405628 21
12841607 12841611 93
12847071 12847079 81
12911989 12911992 35
12960094 12960096 3
12970434 12970437 78
12988774 12988777 83
13140661 13140663 34
13182541 13182546 44
13185884 13185888 19
13188308 13188311 39
13195363 13195368 19
13203423 13203427 82
1645839 2488515 99
11416934 11416948 85
14268731 14268735 58
14278847 14278850 43
14279193 14279195 70
14283906 14283908 95
14305648 14305650 98
14329992 14329994 29
14048878 14048888 98
14335813 14335817 11
14337148 14337152 15
14338582 14338584 9
10963832 10963849 13
14352031 14352033 32
14356789 14356791 18
14357645 14357647 18
14358934 14358939 25
14358973 14358976 78
14359768 14359773 11
14361447 14361450 68
14361908 14361910 66
14364209 14364212 54
14369911 14369913 3
14380997 14380999 68
14383694 14383696 87
14384561 14384563 63
14385153 14385156 64
14385201 14385204 72
8229779 8229804 41
14396090 14396093 77
14397460 14397463 11
14407734 14407737 46
14408335 14408338 96
14098913 14098919 51
14427860 14427863 24
14428314 14428316 59
14432404 14432408 48
14432607 14432609 33
14435729 14435733 31
14442564 14442566 46
14080115 14080124 84
14445925 14445928 19
14447569 14447571 24
14054660 14054664 21
14450854 14450856 39
14451516 14451518 16
14452127 14452129 37
14452408 14452410 74
14452439 14452441 80
14453483 14453485 5
14454260 14454262 52
14454426 14454428 100
8192829 8192865 86
14456044 14456046 95
14456528 14456530 13
14456681 14456683 67
14457827 14457830 16
14457924 14457928 7
14458427 14458429 24
14458695 14458697 16
14459493 14459495 78
14460307 14460309 72
14460464 14460466 43
14054361 14054367 44
14460647 14460650 86
14460860 14460866 84
14460988 14460990 41
14460992 14460994 10
14460996 14460998 34
14462082 14462084 35
13962804 13962813 82
14463145 14463147 8
4179381 4303302 87
14463593 14463596 32
14465013 14465015 4
14465365 14465368 93
14465419 14465424 92
14465419 14465425 9
14465963 14465967 36
14466083 14466086 56
14055558 14055562 52
14466340 14466344 32
14466359 14466362 86
14468740 14468742 86
14469754 14469756 45
14469938 14469941 61
14472678 14472680 47
14473137 14473140 84
14473931 14473933 39
14476155 14476158 67
14054624 14054630 72
3416362 3802649 64
2118645 2866085 11
14478550 14478552 16
14480911 14480913 5
14054986 14054993 99
14106218 14106222 9
14483736 14483738 72
14484969 14484971 64
14486489 14486491 17
14488427 14488429 65
14492399 14492403 25
14495021 14495023 38
14072404 14072409 100
14497382 14497384 11
14498075 14498077 98
14498241 14498243 60
10963715 10963755 16
14502820 14502822 95
14504316 14504319 4
14504654 14504656 41
14504956 14504958 6
14016515 14016520 88
14507298 14507300 93
5735096 5735237 91
14508042 14508045 94
14509892 14509895 28
14511118 14511120 99
14518958 14518960 99
14518962 14518964 19
10547395 10547399 60
14109831 14109835 73
14519313 14519317 43
14519334 14519337 40
14519341 14519343 56
14519403 14519406 10
9444042 9444052 28
14068979 14068985 17
14519702 14519704 61
5120324 5120341 42
14519706 14519709 92
14519720 14519724 97
8113594 8113619 84
14060633 14060639 60
14519930 14519932 80
14519934 14519936 70
14098892 14098898 9
14520059 14520061 26
14520153 14520156 39
14520237 14520239 94
14520253 14520256 73
14109899 14109907 44
14476157 14476163 75
14521198 14521201 35
14521273 14521275 39
14521279 14521282 99
14521301 14521304 64
14521510 14521512 30
14521561 14521563 92
14521852 14521854 42
14521962 14521964 6
14521967 14521969 30
14522063 14522065 39
10963779 10963800 75
14522120 14522123 33
14522173 14522175 64
14522177 14522179 25
14522193 14522197 71
14522202 14522206 42
14522210 14522212 99
14202450 14202457 93
14522268 14522271 3
14522841 14522843 40
14522870 14522872 45
14036705 14036709 86
14525141 14525143 29
14525461 14525463 20
14526109 14526111 26
14054593 14054600 94
14526118 14526120 14
14526124 14526126 70
14526129 14526131 75
14526134 14526137 82
3865224 4094547 4
14526160 14526162 98
14526177 14526179 79
10519464 10519471 30
14526357 14526359 25
14526361 14526365 95
14526480 14526483 42
14526490 14526492 60
13962805 13962817 58
14526703 14526705 5
14526719 14526721 26
8192675 8192728 33
14526796 14526799 43
14526939 14526941 86
14526967 14526969 91
14527065 14527067 55
14054422 14054428 73
14054422 14054429 70
14529275 14529277 9
14530974 14530976 24
14532604 14532609 70
14532741 14532743 79
14533754 14533756 14
14534137 14534139 68
14536230 14536233 21
14536340 14536342 14
14093474 14093480 97
14536361 14536363 98
14054210 14054220 21
14536399 14536401 22
11574481 11574490 4
14536403 14536405 59
14543349 14543351 36
8192598 8192628 63
14549032 14549034 15
14555909 14555913 78
13935863 13935864 22
14557085 14557088 53
14557093 14557095 74
14054752 14054757 76
14557471 14557474 30
14557637 14557639 50
14560219 14560221 14
14562172 14562174 14
14562406 14562408 29
8192830 8192872 67
8192831 8192878 27
14050937 14050955 63
14563068 14563070 71
14563345 14563347 94
14563781 14563784 64
14054678 14054686 30
14566321 14566323 82
14050901 14050922 94
14566489 14566492 79
14566583 14566585 18
14566735 14566738 25
14566742 14566744 86
14566746 14566748 91
14567401 14567403 77
14567525 14567527 25
14567641 14567643 89
14567941 14567943 100
14568026 14568028 81
14568387 14568389 88
14568617 14568619 63
10881565 10881585 35
14568902 14568904 51
14568909 14568911 65
14569210 14569212 98
14056228 14056234 79
14569377 14569380 53
14569384 14569386 83
14569389 14569392 65
14569596 14569599 61
14569612 14569614 46
14569617 14569620 21
14569663 14569665 85
14569787 14569790 45
14570259 14570261 4
14570294 14570296 51
14570539 14570541 43
14570550 14570553 77
14054645 14054650 83
14571393 14571395 66
14571398 14571400 16
14571523 14571525 15
14571739 14571741 100
14571744 14571749 78
14572380 14572384 20
14572723 14572725 63
14574262 14574264 38
14574905 14574907 24
14575862 14575866 46
14576617 14576619 93
14577631 14577636 89
14054579 14054583 56
14579390 14579392 71
14582614 14582616 38
14582789 14582791 72
14582868 14582870 47
14582872 14582876 67
14583036 14583038 9
14584306 14584309 47
14585179 14585182 17
14585243 14585246 32
11515904 11515920 97
14586010 14586012 45
14586057 14586062 54
14586269 14586271 12
14586569 14586571 54
813249 1615718 79
14601532 14601535 18
2118617 2866062 22
171623 529619 77
14604873 14604877 3
14606368 14606370 17
14607500 14607502 34
14608819 14608821 99
14055493 14055499 60
14613793 14613795 71
14624159 14624163 65
8192599 8192633 91
14628459 14628461 15
14629972 14629975 21
14637587 14637589 20
14637591 14637593 64
13875743 13875749 24
14084978 14084981 11
14641004 14641006 77
1239528 2118621 64
14645075 14645077 37
14096437 14096443 82
14648369 14648371 88
14649382 14649387 57
14650607 14650610 99
14653646 14653651 96
14657976 14657978 67
14658135 14658138 47
14664917 14664919 56
14665494 14665496 54
14665897 14665899 64
14666952 14666955 52
14668109 14668112 60
14056229 14056240 81
3162073 3631863 85
14672798 14672800 43
1239561 2118688 1
14678117 14678119 61
14683877 14683880 9
11079393 11079401 9
14686576 14686579 98
14055526 14055533 92
14690701 14690703 78
14700983 14700986 71
14710859 14710862 49
13644688 13644702 96
14713580 14713583 6
14716993 14716996 91
14718048 14718050 62
14718357 14718362 85
14724529 14724532 48
14055636 14055640 75
14733636 14733638 96
14734451 14734453 49
12037767 12037775 16
14736509 14736513 34
14737025 14737027 39
14740941 14740945 32
14741262 14741265 96
14741272 14741275 18
14742212 14742214 14
14742396 14742398 25
14742421 14742425 20
14742875 14742879 32
14742952 14742955 74
14742980 14742982 52
14743398 14743400 27
1763357 2581671 3
14743433 14743435 87
14743673 14743680 4
14743696 14743699 35
14743738 14743741 99
14744376 14744379 69
14744383 14744386 38
14744925 14744927 18
14744964 14744969 29
13974285 13974288 69
14745064 13995695 77
14745067 14745069 42
14745094 14745099 22
14745266 14745268 39
14745280 14745283 44
14745607 14745609 73
14745616 14745618 87
14745724 14745729 45
14745929 14745933 9
14745929 14745934 21
14746894 14746896 15
6019104 6019129 75
14080122 14080129 52
14752990 14752992 43
14754416 14754418 5
14755142 14755145 5
14760790 14760792 55
14779963 14779965 97
14784805 14784808 21
14784851 14784856 66
14797627 14797630 57
14798021 14798024 39
14799476 14799480 91
14800921 14800925 50
14803641 14803645 42
12329507 12329520 8
14831894 14831897 12
14835877 14835880 23
14837578 14837581 41
3968638 4161824 14
14876614 14876618 84
15224975 15224977 58
15234149 15234152 72
15234374 15234376 8
7814794 7814820 13
15275954 15275956 10
15276315 15276319 77
15284625 15284627 87
15301933 15301935 15
15306796 15306799 96
15326661 15326665 93
15327527 15327530 52
15340024 15340026 4
14023200 14023207 78
15380216 15380219 20
15382122 15382125 57
15391045 15391048 38
14080128 14080139 84
13943767 13943771 17
15526075 15526077 53
15535328 15535332 72
3260091 3701488 78
15543743 15543746 71
15555654 15555656 54
15557402 15557405 86
15565477 15565481 44
15567724 15567727 44
15591537 15591540 64
10519995 10520003 97
15618381 15618383 64
15620694 15620701 19
15620751 15620755 6
15624986 15624988 4
15629656 15629662 57
5770960 5770985 51
15631030 15631032 71
15636724 15636726 55
15646252 15646254 99
1554861 2415003 53
14098947 14098953 83
15654377 15654380 30
15656431 15656434 79
15665644 15665646 55
15669236 15669238 77
21609411 21609413 14
21609784 21609787 88
21622746 21622749 25
21691610 21691613 67
14054718 14054723 17
21731469 21731472 15
21734216 21734218 38
21776646 21776648 72
14072486 14072491 3
21783612 21783614 11
21807433 21807436 56
14054829 14054833 100
21849322 21849324 52
21872468 21872470 12
14098914 14098924 77
9244513 9244524 86
21945068 21945070 14
5529114 5529134 86
23734582 23734584 2
23735043 23735045 30
23735105 23735107 10
23735291 23735293 69
23764903 23764907 19
23765969 23765973 43
10519867 10519870 41
24338973 24338975 53
24339512 24339514 12
24339645 24339648 9
24339778 24339780 50
24339806 24339808 7
24339966 24339968 56
24343179 24343182 44
24344108 24344110 60
24345674 24345676 28
24346095 24346097 37
24346252 24346254 12
24346365 24346367 87
24346784 24346786 85
24346801 24346803 67
24349075 24349077 9
24349326 24349328 63
24349515 24349518 75
24349923 24349925 94
24350219 24350221 31
24350575 24350577 4
24351106 24351108 79
24351220 24351222 90
24351410 24351412 42
24351783 24351785 40
24351974 24351976 66
14056265 14056271 52
24359660 24359662 47
24364722 24364724 91
24365407 24365409 53
14167430 14167434 13
24365578 24365580 62
24372782 24372784 76
14054392 14054397 78
24374443 24374445 64
24377040 24377042 62
24377488 24377490 25
24377827 24377829 44
24378128 24378130 37
24378414 24378416 71
24378786 24378788 11
24382459 24382461 13
24386089 24386091 43
24387280 24387282 85
24387398 24387400 86
24388760 24388762 46
24389043 24389045 28
24389296 24389298 47
24389323 24389326 23
24389328 24389331 90
24390169 24390171 22
24390212 24390214 56
14109900 14109912 77
24391145 24391147 16
24392631 24392633 73
24392690 24392692 14
24392696 24392698 28
24392737 24392739 10
13976100 13976104 31
12042146 12042154 13
24393360 24393364 38
24393580 24393582 1
24393646 24393648 11
24394128 24394130 35
14054226 14054232 19
24394300 24394302 80
24394306 24394308 10
24394393 24394395 30
24394458 24394460 67
24394481 24394483 58
14653654 14653658 9
24394834 24394836 14
24394955 24394957 74
24394980 24394982 23
24394988 24394990 5
24395147 24395149 96
24395315 24395317 38
7366041 7366050 12
24396136 24396138 46
24396165 24396167 32
24396220 24396222 20
24396239 24396241 85
24396278 24396280 23
24396337 24396339 5
24396363 24396365 2
24396531 24396533 56
7106206 7106219 7
7106206 7106220 28
10963833 10963857 67
24396814 24396816 6
24396948 24396950 67
24397035 24397037 69
24397146 24397148 45
13962806 13962821 52
24397388 24397390 86
24397393 24397397 90
24397441 24397443 19
24397445 24397447 5
24397510 24397512 76
24397515 24397517 47
24397549 24397552 33
24397577 24397579 72
24397656 24397659 6
24397666 24397668 90
14055747 14055752 5
24397724 24397726 59
24397823 24397826 36
24397848 24397850 39
24398104 24398106 69
24398119 24398121 31
24398199 24398201 29
14054679 14054692 3
24398769 24398772 45
24399032 24399034 18
14054548 14054554 9
24399374 24399377 63
24399591 24399593 54
24399631 24399633 7
14055802 14055806 27
24399743 24399745 44
14109901 14109917 56
24399804 24399806 51
8726729 8726734 73
24399841 24399843 96
4481448 4513702 19
24400199 24400201 53
24400301 24400303 60
24400796 24400798 41
24400902 24400904 7
24401085 24401087 29
24401127 24401129 44
24401595 24401597 36
14080123 14080132 87
24401615 24401617 13
24401667 24401669 17
24402052 24402054 75
24402395 24402397 29
24402458 24402460 62
24402462 24402464 34
24402478 24402480 38
24402482 24402484 29
24402519 24402521 98
14054312 14054317 86
24402910 24402912 40
24402917 24402919 29
13995694 13995700 28
24403008 24403010 27
24403610 24403612 28
14050897 14050903 24
24403781 24403784 57
24403812 24403814 44
24403971 24403973 60
10963780 10963808 22
24404405 24404407 55
3802411 4049974 85
24404992 24404994 31
24405089 24405091 53
24405396 24405398 41
24405720 24405722 27
24405851 24405853 97
14567581 14567593 19
24406077 24406079 86
13902359 13902364 23
24407093 24407095 22
24407607 24407609 37
24408200 24408202 4
24408296 24408298 39
24409015 24409017 43
10963781 10963812 50
24409545 24409547 38
24410364 24410366 18
24418120 24418122 20
24420560 24420563 69
14111205 14111210 65
24421183 24421185 94
24422816 24422818 89
24426088 24426090 81
24426424 24426426 12
25420330 25420333 20
28304489 28304490 53
13973511 13973516 40
13995689 13995695 82
28376109 28376110 97
28389216 28389218 58
28389557 28389560 98
4271891 4362726 18
28497206 28497207 31
28610784 28610785 44
28623308 28623309 22
28624752 28624753 68
7875047 7875051 29
28624981 28624982 64
28625138 28625139 78
28625601 28625602 70
28625611 28625612 56
28625807 28625808 33
28625909 28625910 33
28626029 28626030 62
28626034 28626036 62
10807909 10807917 80
1004817 1855647 79
28626219 28626220 100
28626362 28626363 22
28626373 28626374 1
28626394 28626395 63
28626622 28626623 61
28626644 28626645 58
28626678 28626679 54
28626764 28626765 68
28626780 28626782 15
8737658 8737661 9
14069136 14069141 71
28626886 28626887 50
28627050 28627051 96
28627081 28627082 3
28627173 28627175 60
28627202 28627203 59
28627331 28627333 73
28627417 28627418 76
5153118 5153125 8
28627503 28627504 37
28627516 28627517 40
28627653 28627654 61
28627701 28627703 34
28627747 28627748 62
28627754 28627755 74
28627762 28627763 98
28627897 28627898 93
28627945 28627946 8
28628206 28628208 72
28628240 28628241 43
28628263 28628264 39
28628331 28628332 26
28692732 28692734 84
28693321 28693322 9
28695193 28695194 74
28696508 28696509 1
28696526 28696527 70
28696549 28696550 61
28696609 28696610 73
28696917 28696919 29
4190482 4309811 29
28697805 28697806 9
28698146 28698147 7
28698197 28698200 65
28698466 28698467 21
28698661 28698662 6
6869676 6869683 92
28699025 28699026 88
28699047 28699048 82
28700230 28700231 86
28700811 28700812 51
28701026 28701028 79
28701095 28701096 63
28701100 28701101 70
28701109 28701110 2
28701404 28701405 26
28701916 28701918 6
12705553 12705558 94
28702338 28702339 66
28702697 28702699 16
28702723 28702724 40
28702759 28702760 59
28702900 28702901 92
28702904 28702905 20
28703028 28703030 3
28703117 28703118 100
28703159 28703160 16
28703165 28703166 15
28703189 28703190 86
28703237 28703238 95
28703293 28703294 40
28703300 28703301 42
28703330 28703331 81
28703346 28703347 44
28703364 28703366 19
28703539 28703540 9
28703565 28703566 84
28704038 28704039 100
28704046 28704047 76
28704050 28704051 71
28704058 28704059 40
28704142 28704144 90
28704196 28704197 43
28704220 28704221 75
28704547 28704548 44
28704564 28704565 65
28704568 28704570 45
28704583 28704584 44
28704897 28704898 89
28704995 28704996 61
28705054 28705055 26
28705069 28705070 85
28705084 28705085 32
28705236 28705237 20
15746702 15746705 35
28705407 28705408 91
28705495 28705496 32
28705553 28705554 22
11515924 11515942 67
11515905 11515927 15
8843877 8843883 46
14055523 14055529 41
14055527 14055538 4
9517032 9517041 41
14054558 14054564 67
14054549 14054560 92
14050915 14050939 65
14050916 14050940 79
14050917 14050942 71
28735713 28735714 1
28738030 28738031 53
28777391 28777392 58
13962807 13962826 98
4305954 4386372 72
28777400 28777401 71
28777405 28777407 96
28777415 28777416 65
2866145 3416400 29
28777422 28777423 47
28777424 28777425 65
28777427 28777430 18
28777432 28777434 74
7185603 7185621 91
2118664 2866123 51
28993987 28993989 23
1648631 2491783 19
29007153 29007156 36
29010972 29010974 30
29013314 29013316 35
29014395 29014398 93
29014399 29014401 86
29022750 29022752 13
29022848 29022850 27
29023321 29023324 52
29025683 29025684 33
29025876 29025877 64
14084649 14084655 60
29027043 29027044 16
29027194 29027195 29
14072405 14072415 85
3716867 4001034 98
13875746 13875754 79
13935860 13935864 39
14055528 14055541 41
11515925 11515944 11
8192687 8192752 83
8192664 8192689 44
29370692 29370693 74
29370701 29370702 55
10963855 10963881 54
8192665 8192694 48
14054413 14054417 6
14041098 14041101 53
30298931 30298932 45
13973512 13973518 46
30315799 30315800 79
11515906 11515933 8
30329848 30329849 27
14050928 14050946 13
30334711 30334712 73
10963716 10963760 11
30339165 30339167 72
8843867 8843874 13
30339288 30339289 67
14054208 14054214 2
14055537 14055553 44
30341982 30341983 2
3738204 4012414 33
14109934 14109940 31
30353576 30353577 81
30359101 30359102 100
30376731 30376732 13
3144246 3619380 26
1239347 2118361 79
8192735 8192809 39
30388350 30388352 70
30397533 30397534 98
3850217 4085682 29
30360652 30360655 66
2895416 3438778 77
3263023 3704579 68
8192676 8192734 31
14109705 14109708 96
14056048 14056052 100
30764642 30764644 86
30764646 30764648 10
14098967 14098973 18
30777055 30777059 89
529625 1239555 79
815701 1620164 4
31072456 31072457 39
529602 1239520 8
31088907 31088908 1
31090920 31090922 99
47078 202891 71
2219287 2951862 33
31106180 31106181 25
31107454 31107455 9
31107693 31107694 55
31107990 31107991 90
15608165 15608172 98
31108241 31108242 77
41688 171627 16
15608166 15608180 76
31114070 31114072 68
31114795 31114797 25
13875747 13875759 13
31116663 31116664 44
31118962 31118963 10
31119990 31119991 50
31121179 31121181 55
31125166 31125168 46
14054811 14054815 19
31126139 31126141 67
31127423 31127424 47
31128893 31128894 60
31128928 31128929 99
31131024 31131027 26
31131031 31131032 17
31133899 31133902 83
31134730 31134731 72
2866077 3416356 81
14099010 14099015 51
10963835 10963865 61
14054701 14054705 29
31151392 31151393 83
30919318 30919320 46
31153289 31153290 30
31153292 31153294 72
14055602 14055612 38
31153317 31153318 18
31153322 31153323 68
31162223 31162225 73
31162435 31162436 43
31162503 31162504 77
31162507 31162508 23
31162592 31162593 47
31163880 31163883 7
31163886 31163888 100
31165523 31165526 31
31166989 31166990 40
31166989 31166991 83
31167003 31167005 70
31167012 31167014 5
31169376 31169378 35
11113634 11113642 15
31170352 31170353 78
14071753 14071755 70
31172151 31172152 67
14202274 14202277 90
13962808 13962829 87
14088169 14088172 10
14055720 14055722 3
14054567 14054573 83
14056257 14056260 32
14072419 14072425 23
14167259 14167262 22
14054704 14054709 36
13644689 13644712 55
14054539 14054543 39
14099141 14099145 66
14054253 14054257 42
14107590 14107592 90
14104650 14104654 65
31872182 31872184 56
2308757 3019090 60
2308757 3019091 78
30900772 30900773 19
4190359 4309722 92
29014504 29014507 40
30900615 30900619 60
30900616 30900620 11
30759420 30759424 18
30898247 30898250 6
14914963 14914970 3
30898449 30898455 3
11335699 11335715 36
14063551 14063554 100
30900617 30900621 32
2842367 3401765 7
13328424 13328431 26
30901118 30901122 99
30901119 30901125 16
30900759 30900765 50
30909064 30909066 86
30898450 30898456 20
3865226 4094551 94
10746038 10746043 40
30901540 30901545 47
30905867 30905868 81
5476294 5476296 97
30898812 30898815 82
14098987 14098994 98
30898582 30898583 18
30898582 30898584 86
14914964 14914971 59
1239553 2118667 49
32960254 32960258 61
11574483 11574494 90
30897769 30897772 6
32960263 32960265 43
32960272 32960274 4
30898049 30898052 96
30897842 30897845 7
32960276 32960278 92
32960282 32960284 82
14054436 14054444 85
32960295 32960297 2
32960301 32960303 28
32960306 32960308 49
32960312 32960314 18
32960318 32960320 6
30898019 30898023 20
32960332 32960334 85
32960342 32960345 1
14054496 14054502 80
32961616 32961617 74
32963778 32963779 88
32965345 32965346 79
32968526 32968528 38
32968532 32968533 23
32968534 32968535 6
12432420 12432431 20
32968537 32968538 23
32968539 32968540 71
32968579 32968580 98
32968657 32968658 26
32995095 32995096 4
14668776 14668780 80
11070094 11070100 16
32995670 32995671 21
32999530 32999531 35
33002530 33002531 89
33004186 33004188 86
1898326 2680456 100
2680421 3283176 66
15674931 15674936 91
33007913 33007914 57
2680424 3283192 4
471218 1141045 50
3283173 3716892 100
33007945 33007946 50
3283204 3716913 4
33008010 33008011 83
33008020 33008021 64
3716915 4001075 42
4451101 4490160 40
1898327 2680461 38
1898322 2680449 93
10717896 10717900 86
4970779 4970784 57
33008088 33008089 80
33008100 33008101 27
4386598 4442836 36
3802713 4050180 22
2118671 2866133 97
33008347 33008348 43
33008429 33008431 43
33008442 33008443 32
33008475 33008476 64
33008498 33008499 28
837650 1648638 12
33008430 33008433 99
33008504 33008506 21
33008519 33008520 35
33008524 33008525 78
33008536 33008537 73
33008549 33008550 25
33008558 33008559 7
33008583 33008584 86
33008508 33008509 36
33008628 33008630 88
33008646 33008647 24
33008653 33008654 62
33008655 33008656 76
33008657 33008658 9
33008660 33008661 91
4085685 4237269 42
33008664 33008665 50
33008668 33008669 13
33008676 33008677 68
33008678 33008679 13
33008680 33008681 31
1239349 2118370 45
33008703 33008704 98
33008721 33008722 96
33008731 33008732 63
4050123 4212276 100
33008733 33008734 64
33008757 33008758 11
33008774 33008775 47
33008776 33008777 86
33008805 33008806 81
33008807 33008808 80
33008809 33008810 19
33008864 33008865 15
33008866 33008867 44
33008872 33008873 50
33008883 33008885 37
33008890 33008891 18
33008892 33008893 31
33008903 33008904 55
33008905 33008906 43
33008912 33008913 6
33008914 33008915 78
33008916 33008917 74
33008918 33008919 39
33008920 33008921 65
4212025 4324051 42
33008884 33008886 64
33008963 33008964 38
33008988 33008989 76
33008990 33008991 45
33008992 33008993 71
33009000 33009001 50
33009002 33009003 57
33009090 33009091 81
33009100 33009101 53
33009103 33009104 26
33009108 33009109 95
33009110 33009111 70
33009112 33009113 8
33009114 33009115 14
33009126 33009127 83
33009128 33009129 43
33009130 33009131 50
33009132 33009133 82
33009135 33009136 91
33009137 33009138 71
33009143 33009145 59
33009149 33009150 77
33009152 33009153 26
33009154 33009155 79
33009156 33009157 96
33009158 33009159 87
33009160 33009161 30
33009162 33009163 78
33009164 33009165 81
33009166 33009167 28
33009168 33009169 55
33009172 33009173 59
11076325 11076327 47
33009184 33009185 80
33009186 33009187 29
33009188 33009189 30
33009190 33009192 15
33009202 33009203 36
33009207 33009208 41
33009214 33009216 64
33009218 33009219 47
33009220 33009221 56
33009222 33009223 29
33009224 33009225 30
33009226 33009227 7
33009228 33009229 21
33009230 33009231 14
33009232 33009233 25
33009234 33009235 54
33009240 33009241 40
33009242 33009243 34
33009249 33009250 22
33009253 33009254 39
33009255 33009256 36
8786977 8786989 22
33009265 33009266 5
33009294 33009295 72
33009322 33009323 15
33009324 33009325 50
33009326 33009327 5
33009328 33009329 78
33009191 33009193 22
33009330 33009331 14
33009332 33009333 44
33009334 33009335 4
33009336 33009337 11
33009338 33009339 42
33009340 33009341 19
33009386 33009387 21
24389330 24389333 19
33009436 33009437 98
33009439 33009440 95
33009441 33009442 52
33009443 33009444 84
33009445 33009446 82
33009451 33009452 4
33009457 33009458 68
33009464 33009465 41
33009474 33009475 57
33009478 33009479 25
33009480 33009481 68
33009482 33009483 92
33009484 33009485 69
33009486 33009487 52
33009488 33009489 49
33009492 33009493 75
33009509 33009510 56
33009511 33009512 20
33009513 33009514 17
33009525 33009526 69
33009534 33009538 10
33009542 33009543 21
33009551 33009552 50
33009553 33009554 67
33009555 33009556 49
33009557 33009558 64
33009559 33009560 64
33009561 33009562 80
33009563 33009564 37
33009565 33009566 45
33009567 33009568 58
33009569 33009570 17
33009571 33009572 64
33009597 33009598 49
33009599 33009600 36
33009604 33009605 93
33009610 33009611 82
33009612 33009613 72
13961972 13961976 47
33009620 33009621 24
33009622 33009623 44
33009627 33009628 49
33009635 33009636 55
33009637 33009638 100
33009642 33009643 11
33009644 33009645 4
33009647 33009648 13
33009654 33009655 34
33009656 33009657 75
33009658 33009659 29
33009660 33009661 46
33009662 33009663 26
33009666 33009667 56
33009668 33009669 72
33009671 33009672 54
33009673 33009674 56
33009545 33009547 53
33009687 33009688 12
33009692 33009693 96
33009694 33009695 24
33009696 33009697 29
33009700 33009701 28
14278849 14278852 95
33009702 33009703 34
33009704 33009705 65
33009706 33009707 42
33009708 33009709 70
33009710 33009711 41
33009712 33009713 62
33009714 33009715 97
33009716 33009717 9
33009718 33009719 35
33009720 33009721 59
33009729 33009730 5
33009739 33009740 79
33009741 33009742 71
33009745 33009746 100
33009768 33009769 54
33009775 33009776 79
33009777 33009778 13
33009783 33009784 29
33009810 33009811 44
33009863 33009864 86
33009865 33009866 93
33009867 33009868 67
33009869 33009870 85
33009871 33009872 53
33009873 33009874 27
33009875 33009876 72
33009877 33009878 52
33010007 33010008 100
33010026 33010027 62
33010043 33010044 55
33010050 33010051 75
33010052 33010053 21
33010054 33010055 56
33010067 33010068 23
33010077 33010078 66
33010120 33010121 70
33010167 33010168 84
33010225 33010226 63
33010227 33010228 56
33010318 33010319 23
33010380 33010381 28
33010464 33010465 2
33010466 33010467 11
33010468 33010469 82
33010629 33010630 3
33010791 33010792 64
33010924 33010925 28
33011041 33011042 74
33011074 33011075 62
33011136 33011137 8
33011138 33011139 50
33011311 33011312 43
33011334 33011335 4
33011560 33011561 39
33011562 33011563 13
33011679 33011680 56
33011931 33011932 85
33011977 33011978 13
33012012 33012013 16
33012018 33012019 33
33012021 33012022 34
33012023 33012024 97
33012029 33012030 24
33012033 33012034 40
33012035 33012036 50
33012045 33012046 71
33012111 33012112 78
33012122 33012123 61
33012124 33012125 11
33012251 33012252 27
33012253 33012254 34
33012255 33012256 93
33012268 33012269 84
33012270 33012271 29
33012276 33012277 76
33012280 33012281 12
33012283 33012284 1
33012289 33012290 81
33012291 33012292 25
33012293 33012294 91
33012297 33012298 95
33012299 33012300 1
33012311 33012312 76
33012320 33012321 91
33012322 33012323 42
33012339 33012340 34
31163881 31163885 76
33012342 33012343 42
33012344 33012345 46
33012346 33012347 51
33012357 33012358 98
33012359 33012360 26
33012363 33012364 45
33012365 33012366 27
33012367 33012368 5
33012371 33012372 78
33012375 33012376 27
33012377 33012378 2
33012379 33012380 77
33012381 33012382 26
33012393 33012394 26
33012395 33012396 53
33012398 33012399 86
33012400 33012401 4
33012402 33012403 40
33012410 33012411 57
33012413 33012414 55
33012418 33012419 50
33012424 33012425 18
33012429 33012431 80
33012432 33012433 74
33012450 33012451 40
33012461 33012462 42
33012476 33012477 64
33012478 33012479 56
33012480 33012481 80
33012482 33012483 13
33012491 33012492 8
33012497 33012498 51
33012619 33012620 69
33012721 33012722 52
33012734 33012735 53
33012736 33012737 39
33012760 33012761 95
33012769 33012770 5
33012829 33012830 61
33012831 33012832 23
9945800 9945806 4
33012842 33012843 84
33012871 33012872 61
33012873 33012874 62
33012893 33012894 16
14117039 14117042 88
33012896 33012897 11
33012898 33012899 12
33013041 33013042 91
33013127 33013128 69
1239529 2118626 68
3343139 3758674 23
1239025 2117998 58
33112609 33112610 46
1214271 2090226 42
33112681 33112682 35
33112683 33112684 87
33112687 33112688 14
33112691 33112692 88
33112693 33112695 50
28389217 28389218 26
33112697 33112698 69
33112700 33112701 73
33112708 33112710 74
1648633 2491786 94
1648633 2491787 29
3716880 4001049 88
33112750 33112751 17
33112789 33112790 12
2866142 3416398 63
33113019 33113021 33
33113115 33008654 30
33113623 33113625 93
14742747 14742753 65
33113888 33113889 38
33113903 33113904 49
14054680 14054697 6
33114180 33114181 20
33114190 33114192 62
33114226 33114227 27
33114458 33114459 34
33114914 33114915 90
33115094 33115095 88
33115376 33115377 42
33115451 33115452 45
33115504 33115507 79
33115543 33115544 31
33115790 33115791 87
14056302 14056304 38
33115991 33115992 42
33116062 33116064 37
33116077 33116078 65
33116471 33116472 46
33116510 33116511 2
33116761 33116762 93
33116834 33116836 74
33116938 33116939 55
33117232 33117233 84
33117286 33117287 9
33117380 33117381 34
33117388 33117389 12
33117393 33117395 54
3802647 4050129 75
3283200 3716910 9
2866137 3416395 16
3164183 3633397 27
2866047 3416328 69
31169790 31169793 46
4050172 4212305 48
33008636 33008641 81
405626 1034881 67
4212302 4324178 90
2491791 3164196 64
4050167 4212301 55
2118686 2866150 33
2118640 2866079 96
9806596 9806601 12
2866122 3416382 38
2118701 2866162 93
1239539 2118649 9
33117708 33117709 17
1648634 2491794 76
1239554 2118672 51
2866149 3416407 52
33117778 33117779 74
3801845 4049647 25
3416332 3802635 75
1648635 2491799 56
33117944 33117945 29
33117947 33117948 39
31169765 31169771 52
1239562 2118695 62
33117973 33117974 24
1239575 2118711 63
1648636 2491802 31
33118440 33118441 64
33009215 33009217 100
33118956 33118958 45
33118976 33118977 19
33119035 33119038 46
2118687 2866153 29
33119149 33119150 19
1979283 2752547 68
33119271 33119272 36
33119384 33119385 10
33119497 33119499 44
33119631 33119632 82
30898276 30898281 58
30898276 30898282 20
33119993 33119994 29
33120019 33120020 98
33120107 33120108 26
33120110 33120111 76
33120131 33120132 66
33120134 33120135 99
33120158 33120159 27
33120163 33120166 70
3950564 4150232 23
33120362 33120363 11
33120466 33120467 94
33120792 33120793 12
33120815 33120816 29
33120819 33120820 74
33120927 33120928 88
33121093 33121094 30
33121175 33121176 70
7262448 7262460 59
7527127 7527137 71
33121447 33121449 96
33114191 33114194 49
1239530 2118630 99
33121468 33121469 98
3480450 3849373 46
33121639 33121640 78
33121642 33121643 63
33121747 33121748 84
33121749 33121750 72
33121751 33121755 81
33121900 33121901 39
529629 1239565 14
33121989 33121991 48
33121994 33121995 74
33121996 33121997 17
15608179 15608191 54
33122097 33122098 5
33122140 33122142 78
33122221 33122222 28
33122266 33122268 84
33122495 33122497 46
33122662 33122663 71
33122667 33122668 9
33122724 33122725 1
33122729 33122730 97
33122799 33122800 82
33122875 33122877 7
7145594 7145631 8
33123090 33123091 31
33123195 33123197 22
33123268 33123269 83
33123362 33123364 6
33123494 33123495 2
33123513 33123514 82
33123574 33123576 18
33123609 33123610 32
33123655 33123656 91
14742750 14742756 2
33123909 33123910 7
33124196 33124197 72
33124499 33124500 57
33124505 33124506 68
3283208 3716917 73
33124565 33124566 37
1344501 2219153 64
1239563 2118699 81
4212304 4324181 45
33124716 33124717 4
33124866 33124867 69
14666954 14666958 51
33138579 33138580 5
33138581 33138583 24
33138584 33138585 82
33242973 33242974 32
14054497 10967946 77
33242976 33242977 57
14054393 14054401 83
33242979 33242980 35
2110343 2859402 43
33339687 33339690 64
33595968 33595970 52
33596231 33596233 50
33598985 33598987 80
30917927 30917929 54
33612985 33612987 99
33776533 33776534 23
33776714 33776715 4
33938534 33938535 9
33938956 33938957 68
34359643 34359644 35
28400393 28400394 10
1238151 2116953 10
34396064 34396065 42
1400467 2274804 89
32907676 32907680 58
34713387 34713388 76
34713387 34713389 31
34715186 34715187 66
34715417 34715418 1
34715421 34715422 53
34715540 34715541 60
34728170 34728171 34
11190830 11190839 8
34728172 34728173 4
34728174 34728175 2
34728176 34728177 55
34728179 34728180 60
34728182 34728183 10
34728202 34728203 66
34728354 34728355 88
34728360 34728361 31
34728537 34728539 14
34755764 34755765 85
34757618 34757619 50
34757683 34757684 78
34757705 34757706 16
34757722 34757723 63
34758369 34758370 80
34758369 34758371 100
34120660 34120662 39
34760264 34760265 29
34760277 34760278 35
34760284 34760285 24
34760286 34760287 13
34760396 34760397 69
34760413 34760414 37
34760437 34760438 17
34760448 34760449 39
34760453 34760454 34
34760546 34760547 99
34760587 34760588 98
34760946 34760947 80
34761110 34761113 52
34761127 34761128 11
34761146 34761147 85
34761198 34761199 48
34761422 34761423 89
34761440 34761441 36
34761455 34761456 7
34761460 34761461 31
34761468 34761469 63
34761489 34761490 44
34761536 34761537 96
34761538 34761539 64
34761586 34761587 30
34761700 34761701 19
34761713 34761714 54
34761876 34761877 10
34761891 34761892 41
34761980 34761981 25
34762072 34762073 42
34762101 34762103 58
34762115 34762116 28
34762117 34762118 78
34762125 34762126 23
34762141 34762142 90
14098907 14098910 2
34762448 34762449 88
34762490 34762491 35
34762500 34762501 69
34762686 34762687 75
34762713 34762715 24
34762720 34762721 32
34762755 34762756 19
34762832 34762833 27
34777006 34777007 10
34777099 34777100 15
34777112 34777113 94
34777115 34777116 55
34777117 34777118 71
34777120 34777121 34
10963783 10963819 37
34777123 34777124 1
34777125 34777126 26
34777127 34777128 73
34777129 34777130 32
34777131 34777132 50
34777134 34777135 59
34777136 34777137 19
34777138 34777139 5
34781562 34781563 67
34781565 34781566 14
34781565 34781567 84
34781568 34781569 67
34781824 34781825 66
34782867 34782868 36
34783915 34783916 27
3283194 3716904 44
34784290 34784291 27
34785288 34785289 93
34795164 34795165 25
34798681 34798682 17
34800177 34800178 3
34809134 34809135 99
34868200 34868201 30
34868208 34868209 85
34868806 34868808 11
34872862 34872863 34
11188630 11188644 97
34881092 34881093 88
34881095 34881096 18
34881097 34881098 55
34881099 34881100 90
34881102 34881103 20
34881104 34881105 6
34881106 34881107 78
34881110 34881111 8
34881112 34881113 39
34881115 34881116 17
34881431 34881432 80
5863531 5863580 47
5749460 5749474 88
34907620 34907621 19
34912347 34912348 1
34913561 34913565 35
34915212 34915213 60
3164198 3633416 77
3164198 3633417 20
34993796 34993797 81
34993798 34993799 6
14653650 14653656 53
34993800 34993801 60
34993807 34993808 64
34993809 34993810 39
34993811 34993812 65
34993813 34993814 42
34993815 34993816 19
34993817 34993819 98
34993821 34993822 52
34993823 34993824 19
34993818 34993820 58
34993826 34993827 35
34993828 34993829 16
34993832 34993833 28
34993834 34993835 94
34993837 34993838 74
34993841 34993842 10
34993843 34993844 26
34993845 34993846 23
34993847 34993848 37
34993849 34993850 67
34993851 34993852 90
3416380 3802699 56
34993872 34993873 98
34993876 34993877 10
3416381 3802701 16
2193975 2931014 12
34993887 34993889 23
34995556 34995557 72
34995574 34995575 76
34995709 34995710 81
34996171 34996172 39
1344598 2219288 21
34997035 34997036 39
34997212 34997213 60
34997229 34997230 25
34997628 34997629 67
34997651 34997653 34
34997722 34997723 45
34997727 34997728 30
14072513 14072516 79
34997955 34997956 37
34997958 34997959 12
34998061 34998062 49
34998085 34998086 61
34998172 34998173 87
34998567 34998568 10
34999333 34999336 71
7491615 7491624 100
34999710 34999711 43
35000091 35000092 72
35000242 35000243 72
35000268 35000270 65
35000280 35000281 75
33008634 33008637 90
35000462 35000463 82
35000462 35000464 76
3415992 3802415 77
35000476 35000477 50
35000517 35000518 66
35000517 35000519 97
35000517 35000520 48
33008689 33008690 90
35000563 35000564 42
35001232 35001234 30
35001237 35001238 38
35001455 35001456 82
2866128 3416385 50
4001060 4183790 74
35001832 35001833 9
35001895 35001896 55
14055458 14055461 86
35002592 35002593 73
35002639 35002640 70
35002655 35002656 57
35002871 35002873 36
35003309 35003310 46
3164185 3633402 7
2491792 3164199 1
2865552 3415993 62
35003613 35003614 11
35003791 35003792 60
35003867 35003868 15
35004140 35004141 20
35004263 35004264 67
35004297 35004298 59
35004452 35004453 6
35004592 35004593 10
35004914 35004915 45
35004934 35004935 54
33008432 33008435 15
33008434 33008437 54
35005630 35005632 94
2559903 3203825 43
35005740 35005741 92
35005744 35005745 17
33142956 33142960 8
35005768 35005769 57
35005907 35005908 90
35006504 35006505 32
35006686 35006687 21
33121990 33121992 67
35007228 35007229 48
35007470 35007471 89
4284135 4371585 100
3401764 3794241 67
35004137 35004139 98
4256238 4352238 1
35009150 35009152 65
35009323 35009324 73
35009815 35009816 50
35009857 35009858 93
14050932 14050949 90
35064935 35064937 47
1319277 1319283 10
35353069 35353070 87
35385975 35385977 30
35386908 35386910 76
35537764 35537765 4
35672705 35672706 52
35672748 35672749 93
35672860 35672861 91
35672889 35672890 88
35672959 35672960 53
35672990 35672991 25
35673020 35673021 31
35673034 35673035 28
35673041 35673042 21
35673094 35673095 45
35673111 35673112 66
35673282 35673283 68
35673386 35673387 53
35673481 35673482 33
35772453 30900621 49
36262508 36262509 70
14099142 14099147 32
36265030 36265032 90
36265034 36265036 82
36265049 36265051 61
36265049 36265052 18
36265332 36265334 51
36265432 36265434 74
36266662 36266664 2
36267461 36267463 91
36473383 36473385 60
36474184 36474187 32
36476132 36476134 23
36477043 36477045 83
36477442 36477445 29
36478195 36478197 62
36478586 36478588 10
36481282 36481284 3
36484652 36484655 84
36558275 36558277 27
36558319 36558321 83
36644380 36644381 19
36644383 36644384 3
36644386 36644387 64
14519344 14519346 45
36644388 36644389 53
36644390 36644391 17
36644393 36644394 66
36644395 36644396 75
36644398 36644399 62
36644403 36644404 56
36644405 36644406 2
36644409 36644410 64
36644411 36644412 13
36644413 36644414 98
36644415 36644416 15
36644417 36644418 44
36644419 36644420 42
36644421 36644422 33
36644423 36644424 71
36644425 36644426 21
36644427 36644428 19
36644429 36644430 3
14189809 14189813 69
36644432 36644433 55
36644434 36644435 90
36644436 36644437 35
36644438 36644439 80
36644440 36644441 1
36644447 36644448 74
36644449 36644450 31
36644451 36644452 5
36644453 36644454 24
36644456 36644457 2
36644458 36644459 94
36644460 36644461 43
36644462 36644463 33
36644464 36644465 62
36644466 36644467 71
36644468 36644469 29
36644470 36644471 5
36644474 36644475 23
36644476 36644477 80
36644478 36644479 49
36644480 36644481 82
36644480 36644482 48
36644484 36644485 13
14054246 14054250 63
36644486 36644487 28
36644488 36644489 24
36644490 36644491 2
36644492 36644493 9
36644494 36644495 20
36644496 36644497 58
36644498 36644499 51
36644500 36644501 37
36644502 36644503 50
36644504 36644505 4
36644507 36644508 37
36644510 36644511 62
36644512 36644513 92
36644514 36644515 56
36644516 36644517 85
36644518 36644519 94
36644520 36644521 36
36644522 36644523 85
36644525 36644526 31
36644527 36644528 53
36644529 36644530 61
36644531 36644532 21
36644533 36644534 99
36644535 36644536 38
36644537 36644538 25
36644541 36644542 33
36644543 36644544 56
36644545 36644546 42
36644547 36644548 44
36644549 36644550 97
36644551 36644552 8
36644553 36644554 7
36644555 36644556 73
36644557 36644558 48
36644559 36644560 68
36644562 36644563 88
36644564 36644565 83
36644566 36644567 15
36644568 36644569 40
36644570 36644571 1
36644574 36644575 16
36644577 36644578 8
36644579 36644580 80
36644582 36644583 50
36644584 36644585 55
36644586 36644587 93
36644589 36644590 15
13644691 13644716 4
36644591 36644592 39
36644593 36644594 32
36644596 36644597 24
36644598 36644599 92
36644600 36644601 57
36644603 36644604 9
36644606 36644607 72
36644608 36644609 74
36644610 36644611 1
36644612 36644613 26
36644614 36644615 10
36644616 36644617 57
36644618 36644619 32
36644621 36644622 96
36644625 36644626 18
36644628 36644629 29
36644631 36644632 70
36644633 36644634 38
36644635 36644636 77
36644637 36644638 45
36644639 36644640 15
36644641 36644642 34
36644644 36644645 39
36644646 36644647 78
36644648 36644649 20
36644653 36644654 89
36644655 36644656 42
36644657 36644658 100
14054355 14054358 15
36644659 36644660 60
36644661 36644662 78
36644663 36644664 98
36644665 36644666 38
36644667 36644668 95
36644669 36644670 45
36644671 36644672 34
36644673 36644674 77
36644675 36644676 72
36644677 36644678 43
36644679 36644680 91
36644681 36644682 71
36644683 36644684 86
36644685 36644686 66
36644687 36644688 4
36644691 36644692 21
36644693 36644694 73
36644696 36644697 27
36644699 36644700 18
36644703 36644704 10
36644705 36644706 41
36644708 36644709 65
36644710 36644711 58
36644712 36644713 72
36644715 36644716 28
36644717 36644718 11
36644719 36644720 97
36644721 36644722 81
36644723 36644724 93
36644725 36644726 50
36644727 36644728 69
14519336 14519340 45
36644730 36644731 20
36644732 36644733 73
36644734 36644735 24
36644736 36644737 99
36644738 36644739 51
36644741 36644742 76
36644743 36644744 83
36644746 36644747 73
36644748 36644749 98
36644750 36644751 70
36644752 36644753 45
36644754 36644755 36
36644756 36644757 47
36644758 36644759 55
36644760 36644761 18
36644762 36644763 10
36644767 36644768 70
36644769 36644770 2
31904214 31904215 23
36644771 36644772 63
36644773 36644774 80
36644775 36644776 94
36644777 36644778 22
36644779 36644780 1
36644781 36644782 2
36644783 36644784 42
36644787 36644788 73
36644789 36644790 44
36644791 36644792 63
36644793 36644794 5
36644796 36644797 34
36644798 36644799 79
36644800 36644801 4
36644802 36644803 33
36644804 36644805 14
36644806 36644807 6
36644808 36644809 27
36644810 36644811 4
36644812 36644813 67
36644814 36644815 7
36644817 36644818 10
36644821 36644822 60
36644823 36644824 81
36644825 36644826 96
36644827 36644828 59
14056016 14056019 91
36644829 36644830 57
36644832 36644833 66
36644834 36644835 39
36644837 36644838 15
36644839 36644840 40
36644843 36644844 3
36644845 36644846 33
36644847 36644848 94
36644849 36644850 99
36644852 36644853 64
36644854 36644855 59
36644856 36644857 19
36644858 36644859 89
36644860 36644861 79
36644863 36644864 48
36644865 36644866 20
36644867 36644868 3
36644870 36644871 39
36644872 36644873 11
36644876 36644877 85
36644878 36644879 32
36644883 36644884 60
36644886 36644887 56
36644888 36644889 40
36644890 36644891 65
36644892 36644893 68
36644894 36644895 10
36644896 36644897 6
36644898 36644899 85
36644900 36644901 92
8737649 8737659 39
36644903 36644904 80
36644905 36644906 27
36644907 36644908 3
36644909 36644910 69
36644911 36644912 28
36644913 36644914 2
36644915 36644916 2
36644917 36644918 48
2616405 3245733 3
36644923 36644924 79
36644925 36644926 29
36644928 36644929 48
36644932 36644933 99
36644934 36644935 25
36644937 36644938 48
36644939 36644940 42
36644942 36644943 73
36644944 36644945 67
36644947 36644948 88
36644949 36644950 80
36644951 36644952 20
36644953 36644954 95
36644955 36644956 58
36644957 36644958 25
36644959 36644960 41
36644961 36644962 30
36644963 36644964 60
36644965 36644966 19
36644967 36644968 33
36644969 36644970 44
36644975 36644976 48
36644977 36644978 25
36644979 36644980 22
36644982 36644983 21
36644984 36644985 33
36644986 36644987 59
36644990 36644991 96
36644992 36644993 67
36644994 36644995 16
36644997 36644998 13
36644999 36645000 4
36645001 36645002 87
36645003 36645004 40
36645005 36645006 63
36645007 36645008 8
36645009 36645010 14
36645011 36645012 59
36645013 36645014 90
36645018 36645019 12
36645020 36645021 58
36645023 36645024 71
36645025 36645026 35
36645028 36645029 74
36645030 36645031 11
36645032 36645033 15
36645034 36645035 6
36645036 36645037 36
36645039 36645040 79
36645041 36645042 93
36645043 36645044 92
36645045 36645046 90
36645047 36645048 6
36645049 36645050 9
36645051 36645052 87
36645054 36645055 94
36645056 36645057 29
36645058 36645059 73
36645061 36645062 54
14099022 14099025 4
36645064 36645065 48
36645066 36645067 73
36645069 36645070 23
36645071 36645072 85
36645073 36645074 57
36645075 36645076 58
36645077 36645078 21
36645080 36645081 63
36645082 36645083 65
36645085 36645086 26
36645087 36645088 33
36645090 36645091 31
36645092 36645093 63
36645094 36645095 13
36645096 36645097 59
36645099 36645100 57
36645103 36645104 30
36645108 36645109 11
36645110 36645111 40
36645112 36645113 22
36645115 36645116 36
36645118 36645119 53
36645120 36645121 88
36645122 36645123 16
36645125 36645126 40
36645127 36645128 10
36645129 36645130 7
36645131 36645132 36
36645133 36645134 63
36645135 36645136 60
36645137 36645138 16
36645139 36645140 57
36645141 36645142 43
36645143 36645144 4
36645146 36645147 88
36645149 36645150 6
36645151 36645152 50
36645153 36645154 7
36645155 36645156 49
36645157 36645158 36
36645160 36645161 74
36645162 36645163 19
36645165 36645166 88
36645167 36645168 32
36645170 36645171 38
36645172 36645173 23
36645174 36645175 38
36645177 36645178 64
36645179 36645180 26
36645181 36645182 100
36645183 36645184 22
36645185 36645186 75
36645187 36645188 32
36645190 36645191 34
36645192 36645193 33
36645194 36645195 71
10963836 10963868 13
36645196 36645197 17
36645199 36645200 3
36645201 36645202 31
36645203 36645204 50
36645205 36645206 70
36645208 36645209 58
36645210 36645211 70
36645213 36645214 44
36645216 36645217 72
36645218 36645219 83
36645221 36645222 72
36645223 36645224 19
36645225 36645226 88
36645227 36645228 5
36645229 36645230 87
36645231 36645232 68
36645233 36645234 85
36645237 36645238 40
36645240 36645241 42
36645242 36645243 15
36645244 36645245 28
36645246 36645247 87
36645248 36645249 80
11300197 11300202 73
36645250 36645251 16
36645252 36645253 98
36645254 36645255 83
36645256 36645257 55
36645258 36645259 70
36645260 36645261 94
36645262 36645263 36
36645265 36645266 99
36645268 36645269 16
36645271 36645272 34
36645273 36645274 60
36645276 36645277 16
36645278 36645279 79
36645280 36645281 92
36645285 36645286 38
36645287 36645288 39
36645289 36645290 50
36645292 36645293 97
36645294 36645295 66
3164187 3633405 62
36645296 36645297 93
36645298 36645299 77
36645300 36645301 80
36645302 36645303 95
36645304 36645305 71
36645306 36645307 46
36645308 36645309 68
36645312 36645313 12
36645315 36645316 28
36645315 36645317 79
36645319 36645320 54
36645322 36645323 95
36645324 36645325 94
36645326 36645327 47
36645328 36645329 77
36645331 36645332 25
36645333 36645334 89
36645335 36645336 43
36645337 36645338 28
36645339 36645340 27
36645342 36645343 100
36645342 36645344 16
36645345 36645346 17
36645347 36645348 18
36645349 36645350 29
36645351 36645352 65
36645353 36645354 54
36645353 36645355 87
36645356 36645357 5
36645358 36645359 85
36645361 36645362 64
36645363 36645364 39
36645365 36645366 48
36645367 36645368 65
36645369 36645370 83
36645371 36645372 29
36645373 36645374 92
36645375 36645376 97
36645377 36645378 36
36645379 36645380 30
36645381 36645382 46
36645383 36645384 31
36645385 36645386 10
36645387 36645388 94
36645389 36645390 19
36645391 36645392 96
36645396 36645397 27
36645398 36645399 77
36645400 36645401 88
14054198 14054201 71
36645402 36645403 89
36645404 36645405 61
36645406 36645407 17
36645408 36645409 10
36645410 36645411 55
36645414 36645415 64
36645416 36645417 37
36645418 36645419 44
36645420 36645421 92
36645422 36645423 31
36645424 36645425 14
36645427 36645428 67
36645430 36645431 49
36645432 36645433 3
36645434 36645435 3
36645436 36645437 5
36645438 36645439 27
36645440 36645441 9
36645442 36645443 22
36645444 36645445 99
36645446 36645447 23
36645448 36645449 25
36645450 36645449 43
36645451 36645452 11
36645453 36645454 18
36645455 36645456 2
36645457 36645458 48
36645459 36645460 44
7814805 7814823 65
36645461 36645462 6
36645461 36645463 96
36645464 36645465 60
36645466 36645467 70
36645468 36645469 46
36645468 36645470 94
36645473 36645474 99
36645475 36645476 100
36645480 36645481 4
36645482 36645483 11
36645484 36645485 62
36645487 36645488 39
36645489 36645490 78
36645491 36645492 98
36645493 36645494 96
36645495 36645496 9
36645497 36645498 77
36645499 36645500 76
36645501 36645502 76
36645503 36645504 64
14099028 14099031 73
14099028 14099032 99
36645505 36645506 13
3691207 3985116 37
36645507 36645508 61
36645509 36645510 92
36645511 36645512 1
36645513 36645514 72
36645515 36645516 24
36645519 36645520 19
36645521 36645522 26
36645523 36645524 80
36645525 36645526 24
36645527 36645528 93
36645529 36645530 3
36645531 36645532 35
36645533 36645534 42
36645535 36645536 38
36645537 36645538 92
36645539 36645540 89
36645541 36645542 86
36645543 36645544 76
36645545 36645546 57
36645547 36645548 36
36645550 36645551 77
36645552 36645553 59
36645554 36645555 30
36645557 36645558 58
36645559 36645560 72
36645561 36645562 53
36645564 36645565 22
36645566 36645567 83
36645568 36645569 78
36645580 36645581 6
36645582 36645583 34
36645584 36645585 76
36645587 36645588 31
36645590 36645591 6
36645592 36645593 78
36645594 36645595 82
36645598 36645599 88
36645600 36645601 63
36645602 36645603 54
36645604 36645605 92
36645606 36645607 37
36645609 36645610 62
36645611 36645612 12
36645613 36645614 53
36645615 36645616 98
36645619 36645620 88
36645621 36645622 74
36645623 36645624 82
36645625 36645626 32
36645627 36645628 27
36645631 36645632 29
36645633 36645634 54
36645635 36645636 85
36645637 36645638 65
36645639 36645640 34
36645641 36645642 85
36645643 36645644 35
36645645 36645646 28
36645647 36645648 45
36645649 36645650 17
36645651 36645652 53
36645653 36645654 85
36645655 36645656 58
36645657 36645658 84
36645659 36645660 76
36645661 36645662 79
36645663 36645664 73
36645667 36645668 57
36645669 36645670 28
36645671 36645672 76
36645673 36645674 22
36645678 36645679 79
36645682 36645683 18
36645684 36645685 65
36645686 36645687 18
36645688 36645689 81
36645690 36645691 45
36645693 36645694 91
36645695 36645696 31
36645698 36645699 23
36645700 36645701 16
36645702 36645703 31
36645704 36645705 7
36645706 36645707 96
36645708 36645709 35
36645710 36645711 93
35483472 35483473 5
36645712 36645713 41
36645715 36645716 52
36645717 36645718 90
36645719 36645720 87
28777395 28777396 39
36645721 36645722 7
36645723 36645724 87
36645725 36645726 83
36645727 36645728 70
2491793 3164200 77
2118619 2866066 50
36645729 36645730 72
36645731 36645732 87
36645733 36645734 90
36645735 36645736 42
36645737 36645738 15
36645739 36645740 51
36645741 36645742 64
36645743 36645744 8
36645745 36645746 79
36645747 36645748 61
36645749 36645750 30
36645751 36645752 1
36645753 36645754 94
10375507 10375539 80
36645755 36645756 76
36645757 36645758 76
36645759 36645760 21
36645763 36645764 7
36645767 36645768 70
36645769 36645770 46
36645771 36645772 65
36645773 36645774 47
36645775 36645776 10
36645777 36645778 7
36645779 36645780 95
36645781 36645782 5
36645783 36645784 79
36645785 36645786 100
36645787 36645788 10
36645789 36645790 30
36645791 36645792 77
36645793 36645794 3
36645795 36645796 7
36645797 36645798 27
36645799 36645800 2
36645801 36645802 95
36645803 36645804 10
36645805 36645806 33
36645807 36645808 92
36645809 36645810 15
36645811 36645812 8
36645817 36645818 54
8192746 8192817 39
36645821 36645822 83
36645823 36645824 72
36645825 36645826 93
14096438 14096445 41
36645828 36645829 60
36645830 36645831 58
3836708 4077067 18
36645832 36645833 48
36645834 36645835 36
36645836 36645837 99
36645838 36645839 38
36645840 36645841 71
36645842 36645843 38
36645844 36645845 20
36645846 36645847 76
36645848 36645849 67
10963883 10963893 54
36645852 36645853 16
36645854 36645855 2
2118620 2866068 77
14052961 14052969 9
36645857 36645858 66
36645859 36645860 46
36645861 36645862 63
36645863 36645864 79
36645865 36645866 57
36645867 36645868 56
36645869 36645870 42
36645872 36645873 28
36645874 36645875 21
36645876 36645877 89
2866050 3416333 10
1239531 2118635 1
36645878 36645879 95
36645880 36645881 35
36645882 36645883 13
36645884 36645885 27
36645886 36645887 32
36645888 36645889 58
36645890 36645891 31
36645892 36645893 82
36645894 36645895 58
36645896 36645897 75
36645898 36645899 99
6019128 6019135 54
36645900 36645901 48
36645902 36645903 3
36645904 36645905 67
36645906 36645907 38
36645908 36645909 17
36645910 36645911 39
36645912 36645913 32
36645914 36645915 33
36645916 36645917 25
36645918 36645919 96
36645920 36645921 80
36645922 36645923 83
14054611 14054614 71
36645924 36645925 58
36645926 36645927 14
36645928 36645929 83
36645930 36645931 56
36645932 36645933 31
36645936 36645937 76
36645938 36645939 43
36645940 36645941 60
36645942 36645943 75
36645944 36645945 59
36645946 36645947 20
36645948 36645949 6
36645953 36645954 37
36645956 36645957 98
36645959 36645960 93
36645961 36645962 9
14055573 14055586 96
36645963 36645964 58
36645966 36645967 31
36645968 36645969 16
36645970 36645971 26
14072487 14072494 94
14054366 14054373 6
36645972 36645973 70
36645975 36645976 94
36645977 36645978 61
36645980 36645981 87
36645982 36645983 9
36645984 36645985 61
36645986 36645987 94
36645990 36645991 63
36645992 36645993 10
36645994 36645995 53
36645996 36645997 57
36645998 36645999 30
36646001 36646002 22
36646003 36646004 12
14054454 14054456 84
36646005 36646006 32
36646007 36646008 6
36646009 36646010 74
36646011 36646012 46
36646013 36646014 72
36646016 36646017 38
36646018 36646019 35
36646020 36646021 57
36646022 36646023 52
36646025 36646026 58
36646029 36646030 62
36646032 36646033 6
36646036 36646037 48
36646038 36646039 36
36646040 36646041 61
14054565 14054569 65
36646042 36646043 100
36646044 36646045 92
36646046 36646047 11
36646048 36646049 11
36646051 36646052 40
36646053 36646054 54
36646055 36646056 8
36646057 36646058 26
36646059 36646060 33
36646061 36646062 86
36646064 36646065 16
36646066 36646067 82
36646068 36646069 5
36646071 36646072 48
36646073 36646074 14
36646075 36646076 57
36646077 36646078 58
36646079 36646080 33
36646081 36646082 72
36646083 36646084 59
36646085 36646086 53
36646089 36646090 53
14056230 14056246 2
36646091 36646092 76
36646095 36646096 66
36646097 36646098 20
36646099 36646100 99
36646102 36646103 18
36646104 36646105 33
36646108 36646109 34
36646110 36646111 3
30916802 30916804 2
14054821 14054825 36
36646114 36646115 37
36646116 36646117 1
36646118 36646119 95
36646120 36646121 42
36646122 36646123 92
36646126 36646127 22
36646128 36646129 84
36646130 36646131 19
36646132 36646133 19
36646134 36646135 35
4129469 4270081 25
36646136 36646137 57
36646138 36646139 59
36646140 36646141 24
36646142 36646143 26
36646144 36646145 37
36646146 36646147 18
36646148 36646149 83
36646150 36646151 97
36646152 36646153 92
36646154 36646155 9
36646156 36646157 83
36646158 36646159 21
36646160 36646161 73
36646162 36646163 48
36646164 36646165 22
36646167 36646168 48
36646169 36646170 39
36646172 36646173 83
36646174 36646175 4
36646176 36646177 91
36646178 36646179 89
36646180 36646181 31
36646183 36646184 84
36646185 36646186 78
36646187 36646188 26
36646189 36646190 97
36646191 36646192 16
36646193 36646194 72
36646195 36646196 78
36646197 36646198 4
36646199 36646200 74
36646201 36646202 23
36646203 36646204 43
36646206 36646207 34
36646208 36646209 42
36646210 36646211 66
36646212 36646213 100
36646215 36646216 16
36646217 36646218 16
36646219 36646220 4
36646221 36646222 64
36646223 36646224 92
36646225 36646226 81
36646227 36646228 26
36646229 36646230 61
36646231 36646232 81
36646235 36646236 85
36646233 36646234 23
36646237 36646238 46
36646239 36646240 47
36646242 36646243 53
36646244 36646245 82
36646246 36646247 28
36646250 36646251 57
36646253 36646254 70
36646255 36646256 47
36646257 36646258 87
36646259 36646260 76
36646261 36646262 78
36646263 36646264 87
36646265 36646266 71
36646267 36646268 6
36646269 36646270 65
36646273 36646274 19
36646275 36646276 90
36646277 36646278 5
10963864 10963885 17
36646279 36646280 96
36646282 36646283 12
36646285 36646286 52
36646287 36646288 48
36646289 36646290 34
36646291 36646292 14
36646293 36646294 43
36646295 36646296 2
36646297 36646298 41
36646300 36646301 86
36646302 36646303 41
36646305 36646306 15
36646307 36646308 32
36646309 36646310 68
36646311 36646312 65
36646313 36646314 19
36646315 36646316 64
36646317 36646318 60
36646320 36646321 33
36646322 36646323 5
36646327 36646328 84
36646329 36646330 76
36646331 36646332 2
36646334 36646335 52
36646336 36646337 88
36646339 36646340 49
36646342 36646343 98
36646344 36646345 78
36646347 36646348 66
36646324 36646326 60
36646349 36646350 64
36646351 36646352 45
36644650 36644651 54
36646354 36646355 74
14041102 14041106 40
36646356 36646357 2
10963843 10963879 21
36646358 36646359 40
36646360 36646361 78
36646362 36646363 82
28389505 28389506 75
36646365 36646366 20
36646368 36646369 82
36646370 36646371 22
36646373 36646374 97
36646375 36646376 45
36646377 36646378 41
36646379 36646380 77
36646381 36646382 56
36646383 36646384 43
36646386 36646387 65
36646388 36646389 66
36646390 36646391 58
36646393 36646394 50
36646395 36646396 56
36646397 36646398 84
36646399 36646400 89
36646401 36646402 23
36646403 36646404 72
36646405 36646406 31
36646407 36646408 53
36646409 36646410 86
13974462 13974467 100
36646413 36646414 100
36646416 36646417 81
36646418 36646419 21
36646421 36646422 66
36646423 36646424 58
36646425 36646426 70
36646427 36646428 26
36646429 36646430 36
36646431 36646432 68
36646435 36646436 72
36646438 36646439 8
36646440 36646441 27
36646442 36646443 65
36646445 36646446 16
36646447 36646448 30
36646449 36646450 19
36646451 36646452 16
36646453 36646454 33
36646455 36646456 92
36646457 36646458 17
36646460 36646461 57
36646462 36646463 78
36646464 36646465 66
36646466 36646467 52
36646468 36646469 97
36646471 36646472 100
36646474 36646475 74
36646476 36646477 36
36646478 36646479 66
36646480 36646481 81
36646482 36646483 1
36646485 36646486 1
36646487 36646488 46
36646489 36646490 95
34040288 34040289 16
36646491 36646492 6
36646493 36646494 75
36646495 36646496 15
36646497 36646498 58
36646499 36646500 21
36646501 36646502 24
36646503 36646504 74
36646506 36646507 45
36646508 36646509 1
36646510 36646511 16
36646512 36646513 25
36646514 36646515 91
14086647 14086650 66
36646516 36646517 88
36646518 36646519 2
36646521 36646522 73
36646523 36646524 48
36646525 36646526 46
36646528 36646529 93
36646530 36646531 71
36646533 36646534 86
36646535 36646536 67
36646537 36646538 88
36646539 36646540 41
36646541 36646542 37
36646543 36646544 85
2118641 2866081 37
36646545 36646546 24
36646547 36646548 61
36646549 36646550 84
36646551 36646552 5
36646553 36646554 79
36646555 36646556 2
36646557 36646558 15
36646559 36646560 94
36646561 36646562 64
36646563 36646564 26
36646566 36646567 83
36646568 36646569 56
36646571 36646572 7
36646573 36646574 70
36646575 36646576 69
36646578 36646579 75
36646580 36646581 63
36646583 36646584 81
36646585 36646586 86
14202301 14202304 48
36646587 36646588 14
36646589 36646590 67
36646591 36646592 26
36646593 36646594 78
36646595 36646596 45
36646597 36646598 17
36646599 36646600 53
36646602 36646603 31
36646604 36646605 30
3481633 3850310 2
36646606 36646607 80
36646608 36646609 38
36646610 36646611 42
36646612 36646613 81
36646614 36646615 68
14096468 14096472 5
36646616 36646617 54
36646618 36646619 32
36646620 36646621 87
36646622 36646623 80
36646625 36646626 21
36646628 36646629 42
36646630 36646631 53
36646632 36646633 31
36646634 36646635 96
36646636 36646637 63
36646638 36646639 31
36646640 36646641 15
36646642 36646643 38
36646645 36646646 40
36646647 36646648 61
36646649 36646650 86
36646651 36646652 79
36646654 36646655 60
36646656 36646657 54
36646658 36646659 77
36646660 36646661 27
36646663 36646664 5
36646666 36646667 35
36646668 36646669 68
36646670 36646671 61
36646673 36646674 56
36646675 36646676 5
36646678 36646679 18
36646680 36646681 95
36646682 36646683 70
36646686 36646687 19
36646689 36646690 47
36646693 36646694 23
36646697 36646698 19
36646699 36646700 82
36646701 36646702 96
36646704 36646705 24
36646706 36646707 20
36646708 36646709 95
36646711 36646712 31
36646713 36646714 46
36646716 36646717 90
36646719 36646720 64
36646721 36646722 49
36646724 36646725 97
36646726 36646727 30
36646728 36646729 42
36646730 36646731 93
36646734 36646735 79
36646736 36646737 23
36646738 36646739 48
36646740 36646741 97
14466345 14466350 24
36646742 36646743 92
36646744 36646745 47
36646747 36646748 72
36646749 36646750 14
36646751 36646752 96
2118673 2866138 99
36646753 36646754 16
36646755 36646756 27
36646757 36646758 82
36646759 36646760 80
36646761 36646762 12
36646764 36646765 46
529606 1239532 10
36646766 36646767 100
36646768 36646769 87
36646770 36646771 33
36646772 36646773 13
36646774 36646775 43
36646777 36646778 86
36646779 36646780 18
36646781 36646782 87
36646783 36646784 92
36646786 36646787 92
36646788 36646789 90
36646790 36646789 90
36646792 36646793 11
36646794 36646795 48
36646796 36646797 74
36646798 36646799 43
36646800 36646801 33
36646802 36646803 80
14054822 14054826 54
36646804 36646805 26
36646806 36646807 20
36646808 36646809 32
36646810 36646811 11
36646812 36646813 86
36646814 36646815 17
36646816 36646817 46
36646820 36646821 92
36646822 36646823 42
14098893 14098904 41
36646824 36646825 12
36646826 36646827 56
36646829 36646830 71
36646831 36646832 17
36646834 36646835 21
36646837 36646838 48
36646840 36646841 77
36646842 36646843 22
36646844 36646845 20
36646846 36646847 92
36646849 36646850 47
36646853 36646854 77
36646855 36646856 79
36646858 36646859 34
36646860 36646861 54
36646862 36646863 18
14054753 14054759 51
36646864 36646865 69
14055039 14055043 75
36646866 36646867 80
36646868 36646869 91
36646870 36646871 35
36646872 36646873 44
36646874 36646875 7
10963886 10963894 74
36646876 36646877 80
36646878 36646879 16
36646880 36646881 67
36646883 36646884 7
36646886 36646887 19
36646888 36646889 2
14566737 14566741 24
36646890 36646891 59
36646892 36646893 4
14099042 14099046 31
36646895 36646896 93
36646897 36646898 66
36646899 36646900 61
36646901 36646902 66
14096439 14096447 10
36646903 36646904 10
36646905 36646906 60
36646907 36646908 87
36646910 36646911 69
36646912 36646913 47
36646914 36646915 89
14054618 14054621 78
36646917 36646918 96
36646920 36646921 55
36646922 36646923 24
36646924 36646925 42
36646927 36646928 24
36646929 36646930 44
36646931 36646932 76
36646933 36646934 40
36646938 36646939 2
36646941 36646942 7
36646943 36646944 50
36646945 36646946 65
36646945 36646947 44
36646948 36646949 17
36646956 36646957 91
36646958 36646959 98
36646960 36646961 91
36646962 36646963 91
36646964 36646965 10
36646966 36646967 48
36646968 36646969 5
36646950 36646955 31
36646970 36646971 10
36646972 36646973 1
36646974 36646975 64
36646976 36646977 25
36646978 36646979 40
14048880 14048901 6
36646981 36646982 97
36646983 36646984 26
36646985 36646986 24
36646987 36646988 19
36646989 36646990 34
36646992 36646993 6
36646994 36646995 27
36646997 36646998 95
36646999 36647000 29
36647001 36647002 6
36647004 36647005 77
36647006 36647007 58
36647008 36647009 64
36647010 36647011 87
36647013 36647014 16
14055767 14055770 34
36647016 36647017 36
36647018 36647019 89
36647020 36647021 20
36647023 36647024 68
36647027 36647028 38
36647030 36647031 45
36647032 36647033 1
36647034 36647035 99
36647037 36647038 47
36647039 36647040 36
36647041 36647042 95
36647043 36647044 20
36647047 36647048 94
36647049 36647050 92
36647051 36647052 28
36647053 36647054 13
36647056 36647057 60
36647058 36647059 70
36647060 36647061 94
36647062 36647063 32
36647065 36647066 69
36647069 36647070 12
36647072 36647073 5
36647074 36647075 7
36647076 36647077 67
36647078 36647079 61
14098936 14098939 94
36647081 36647082 78
36647083 36647084 57
14098961 14098964 94
36647085 36647086 44
36647087 36647088 69
36647091 36647092 73
36647093 36647094 39
36647095 36647096 57
36647097 36647098 29
36647099 36647100 19
36647101 36647102 28
36647104 36647105 7
36647106 36647107 3
36647108 36647109 17
36647111 36647112 67
36647114 36647115 73
36647116 36647117 95
36647120 36647121 1
36647122 36647123 11
36647124 36647125 19
36647127 36647128 11
36647129 36647130 20
36647131 36647132 55
36647134 36647135 30
36647139 36647140 87
36647141 36647142 3
36647143 36647144 60
36647145 36647146 23
36647147 36647148 81
36647149 36647150 97
36647152 36647153 93
36647154 36647155 21
36647156 36647157 40
36647158 36647159 8
36647160 36647161 66
36647162 36647163 26
36647164 36647165 95
36647166 36647167 76
36647168 36647169 31
36647170 36647171 100
36647172 36647173 15
36647175 36647176 91
36647178 36647179 29
36647181 36647182 64
36647183 36647184 22
36647185 36647186 5
36647187 36647188 75
36647189 36647190 51
36647193 36647194 49
36647196 36647197 29
36647198 36647199 15
36647200 36647201 59
36647202 36647203 15
36647205 36647206 2
36647207 36647208 46
36647209 36647210 17
36647211 36647212 28
36647213 36647214 75
36647216 36647217 97
36647218 36647219 21
36647220 36647221 3
36647222 36647223 37
36647224 36647225 77
36647227 36647228 87
36647230 36647231 7
36647232 36647233 49
36647234 36647235 18
13611229 13611230 89
36647238 36647239 70
36647240 36647241 99
36647243 36647244 80
36647246 36647247 75
36647249 36647250 19
36647253 36647254 22
36647255 36647256 85
36647257 36647258 42
36647259 36647260 24
36647261 36647262 53
36647263 36647264 56
36647265 36647266 34
7294702 7294728 7
36647267 36647268 53
36647270 36647271 21
36647273 36647274 14
1239533 2118638 27
36647275 36647276 52
36647277 36647278 3
36647279 36647280 24
4212303 4324179 91
2118636 2866074 82
2491795 3164203 86
36647281 36647282 44
36647283 36647284 44
36647285 36647286 73
36647287 36647288 22
36647289 36647290 4
36647291 36647292 87
36647293 36647294 52
36647296 36647297 100
36647298 36647299 20
2118674 2866143 6
36647300 36647301 6
36647302 36647303 29
36647304 36647305 68
33116063 33116066 26
36647308 36647309 50
36647310 36647311 96
36647313 36647314 62
36647315 36647316 87
36647318 36647319 49
33008436 33008439 19
14053433 14053436 19
36647320 36647321 77
36647322 36647323 50
36647324 36647325 82
36647326 36647327 22
36647329 36647330 86
36647331 36647332 12
36647334 36647335 64
14054437 14054445 42
36647336 36647337 27
36647338 36647339 40
36647340 36647341 18
36647342 36647343 48
36647345 36647346 91
36647347 36647348 98
36647349 36647350 94
36647351 36647352 18
36647353 36647354 66
36647355 36647356 46
36647357 36647358 53
36647359 36647360 50
7185570 7185615 72
36647361 36647362 52
36647363 36647364 47
7185572 7185618 97
36647365 36647366 62
36647368 36647369 44
36647371 36647372 2
36647374 36647375 98
14054254 14054258 59
36647376 36647377 60
36647378 36647379 76
36647380 36647381 36
36647382 36647383 70
36644971 36644973 1
36647386 36647387 64
2118650 2866092 5
36647388 36647389 76
36647390 36647391 15
36647392 36647393 70
36647394 36647395 42
36647396 36647397 83
36647398 36647399 17
36647400 36647401 17
36647402 36647403 68
36647404 36647405 13
36647406 36647407 28
36647409 36647410 82
36647411 36647412 6
36647413 36647414 12
36647416 36647417 12
36647418 36647419 20
36647421 36647422 90
36647423 36647424 69
36647425 36647426 85
36647428 36647429 48
36647430 36647431 59
36647432 36647433 75
36647434 36647435 25
36647437 36647438 24
36647439 36647440 16
36647441 36647442 70
36647443 36647444 41
36647446 36647447 80
13931159 13931165 45
36647448 36647449 91
36647451 36647452 98
36647454 36647455 26
36647456 36647457 91
36647458 36647459 41
36647460 36647461 35
36647463 36647464 77
36647466 36647467 12
36647468 36647469 4
36647470 36647471 88
36647472 36647473 18
14054681 14054698 88
36647474 36647475 43
36647477 36647478 89
36647479 36647480 32
14057596 14057599 72
36647481 36647482 67
36647483 36647484 69
36647485 36647486 23
4904899 4904902 33
36647487 36647488 7
36647489 36647490 26
36647491 36647492 16
36647493 36647494 76
36647495 36647496 49
36647497 36647498 81
36647499 36647500 81
36647501 36647502 21
36647503 36647504 13
36647505 36647506 81
36647507 36647508 99
36647509 36647510 94
36647511 36647512 47
36647513 36647514 52
36647515 36647516 85
36647517 36647518 26
36647519 36647520 88
36647521 36647522 73
36647524 36647525 55
36647526 36647527 43
36647528 36647529 84
36647530 36647531 21
36647532 36647533 14
36647534 36647535 53
36647536 36647537 40
36647538 36647539 90
36647540 36647541 86
36647542 36647543 4
36647544 36647545 25
36647546 36647545 98
36647547 36647548 90
36647549 36647550 60
36647551 36647552 10
36647553 36647554 58
36647555 36647556 55
36647557 36647558 81
36647559 36647560 40
36647562 36647563 48
36647564 36647565 10
36647566 36647567 30
36647568 21609787 48
36647569 36647570 73
36647571 36647572 46
36647573 36647574 28
36647576 36647577 17
36647578 36647579 46
36647580 36647581 50
36647582 36647583 30
36647584 36647585 91
36647586 36647587 95
36647588 36647589 70
36647591 36647592 20
36647593 36647594 93
36647595 36647596 37
36647597 36647598 94
36647599 36647600 7
36647601 36647602 32
36647603 36647604 38
36647605 36647606 96
36647607 36647608 59
36647609 36647610 51
36647611 36647612 81
36647613 36647614 53
36647616 36647617 24
8726733 8726734 95
36647618 36647619 100
36647621 36647622 6
30897808 30897814 4
36647623 36647624 97
36647625 36647626 97
36647628 36647629 58
36647630 36647631 64
36647632 36647633 14
36647634 36647635 72
36647637 36647638 36
36647639 36647640 40
36647641 36647642 81
36647643 36647644 18
36647645 36647646 88
36647647 36647648 18
36647649 36647650 49
36647651 36647652 31
36647653 36647654 40
36647656 36647657 45
36647658 36647659 91
36647660 36647661 74
36647662 36647663 78
7366051 7366056 93
36647664 36647665 9
36647667 36647668 81
36647669 36647670 99
1239352 2118372 66
36647671 36647672 24
36647673 36647674 73
36647675 36647676 68
36647677 36647678 49
36647679 36647680 47
36647682 36647683 24
36647684 36647685 32
36647686 36647687 15
36647689 36647690 49
36647692 36647693 9
36647694 36647695 38
36647696 36647697 90
36647698 36647699 83
36647700 36647701 48
36647704 36647705 84
36647707 36647708 95
36647709 36647710 24
36647712 36647713 92
36647714 36647715 18
36647717 36647718 33
36647721 36647722 87
36647724 36647725 46
36647726 36647727 99
36647728 36647729 98
36647730 36647731 45
36647733 36647734 16
36647735 36647736 95
36647737 36647738 67
36647739 36647740 75
36647741 36647742 81
36647744 36647745 48
36647747 36647748 94
36647749 36647750 93
36647751 36647752 67
36647753 36647754 41
36647755 36647756 72
36647757 36647758 89
36647759 36647760 44
36647761 36647762 52
36647763 36647764 8
36647765 36647766 20
36647767 36647768 24
36647769 36647770 4
36647771 36647772 15
36647774 36647775 16
36647776 36647777 7
36647779 36647780 79
10963837 10963869 33
36647782 36647783 72
14055040 14055045 46
36647784 36647785 79
36647786 36647787 7
36647788 36647789 34
36647790 36647791 47
36647792 36647793 66
36647795 36647796 74
36647797 36647798 14
36647799 36647800 63
36647801 36647802 41
36647803 36647804 93
36647805 36647806 15
36647807 36647808 37
36647809 36647810 21
36647812 36647813 40
36647814 36647815 27
36647816 36647817 59
36647818 36647819 31
36647820 36647821 81
36647822 36647823 21
36647824 36647825 48
36647826 36647827 78
36647829 36647830 51
36647831 36647832 82
36647833 36647834 68
36647835 36647836 39
36647837 36647838 52
36647839 36647840 38
36647841 36647842 33
36647843 36647844 21
36647845 36647846 3
36647847 36647848 88
5476297 5476296 61
36647849 36647850 71
36647851 36647852 27
36647853 36647854 76
36647856 36647857 79
36647858 36647859 23
36647860 36647861 32
36647862 36647863 67
36647864 36647865 12
35485032 35485033 85
36647866 36647867 24
36647868 36647869 14
36647870 36647871 73
2118373 2865768 11
36647872 36647873 58
36647874 36647875 81
36647876 36647877 70
36647878 36647879 62
36647880 36647881 13
36647882 36647883 78
36647884 36647885 61
36647886 36647887 56
36647888 36647889 20
36647890 36647891 67
36647892 36647893 29
36647894 36647895 14
36647896 36647897 32
36647898 36647899 51
36647900 36647901 86
36647902 36647903 18
36647904 36647905 16
36647906 36647907 14
36647911 36647912 40
36647913 36647914 36
36647915 36647916 67
36647917 36647918 13
36647920 36647921 53
36647922 36647923 74
36647924 36647925 90
36647926 36647925 63
36647927 36647928 98
36647929 36647930 38
36647931 36647932 7
36647934 36647935 6
36647936 36647937 38
36647938 36647939 89
36647940 36647941 17
36647942 36647943 58
36647944 36647945 7
36647946 36647947 57
36647948 36647949 34
36647950 36647951 77
10424590 10424613 50
36647952 36647953 47
36647954 36647955 6
36647956 36647957 82
36647958 36647959 17
36647960 36647961 88
36647962 36647963 91
36647964 36647965 85
36647966 36647967 67
36647968 36647969 45
36647970 36647971 54
36647972 36647973 55
36647974 36647975 31
36647976 36647977 24
36647978 36647979 31
36647980 36647981 62
2953119 3481441 22
36647982 36647983 85
36647984 36647985 38
36647986 36647987 37
36647988 36647989 44
35501829 35501830 62
36647991 36647992 97
36647993 36647994 92
36647995 36647996 13
36647997 36647998 86
36647999 36648000 14
36648001 36648002 97
36648003 36648004 76
36648005 36648006 68
36648007 36648008 54
36648009 36648010 38
36648011 36648012 88
11522874 11522880 28
36648013 36648014 8
36648016 36648017 67
36648018 36648019 73
36648020 36648021 68
36648022 36648023 5
36648024 36648025 30
36648026 36648027 66
36648028 36648029 7
13974463 13974468 54
36648032 36648033 97
36648034 36648035 55
36648036 36648037 18
36648039 36648040 87
36648043 36648044 62
36648046 36648047 94
36648048 36648049 58
36648050 36648051 51
36648053 36648054 69
36648055 36648056 81
36648057 36648058 100
36648059 36648060 92
36648061 36648062 72
36648064 36648065 24
36648066 36648067 89
36648068 36648069 26
36648070 36648071 21
34040293 34040294 36
36648072 36648073 24
36648075 36648076 36
36648077 36648078 16
36648080 36648081 49
36648083 36648084 37
36648085 36648086 67
36648087 36648088 31
36648090 36648091 51
36648092 36648093 83
36648094 36648095 66
36648096 36648097 24
36648098 36648099 16
36648100 36648101 32
36648102 36648103 34
36648104 36648105 66
36648106 36648107 19
36648108 36648109 89
36648111 36648112 67
36648113 36648114 52
36648115 36648116 14
36648117 36648118 70
36648119 36648120 27
36648122 36648123 14
36648124 36648125 53
36648126 36648127 76
36648128 36648129 14
36648130 36648131 69
36648132 36648133 62
36648134 36648135 29
36648139 36648140 74
36648141 36648142 79
14054438 14054447 49
36648143 36648144 49
36648145 36648146 83
36648148 36648149 32
36648150 36648151 76
36648153 36648154 29
36648156 36648157 26
36648158 36648159 78
36648160 36648161 8
36648163 36648164 29
36648165 36648166 20
36648167 36648168 2
14049239 14049242 28
36648170 36648171 56
36648174 36648175 40
36648177 36648178 5
36648179 36648180 69
36648181 36648182 1
36648183 36648184 37
35004301 35004302 19
36648185 36648186 95
36648187 36648188 84
36648189 36648190 11
36648191 36648192 82
36648193 36648194 73
36648196 36648197 89
36648200 36648201 16
