329692 893423 91
216233 656359 38
287690 802076 77
6369465 4967535 90
4560049 1441851 22
819367 296703 17
2273660 656392 32
42102 173129 39
373698 373710 29
35655 141869 71
1807752 2619350 94
21283 118898 57
930879 1752857 96
734030 337011 55
9854038 9854047 26
9854038 9854052 25
244 1698 55
67528 255914 65
285097 796093 97
1911918 2689410 54
290894 809138 96
375136 978169 37
1206691 2083237 23
1988 21493 71
1570573 2429513 43
7258350 7258348 1
7258350 7258375 86
7258350 7258376 55
1620693 2469062 32
591628 1324858 26
8672292 568521 28
10041903 6175939 22
5193904 3081721 43
5193904 5193925 66
5193904 5193928 13
4937665 4937682 77
141158 444029 39
7990730 7990770 62
1620291 2468899 37
10884399 10884402 5
1325 1329 35
10929331 10929336 21
9664058 9664107 51
11123153 11123159 5
11520480 1612158 35
11520480 11520483 48
8934735 8934743 45
3861450 4092003 10
118760 380089 55
11623170 11623176 89
11626556 11626563 26
11626556 11626564 36
11626556 11626565 63
11626556 11626566 70
755837 1538503 18
11661496 11661501 57
1481286 2348772 50
3980426 3684903 24
1908381 2686912 48
426740 1070512 64
4741825 4743152 21
3270104 3709185 69
960 15043 69
795768 1585720 48
777013 1562120 63
1592546 2449327 27
371661 971758 77
1253276 2132010 60
1552434 2412433 35
3280552 3715559 89
3280552 3715563 37
11674848 1957176 78
11675020 11675025 82
161886 510695 19
298328 822263 73
11677795 182461 38
2129884 2877284 97
3594638 3922911 61
3472405 3844579 85
11694083 11694085 99
11696552 8045212 6
976789 746288 63
11712272 11712278 14
216238 656434 19
4234864 4341169 68
11746700 11746713 89
15923 82081 93
20142 113386 17
722670 1483401 58
722670 1483403 12
2376748 3068660 6
2376748 3068666 6
6920489 6920511 64
11804000 11804002 3
285550 796822 99
236537 721288 63
11857447 11857452 17
11881354 182272 77
3007196 3520956 8
11907841 11907843 49
11907841 11907844 58
11913483 11892383 9
20226 113607 93
284610 795364 51
161435 508100 18
21271 118665 78
1496138 968964 85
1327296 1562115 68
120048 383499 1
721291 721288 25
162318 162329 85
10655346 10655362 73
12069752 9652887 32
3178 39628 32
3072417 3562988 80
12099107 12099109 65
12152676 5314427 95
2628280 3254859 45
4234835 4340723 32
4515632 4540534 73
12172262 12172265 89
12183845 8438356 29
1095678 1961574 41
12196791 12196795 1
2393887 3086331 60
9646044 9646065 35
743833 1521352 9
870636 1686442 82
850150 1665010 30
4920587 4920624 27
82048 111474 82
173417 535016 11
5266603 5266607 23
619719 1358862 66
394 3177 91
777014 1562184 23
127883 413898 38
923108 337011 77
12295025 12295027 51
784134 1570617 68
12341707 10043136 99
115066 371459 18
84441 289916 2
3065816 3559269 60
5435971 5435952 14
547158 1270366 86
1851083 2653179 49
198915 596765 40
1535543 183468 88
125666 125665 33
4204715 4319232 19
9383747 9383763 53
512214 1207493 84
81395 282676 52
773018 1556303 81
2159800 570787 44
2989324 3504044 77
1585790 2444197 44
119244 380997 25
13158652 13158660 74
92424 314216 68
161892 510745 25
252021 744429 87
13159594 13159600 15
13160858 13160862 46
513007 1210683 38
13214224 13214226 5
1584164 2442499 55
115067 371473 53
137183 429383 15
510114 1204616 47
275835 782395 13
2198502 2935808 20
38869 158739 9
1481342 2348871 30
236538 721335 10
2158662 559284 43
8869 66837 13
4687886 4691951 42
1785021 2601727 17
1750678 2574373 83
12005669 12005679 22
13220795 13220797 66
173418 535084 20
1535477 2393502 50
2267450 2986746 32
912130 1722684 33
13225066 11959953 21
13225145 13173621 86
755721 1538070 30
3088481 2728036 80
13226373 13226378 61
755722 1538105 64
3616694 3939970 78
75664 270340 10
357505 954323 100
977030 1820161 43
2050964 2810771 45
13229415 13229420 38
2925366 3463085 29
173419 535141 37
236539 721396 49
201579 602556 70
13231071 13090693 13
252315 744902 37
2393888 3086349 52
15673 81186 56
1281598 2159196 28
1281598 2159197 94
12824209 11709764 75
512590 988850 50
253075 746288 15
161897 510803 11
10688063 10688079 89
116082 373710 23
3808676 4053926 68
3808676 4053931 39
1328322 2200073 91
3269219 2649317 15
5011574 5011587 57
371610 971732 9
1663873 2503923 10
13254039 13254043 5
82757 285549 98
443881 1093380 67
722671 1483403 1
36458 144198 9
11518433 11518423 81
11518433 11518436 88
11518433 11518443 62
511112 1205959 94
2160627 2901486 80
13300119 5074110 37
13300119 3423196 1
13321975 13321981 7
16127 82687 64
92898 207936 4
173420 535203 90
7201659 7201684 33
78748 277093 6
13345421 13345429 4
173421 535228 98
13348658 11907673 60
13348658 13348660 83
122541 401928 52
20118 113333 22
202087 607568 9
782461 1568784 41
39601 162261 75
592341 1326742 35
806249 1605966 9
806318 1606081 26
1381 18389 41
2656777 3274533 83
592601 1327186 34
592899 1327549 30
315801 852929 70
535820 1251700 49
535820 1252746 55
1638482 2482343 91
535714 1252597 47
117849 290458 7
82748 285520 16
13422316 13422319 87
2109 22582 13
1953 21282 39
2311721 3021697 37
1239015 2117955 32
13447798 266613 27
6812946 5581204 31
796823 1588040 71
39478 3174 38
976730 1819776 86
1571101 2430086 25
10018368 10018407 39
4305045 4385894 36
15676 81244 75
15676 81245 85
13454761 11795779 93
754842 1535940 34
2129889 2877320 70
782397 1568720 37
769800 1552435 85
5018001 5018018 35
511101 1205936 39
228715 704686 16
3585387 3917428 24
195275 589996 13
1415123 1481349 37
1272412 2148057 59
2641302 2535094 63
592439 1326870 62
81695 283332 58
409685 1046323 83
207763 619334 47
86323 294794 69
267242 768920 53
173423 535239 56
590017 590020 41
357661 954825 69
113610 370760 45
116393 374708 54
10775674 10775678 12
1989 21528 15
1989 21531 50
1326872 2198647 18
2084481 2838211 42
2132454 2879374 83
115068 371486 49
978161 1821692 93
92900 92896 82
1669 20081 100
118772 380153 26
195277 590020 26
772957 1556018 26
793919 1583725 23
38 251 35
968999 1808367 8
13509012 13509016 64
2380599 3071276 4
2435278 3117466 16
13626438 13626440 56
1667831 2507255 87
13652657 13652662 70
13709544 13709547 23
13734787 13734789 76
13735128 13735130 17
3908313 4122138 21
3908313 4122143 43
3908313 4122144 9
13845368 3571458 10
13866218 13866222 69
13873740 8097610 74
13873740 13192160 71
13873821 4956714 98
13873821 4026131 80
13873821 4956742 91
82084 283947 97
14214124 14214127 53
14218478 14218481 40
1707379 1707383 83
3790617 4042300 59
1444966 2314297 90
84552 290401 100
14280954 14280957 60
2033656 243059 85
326669 886984 87
14295087 14295099 86
14295382 14295394 22
2033657 2797366 67
14296332 8049020 33
20227 113661 9
48724 207847 68
1313811 2185791 69
379966 986187 80
975417 1818353 48
42117 173264 24
536004 1251834 26
112198 92976 7
977918 1821506 66
2198428 2935611 5
704625 1463129 61
704625 228711 85
704625 1463133 52
161900 510862 33
10474836 10474849 31
1963106 2733557 74
4120815 4263932 97
2348739 3045982 32
13436186 353990 94
2085214 1961574 61
4393656 4447745 94
14503298 14503300 53
772958 1556040 64
2186547 2924102 8
14592518 9364888 8
9664170 9664107 22
3198108 2547347 44
3198108 3198109 84
3198108 3198110 55
8080820 8080831 80
2595357 949226 19
808597 1610857 67
14683746 14683755 52
6643087 6643116 22
14202971 14203015 70
1239 16144 19
14708930 14708933 74
14746197 14746202 93
125420 2335 69
14637260 14637270 64
2420083 3105954 30
885752 1701427 68
8934776 8934791 11
3399161 3792236 39
22549 122548 59
4577337 4590636 97
14972193 14972196 64
290451 808690 97
14989637 14989645 96
1292497 2169920 26
2169937 2909835 34
8300089 8300112 80
15049184 15049188 46
207295 618358 53
576419 1292235 3
173425 535279 66
1469854 2338768 87
3470054 3843043 37
592473 1326928 9
15147259 2191193 97
15147259 15147262 49
15147259 15147263 76
15147259 15147264 55
535011 535016 29
15167773 15167775 24
15175806 3073080 85
4939189 4939227 44
15199249 745267 26
15200579 7361739 95
1674 1660 30
14293205 14293183 33
14293184 14293182 18
5027844 5027851 66
15224870 15224872 39
15238919 15238921 66
3247577 3692469 57
15241529 15241527 44
15244884 15244864 85
15246316 18522 95
4932302 4932327 46
15258464 15258468 59
15258464 15258469 80
15261815 2786 79
15288763 15288769 62
2130279 2877640 15
3047812 2351027 60
537143 1256065 5
537143 1256072 69
535138 1251700 59
350383 936363 60
3218812 3671570 5
4575605 4589137 18
2878788 3427225 30
773022 1556347 16
80541 280227 42
510563 1205373 20
161907 510968 14
6513799 6513822 2
14306961 14306967 37
2908847 3448005 30
13644720 13644741 93
15360804 402048 60
173426 535283 7
18375 93033 95
15370756 15370769 19
589253 1321603 89
1740251 2570556 91
2879416 3427660 45
46896 202280 44
284486 795093 29
1552439 2412471 74
968305 1807550 33
82673 285315 19
84178 289515 88
355244 950677 95
3534364 3235995 56
15441421 14719335 99
15444187 15444191 6
284458 795024 3
12344297 10922889 66
15489608 3684915 83
379968 986234 37
374247 977158 61
15497251 12810927 90
1907868 2686435 67
15504378 15504384 3
8125833 8125874 39
15513753 1819776 97
7201704 7201737 27
3973153 4164520 50
15559783 15341425 59
298333 817015 26
1015792 402048 39
115070 371536 43
402073 1015981 79
891119 1704410 31
122545 401969 91
755351 1537203 84
207821 405005 4
207821 619619 33
13537048 13537058 64
15625621 15625624 74
122641 402375 51
4595485 4606418 75
434468 1081993 70
375746 978984 21
535827 1252804 53
115270 20315 46
15675720 14274005 74
14309435 14309443 34
15676567 14696605 69
2600742 2734390 21
2656828 3274636 46
15240956 15240965 9
20079 20081 32
15680479 15680481 4
15681359 15681361 11
15681765 15681771 71
83314 286729 80
252319 744933 100
161916 511120 10
20143 113442 42
512210 1207446 16
20229 113965 68
117837 378379 33
16134 82781 89
1820726 2630807 59
742764 1515570 62
15682965 15682968 70
15682975 15682978 60
15683010 15683015 13
2398642 3090243 51
84572 290458 68
1833003 2639178 97
122629 402268 69
118650 379961 5
533611 1246608 40
1407376 2281881 70
15683241 15683244 41
511224 1206264 36
115071 371544 95
1622729 2470249 16
379970 986259 81
2033261 2795234 67
535563 1252466 12
986306 1833077 51
782403 1568744 4
2197543 2934087 17
5530156 5530178 32
536080 1253375 14
15683511 15683518 78
2199348 2936837 24
607668 1344222 97
2348740 3046020 7
5949425 5949443 58
15684449 510595 86
1704086 2535094 59
5267927 5267934 41
796630 1587967 72
1835598 2641651 86
4039166 3784396 62
15688128 15688137 23
2818253 21285 47
2818253 3385410 80
14338849 2898309 19
2148372 2890431 34
10693514 10693518 51
15695168 11384533 48
511205 1206167 50
15698095 15698100 19
4265455 4357934 42
4265455 4357943 31
2081460 2835708 43
14959399 14959406 14
141967 447083 44
4924683 4924734 19
1867420 989337 59
4425378 4469585 29
4425378 4469589 53
217833 665978 86
15703420 15703435 8
2080180 2835030 48
823365 1631342 8
1523416 2380862 68
1505194 2369079 5
260203 755480 21
402048 1015792 26
989303 1835044 65
2637357 2637360 32
3567548 3905505 36
15712209 15712211 75
3258826 3700625 79
1584166 2442544 98
3574137 3909752 48
15716098 3275951 50
15716506 15716511 11
15147261 2191193 14
1622730 2470265 76
1015794 1867348 96
512444 1207708 18
3972023 4163784 30
964400 1804268 55
373027 975130 94
13228152 13228160 67
15245236 15245244 73
15719301 15719305 85
39625 162401 75
1015796 1867363 96
535286 1251966 85
755449 1537385 85
15719513 5892136 10
116087 373959 68
1584120 2442437 44
15719567 8622471 67
15719599 15719607 13
15719619 15719622 72
15719619 8796723 54
15719619 15719625 33
1553268 2198530 34
15719633 15719636 33
15719649 15719651 81
15719663 15719665 80
15719672 15719676 61
2837944 3398251 48
15719700 11471719 64
15719721 15719723 82
773023 1556354 62
1970742 2601677 36
3773568 4032652 11
15719966 10740010 46
15720137 15720142 78
122630 402317 47
1665082 2504869 42
2622346 3250425 69
3224020 3674840 19
173427 535319 73
3207386 3663440 39
378361 378379 62
5949430 5949460 40
15721410 10312853 6
773024 1556373 55
968614 1807814 4
1015798 1867374 81
565194 1283278 63
173428 535342 55
15721699 15721707 1
115437 372383 35
3398718 3791983 68
15721810 15721812 70
15721861 15721864 92
2131306 2878513 40
2348741 3046041 22
9149711 9149721 16
772960 1556053 15
3125074 3601743 11
5646 48684 68
92903 315840 13
15722092 15722096 61
1855036 2656812 39
15722146 1634613 12
3574501 3087053 46
2639228 3262911 30
1244097 2122983 21
14967506 14967509 29
4645991 4653270 57
15722477 15722479 72
2878722 3427159 38
15722602 15722604 27
15722611 15722612 79
1634291 576233 36
10299412 10299436 58
1502151 2366420 87
15723047 15723057 34
15723083 15723085 100
18347 92908 75
1244099 2123008 88
6660977 6660983 92
14708932 14708933 94
92236 313575 100
15723652 15723660 93
116395 374904 17
15723860 15723863 94
14716241 14716247 8
14716241 14716249 33
15723977 15723981 2
15724003 1206047 79
923290 1732201 40
15724058 1686442 91
512887 1209175 25
113438 113442 51
15724373 15724375 49
976358 1819306 74
3743895 4015903 64
15724516 15724518 19
15724557 15724562 71
1097127 1963110 14
13335453 6510514 2
15724640 15724642 82
15724640 15724644 91
15724713 15724715 99
15725069 15725071 10
15725119 15725121 16
15725130 15725133 26
2618523 3247597 59
15725328 15725333 28
15725393 15725397 80
5028978 5028973 73
371435 971497 40
122631 402352 64
140717 441029 41
15139422 15139426 57
15726025 15726028 46
15726122 15726129 54
2775 35427 76
15726202 15726208 52
15726245 15726252 37
3697841 3989080 23
15726444 15723441 16
336634 921980 89
15726627 15726631 74
4991054 1907 71
15727038 15727040 74
15727038 15727042 15
15727543 15727549 32
1562123 2421561 53
4080951 4234506 54
130253 416477 56
15728051 15728054 12
1867196 2666581 17
2081425 2835625 72
15728613 3236031 66
15728649 15728651 49
2084535 2838301 4
826101 1634738 50
923113 923118 24
15729121 15729128 29
15729164 15729166 52
2176208 2914707 80
2176208 2914713 16
3250230 3694104 62
879229 1695457 88
4468999 4503275 90
722669 1483390 57
15729800 15729802 69
15730076 15730078 94
15730193 15730196 38
1505247 2369109 57
216271 656784 51
1538191 910685 4
1538191 2394095 83
1538191 1783088 53
1250612 2128370 19
15730697 15730701 8
13235754 13235759 94
13235754 13235760 79
122546 402014 76
15730775 15730778 9
743359 1517736 97
2440538 3122309 68
3427655 3809139 47
12952527 12952531 49
15731434 968964 20
1486552 2354060 49
535182 1251829 94
1867197 1694381 50
15733865 15733872 81
1434305 2304642 68
592968 1327612 42
698960 1455150 36
826090 1634713 21
15735238 15735240 43
1808283 1641340 33
4531448 1694381 29
2396392 3088471 7
3247599 3247597 38
2351028 3047819 41
5026020 5026024 32
14908747 14908761 31
15735836 15735839 9
116715 374708 46
2396393 2351027 91
15736080 15736082 51
3601746 3927305 94
2733577 3323451 94
15736106 15736109 18
4465579 4500777 34
15736722 15736726 58
2641689 3264346 15
746381 1525790 33
4254450 3684903 61
3398491 3791634 76
15736762 15736764 78
10630155 3032474 6
15879956 15879958 82
15762471 15762486 87
10793854 10793871 94
12061838 12061860 55
12061838 12061861 95
12061838 12061863 31
12061838 12061864 81
3922122 4131315 82
10634504 10634507 13
21792622 21792620 45
10112541 10112545 52
15236526 15236530 81
15236526 15236531 16
3088811 3576125 23
11887653 11887659 42
21932042 21932047 43
2450578 3130324 71
21967829 2619470 31
11813790 2033446 11
15600198 15600202 53
11744371 11744381 18
11744371 11744388 71
808108 808111 6
28229521 28229525 97
2333342 3035169 90
2333342 3035170 19
28271814 28271816 87
28271875 28271878 65
28276343 28276345 56
28277458 28277459 19
114826 371066 47
28302132 28302135 78
28302802 28302807 59
1709471 2540209 77
28307849 28307848 55
2442543 3124518 58
28371700 28371701 88
4365641 4427817 9
28385107 28385108 25
5433082 5433074 58
28388489 28388488 14
589498 1321997 55
1707226 2537695 97
943869 1774565 19
4216600 2899922 82
1093794 1959853 53
28303810 28303809 32
1774831 2590909 83
3151287 3623551 2
3151287 2476449 6
3151287 3623553 37
3922075 3592868 83
3922075 4131307 1
2123019 2870798 22
28644068 5300645 92
295376 816971 90
2878478 3426910 51
7332452 7332434 25
28728484 28728485 76
1270367 1270366 63
3108630 3590936 53
28728821 28728823 14
28729315 15616881 64
28729693 28629961 2
28729710 8348706 69
226731 701313 76
28730433 14647659 43
28730569 28730570 39
28730570 28730569 11
9665402 9665414 8
4397572 4210287 38
971719 1810927 49
1587962 2445437 96
29038644 29038652 16
29039402 9637638 18
29039576 29039577 18
29039707 29039711 86
29039719 21723676 44
29039984 1701427 76
29040088 29040089 97
29040197 29040198 7
29040250 29040251 48
29040280 29040281 77
29040280 29040282 100
10634308 10634356 1
1326881 2198708 85
29040960 29040961 56
2199058 2936479 91
29041463 14714452 54
1483408 2351027 46
2160637 2901531 22
2470246 2470248 7
29042002 29042004 53
3619821 3942028 51
1358752 2233314 24
368883 968160 32
29042621 29042626 71
29042658 29042660 94
29042722 1902 25
29042864 29042867 43
29043139 29043141 73
282684 793306 87
4738087 4739479 21
29044460 12180160 18
29044543 29044546 100
29044572 28586204 65
29044675 29044677 62
29044728 29044730 66
29044786 29044787 95
29044921 29044922 67
29044990 29044991 13
29045165 29045168 33
29045230 29045231 39
81511 283001 16
1687 20213 58
29045598 29045604 57
24156677 24156692 29
29046028 29046029 73
29046068 29046072 59
29046129 29046131 32
1816717 2626774 93
29046663 29046665 31
2710523 3305037 44
29046755 29046757 38
371438 971523 5
29046879 28311617 9
368758 967936 98
29047528 971497 93
12184568 12184564 98
1204952 1204950 74
29049007 29049010 30
1833073 2639229 15
7745135 7745187 74
29049313 28774330 69
29049505 29049508 2
28307672 28307671 47
1415125 2288011 36
115820 115822 34
28303712 28303711 92
978067 978064 92
29050618 29050619 39
4444234 4485296 42
29050962 29050963 40
12319031 12319035 28
29052155 3685005 73
592474 1326948 98
29052960 29052961 43
29052960 29052962 29
12559982 12559987 98
29053116 15234467 73
29053202 28740006 92
29053244 29053247 2
2417489 3104247 60
2417489 3104248 96
2417489 3104249 59
29334419 29334420 29
29334435 29334439 100
29335253 29335256 99
29335440 29334969 37
29335358 29335348 71
29335629 29335631 4
29335036 29335045 3
29335043 29335045 64
29336065 29336071 8
29336067 29336074 74
28730078 28730077 29
29336156 29336158 23
29336227 29336229 71
29336070 29336071 83
29336255 29336259 71
29335255 29335256 9
29336581 29336584 70
29336598 29336601 50
29336770 29336772 59
29336778 29336780 94
29336778 29336781 8
29336912 29336916 81
29335172 29335178 98
29336600 29336601 34
29335443 29335444 73
29337402 28729903 58
29337534 29337537 90
29337536 29337537 64
29337887 29337889 82
29337915 29337917 29
29336779 29336780 47
29336779 29336781 12
29338345 29338347 49
29338642 29338645 93
29334437 29334439 72
28728371 28728367 100
11581883 11581865 83
29338903 29338905 100
29335354 29335348 28
29339141 29339143 30
989309 1835077 15
29334438 29334439 46
29339247 29339253 24
29339347 29339349 96
15235761 15235769 38
4527918 4549813 97
29340373 29340375 82
29336835 29336853 8
3129941 3606305 34
14635742 14635745 27
29609472 29609485 35
3679924 3976815 92
28776996 28777044 10
28737427 28737421 92
28608779 28608778 43
3942998 4145949 48
3942998 4145950 42
30294848 28997545 23
2323656 3027388 7
30299307 30299306 46
2130524 2877787 24
11279210 11279204 30
11279210 11279218 79
11279210 11279213 52
704636 228711 31
30305596 25434742 95
2878492 3426957 27
974368 1816830 45
974368 1816831 55
974368 1816832 1
974368 1816833 13
974368 1816834 21
974368 1816835 87
974368 1816836 10
974368 1816837 6
974368 1816841 11
974368 1816842 29
974368 1816843 52
30307758 30307757 66
30308201 7476919 99
30308201 30308200 8
3159040 2485563 32
15279797 15279801 17
173504 535819 83
2430704 1571812 86
30312969 1695240 53
4474427 4507910 100
3271437 3710367 14
30313992 30313991 28
23711526 6158827 68
2133408 1256066 96
20432 115822 71
672051 672044 82
13453561 13453568 56
20121 3212 72
1327194 2199064 1
380997 119244 22
99843 232280 26
99843 330133 29
1693 20255 40
119250 381017 80
30320347 30320346 40
30320678 30320677 26
30320678 30320679 69
30320678 30320680 93
173430 535380 12
589969 1322688 24
30321030 30321029 56
30321875 30321877 35
298341 822371 69
30322962 30322963 80
15726901 15726896 51
12184564 12184568 23
12184564 12184570 43
30324064 30324063 44
30324153 30324158 44
14680432 14680430 38
30325545 30325544 46
30325593 30325592 3
30304147 30304151 75
28759749 28759750 92
30325845 30325844 65
30325851 30325850 34
15219220 15219222 90
7138690 7138687 16
1778575 2595117 67
30327770 30327769 33
5853839 5853854 69
30329236 30329235 11
173431 535390 12
30329553 30329552 80
28506814 28506813 34
30329973 30329972 55
30330052 30330051 13
30330357 30330356 80
1538552 2397724 90
15351863 15351860 16
4422970 4359825 27
28458414 28458415 23
28555942 28555884 92
11966239 11966244 100
30293607 826532 1
1206986 2083438 85
30335681 30335682 13
20837 117246 70
30335701 30335700 39
30336191 5002176 49
30337079 30337078 37
86247 86246 32
9383788 9383799 6
9383788 9383800 45
313680 207936 90
30339966 30339965 32
3248231 3692810 87
28761343 28761342 18
30314499 30314512 65
10634374 10634524 10
1807008 2618634 76
30343428 30343427 94
30295142 30295141 13
30342628 10336923 92
30344514 30344513 41
1695 20273 96
3690063 3984414 91
14600090 14600088 41
14881768 14881764 59
30347118 3921232 87
30298711 30298709 32
30347746 30347745 6
380782 989367 50
30348432 30348431 63
30348586 30348588 78
8752534 8752527 51
122549 402030 92
289712 807932 94
30350020 30350019 39
10335008 10334969 31
13416282 13416267 56
30350575 30350576 40
12254679 12254677 60
14259071 14259073 50
30324567 30324570 36
28777282 28777281 26
11883303 11883307 3
30296647 30296646 100
15229807 15229805 61
2185801 2923624 92
10545145 8839344 9
3968840 4161951 55
30352862 30352861 52
30336858 11834081 92
14219179 14219176 35
118664 380026 36
13121210 13121207 73
375193 978223 14
2424067 3109567 79
30354717 30354716 3
30354801 30354800 24
14759730 14679282 98
30356354 30356353 1
536015 1253193 31
14255208 14255213 8
28674387 28674386 56
2442497 3124449 3
4000230 3715427 4
12860474 12860478 85
28760362 28760366 22
3653923 3962572 47
1731816 2565762 38
30359694 30359693 78
30359718 30359717 20
2901125 3442233 36
11471726 11471728 13
30298712 30298709 8
30362982 161914 21
30298713 30298709 87
616335 1354569 31
8975679 8975688 48
9866972 9866965 64
15238187 15238185 35
151740 478833 87
30370592 30370591 89
11841304 11841313 63
9651024 9651047 13
8049007 8049020 38
15728376 4076601 74
15728376 15728374 55
13674736 13674740 3
30373093 30373092 34
30373169 30373168 62
30373237 30373236 39
13283714 2084877 36
15656399 15656413 78
14668486 14668482 28
6094844 6094836 54
30303276 30303289 81
15726226 140709 86
30373547 30373559 5
28486473 28486478 60
28317415 28317414 17
380407 988963 17
30374337 30374337 100
30374337 30374338 14
30374337 30374339 61
2130280 1251700 1
8876670 8876677 75
30377312 30377311 18
409688 1046347 30
1991204 2761996 88
2707448 808644 9
28366156 28366155 95
30380852 30380851 33
30380874 30380873 11
29042309 29042319 55
2870801 2123030 65
30295265 30295263 36
14231782 14231780 55
16458 84465 89
15240475 15240473 18
30381350 30381349 7
30300139 30300138 53
30382229 30382228 64
30382416 30382418 89
30382708 30382707 88
9229372 9229367 54
30383247 30383248 71
30383523 30383525 89
9536703 9536699 93
30383807 30383806 67
3534043 2321632 1
28776525 28776524 68
3738653 4012692 68
23350542 23350547 80
15238188 15238185 54
30386294 30386293 58
9572679 8146077 35
30388192 30388191 96
4751673 4752665 20
1252592 2131282 74
30388193 30388191 47
30388838 30388843 54
30389350 30389349 36
28774842 28774844 72
2960948 3486388 42
4960432 4960436 75
4960432 4960438 7
1413408 2285083 27
808598 290436 80
29354942 29354943 82
2598305 3232470 79
4325554 4053926 10
30391238 30391237 19
30391246 30391245 75
370085 113442 89
30391356 30391355 16
30391401 30391400 96
656707 1399076 16
3980236 3684889 72
1206275 1206266 53
1637573 2481307 60
30333677 30333679 96
875959 1692401 84
30395353 30395352 57
269749 75177 66
15067683 15067692 43
30395918 30395917 70
772963 1253193 69
21331 119268 77
762377 263984 13
3740685 4013888 91
30396163 30396162 24
1251899 2130442 85
13252660 13252664 77
30322963 30322965 58
9424516 9424525 26
28307963 28307967 93
82683 82781 17
30374338 1209170 48
30374338 30374337 65
117839 378393 71
283719 744131 34
14928481 14928499 5
15625631 15625644 77
971670 1810860 94
113226 369740 98
113226 369742 30
28301913 28301912 62
3120792 2534909 22
3589808 3107358 12
30405978 30405977 31
9665396 9665401 1
28547769 28547776 47
28307921 28307924 42
30495628 9646044 86
1015803 1867417 42
28688671 28688687 2
4679801 4684342 37
30743561 30743562 66
82684 285480 52
1252002 2130532 27
8854928 8854945 44
30743919 30743920 60
30744090 6209149 97
11623011 11623023 82
4410929 4459480 1
30744312 6379775 38
29346160 29346162 66
30744457 7495131 54
4364089 1867200 2
30744525 30744529 45
3280377 3715427 53
30422733 30422734 74
30744773 30744775 49
30744798 8546781 4
30744822 12636822 36
30744903 30744904 39
29044436 28476952 58
1483415 2351072 15
30745373 30745376 54
30745752 28436856 89
30745830 4000239 1
30746174 30746178 11
30746351 11998428 73
536017 1253233 86
1734119 927038 99
30746620 2601695 13
21683865 21683863 73
15484123 15484136 9
30746830 13048498 81
30746907 28544166 67
30747098 30747101 91
3126031 3603103 45
30747262 4275130 60
3559258 3559269 54
4470670 4426458 26
30747495 30747497 31
5007240 5007245 42
5007240 5007246 10
5007240 5007247 36
5007240 5007248 44
14205482 111471 56
30747958 30747959 77
3790306 4042050 39
30748466 30327754 12
30748680 30748682 70
30748821 30748825 5
3464003 2927654 89
30749084 30749085 69
2542798 2542797 78
30749403 30749405 93
13150869 10110113 69
13150869 56017 74
4299884 4382276 7
2541003 3195423 70
4466948 4002212 39
30749677 9225463 59
3980659 3684989 6
2442549 3124531 90
30749995 7581231 43
15819583 15819589 28
30750131 30750132 51
81197 282350 26
4811677 4811804 75
1207553 2084042 95
30750578 30750579 44
2449483 3129620 12
30396169 30396175 61
2837943 3398238 95
4931760 4931776 84
30750814 30750815 46
3606074 3929949 74
13396231 13396242 6
30751582 21683863 37
450743 1107857 91
22008458 3152310 65
28473100 28473111 50
20277 115065 58
30753695 30753696 94
30753764 30753765 84
30753834 4427812 47
877320 1694381 33
30754315 30754318 16
30754371 12075212 28
4273791 1694381 1
30754567 30754569 23
30755047 557740 64
30755715 14662142 64
30756902 2400198 75
30757148 2200512 27
30757148 2200513 100
30757360 30757363 82
30757374 7187489 32
30757374 30757376 11
30757500 9490844 98
2219966 319107 67
3715562 4000342 45
15131209 7344268 68
30758017 30758019 22
773032 1253258 20
2986747 3502650 37
30321093 13108096 25
30758182 28311567 63
15625632 15625650 17
30758364 30373664 99
28277451 28277450 75
30758936 30758939 60
30502790 12426396 82
30759516 30759518 95
30759741 30759742 44
30759958 30759959 54
30760099 30760100 80
30760506 30760507 28
30760620 30760621 11
30761021 30761023 94
30761055 30761059 52
30761106 30761105 64
5109589 5109596 23
30761197 29712513 6
30761302 14757598 60
30761381 14273657 77
1556035 2416307 20
30761402 30761403 39
2541219 92897 29
30761730 30761731 4
30761949 30761950 1
28473101 4054424 53
30762143 1100586 58
30762327 30762326 71
30762444 30762446 91
30762465 30762467 99
3151288 2476449 93
30762896 30762898 4
28814173 367753 67
30763257 28612463 67
536019 1253258 45
30763426 14293141 96
13521269 11975905 66
30763469 30376371 66
30763922 30763883 18
324559 877327 89
30762928 29046068 69
30764567 30764568 24
30764698 5853854 31
30764721 30764722 16
30764726 30764727 40
30764778 30764779 46
29044708 29044705 60
29044708 29044712 100
30764842 30764843 6
3629629 3948374 16
30764922 30764923 86
30764923 30764922 36
30765078 30765079 53
15207269 15207264 14
30765234 30765235 88
2084041 2084043 42
30765432 30765433 81
30765533 30765534 4
30765679 30765680 44
30765957 30364209 26
30766468 30766471 58
30766488 14466949 27
16466 84553 63
30766785 30766789 42
30767021 28701739 100
13835519 13835522 48
30767064 30767065 44
30767216 30767217 26
30767217 30767216 39
30767641 30767642 64
30767663 30767664 89
30767680 30767681 69
30767841 30767842 97
2160641 2901546 41
30768239 647220 39
30768481 30768482 50
30768549 30347522 13
30768784 30768785 67
30768795 30768796 19
30768865 30768866 99
30769124 30354934 44
30769224 14588539 8
15690815 15690814 18
2738835 3330332 49
30769712 30769714 84
14627658 14627665 40
9081546 2373460 9
4126303 1957176 47
1588304 2445782 29
510685 1205457 51
30771439 30771440 95
773034 1556469 89
30771905 30771906 45
2836889 3397613 42
2614956 3244578 19
656792 1399135 70
30773975 30773976 77
30774748 2084877 63
28932188 11849360 98
30774984 30774985 21
30775085 30775086 19
30775176 15206834 28
15206851 15206834 14
30775234 30775238 23
3230255 2620287 90
30775558 3248935 14
30776027 30776028 4
30776252 9320669 2
3191843 2935916 31
30776425 30776427 96
30776547 30776549 16
30776715 30776718 85
30776715 30776719 80
30776715 30776720 45
30776715 30776721 75
30776715 30776722 14
30776775 9400710 83
30776843 30776844 76
30776992 30776993 51
30777095 15730712 71
30777113 14877767 82
30777331 30777332 43
30777488 30777490 56
30777869 2786 71
30777921 30777922 32
30778021 30778026 77
30778334 30770877 62
30778359 30778361 45
8656520 8656587 97
30778774 14679475 18
1424467 282372 69
30495506 11065705 82
30779042 30779043 46
30779103 30779105 29
30779124 30779125 80
30242466 30242470 43
29050913 29050920 54
11030119 11030131 54
30382418 30382416 40
30779983 30303396 12
30780292 30780293 34
30780308 30780310 67
30646331 30646332 22
30780425 30780428 49
30780425 30780429 65
30780613 28515522 73
30780671 30780672 26
30780833 30780836 7
3088958 3576253 23
30781116 30781117 87
30781128 30781138 35
30781384 30781385 37
30781503 14295394 18
30781567 30781568 72
30781731 30781732 73
30781742 30781746 13
30781743 30781742 30
30781825 30781824 60
6369312 6369349 51
8573342 8573337 78
2935529 3469777 40
2935529 3469778 7
2838420 3398721 57
30782655 30782656 25
30783127 2995984 18
30783586 730758 26
30783588 30783590 100
30735851 30735853 92
30783849 30783850 60
35425 35419 11
30784179 30784180 9
30784193 30784194 43
30784653 30784654 21
30784834 30784836 15
30784844 15262486 51
30785254 30785255 41
15728992 2461343 18
30785612 28761342 72
30785904 10889711 50
28172403 28172408 87
7401470 7401540 22
30786320 9071674 94
30786685 30786687 97
3647821 3958713 55
15484137 15484136 59
30787160 14264133 48
173436 535468 70
2084651 2838424 67
30787417 30787419 17
30788238 6156534 59
2130964 2878161 14
773038 1556505 19
1556069 2416365 29
1556070 2416365 9
2878376 2131172 36
236545 721491 27
1251405 2129907 62
30802824 28772757 95
773133 1556953 47
15725331 15725333 33
1251529 1253375 6
1253262 2131989 81
30806276 535468 86
1251407 535016 14
30806405 1253258 25
773095 1556863 7
173442 535545 65
721355 535468 42
1252443 1556373 24
30424528 30424532 36
28449298 28449297 11
15223246 791760 82
2796497 3370713 73
2033672 2797498 67
31181438 31121625 82
31181444 14210414 8
31183398 31183400 67
31759255 31759257 17
772980 1556226 27
1270371 1270366 56
13741662 13741661 22
4364080 4426448 43
10934588 10934592 51
31883428 4546837 74
681136 54003 6
9847270 9847284 92
13826318 13826323 6
29593240 12321110 61
31871694 31871695 74
92910 18389 79
13855949 13855952 48
32705540 14629242 80
32739032 32739033 11
32757289 32757291 58
2877789 2877787 37
32761095 32761097 17
32764396 30364508 61
32764396 32764399 11
2666570 3280302 91
28473089 28473105 53
32772501 32772504 3
32774937 30376382 39
2200668 2938902 43
32775804 28962213 12
4484076 4297140 98
32776114 32776115 32
30448636 30448641 82
30494567 30494566 23
1694386 1694381 64
32786177 262897 5
14958443 14958448 1
32786908 32786910 92
32786976 32786979 72
30444882 30444886 26
10634508 10634507 43
32787697 28562202 8
32789829 2394612 51
512264 1207554 65
32792884 14722153 58
32796279 14692675 35
32799657 32799658 44
22120185 22120196 81
4137656 4276317 29
5026806 5026812 11
15110113 15110120 5
4187912 4308401 51
2085169 2838946 29
32805932 7029730 53
32806170 4933677 60
11673218 11673254 88
11673218 11673255 40
3264369 3705544 49
32583521 32583522 69
30242168 28650969 97
32808240 32808243 28
1015956 1867589 2
32809368 32809369 35
32809542 32554174 69
28500083 28500089 76
32811676 202280 25
2870774 3420783 43
30748467 30327754 1
32812573 15242170 28
32812901 32805291 31
32814163 32814164 61
3575895 2351027 50
4135058 3928137 94
3603102 3928137 55
3928136 4135074 92
4273792 3928137 25
3705548 3994359 27
30748056 2666581 100
378421 290458 69
32816891 32816892 47
28302804 28302810 57
8592221 981668 30
30808649 30808653 86
2461352 1634713 87
15730709 15730712 54
32820209 32820212 30
14928471 13175450 65
29353110 29353114 58
32823208 9007299 14
15728016 15728021 79
4000233 3715427 14
32837530 32837532 77
30383898 30382709 81
10634358 10634506 41
10634358 10634507 75
32841033 267731 84
32841198 32841197 91
30788327 30788330 23
32842366 32842367 60
32842415 122602 11
30388742 30388746 56
3559261 3900327 21
32846031 32846035 40
32851620 32851622 75
32853750 32853751 8
32853768 30786289 5
32854362 32854363 25
592793 1327426 95
2666575 3280302 33
30671645 28457878 76
32872775 32872776 85
32872788 5256655 77
32872792 32872794 43
681066 1434300 63
32953191 32953193 52
32954591 32954593 80
32958907 14295394 89
33015905 28765243 44
3835912 4076728 62
15090511 15090514 20
33022405 14460090 77
33022405 14460093 52
33024441 9791278 59
33024685 33024687 66
33025358 33025360 52
9847287 9847294 14
33025620 30348585 70
33025354 33025360 54
29049234 29049235 14
29049234 9995941 82
29049234 29049238 51
33026228 33026231 27
33026262 33026264 68
29049400 29049412 35
33026636 12155540 41
33026964 33026966 19
33027134 378414 76
33058504 29039151 17
33062050 9318655 89
33090029 33090032 64
33090426 33090429 18
2379936 3070907 98
4504848 4531433 2
4504848 4531434 81
4504848 4531435 47
30233377 409737 62
33949319 33949320 29
34261482 34261483 77
34304259 34304260 99
618423 1357321 34
29353112 9537366 20
34352472 34352473 21
4130165 4270450 5
34397911 30606653 98
4255814 4352039 67
4255814 4352040 96
378828 984425 75
3608622 3932547 57
15253212 8202940 84
34715087 34715089 88
34833403 30350044 49
22116522 21629207 37
22116522 21701883 34
34013219 33144336 52
4930881 1671830 82
1611328 2461363 43
35402838 35402840 43
35413892 35413893 87
35415843 28768328 52
35415843 33128148 41
35415843 495899 27
35415843 35415844 69
35416295 35416296 81
35416346 15634312 78
35416407 2578837 83
35416410 28311625 25
35416422 28614953 6
35416477 21782630 49
35416499 8353087 90
35416541 31185494 43
35416553 28311618 13
35416556 28617324 34
35416601 28614811 65
35416822 14254656 7
35417837 1955198 32
35418752 35418753 20
35418880 35418881 75
35418886 35418887 42
35419220 35419221 56
35419914 30326626 42
35421032 30842391 77
35421183 35421184 68
35421522 12155540 3
35421572 28617065 41
35421575 5349087 64
35421590 35421591 21
35421595 9583355 48
35421620 28692056 48
35421623 35421624 8
35421640 28592849 30
35421645 35421646 97
35421693 35421694 84
35421718 28615035 55
35422503 28669289 70
35423431 35423433 43
35424673 35424675 91
35434671 28425453 99
35435948 35435949 54
35437683 31086664 76
35439794 35439795 34
35440383 35440385 36
35440472 34825072 38
35440575 4275129 41
15723656 15723660 55
15723657 15723660 21
15723658 15723660 2
30776718 30776715 33
35441802 28588321 58
35442412 35442416 75
35442531 30355693 75
35442568 30366223 37
35442577 930337 3
30614385 28848044 27
35442599 30355666 98
35443103 15258468 25
35443103 15258469 7
35443490 28311621 71
4145951 4281554 98
4145951 4281556 78
35444003 30617750 74
4704379 4707342 28
35444148 34975065 8
35444170 12331032 99
35444176 21690708 2
35444179 35416296 79
35444194 28311581 17
29600676 29600680 66
35445363 31142880 36
32675516 218962 55
35445882 34865946 13
31986787 31986786 63
30622024 12101576 36
35446158 35446159 33
3398240 3398238 22
3398240 3398239 31
35448410 28513358 9
35452305 12065613 82
35458526 5043927 8
35458526 8933393 19
35458596 28473037 63
35460098 11053022 60
35460098 25449429 35
35460473 35460476 60
35460834 28383126 88
35462469 35462470 62
35462503 34873475 18
35463364 35463365 4
302341 827117 58
35464426 414230 45
35465703 10279220 52
35455665 31166424 37
35467233 35467234 45
35468503 35468505 9
35469634 35469635 61
35470961 282350 18
35473851 35473852 50
10634625 10634489 65
35476286 12947521 15
35477996 35477997 66
29050695 29050700 60
30747117 12788650 20
35787215 35787217 62
35787988 35787990 94
35790481 32552099 94
35790905 35790907 87
35791048 1695240 50
35791079 35791081 34
35792924 11564698 11
35794077 28425506 61
2880098 3427959 63
4939762 4939779 42
35794884 35794886 25
2389354 3081560 36
35797415 971523 2
35797743 30381795 27
35797856 35797858 87
35803222 35803224 58
35803330 2709445 100
35804710 35804712 77
35806053 35806055 50
35806652 35806654 44
35807362 31123251 22
35808868 15730712 80
35812163 35812165 65
35812220 9614598 86
30622380 28727591 15
35814457 10115250 31
35816969 13537058 24
35819850 35819852 58
35821034 34867786 31
1015824 1867501 14
35822870 35822872 87
35834810 35834812 69
35835035 35835037 22
35791756 35791760 25
36115363 28701657 6
36116209 36116211 87
36268134 36268135 12
36271210 36271211 88
36271219 36271220 52
36272812 30372972 78
36273830 4108180 60
36277853 36277854 87
36278432 28508595 47
36292921 36292922 97
36293826 35751292 67
30642649 30642651 64
36296533 30779421 42
36310197 36310198 56
36310594 34962281 99
2084045 2084043 50
36319717 36319718 15
1207562 2084070 67
12175963 12095975 44
12175963 12095977 7
36325689 36325690 33
36326181 36326182 75
36326859 28620565 57
36328201 36328202 80
36329564 28280650 71
36329862 36329863 78
36329862 36329864 93
36330544 36330545 41
36331364 34965982 80
36334825 36334826 5
3398243 3398239 38
36344555 28745326 58
36346197 36346198 53
4367513 4429313 30
36353184 30347967 56
32991869 32991871 69
36356153 14721593 6
36359635 36359636 76
36361773 34853067 11
35606268 35606270 33
36362899 12888313 86
36363933 8721063 49
36365097 36365098 50
36365097 36365099 2
36367772 36367774 51
35449573 35449577 35
30776719 30776715 62
30776720 30776715 16
30776721 30776715 56
30776722 30776715 29
36376642 36376643 10
36379872 10282388 7
36379916 36379917 26
36385114 1253258 68
36385360 36385361 85
36387401 36387402 44
36393131 794713 81
36394357 36394358 46
36395229 28554632 42
36396359 1431856 37
34122617 678853 13
36402647 36402648 96
3592868 3922075 3
36405375 14464353 99
36407318 30756461 72
36412177 30783429 90
28841461 28841462 52
36421417 36421418 18
36422492 36422493 15
36430580 36430581 14
36433903 36433904 82
36434578 28745326 19
36438058 36438059 44
3398245 3398239 63
10318866 10318864 22
36658551 36658552 41
11107439 11107434 96
36860529 28587990 55
36860531 8279735 20
36860531 25464031 32
36860532 36860533 89
36860534 15880594 69
11518443 11518433 10
36860536 326618 20
36860539 6632730 96
36319718 35436802 54
36319718 36319717 88
4215733 4326337 23
36860540 36860541 41
36860542 35810802 94
36860543 36860544 94
36326184 29338842 81
4131307 3922075 64
36860546 36860547 4
36860550 36860551 22
36860553 36860554 91
36860557 28503353 5
35806654 35806652 77
36860559 36860560 96
36860560 36860559 99
36860563 36860564 70
36860569 36860564 1
36860575 10443473 94
34019199 15597682 1
36860576 14229704 21
36860577 827117 62
36860578 13222946 26
36860581 33255641 41
36860582 36437821 6
36860584 11020466 28
1441851 2310016 22
36860585 36860586 60
28877060 12285504 68
36860589 28313593 20
36860591 36860592 46
36860594 15296929 35
36860594 36860595 9
36860594 36860596 74
36860601 21642125 51
36329863 36329862 49
33052610 33052611 25
36860603 33444644 34
2012586 2186622 84
36860605 15236530 32
36860606 36860607 95
30746178 30746174 9
3970708 3970706 58
36422493 36422492 46
36860609 36860610 79
36860611 36276055 28
1692401 875959 1
302342 827119 36
36860612 36860613 1
36860617 36860618 46
36860618 36860617 24
36860627 14529747 31
36860629 28760975 48
36860631 36860632 50
36860633 607668 60
36860633 325153 15
36860633 846363 52
36860634 36860635 63
36860641 34837671 87
36860646 36860647 47
36860648 36860648 26
36860649 34727893 49
2527310 3187098 99
36860651 35650836 64
36860652 33324247 37
36860656 36860617 3
36860657 30745466 5
36860658 36860659 94
36860664 6978381 70
36860666 31179547 24
36860668 28314682 63
