9537037 3671044 13
10709625 1372347 81
968494 19011 16
10711984 598697 42
11119461 407827 37
11933546 4679865 19
12145593 895745 61
12351159 7086954 89
13359527 2165678 41
9615411 9578143 77
13397719 8783093 75
13401143 54973 71
2445009 353249 87
13401915 11541773 13
13416232 480850 35
13435070 1592671 36
1807669 1286290 9
369079 688071 57
13481911 2137841 32
13483976 326924 11
13488694 1071757 49
112867 369088 34
13497871 193708 30
536522 1254205 26
14205478 3521239 27
1587690 72284 89
14253170 1639847 86
10709628 3748791 84
4942065 4942141 54
876467 1693574 45
660664 1401700 36
236793 722259 18
660666 1401719 76
15146791 9633350 19
15146793 9968864 31
1396325 2270518 23
15188578 5174574 45
4136095 4275046 39
15198732 11271015 53
15202955 4663424 35
15203214 15203219 99
15211831 2139435 70
15218285 3525189 8
15220162 14615949 78
15220601 12685 32
15220642 6190360 7
15220164 9174756 7
15213350 15213362 1
15226773 15226777 71
15220603 15220619 24
15188586 15188591 28
15213185 5712979 53
15237553 15237561 96
15239755 15239763 25
9537039 9537066 63
15240056 15240061 53
15241177 15241187 36
15213186 15213206 66
15198746 15198759 96
15241964 15241969 50
15237555 15237571 6
15242711 15242717 43
15242919 15242923 100
15243249 10778416 100
15243266 15243270 10
15243290 12671531 74
15243223 15243229 6
15243308 11127605 5
15243322 3085640 46
15243331 3922176 23
15243339 15191618 96
15243380 15243385 12
15243348 15243364 87
15243403 819634 31
15243425 15243429 84
15243457 11194839 93
15243472 14131435 36
15243491 15243494 58
15243500 9165452 32
3602207 3927542 66
15243708 15243715 57
15243900 6929529 75
15220674 15220721 50
15244087 1716732 28
15244102 15244107 16
15244155 15244159 57
12319605 12319630 40
15244447 2501415 23
15243440 12547739 10
15221190 15221203 14
15226872 1625376 28
15245096 7203400 7
15245109 15245113 73
15243236 15243243 4
15243432 15243436 80
15245130 15245134 90
15245140 15245144 9
15245152 15245156 79
15245167 15245173 17
15241660 15241667 54
15243907 15243919 75
15244056 15244065 5
15243353 15243371 32
15213187 3628791 18
15246680 1114509 67
15246994 15246998 19
15240064 8007477 45
15247310 15247315 90
15247332 3086977 93
15218298 1770801 17
15247349 15247353 53
15247369 15247371 85
15245120 10229627 59
15243478 15243486 46
15247377 6919077 36
15247403 15247407 42
15243908 2895073 2
15247431 15247436 65
15247468 15247472 87
15243909 4355325 67
4136098 4275069 69
15264928 331493 44
13416249 1465062 22
15547808 1138196 99
15550135 3729763 51
10709677 6164880 100
13416235 622771 82
4345834 111082 62
15561726 299159 27
15568998 2469756 65
10711988 95797 2
3705238 3794643 85
11119503 364504 72
21964306 6588098 39
21964776 1968839 72
10491731 863010 45
21846929 411958 43
21967415 1634688 76
21967576 1517301 66
21967827 5789691 75
21967865 376284 9
21968667 687468 17
4166828 257215 21
21969066 21969070 52
10479749 3565413 40
3602450 15542 81
21973556 280170 24
21975079 12540186 61
21975725 17961513 40
21976319 1273785 24
21978630 644765 17
21980131 21980137 96
21980403 1987016 70
5005700 225446 39
21982168 2222854 86
21982533 883811 62
15221191 11162789 70
21984930 2436099 94
21990597 1401518 37
21990789 1713333 44
21990846 2601111 6
21991428 21991433 63
21991742 11244785 96
21993093 223610 51
21994549 18764628 2
21995206 11596897 82
21995560 4637755 50
21996276 21996279 82
21996285 2751777 28
3273925 861516 69
21996468 8141106 21
21997689 144203 65
21998589 7339210 21
1587691 211889 88
21999282 1759690 89
21991744 15400833 95
22001059 354419 40
110201 99252 2
22001712 749024 22
22001840 1198493 73
22002501 790441 30
22003081 6921095 29
2594958 110841 18
22004828 4294869 93
6622904 164042 64
22005570 8349628 54
22005613 891063 95
22006123 4272115 25
22006502 915903 46
22006793 22006796 20
22006920 22006926 22
21967834 1333746 41
21652630 4689660 58
2443372 6427 2
2443372 905530 80
22011331 7361538 40
22011462 9801967 69
22011581 11533582 84
22012595 12111112 27
22012605 4195254 83
1587637 2444985 36
22001842 1527279 5
22015496 3070482 60
22015557 14578014 96
22016286 52006 15
22016446 24713 77
22017245 8854439 99
22017563 118506 44
22017844 10325392 16
22018352 19732644 64
22020705 22020708 80
794700 22782 23
5004774 725292 15
22022611 2399922 35
22023590 7242431 99
10479750 425608 88
22024279 4171143 50
2445004 3126783 97
22024999 2812442 54
22026453 15222827 79
22026623 1845350 30
22028570 22028574 57
22028586 2595681 85
22037677 1466853 56
22053995 11387386 31
1772598 2523383 53
3509284 681283 19
22085516 3436776 95
22091305 1460098 70
22106234 296846 35
22113641 2613690 43
22128889 780155 25
22135750 18683097 86
22142430 708470 5
22147098 503058 100
22147344 3511448 43
1835104 2641187 70
22149971 60116 71
22154298 22154302 27
22155350 4575881 48
22001061 22001082 37
22177950 1807228 53
22188117 22188122 90
21689076 9346563 99
22193910 1626099 40
22001062 98658 65
22196688 845247 86
1396330 1380039 46
22200025 1743954 25
22200262 674899 59
1396331 2270650 40
22201119 234242 94
22202480 16699318 40
22203836 877515 61
22204010 816702 50
22205108 325281 29
10457575 3036810 15
5004724 5004747 13
22210999 297829 72
22001080 580822 85
10491732 208978 12
1254202 2132464 42
10457538 6481717 39
22221700 378997 29
21981944 1692399 35
22229622 2164645 61
1396332 2270662 5
21689077 3887377 73
22235728 442640 28
22237671 14367587 92
15569084 155826 31
22243408 91891 25
22245846 7490109 92
22248405 117616 72
3124996 3601692 7
22254069 8679244 94
22254637 54525 28
22260526 927539 52
22262758 8344109 7
22264494 899347 99
22264701 3435924 81
22265734 1223498 51
22265742 1405 18
3602471 626634 45
22271090 325150 63
22271658 8918138 62
22275677 807618 59
22276341 3179872 9
22284395 8081015 35
3125339 147358 12
15411936 629995 65
22024608 917547 54
21846931 10774431 65
592195 1240985 90
15211834 10990304 46
11976660 11976670 80
15476970 9003876 38
15504380 105416 67
15504381 15504393 78
29042590 9537776 73
4627602 4636308 23
3557792 3238626 36
3557793 3899832 59
15411937 416429 4
29042800 5724251 70
29043609 10200072 69
29043657 25445477 71
29043610 21770337 11
29044451 12998632 22
15213248 15213267 28
29044470 408407 66
29043611 1370888 86
4416656 4463577 27
11976661 4388502 11
29043946 29043954 58
4627604 2167939 93
4644349 4651981 32
22022628 7045306 52
15238451 15238472 83
82039 283718 91
29045182 10982389 94
21846932 21846949 54
29043612 12995295 82
11976677 3783071 63
11976662 11511655 95
21961444 12127902 5
15188587 15188596 31
10495235 99401 62
29046949 8435454 42
29048859 11585183 55
29048871 6308866 30
15238452 15238477 34
29049987 1393207 17
15411940 6422413 89
4979437 4979492 48
795023 303201 54
15411941 777800 18
29589318 11210883 10
794701 1584394 54
29610133 93768 50
29611227 14814404 92
29713526 496424 74
14676517 6873211 95
30489602 397048 51
30490267 2748579 41
30490567 2471664 66
30491560 15214885 18
30491569 725023 92
30493087 1660307 32
30595229 11473086 71
30642140 829134 3
30666613 1721947 94
15918 82054 58
82040 36179 75
31835026 20210898 45
3477963 3848004 82
3477964 2133669 23
31835104 5814852 19
31835116 1676210 89
31835131 62321 75
31835176 13084226 44
31835292 28959939 29
31835545 11257387 68
31836019 9378815 35
31836110 13436036 25
31836457 7421494 21
31836522 7981836 92
31836584 3007327 76
31836588 7634339 61
31836591 2328511 96
31836721 4479992 36
31836813 23043443 46
31836876 261555 25
31836878 580551 62
31836880 493364 72
31836882 136677 44
31836884 12344 33
31836886 26882 36
31836887 143600 21
31836895 66614 11
31836897 610262 85
31836900 452491 34
31836901 1257212 27
31836910 660149 67
31836913 5655 93
31836917 5620 83
31837042 3469591 45
31837151 4586866 96
31837210 476768 25
31837285 12965345 97
31837734 31837736 66
31837742 5078845 66
31837885 1746618 7
31837902 896231 52
31837933 2183319 88
31837972 23202524 28
31837991 11507256 1
31837993 5294881 61
31838285 1490044 86
31838293 58971 52
31838295 407629 4
31838298 3306222 59
31838301 1665186 25
31838307 4561194 28
31838327 22780406 84
31838334 25826162 31
31838350 11311822 10
31838372 6713919 6
31838397 15129802 72
31838419 11269381 27
31838424 2296631 2
31838453 11269399 88
31838457 225454 94
31838461 809459 9
31838466 6666268 43
31838472 1563121 11
31838474 1032761 39
31838477 209128 27
31838479 1712994 51
31838481 1101229 69
31838484 1337671 65
31838486 688400 78
31838489 2915168 43
31838492 1892626 96
31838494 3865196 71
31838497 16526550 3
31838500 31838501 41
31838504 5549246 29
31838522 11289848 32
31838535 1410 72
31838749 3140294 45
31838752 12143251 47
31838772 7520730 79
31838786 6035962 72
31838790 5232090 87
31838793 3009801 22
31838797 3025635 62
31838802 21679549 50
31838827 19411662 51
31838829 20776446 26
31838886 9504948 72
31838887 14426709 9
31838920 1542496 30
31839013 661452 80
31839016 1664957 85
31839394 5365709 37
31839398 7792712 70
31839404 2288910 99
31839412 3017700 10
31839414 7879572 8
31839417 31839418 50
31839421 20797434 66
31839424 6312508 18
31839427 7060654 92
31839432 7367532 42
31839436 15214342 57
31839440 7180851 50
31839443 5245430 69
31839447 1779746 55
31839456 2320120 61
31839462 2449105 5
31839468 1947850 64
31839639 12510909 11
31839642 96942 39
2442938 3124785 11
31839768 14939417 84
3477975 3848058 7
3477977 1798553 63
31839917 17450127 38
31840162 111885 57
31840294 3665221 17
369162 968630 74
31840540 22069814 37
31840543 20379227 71
31840566 28925413 50
31840567 1602949 97
31840578 3660807 50
31840587 9429235 16
3273928 3712249 25
31840623 209250 64
31840626 1531462 44
22012607 21820012 31
31840651 6277271 7
31840659 2572678 16
31840661 3444932 32
31840664 3658220 90
31840672 25594100 48
31840694 31840695 95
31840706 218020 23
31840714 10008609 5
31840716 2343705 53
31840588 6752558 57
31840748 2485132 7
31840787 3177241 98
31840807 16685272 50
31840881 21188172 100
31840885 2757745 11
31840898 2651306 94
31840295 11266019 44
22012608 22012623 48
31841016 26412041 63
22012609 22012630 22
31841153 11381335 4
31841182 5971256 76
31841189 4752410 20
31841298 8006305 38
31841300 3329152 57
31841554 5411058 28
2445013 3126825 73
31842603 2291529 24
31842606 2332934 99
31842623 1607053 73
1584675 1811811 99
31842650 15667002 32
31842662 26797194 4
31842669 5198428 45
31842681 31842683 20
31842692 13001102 88
3509286 332979 22
31842698 8700925 36
31842712 8325414 57
31842720 10314755 9
31842738 5608284 90
31842743 332929 97
31842747 17410369 3
3529116 837153 34
31842771 9186778 7
31842793 961055 78
2445015 1224175 23
31842813 3672009 19
31842825 80043 75
31842855 5942900 100
31842882 1309155 81
31842901 403057 24
31842907 17149254 35
31842944 3078898 95
31842962 3366862 85
31842972 2770717 58
31842994 436046 60
31842997 3084049 67
31843004 26017823 89
31843008 3942736 86
31843038 31843041 53
31843046 500188 60
31843089 1210812 55
1584677 175985 90
31843102 961147 98
31843143 862912 17
31843189 1856975 54
31843207 1518923 23
31843222 8234928 59
31843230 807205 61
31843251 388376 15
31843281 837580 8
31843334 3381078 5
2445016 3126848 100
2445018 1183158 25
31843365 2205040 26
31843379 2990202 29
31843390 840200 94
31843398 4311613 85
31843407 1123883 18
2619384 3248143 9
31843416 11566150 31
31843441 3760544 25
31843459 1666250 48
31843473 8279352 62
31843486 7844278 65
31843546 902854 69
31843549 27741353 98
31843586 10313879 1
31843605 3110335 47
31843627 3474948 20
31843634 1051924 39
31843649 2294440 94
31843180 10318580 84
31843795 502221 90
31843832 2233723 13
31843865 518390 1
11815163 78711 14
31843947 2543428 23
1188967 2063368 49
796308 1587643 52
31843981 6531295 80
31844022 3760568 41
31844052 1175032 7
31844091 2478107 79
31844108 3761348 97
31844148 31794837 93
31844068 458912 21
31844208 136674 100
31844224 31844225 1
31844233 4411517 40
31844248 751154 50
31844250 2755952 70
31844254 500849 23
31844280 5269801 6
31843184 352676 22
31844053 93721 81
3529117 332886 51
31844297 779205 2
31843177 12835635 19
31844336 890293 31
31844357 1968199 83
31844063 2365625 65
31844060 173026 34
31844500 3213782 94
31844054 2219787 55
31844071 3078887 17
2731590 2755941 98
31844565 8361966 78
31844584 20962043 87
31811532 4395799 49
31844597 2481963 75
15146803 15146808 25
31844660 12364553 55
31844672 22439219 20
31844683 6795875 37
31844694 26148742 17
31844701 31844702 37
31844723 10698713 59
31844765 384864 80
660672 1401756 10
31844805 22379672 7
31844840 1688745 14
31844852 5491538 5
31844861 1481082 55
31844871 1905395 100
31845126 28357257 4
31845168 24236018 31
31845177 1739510 25
31845181 27252942 23
31845184 8490194 45
31845195 7064403 83
31845475 5678959 72
31846023 696317 55
31846026 133581 62
22265744 12190827 68
31846030 15667260 70
31846033 1357994 5
31846044 6768414 5
31846058 5696577 67
31846061 6595384 94
31846148 1562847 50
31846260 104611 41
31846271 20562031 27
31846279 445831 44
31846286 946869 67
31846289 6097830 36
31846294 11422319 15
31846297 3478485 23
31846300 15586236 33
31846305 1983633 11
31846310 1640274 26
15219143 15219160 88
31846322 5259763 84
31846379 2526660 98
15247312 15247321 45
31846530 19052039 57
31846546 3932737 43
2528408 1581213 85
31846909 5546317 31
31847002 10237064 99
31847041 11197433 90
2198177 2934768 8
31847104 262120 60
31847126 11454027 86
31847105 538842 100
31847156 1777838 70
31847211 509037 66
31847486 4265816 65
31847490 3717547 32
31847492 3195832 99
31847499 455028 52
31847502 17557374 47
1582456 2441184 51
31847508 9582181 10
31847515 9849478 69
31847521 31847522 62
29717342 27407180 93
31847524 6374620 54
31847533 1528777 17
31847540 2989168 16
31847544 972314 79
31847525 3608913 91
31847564 5825379 28
31847568 3069338 63
31847596 6224566 36
31847604 6727811 4
31847612 8830457 61
31847616 1146250 29
31847620 2438886 98
31847622 1771204 23
31847634 15408366 100
31847636 9535521 36
31847597 20076016 99
31847648 318475 83
31847653 325803 21
31847661 10611168 77
31847669 28984440 71
31847669 18770982 33
31847728 4388736 40
31847854 3481248 46
31848152 216343 76
31848171 2711764 21
31848362 6242087 75
31848370 5828628 95
31848363 10112475 87
31848401 295773 9
31848404 32217 15
31848406 27477698 8
31848418 825897 76
31848419 324768 70
31848660 1695263 36
31848665 1735106 54
31848666 137425 61
3125200 3602109 66
31848704 5177313 31
3125201 1568668 74
3125202 2401284 70
31848786 1954298 97
31848808 15194329 23
31848814 11394987 84
31848821 5636858 89
13912775 791778 35
4483375 4515262 74
31848842 15031916 7
31848865 1911198 64
31848887 239899 90
1579440 2437904 25
31848896 161171 87
31848910 18736226 90
31848948 1459303 39
31848974 1558354 93
3125207 3602155 36
3125208 3602167 22
592201 1326563 22
31849118 14774897 54
31849182 1068119 69
3273933 3712260 71
31849286 1006196 54
31849330 111945 34
31849357 1304590 30
3125211 215081 29
31849382 2141907 11
3125212 3602200 29
31849465 443488 59
3125214 3602225 28
22022630 11330581 42
31849510 8100981 49
31849547 13064102 16
31849558 12113893 92
31849566 5620956 96
31849573 3573242 24
31849577 2252264 35
31849581 6482522 66
31849586 4231750 80
31849590 2339361 50
31849592 24094570 28
31849600 1789753 13
13435079 933315 46
31849607 11128014 27
31849609 12064293 100
31849612 4044589 17
31849614 6190934 20
31849720 3617791 78
968439 1060351 37
4968173 74797 57
31849733 28098487 89
4968181 4968210 22
3864826 4094307 89
1584681 2332830 47
31849869 17552629 33
31849895 31849896 8
31849958 24296425 59
31849974 5303207 84
31849998 1894349 2
31849929 314051 88
31850071 1396377 60
31849975 1968895 68
31847859 28851692 95
31850142 11322677 13
31850181 11166953 78
28781631 217866 5
31850264 3105637 42
31850273 521620 41
31850274 271925 36
31850294 670948 64
31850312 3618328 31
31850333 12894292 32
4299443 110010 70
31850339 6188549 57
28375216 1740435 72
31846034 57951 75
31850920 9275913 13
31850927 3508793 47
31850929 12084622 79
31850958 4869283 51
31850966 11441529 5
31850973 17579982 12
31850981 4767888 69
31850988 2337672 80
31851011 6011916 7
31851124 28170042 57
31851156 4984290 50
31851581 1517668 65
31851584 31851585 84
31851588 6684248 67
31851635 107249 97
31851848 2886851 84
31851861 18449475 85
31851855 1846351 72
31851870 1577855 24
31851961 7392782 30
31852004 1506289 51
31852087 31852089 47
31852095 7179460 21
31852105 14015974 53
31852108 12129793 14
31852110 5927515 54
31852112 8729843 32
31852114 5704623 100
31852176 19603016 74
31852179 27914104 47
31852187 17472651 82
31852193 31852195 64
31852226 5982874 81
31852272 11387896 35
31852280 9802174 33
31852436 31852437 89
31852466 12064079 77
4942450 4942515 58
31852650 5122170 86
15932 82204 93
31852796 7599079 27
31852810 17096775 23
31852812 4248393 61
31852910 15935530 33
31852928 2158099 20
31852963 1461028 73
31853053 18898345 53
31853098 1489729 90
31853104 527714 100
31853111 1733871 56
31853151 1641014 24
31853169 7698024 99
31853174 11438507 53
31853177 5732353 41
31853181 8764616 5
31853197 5338622 78
31853228 52562 15
31853254 3933915 62
31853264 31853265 39
31853283 7931661 66
31853286 8883368 57
30627686 10321448 30
31853328 24944652 66
31853346 6836328 6
31853349 21760986 61
31853365 4525227 37
31853369 9255516 81
795192 1584888 78
31853372 31853373 64
31853377 6408131 91
31853385 2163056 51
31853552 965537 31
31853557 1562404 62
31853563 2308223 27
31853586 9818806 59
31853660 4010061 25
31853789 11156895 1
31853861 2895076 31
31853877 3253601 69
31853882 20912480 47
31853969 2536518 67
31853990 2750608 8
31854014 1037616 29
9615385 2281693 99
31854036 3027448 100
672156 327531 46
31849959 9556321 77
672157 1415318 96
112894 369166 16
31854286 5296594 66
31854293 28287813 22
31854278 1748067 98
236821 722420 45
31854532 3985250 74
31854586 2234914 11
15419363 1168975 62
31854733 334246 70
31854744 917825 25
31854791 673243 98
31854893 3152640 72
31854899 2300356 53
31854290 7138862 85
31855195 3505081 66
31855205 1683118 72
31854287 7452884 35
31855264 3255959 11
31855276 396255 3
31855281 1344389 36
31855322 434101 58
31855380 1058666 1
1342464 367787 79
3704574 1579462 19
31855468 1298383 91
13409075 1025871 61
31855499 557827 4
12145635 330100 43
31855606 1122647 38
31855618 5968194 78
9615386 3077299 41
21978828 1695540 51
31855668 673615 36
31855712 1753914 90
31855731 2963269 84
31855796 914879 47
31855817 628604 34
22147114 68979 59
31855865 4018623 23
13495413 1473760 77
21891242 8954610 86
31855986 2296449 78
31855990 2279079 41
13435073 13435081 79
31855673 3837673 21
31856000 1198701 16
15419352 4432221 48
31856517 7114529 76
31856563 19862685 1
30667758 2927278 28
31856609 4320983 84
31856623 3881152 88
31856631 389158 100
31856680 2543051 56
31856725 10997129 58
31856779 30089602 26
31856827 5067730 21
31856839 6712220 90
31856857 861177 68
31856863 9332663 84
14205483 3015253 18
31856873 9083053 65
31856981 21100 90
31856997 16071880 42
31857090 31857091 15
31857096 3207043 98
31857100 4166724 62
31857151 96768 88
31857159 396850 35
31857164 11235490 5
31857181 19500909 84
31857186 21919094 92
31857190 25619958 73
31857193 10200838 54
31857197 3306386 41
31857198 4554100 33
31857204 19348185 4
31857212 2119546 62
31857213 12555643 16
31857221 2895179 49
31857227 31857229 77
31857237 20007408 78
31857288 1131752 40
31857291 17017523 91
31857296 11353554 17
31857303 8243356 68
31857306 11465796 95
31857310 1634015 10
31857341 2145535 33
31857402 2048571 85
31857641 1669992 22
31857651 360398 15
2270253 874156 71
31858130 158555 79
5004901 5004939 67
31858430 95476 88
31858545 1170086 81
31858772 5865668 39
31858779 15373974 1
5000394 5000405 18
31858806 351938 33
31858809 1779619 45
31858835 220059 50
31858853 1742478 13
31858856 5632394 89
31858878 35764 94
31858904 3642328 50
31858920 573898 55
31858994 3864489 31
31859003 12157862 57
31859016 5733104 33
31836724 4771393 6
31859049 602719 85
31859057 829462 35
31859066 13331 32
31859086 5093240 25
31859095 790119 97
31859110 11284038 21
28387678 3891891 22
31859128 28749506 100
31859134 96291 32
31859135 10346486 55
22087411 2655192 4
31859147 1939638 98
31859157 26890492 94
31859172 21888507 73
31859180 28776046 90
31859191 14868369 7
28387679 122592 73
31859198 21257611 93
31859205 8308898 25
31859218 934011 22
31859230 25455301 54
31859248 27004032 88
31859251 5729162 7
10491735 6726393 17
31859264 8902408 26
6622976 52508 54
31859286 2230810 89
10457574 321367 34
31859304 12578662 32
10491736 10491815 18
31859318 2484968 28
31859322 12733560 53
15218984 15219002 7
31859336 9509011 60
31859338 1306132 52
31859357 394012 80
28710524 53113 1
31859158 11032198 33
31859384 347380 33
31859388 606765 82
6622977 6623021 94
6622936 231150 62
31859397 25671741 77
31859400 8778920 62
31859412 20296152 89
31859017 26861052 95
31836774 299286 66
31858952 11855773 12
31859445 31859448 4
31859087 3401180 93
31859493 870274 76
31859518 2294219 41
31859526 107976 18
31847623 2536628 73
31859544 1660069 63
4216793 3354647 63
31859564 883868 64
31859579 19145818 91
31859592 316681 40
31859597 3648295 97
28387692 26495957 83
15243711 14773415 20
31859621 13485427 61
31859674 5108727 12
28387699 636143 22
3817689 3844995 19
10491737 902452 73
31859747 70429 75
31859777 2230818 77
31859779 1427175 25
31859801 6228145 79
31859836 100450 14
31859856 5453335 56
31859864 894106 40
31859877 6448773 11
31859897 8461472 60
31859916 2789646 37
31859939 3998087 13
31859972 728403 95
31859978 349982 61
31859985 252584 29
3102512 3586359 99
6622978 6284787 73
10457542 3354509 10
31860062 13090935 47
28971261 516522 75
31860093 758194 49
31860119 101977 97
31860145 660371 71
31860190 1514924 60
28387676 4822790 73
31860193 216734 67
31860211 408833 52
31859545 1433 2
4937053 1429793 69
31860218 1686055 29
31860225 806966 17
10491738 51422 80
22201121 252281 56
31836781 158316 78
31860234 792214 60
31848368 8335015 31
31848364 581920 22
31860635 43717 78
31860646 1391237 23
31860650 603685 83
31860654 505293 50
31860659 109741 4
15221243 2039363 41
31860664 3783860 7
31860670 35961 86
112868 42322 5
1587695 215182 92
31860674 322674 5
29711993 94105 98
31836902 566279 50
31860678 1149686 44
31860682 4631438 75
2594966 104402 66
31860685 53862 71
31860697 1787057 7
2594967 62880 99
794624 51277 83
2994448 3510352 52
31860698 360804 11
794702 1584407 87
22149973 180683 76
31860703 222322 28
22019711 40834 96
11119489 295770 27
31860707 758311 76
31860713 126148 46
31860636 38439 42
31860716 91342 43
369117 68705 99
31860813 790895 64
31860908 15056641 42
31860914 1289646 80
31860925 5186678 24
31860931 947418 12
31860939 6805029 73
31860967 10229542 1
31860968 1732250 19
31861060 31861062 63
31861094 3179129 52
31861103 1404619 7
31861108 7231308 77
31861137 1831079 41
31861145 2526671 96
30766868 4643533 82
22018354 11181818 17
31861171 11542168 8
31861388 6859385 33
31861391 6338388 36
31861396 724617 42
31861414 7926998 31
31861443 139462 16
31861450 1480762 33
31861460 935944 100
31861470 175915 28
31861483 1738341 72
31861507 20992556 8
31861520 2473339 98
31861525 21449714 50
13401157 131582 58
3636907 201950 55
31861529 516387 65
31861543 5203875 17
31861564 2291081 67
31861585 232428 79
31844055 541718 2
31861638 172771 30
31861674 1599844 24
31861679 10627353 55
2502533 2871760 42
3469031 3842198 7
31861713 11531114 47
31861720 531161 14
1632272 2478198 66
31861731 35922 52
31861655 225813 39
31861786 8599445 54
3927723 310249 34
15569031 589734 19
3636908 41414 53
4413143 140189 13
2655959 3273804 10
13401164 91379 97
31861846 460251 11
1579442 2437910 100
31861867 1532131 6
31861874 28746194 65
31861880 1124451 71
31861885 25808546 33
31861917 52285 82
2198158 2934740 43
1579444 2437933 40
31861979 11244118 65
31862009 1093915 71
13401146 90390 44
31862014 8114997 22
15569000 5418418 92
31862250 512930 80
15550137 340339 20
15569017 853142 12
15569053 686718 66
31862391 18826922 53
660679 772552 59
31862419 1028130 93
1579445 2437944 88
13401147 229972 93
660680 1401841 33
31862607 5514721 99
31862658 1880248 5
4413144 51077 98
31862689 11209413 39
31862702 2054946 17
31862705 6117248 61
31862707 19678137 2
31862713 6092357 100
31862717 18809621 27
31862719 6812162 53
31862751 28813536 46
31862753 5404640 38
31862769 18869275 32
31862848 105781 75
31862876 8954479 49
31862878 2860967 11
31862886 1243656 19
31862889 11306562 12
31852544 4729589 83
31862980 862267 79
31862983 649765 59
22096354 417049 13
31849948 22316569 72
31863080 146324 19
31863095 1949200 21
31863147 8958036 79
31863152 14801 26
31863158 5921656 25
31863180 3130754 3
31863187 21662038 16
31863191 7731492 2
31863193 11858046 45
112921 369192 38
31863195 2587639 77
31863200 31863202 93
31863209 5323208 97
31863215 19100188 42
31863222 14367518 7
31863227 293194 31
31863232 11775647 80
31863239 2013285 41
31863245 6901067 12
31863249 131872 30
15411973 1788797 8
31863252 13080250 100
31863275 336367 66
31863280 1285198 65
31863294 782949 88
31835132 2720965 63
29049989 3036986 90
31863304 7340697 92
31863319 6718731 36
31863334 15078923 63
31863549 2900712 1
31863566 514230 56
31795936 725462 9
22001099 5012554 96
31863584 101159 12
31863588 5174020 24
5004997 3562268 77
4254427 4120043 52
22001088 5322656 46
31863614 12170922 46
31863618 3051520 41
877127 168990 83
31863623 22136174 6
31863662 15242576 74
31863666 1732744 79
31863689 2564486 58
31863717 31863718 74
13416268 8846681 51
31863763 1643789 69
31863779 741596 40
31863787 27121781 34
31863790 18672922 50
31863819 29184292 73
31863830 24933827 19
31863836 1763368 96
5004726 888384 60
5004887 3556676 72
31863920 5537560 67
31863934 7509184 65
31863700 4277426 36
31863690 13060306 89
31863961 17271750 11
31863984 21395368 35
31864001 1787334 88
5004976 5004999 76
31864010 1195838 75
31864026 651295 52
31864065 31864069 6
31864073 1094250 80
15219017 529924 15
31864091 31864093 92
31863667 25856292 41
29716443 10283593 94
31864122 2709512 36
3693331 317404 80
29716441 2652118 17
31864162 19603171 70
1434598 402773 93
31864170 377298 61
31864181 218187 69
31864194 365874 10
31864208 1872826 14
29718863 2437899 36
31864221 10710556 87
31864229 19019677 11
31864236 10020331 91
31864262 3882532 23
31864286 1861617 61
28375205 202179 38
31864350 320899 81
31864403 670616 4
31864407 96196 57
31864409 1805887 24
31864473 1489125 86
31864490 1311728 10
31864494 350366 92
31864512 274299 87
31864577 354569 17
31847856 5120981 49
31864665 886496 42
22229634 1326155 41
31864836 20489344 69
31864843 11314931 14
31864847 3259175 4
31864852 31864854 90
31864857 11599082 1
31864864 2086042 39
31864913 1764473 44
31865069 3444645 3
31865082 105059 48
31865098 6797633 71
31865107 14826581 17
31865109 9336361 28
31865113 9189374 97
31865114 22455146 89
31865116 13239380 62
31865120 21792836 46
31865122 8970073 65
31865125 26266454 85
31865128 10299167 52
31865352 6177266 42
795210 1584895 70
31865357 320829 82
28710536 1550333 35
31865391 436696 67
13359548 1299004 22
31865401 14449 70
13359530 665647 85
660695 26477 71
2275994 242467 50
660699 519389 67
660704 891455 88
660705 94893 9
660706 671239 94
660707 28484 69
660708 24015 30
660710 1402046 87
660711 1402050 66
660712 52571 99
3010187 29037 24
2276375 2585006 24
660714 1402073 98
1401954 1209550 22
660715 82234 9
31865538 2531523 65
31865563 11343094 6
31865594 2542475 96
31865636 9265939 46
31865639 344956 95
31865662 878469 5
31865671 711980 49
31865674 405452 99
31865677 25574319 16
31865688 19046 99
31865694 2890809 83
31865701 215730 95
31865646 31865656 86
31865709 863779 65
31865711 1319941 13
31865714 5565205 70
31865718 285030 94
31865721 930480 35
31865727 15227494 33
31865733 8075755 35
31865640 1033765 18
31865739 2757293 97
31865743 1479012 81
31865747 922469 46
31865749 6442177 20
31865757 1987832 37
31865768 21858880 73
31865773 58051 64
31865777 173935 28
31865781 2181868 74
31865788 29251417 36
31865791 1779779 41
31865794 2655836 84
31865795 4741550 60
31865800 500937 30
31865802 2290776 87
31865814 2648388 39
31865818 864622 8
31865824 14488766 41
31865827 3524562 70
30667760 5829274 12
31865832 857581 2
31865837 1994627 74
31865853 1436594 3
31865862 1332623 57
31865866 5108132 16
31850149 1418874 3
31865663 7002254 58
31865868 890749 43
31865874 3545808 78
31865877 810250 49
30667761 13072915 53
31865803 1614024 40
31865880 674271 90
31866416 341740 77
31866585 4350442 30
31866622 5742070 38
31853185 335325 67
31866728 3209367 98
31866756 8402375 54
31866827 7534223 49
31866866 4617240 85
31866870 16221110 43
31866871 3134800 7
31866921 28953875 60
31866924 11371974 67
31866925 19040252 5
31866930 21865895 97
31866937 3650048 20
31866945 28845989 99
31866947 31866948 12
31867054 13524083 53
31867266 511270 25
31867270 96051 82
2441230 3123232 74
1396379 2271117 89
31867290 12673055 49
31867308 7126112 52
31867313 1738600 34
31867319 2279007 64
2270730 2991515 20
2993178 3508775 29
2270945 1192477 72
2993316 3509254 29
31867340 328478 32
31867345 103171 63
31867359 915232 6
31867363 31867366 64
2198178 2934773 66
31867371 5619140 38
31867377 2219716 45
31867382 29942864 7
2993317 924219 82
31867393 7989148 71
1578511 2102628 28
31867407 1384844 89
2441231 2302170 53
3124962 572468 12
31867320 31867327 71
2198179 2934779 14
31867443 1577102 51
1854693 2656131 49
31867451 7155059 11
2993318 340681 41
4999152 4999190 26
22001064 18685553 65
31867467 3056417 92
1396381 363407 1
31867471 1613560 19
2990915 728616 70
31867510 720700 50
31867518 11483301 85
31867527 2098285 33
31867530 18545777 54
31867534 31057279 50
31867537 8816203 14
31867550 2238130 50
31867556 11824686 58
31867560 8993977 43
31867562 21927814 30
31867567 1288484 20
31868034 3295042 37
31868038 11399182 71
31868042 2036596 25
31868045 9974223 60
31868050 1258604 38
31868052 16881667 31
31868055 28876037 11
31868059 31868061 14
31868062 1330235 28
31868118 31868121 38
31868125 10339962 81
31868128 6841226 30
31868134 11526474 26
31868137 17963236 3
31868176 1154492 30
31868192 14674247 71
31868215 350948 4
31868236 8489516 58
31868193 6384778 93
31868197 6049355 93
15411966 861478 75
31868245 14566983 39
31868258 10390074 59
31868268 91211 36
31868194 7122087 94
31868281 346919 79
31868289 20077635 53
31868299 28935 70
31868200 1235680 85
31868313 5304099 93
31868320 11472016 17
31868290 31868294 47
31868377 1038696 83
31868409 784329 26
31868411 25936913 9
31868417 893995 23
31868177 1709915 50
31868440 7153374 85
31868467 607258 69
31868478 3979496 23
31868205 2426520 58
31868482 1306479 70
31868486 1235729 50
31868490 1315106 9
31868492 1569918 41
29043621 3221029 21
31868635 2440501 95
31868639 11426554 28
31868645 8965366 76
31868653 11483562 8
31868656 20796805 42
31868659 3643867 8
31868662 954227 61
31868665 26413612 27
31868667 3710245 5
31868713 4483892 9
31868731 365643 28
31868762 11523238 21
31868771 27776556 67
31868787 11534146 57
31868790 675338 22
31868793 9142022 29
31868801 663882 44
31868810 7727906 57
31868851 20399260 95
31868868 3032053 52
31868878 31868879 30
31868904 3737146 16
31868923 7864075 82
31868938 204598 38
31868949 578061 41
31869054 31869056 74
31869062 7393883 52
31869210 3627423 63
31869268 14857141 64
31869401 28849520 2
1807803 2619452 95
31869479 1008136 36
31869481 31869482 16
31869488 2111029 98
31869494 30721419 34
31852813 2038453 99
31869521 8671411 40
31869580 1430194 72
31869620 8222150 7
31853793 1427792 65
31853794 6271707 44
31853795 4147 36
31870088 19158065 62
31870092 29782209 62
31870099 2825535 8
31870104 19627924 78
31870106 24987303 63
31870108 596272 7
31870137 1118951 12
31870138 9054766 82
31850222 1400949 65
31870145 2695831 9
31850217 1262684 22
31850226 3646872 33
31870149 5098666 44
31870151 750993 17
31870153 22315547 68
31870162 1978211 3
31870168 3487673 69
31870172 657842 64
31870176 29818589 77
31870180 19139601 4
31870196 7981064 79
31870200 1987198 49
31870203 1793154 92
31870205 327110 19
31870208 6824118 74
31870216 1024309 81
31870229 4093198 59
31870359 295184 20
31870372 1506912 95
31870379 590794 24
31870380 11146538 3
31870386 443682 97
31870404 11723804 79
31870406 2374329 97
31870412 11095409 59
31870417 7154126 73
31870419 50960 35
31870440 11637322 41
31870447 100091 4
31870473 1996051 69
31865695 221213 89
31870578 7884669 79
31870803 2876531 24
31870805 6146968 1
31870808 11427218 15
31869197 1382760 21
31870810 940785 38
31870815 11378693 99
31870820 4939864 51
31870822 813174 57
31870825 355252 44
31870832 1736586 40
31870898 31870899 3
15243354 194357 88
31870940 7531000 76
31870949 11013439 62
31871016 1334673 4
31871029 3015341 30
31871036 25061587 41
31871043 1907642 73
31871069 5249996 8
31871074 10393583 30
31871082 26583726 20
31871217 12592635 72
31871221 2512910 50
31871223 11475734 32
31871239 20714602 68
31855628 8003704 26
31871260 1002 63
31871265 430153 71
31871282 234211 3
31871302 2129381 67
31871404 2424403 93
877128 860915 92
1694328 2528410 48
31871675 1433261 85
31871825 2221969 73
31871853 15205669 31
31871857 31871860 66
31871992 1307493 27
31872014 165477 21
31872063 11231395 40
31872073 217597 15
31872076 6307044 29
31872087 2645251 33
31872107 2239867 29
31872122 20078146 82
31872198 4165730 6
31872203 7612272 91
31872206 22387928 56
31872455 31061463 41
31872463 1567725 53
31872471 2714818 84
22248416 6387787 22
31872473 9180522 52
31872478 19604193 57
31872464 5651292 5
31872488 18991205 76
31872490 871633 88
31872494 31872495 49
31872498 14437441 63
31872502 31872503 39
31872506 31872507 42
31872510 850140 78
31872513 11550080 30
31872533 12134698 50
31872572 3889714 33
31873380 25558780 53
31873500 31873502 33
31873689 6784837 83
31873706 13498139 62
31873776 5403721 94
31873826 8522915 94
31871666 13644227 48
31873886 8573592 29
31874019 829300 37
31874042 11001380 89
31874045 15205900 100
31874076 1131512 36
31874084 31874086 71
31874102 31874103 57
31874157 393649 66
660720 633065 10
31874313 31874315 3
31874338 4136188 64
31874376 352463 20
31874383 10327013 98
31874391 11546311 62
31874395 10196809 77
31874398 2532465 15
31874406 1236175 46
31874451 11230976 23
29043567 400566 35
31874456 4029378 41
31874459 25652545 95
31874466 5340080 82
31874470 7556650 96
31874488 5599198 72
31874851 15124658 67
31874853 30192601 55
22022617 9538423 77
31875603 2179258 46
31875609 115053 38
31875611 21246165 19
31875828 348490 31
31875844 341131 71
31875847 94514 84
31875851 2295804 89
31875954 8823097 6
31875959 3337154 79
31875961 10680732 46
31875986 3189276 35
31876370 31811467 87
31876477 26318483 52
31876481 21126395 28
31876483 1371091 35
31876486 9210681 90
31876487 28934970 28
31876661 19012297 16
31876663 11392523 56
31876747 17713595 4
31876750 31876752 43
31876755 19426551 89
31876758 29497437 87
31876763 3849046 57
31876826 31876827 44
31876829 15216527 61
31876831 31876832 80
31876834 4079457 4
31876836 5282041 5
31876837 1578782 4
31876840 1983180 85
31876843 1695212 13
31876846 1837487 97
31876848 2925998 86
31876852 892376 14
31876853 2595525 22
22151436 8217588 9
31877022 925140 93
31877027 76630 67
31877032 2066645 47
31877036 5734130 37
31877039 9566154 34
31877042 4431878 28
31877044 8580048 91
31877051 3810972 86
31877053 1736545 80
31877054 1673918 34
31877057 27989576 19
31877060 1476100 19
31877063 1449429 37
31877067 2986565 100
31877069 14521154 3
31877077 690472 78
31877080 8084701 19
31877179 11213889 59
31877210 20300164 95
31877247 1049028 18
31877251 5216167 29
31877256 27848281 19
31877262 7755013 5
31877267 1344939 40
31877272 63026 8
31877298 25780312 88
31877491 810184 42
9615388 940301 10
31877780 26308158 26
31877793 3259407 20
31877799 9005442 72
31877804 28832253 36
31877810 348958 27
31877815 12374085 89
31877819 9103781 6
31877827 3096620 65
31877975 654930 95
31877982 12612746 64
31877985 4996862 19
31877987 16881112 38
31877989 26289382 71
31877991 889442 50
31877996 17425137 45
31877999 31815551 9
31878003 4555458 93
31878008 3408982 3
31878066 6280133 48
31878069 678907 15
31878073 15405927 35
31878076 8531857 76
31878082 6195780 76
15218299 12237076 69
31878089 6476407 41
31878093 5731669 15
31878097 1063090 84
31878106 14993932 98
31878134 12516622 26
31878139 6563231 74
3679925 3976820 47
31878143 3922205 2
31878150 751050 88
31878154 926636 90
31878158 21622800 20
31845196 10337540 30
31878167 7796873 84
31878170 9612308 27
31878172 25649245 91
31878179 655183 63
31878183 314058 89
3693873 2697200 71
31878191 338794 96
31878208 6558373 31
15247341 2919443 65
31878223 6519437 70
31878229 14220202 30
31878255 2458348 63
31878272 3315198 62
31878276 3561459 70
31878280 6931457 20
31878285 599521 45
31878291 8280661 3
31878295 3091093 30
31878300 9095461 16
31878304 9827707 48
31878308 1382055 36
31878313 10866313 4
31878318 696264 42
31878321 4255670 37
31878324 27909306 38
31878328 8577420 14
31878331 26632015 60
31878333 6806932 66
31878337 31878340 12
31878344 15732699 55
31878347 3549610 60
31878350 2097002 60
31878356 4338299 31
31878359 1155060 52
31878362 4193587 71
31878368 12090011 68
31878373 2589607 84
31878379 9286621 76
31878384 8360724 53
31878388 9055440 77
31878395 867438 3
31878401 5991830 31
31878406 14268079 52
31878419 4360313 45
31878422 17669894 46
31878426 9110795 29
31878429 499584 66
31878432 14575083 29
31878464 22417607 47
31878470 21742386 84
31878473 28313974 4
31878481 6907776 74
31878486 31878488 63
31878494 2538248 17
31878498 6948518 17
31878501 26016759 88
31878504 2817295 45
31878515 5450143 99
31878518 6884494 7
31878522 8809212 31
31878525 12564958 25
31878530 331592 96
31878533 6839353 9
31878537 22318518 99
31878545 3541301 27
31878545 6386370 12
31878554 3171719 61
31878559 31878561 58
31878563 12513261 36
31878567 3964841 17
31878574 11343286 17
31878576 3329222 73
31878608 1635431 83
31878759 9281771 65
31878770 12020062 92
31878772 3630702 45
31878774 31878775 58
31878777 1731468 14
31878781 31878782 67
31878784 370338 100
31878796 9718904 21
31878805 9848927 40
31878901 9883521 23
31878977 1177185 57
31879014 10338761 52
31878993 8997994 50
31879109 21402757 29
31879122 20713918 100
31879294 6888080 93
31879318 12517137 35
15569074 345621 59
31879573 1259645 41
31879688 638689 76
31879693 4698195 60
31879843 8160638 62
31879850 5754827 64
31879864 237997 8
31879872 1131681 18
31879886 9387420 87
31880050 3155292 89
31880055 28100907 96
31880057 26745374 82
31880059 31880061 54
31880209 9174145 18
31880215 185158 13
31880224 14934767 82
31880303 31880305 22
31880349 170005 53
31880368 1297317 15
31880380 563107 26
31880882 925053 54
31880884 11462313 19
31880886 20015199 46
31880891 6025994 27
31880895 4992602 98
31881021 1421458 71
31881023 11507153 25
31881025 3892623 3
31881042 31881043 89
31881122 13320133 7
31881318 11713 41
31881335 11331 67
31881451 5255138 47
31881457 7758235 69
31881465 1847673 92
31881671 19531897 84
31882292 31882296 96
31882448 24912071 31
31882557 11505206 44
31882560 14972805 7
31882564 11306106 72
31882566 26192373 53
15213351 15213371 76
31882972 5090420 98
31882978 8950406 65
28839261 100092 61
31882995 10035146 7
5000395 730619 97
31883017 11235877 5
31883028 341919 52
28839290 6279023 73
28839281 285537 9
31883112 8356706 58
31883120 19159951 99
31883147 5522890 70
31883150 1524958 97
31883160 5747815 22
31883163 1659336 58
31883166 2188792 22
31883169 286436 51
31883172 504583 13
31883175 2156656 47
31883206 1710722 18
22207664 11493892 51
31883210 55214 41
31883221 15217908 7
31883272 29516327 7
31883284 1582297 66
31883294 443469 33
1119643 1991209 14
31883341 1397973 66
31883351 3973734 84
31883358 27198107 33
31870461 928174 60
31883360 4443227 73
31883367 3325853 67
31883370 3022325 5
31883372 126764 37
31883381 2232051 74
31883386 9149428 72
31883388 7718981 46
31883395 2181291 23
31857170 9841070 42
31883373 250511 2
31883495 562497 31
31883503 4980720 94
1991207 2762006 36
2762003 1968205 55
31883782 31883783 99
31886434 1660770 25
31886437 13521665 65
31886445 31886448 85
31886477 9455091 65
31886480 2810303 84
31886487 5860677 83
31886495 7071666 46
31886498 2541721 33
31886502 1576539 98
31886512 6050725 90
31886585 1531111 57
31886865 92079 58
31886948 7761576 50
31887081 2595364 28
31887108 693323 94
4413056 2960626 34
31887318 11266134 32
31887381 4127813 53
31887431 8274231 66
31887509 7650076 26
31887569 8010862 14
31887595 17270041 15
31887646 3395175 71
31887669 6192636 92
31887816 6105701 69
31887820 945704 96
31887893 3886523 5
4345803 4413059 92
31887382 2822038 24
31888270 7148614 15
31888280 377839 91
31888334 333384 54
31888360 1695332 32
31888373 6047624 87
31888382 15493474 39
31888392 5763301 47
31888596 24039204 73
31888618 1790635 54
31888647 22130016 2
31888988 301963 55
21967836 6560267 95
21967837 21967852 41
31889067 18455352 70
31889115 1733446 45
31889133 1637725 35
31889164 7916287 44
31870855 1049770 15
31889266 100613 74
31889422 4326115 50
31889471 17671375 22
31889604 1417729 10
31889812 26006650 15
31889835 1825375 96
31889920 11215485 27
31889947 1182519 51
31889950 5466 52
31889960 31889962 20
31889975 10869716 72
31890031 726890 24
31890054 332494 53
31890133 867346 98
31890145 779264 4
31890148 2158919 25
31890201 1920797 35
15211314 94804 17
31890335 216351 2
31890374 27133768 90
31890555 10397601 88
31890655 202363 58
31891130 14643761 28
31891269 2917055 84
31891422 11200294 100
31891433 3744734 71
31891516 5172922 30
15220615 15220635 29
15220645 15220657 89
31891603 3417643 96
15226888 15226896 24
31850295 4256316 6
31891755 1694275 5
31891757 668343 67
31891764 16532698 50
31891767 2266209 16
31891771 4494500 88
31891777 25823271 1
22165668 15097723 43
31891782 11282030 29
31891785 4670572 51
31891790 12213620 87
31891793 24938677 14
31891796 3504402 3
31891801 896845 6
31891806 1249987 98
31891808 4189635 29
31891810 21843492 24
31891813 349151 92
31891814 26590388 74
31891816 6607886 67
31891820 29737125 69
31891823 31891825 67
31891827 1578745 71
31891831 31891832 67
31850301 185700 45
31891841 31891842 50
31891852 5009187 95
31891772 1874538 26
22165669 192549 82
31891855 31891856 77
31891861 2519231 42
31891862 9368785 33
15243260 2260531 54
31891886 334619 59
4237434 255883 60
31891890 11258645 65
3477978 2502462 18
31891903 17126 51
31891914 924517 74
31891918 153030 67
14205509 499841 84
28375209 648273 62
31891953 31891955 78
31891988 11408770 56
31891997 2771816 79
31892057 4923947 37
31892212 5891805 22
31892404 6196891 52
22242945 543367 26
31870217 225155 83
31892472 31892475 71
31892486 4284717 67
15245219 15245227 75
31892494 25944470 92
31892500 4581782 22
31892512 9727541 54
31892530 8512641 93
31892559 1968896 3
15238362 506201 96
31892586 6787924 10
31892603 7476269 46
31892614 31892617 25
31892662 11344731 67
31892665 9144257 60
31892666 19184864 38
31892741 17041702 95
11119495 85238 52
31892779 31892782 39
31892787 5165558 78
31892796 19035438 89
31892811 15199230 44
31892816 31892824 46
31892856 31892858 5
15243410 15137972 35
31892861 20454397 1
31892867 7588820 83
31892873 14574013 7
31892992 2682278 48
31893011 30091994 88
31893014 17631175 26
31893015 5504708 28
31893078 1660603 36
31893084 1546850 55
15240065 3127925 82
31893300 21371465 87
31893304 668525 93
1659468 2499747 16
31893311 325763 90
28776987 2063660 58
22243416 507096 8
22243410 3990564 71
31893315 5965534 34
31893317 4519954 39
31893324 15320264 58
22193919 15936703 31
31893330 24610666 4
31893334 5316081 64
28776988 5500555 15
31893337 2415025 94
31893347 4462548 90
22243427 132825 27
31893353 26600715 56
28776989 3751591 55
22193913 1529259 41
31893362 2401339 4
31839405 2319141 84
22242946 15891103 1
30667762 1594585 2
9537043 5436072 28
31893392 6238612 12
13481922 629628 44
22243422 119348 7
31893396 1243282 70
31893408 27081 29
22201122 1673776 34
31893417 1850973 32
31893444 31053695 91
31893470 21354208 98
31893476 11976734 64
31893594 31893597 12
15247386 8363385 38
31893639 15519878 51
15247411 15247416 99
31893682 29581064 26
31893689 31893694 95
31893706 29727690 99
31893720 31893723 94
31893729 21565644 7
31893864 1068509 40
31893869 172416 99
31893927 310872 100
31893945 31893948 79
15221167 15221178 50
31894025 31894026 27
31894036 3719537 72
31894043 9871480 65
15243275 11533315 39
31894052 1949358 58
31894056 813500 46
31894058 28357370 45
31894065 2106129 51
31851180 1533537 66
31852281 27781661 63
31894138 7831222 19
31894143 4669875 28
31894238 21704581 39
31894265 15654654 18
31894278 21480736 50
31894341 9345465 68
31894384 12888612 2
31894386 22254612 83
31894512 19048806 33
30781453 11211273 87
15245535 15245543 85
15221193 11391902 13
31894552 11799904 30
31894561 10838057 56
31894563 1504514 89
31894568 31894571 31
31894575 31894577 91
31894582 3128750 40
31894591 27391903 34
31895155 25710071 57
31895268 31895271 73
31895288 3407402 30
31895338 332627 72
31895342 841934 48
31895346 447997 47
31895358 6639664 20
31895385 1277370 28
31895387 531878 69
31895403 332912 4
22243432 17127 62
31895445 9798657 39
31895460 890913 70
31895465 9360981 82
28777053 2154171 69
31895477 773721 74
28776990 3807513 26
28776991 694941 41
31849943 11312114 97
28777045 1709034 8
31848420 328877 81
31895614 584878 72
28777046 1002962 3
31895629 1600604 77
31895671 1496200 81
28777047 1596175 36
31849935 2724389 47
31895682 517252 31
31855674 11968725 89
31895800 327702 54
31895804 506676 55
31895855 2579514 67
31895878 347974 34
31843047 349845 82
31896033 1017534 51
31896096 677682 24
31896185 11877533 50
31896305 8210279 58
31896325 670867 24
31895388 1177737 91
31896374 2526830 72
31896418 21158736 49
31896431 7079575 98
31896635 2370333 52
31896641 5858151 49
31896671 3483313 58
31896764 2486727 36
15243411 15243421 33
31896865 1673664 46
31896964 11759559 29
30593759 4642469 56
31897188 8460198 15
22147347 384414 91
21991754 5615444 71
31897237 2038962 86
29711720 11382946 27
31897279 14604404 86
31897285 630587 42
29711003 21049861 42
31897303 20373033 39
31897310 4467090 32
31897312 4759703 87
3125362 915038 4
31897335 3172398 37
31897383 4366798 72
31897389 2322777 93
31897660 3034733 71
31897704 6842935 14
31897758 4940920 94
31897760 8448914 23
31839918 320427 71
9346427 4422230 36
31897770 22175423 75
31897788 223243 11
31895293 26821080 71
31897795 891098 72
31897797 10773841 11
31897801 1388382 97
31897810 31897811 87
31897828 9155881 100
31897831 31897832 5
31897839 3291330 88
31897879 11566760 9
31897913 1963593 59
31897920 2094549 60
31897931 4162799 25
31897934 19223207 17
31897937 1935675 65
31898071 14684132 22
31898075 333411 92
31898102 29411327 100
31898109 2792804 67
31898112 4448752 96
31898117 1746480 89
31898577 6000417 23
31898695 8071542 55
31898716 9610752 48
31898718 31898719 45
31898721 7895503 2
31863668 660082 67
31898758 432409 47
31898764 1378823 61
31863676 435834 46
31898778 8070756 99
29713679 6027673 52
31898801 335860 73
31898804 4428562 76
31898806 532555 99
31898810 1740093 22
31898814 431567 72
31898826 775164 67
31898815 122959 21
31898818 816185 53
31898841 313589 42
31898843 537431 15
31898851 5060428 89
29713681 877261 25
31898921 5389867 85
1693571 2189015 65
31898967 326585 22
31898999 367614 74
877130 1694338 49
3647313 3958311 37
31898968 176749 63
31899014 1416066 33
31864028 97379 76
31864036 5730387 9
2527540 842775 94
31899045 702657 99
31864042 1346037 2
31899117 626869 46
795211 1584919 1
29715371 3253151 50
29715401 5121896 66
30778391 25839308 8
29715402 6465071 9
31899264 2961183 17
11119466 9039332 43
31899266 31899267 97
31899272 28081218 37
3125356 3602467 54
31899282 2135467 97
31899295 15103962 1
31899303 31899304 85
31899308 21809190 51
31899311 202904 50
31899316 19660243 64
31899319 9423913 62
29715382 12099627 17
31899328 31899329 86
31899332 2438063 67
4134748 4273488 42
31899350 21685159 22
31899371 21722411 94
31899375 1474365 12
1584917 324808 78
31899391 924239 78
31899488 10336802 31
31899645 31899646 9
31899723 97811 60
31899730 2706923 14
31899785 2768502 37
31899835 1127494 54
31899845 830466 44
22229625 2035782 25
31899871 27540848 41
31899882 7920640 2
31899897 1771625 36
22229626 1127510 60
31899898 2756356 48
31899910 208226 35
31899915 41917 45
31899966 26767930 1
31900038 1667842 58
31900040 1457087 89
31900053 27702984 46
31900081 8021332 52
31900085 8748222 81
31900089 5076909 13
31900092 27884836 100
31900160 8064175 62
31900180 388653 22
31900207 2523537 82
22233515 2373174 90
3477979 3848072 24
31900281 8884085 94
31900284 11513774 45
31847003 1292223 53
29718748 1853303 97
31900574 15413047 49
31900764 22401056 34
31900791 763581 10
31900800 3906582 66
31900980 5446923 24
31841301 6950228 72
15419354 1215996 59
31901020 175614 60
31901025 1789367 24
15220171 4383832 48
31895389 657923 37
31901034 28942801 28
31901039 5221670 6
31901052 6135091 37
31901074 6688623 8
31901083 1706195 6
31901089 2955592 30
15220165 9612075 8
30346106 7112682 16
2443131 3124999 41
31901123 1891107 43
31901153 11181563 44
31901156 505965 67
31901160 6950695 28
31901164 126829 39
31901170 8530320 53
31901175 5366549 66
31901183 27358793 95
15202958 911088 26
31795918 310817 22
31901232 3132480 86
31901247 3104792 21
29714053 3687857 9
31901264 422519 14
31901270 830321 68
31901283 9026080 5
31901288 50201 99
31901304 5283564 97
31901313 5887468 98
31901316 8306446 72
31901331 3269931 32
31901341 6024993 15
31901344 6651334 97
31901351 1217397 17
31901356 1431237 3
31901411 9823848 33
31901417 2158192 3
31901435 274481 81
31901436 1612844 15
31901440 12182999 25
31901453 1514307 50
31901467 1374527 51
31901489 4551467 20
31795900 426096 74
31901523 349662 93
10494797 323886 29
31901551 11619324 24
31901557 11432119 21
112954 369353 6
31901566 31901567 61
31901571 3062951 92
5004815 5004862 3
5004775 5004826 88
5004888 5004911 73
5004825 5004869 85
31901884 26448263 43
2652098 889526 52
31902191 21777303 79
15247002 10089757 8
15247003 361124 7
15247004 926090 94
15247005 897057 16
31902286 4925602 78
31902302 120808 1
31902320 4756045 79
31902327 7761745 16
29718750 577914 89
31902329 875667 55
31902332 1523077 42
31902338 9835878 57
31902341 21617947 49
31902472 655091 95
31902484 1277211 42
31902488 1946591 86
31902492 5819936 95
31902561 8042346 86
31902590 1506986 1
31902827 4365559 46
31902841 3611481 72
31902845 4161549 55
31902848 4409501 72
31902850 21619410 4
31902857 98378 75
31902859 31902861 27
31902865 9918139 28
31902868 13386647 96
31870431 15951966 77
31902872 1188038 92
31902874 5752199 62
31902878 6828031 66
31902890 2104839 29
31870456 6372069 87
30667763 344797 4
31902895 12832678 71
31902905 14070679 88
31902912 11280582 23
31902917 193263 30
31902921 385188 55
31902932 1745809 38
31902937 31902938 22
31902967 1578637 15
31902922 1628101 54
31903019 31903020 99
31903022 790935 27
31903028 519481 44
31903111 2510674 8
31903130 3956300 80
31903159 8518535 81
31903198 9289305 9
31903203 7069346 11
31903209 20360242 28
31903218 11172631 21
31903220 4081482 73
31903224 9474665 21
31903241 11221629 27
31903254 1871962 8
31903260 2478761 38
31903281 31903283 6
31903310 2400964 48
31903315 2497722 84
31848365 21887018 73
31903574 28141601 54
31903580 677101 46
31903585 2482916 25
31903591 26024155 13
31903593 5113451 74
31903597 5528576 91
31903598 3681092 37
31903735 12119140 76
31903810 3223444 49
31903853 7708772 15
31904435 6261397 65
31904445 214808 96
31904447 418738 45
31904481 1468643 92
31864195 1344003 17
31904498 430833 61
22165670 1637654 42
31904582 4291125 96
31904585 25946005 37
31904587 544761 49
31904592 18349614 48
31904597 2799458 81
31904599 1375174 34
31904676 934229 41
31904678 7393793 31
31904682 31904683 16
31857342 1690483 56
31904893 1845094 33
31905028 3981268 54
31905032 26645543 11
31870453 441056 25
31907091 9121815 24
31907574 21697099 43
31907600 14249935 70
31907688 11505838 38
31907940 11158006 48
31907942 31907943 60
31907948 5701619 16
31907978 1371247 44
31908026 4004773 54
31908066 27950066 70
31908606 1730831 87
31908625 7502056 37
31908767 945854 22
31908795 944651 2
31908797 95672 72
31908800 211592 6
31908802 1406943 46
31908803 3180439 25
15411974 300217 66
15411974 622525 64
31908805 31908806 81
31908953 8581230 84
31909119 11446047 19
31909122 133219 50
31909126 11884122 3
31909144 22380681 83
31909254 1726643 95
31909264 5867629 73
31909273 2586229 59
31909275 4291435 75
31909277 8194886 63
31909255 2092016 18
31909284 3656644 26
31909288 31909290 19
31909292 1405618 18
31909296 9888240 88
31909297 11392847 47
31909300 3143951 14
31909305 97342 29
31909308 847905 88
31909311 9918966 69
31909313 1611797 81
31909316 12478758 13
31878196 1300771 28
31909321 12583983 12
31909325 14597555 8
28710514 496423 17
31909332 892399 97
31909342 12984606 34
31909349 4018035 22
28710554 1792116 75
31909355 3744739 22
31909366 5480728 78
31878192 250648 87
31909370 7140073 37
31909380 5119134 18
31909386 4484344 51
31900041 27984363 99
31909391 3950722 21
31909317 12081229 44
31909394 13126703 5
31909398 11161737 75
12319609 4056395 97
12319611 5860432 2
31873900 7853526 32
31857165 8229229 46
15419324 4209906 4
22248407 9990302 34
15419334 386126 40
31909571 1090996 62
31909579 17508835 82
31909587 11333996 3
28375204 952719 41
28375232 98711 51
31909621 11026563 86
31909630 7716593 7
31846062 1480773 49
31909683 5901067 97
31909814 296191 45
31909788 362571 22
31909847 21256696 1
28781665 9485692 85
28737354 74175 33
1807691 98657 37
968359 1729962 75
28781651 91671 51
31909860 1071105 64
31909879 3067171 97
31909928 574368 100
31870155 364999 57
31909942 571696 75
31909946 1475317 81
31909951 587221 1
31909963 18314744 83
31894153 339826 51
31909966 861095 90
31909968 14437521 65
31909972 5553582 57
31909986 15306779 91
31908027 12695730 59
31909989 14027622 52
173651 536532 94
13497892 1579054 22
759707 1542625 58
31910002 17225268 64
31910003 1122130 17
2594968 3230256 76
31910007 11198267 53
31910011 48578 14
31910016 17764820 57
13497875 84797 41
31910008 2473908 17
31910027 2799156 48
22248408 2175336 91
31910044 389781 85
31910411 11168401 31
31910415 21713118 51
31910424 3510007 81
31910435 2439863 27
31910442 300577 18
31910452 15463735 64
31910458 5598796 99
31910453 7186594 36
31910462 1970550 67
31910475 998623 22
31910490 26673636 83
31910493 5083540 15
31910526 11163727 26
31910553 380344 68
31910594 350894 22
31910595 9039100 1
31910620 10903650 98
31910653 25905939 2
31910699 661565 79
33035033 2027040 37
33039203 7500372 96
33048073 29469865 73
33642733 17774036 60
33642828 14490549 66
33642834 902174 21
33642841 935967 16
33642843 6380870 72
33642852 1673684 36
33642868 5683872 49
33642900 2557872 4
33642920 676755 68
33642975 1692793 66
33643011 1289278 87
33643022 1064878 32
33643562 27572419 7
4937641 4937646 28
33646988 19345231 47
33646993 6109065 11
33656627 3391919 14
33661306 1135507 12
33661313 11319041 91
33661332 5427181 80
33661337 21907012 68
33661342 1799481 36
33661345 29251132 94
33661354 2076242 10
33661364 6504793 17
33661369 1420239 8
33676893 15946058 70
33676993 2075371 63
33676996 17856621 37
33677006 25525793 22
33677010 4383984 56
33677013 23028783 50
33677016 2886473 23
33677021 30962256 1
33677027 6717914 21
33677043 4035743 19
33677049 12711299 86
33677054 1353564 1
33677909 11920671 85
33677914 8540102 85
33677927 21104637 48
33677930 132756 9
33677935 31044740 26
33678149 4213824 78
33678152 921967 11
33678163 18049725 1
33678170 3121782 56
33678624 4835206 84
33678629 4697568 37
33680191 16311300 55
33681464 26693124 100
33683295 8661639 41
33685876 5608597 78
15411980 2426486 56
33685887 213164 90
33685919 1517262 79
33689186 15194820 79
15219144 15219162 100
33729475 9660496 87
33778847 11471285 62
33778849 748323 97
33780419 1581746 94
33780461 33780463 32
33780693 10320923 29
33780698 11357604 66
33781128 5561766 92
33781130 7288392 75
33781134 14212010 67
33781140 392227 58
33781146 10426213 96
33781149 8732273 18
33781153 33781156 74
33781160 2833687 23
33781168 59785 7
33781174 1687405 11
33781178 3643562 81
33781182 1160608 43
33781189 8779471 36
33781196 23763154 22
33781208 27476350 35
33781233 1792844 96
33781240 11641295 43
33781257 8136938 68
33781267 2543799 10
33781811 3851235 36
33783380 4068177 75
33784118 609852 34
33784127 1573646 8
33784134 26626493 73
33784155 894935 52
33784945 12477146 83
8877542 5463034 3
33804081 15207303 55
33804111 16882523 55
33804115 3129749 60
33804118 1531507 22
33804174 21713101 85
33804188 12188664 31
33804190 2410368 28
33661307 6131887 53
33804771 30705741 17
33804778 1628908 68
33804782 26680706 51
33804788 20193642 37
33804798 11525805 76
33804802 5428305 98
33804873 1148755 79
33805591 11485008 7
33806730 27595516 55
33809642 33809644 23
33816699 4148007 99
33818671 10270107 45
33818692 6396766 39
33818731 10844960 83
33818735 10343174 37
33818770 1646854 33
33818796 5497186 34
31900150 93681 99
4242077 141928 23
33828767 1483827 51
33829451 10323246 75
33829465 8882140 30
33829468 6154956 99
33829484 8766443 90
33829487 1161734 60
33829494 4129234 55
33829509 7492545 27
33829517 5377015 100
33829529 11504023 12
33829532 27515241 8
33829538 22123123 60
33829541 4981735 42
33829552 18756162 47
33829554 1602884 19
33829563 9677140 86
33829565 6307148 30
33829569 17774411 72
33829571 5154953 30
33829578 11289432 51
33829583 2994766 16
31861544 322224 31
33829599 1236318 7
33829603 9270861 57
33829652 15585478 88
33829654 3325559 28
33829658 1561431 81
33829669 32153996 64
33829696 1135526 81
33829704 3215751 50
33829715 20358501 38
33829724 2894593 60
33829726 2289334 55
33829730 225915 46
33829736 9289484 90
33829738 1742845 15
33829763 1834595 51
33829792 11167976 64
33829818 1675095 97
33829857 26791413 33
33839146 3645203 35
33857613 13122972 60
33857629 10345002 16
33857660 2509 37
33857664 49653 83
33860380 1852049 7
33860386 11537384 95
33860390 25899980 96
33867038 2624756 20
33867696 3809846 32
33867703 10109624 53
33867713 347573 19
33868003 6350235 90
33868008 6813236 84
33868021 7641877 8
33868022 9166025 62
33868026 6503025 72
33868028 6039097 57
33868045 10567182 78
33868049 1741852 64
33868053 2268588 20
33868060 7331257 34
33868064 2564441 73
31850157 300870 75
33868077 1476803 25
33868079 18046723 81
33868083 1829933 75
33868085 1437585 15
33868088 33868089 79
33868117 57936 52
33868121 3327472 60
33868124 31968261 21
33868143 327485 76
33868161 4083160 86
33869875 5117490 6
33869879 8135782 84
33869883 5755663 54
33871535 2378485 11
2442817 107621 26
33875521 961433 70
33876784 28357825 5
33876821 9910819 5
33876829 1874237 6
33876847 832130 100
33876856 10397995 62
33876873 849531 21
33876907 954138 16
31868669 924518 44
33936766 11206903 48
33936776 4350849 46
33936784 4766799 48
4942296 4942399 78
31849567 5911077 34
33942669 1835666 13
33942673 3821833 2
33942680 390584 75
33942685 1733358 61
33942697 909049 36
33942702 7357797 92
33942705 4342013 46
33942719 302587 83
33942721 3652783 67
33942724 1374277 63
33942730 2098664 76
33942736 33942737 47
33942743 21820540 16
33942745 32048269 47
33942750 5837578 8
33942755 32137868 14
33942765 21779258 89
33942777 606949 63
33942785 220045 50
33942788 7033890 11
33942795 75161 79
33942799 5218059 27
33942803 5094244 84
33942817 11422814 55
33942819 28094740 45
33942835 11382312 5
33942846 2697111 42
33942849 18717942 73
33942862 11450733 83
33942865 11403184 73
33942869 27838059 46
33942873 27832177 69
33942875 6903273 73
33942887 29249829 13
33942890 11490476 53
33942897 3155591 19
33942900 31046872 87
33942904 10344532 77
33942911 26684988 62
33942924 8618753 2
33942934 6993543 22
33942941 5856803 37
33942943 18670581 73
33942947 33942949 40
33942969 3056215 72
33942973 14344110 49
33942981 11592771 50
33942988 33942989 40
33942992 8616369 71
33943001 1005804 9
33943004 597189 89
33943016 11520600 67
33943070 1849205 100
33943075 1199385 88
33943124 4655821 75
33943128 340342 28
33943132 177607 46
33943167 670115 56
33943211 32180664 41
33943220 9656705 33
33943228 9526794 76
33943270 9418948 10
33943281 503901 98
33943283 282590 29
33943329 4559042 91
33943334 12980208 7
33943341 3352741 72
33943362 9651432 44
33943442 9770822 57
33943459 2930222 26
33943469 6486276 87
33943491 197712 92
33948449 21713515 4
31839399 9529324 34
33948672 12342149 81
33948675 11450959 46
31866884 21254319 44
33948678 18437374 47
33948683 3245877 45
33948686 4981237 1
33948689 9424209 27
33948845 12845762 7
33949388 16669019 100
33949395 7312635 9
33949418 6072536 12
33949451 5940384 99
33949459 107694 20
33949468 9463568 27
33949481 8247142 24
33949500 2565178 40
33949504 7204186 49
33949507 7860552 40
33949521 236760 5
33949525 6904071 52
33949529 4458487 21
33949548 29823388 70
33949555 2697635 92
33949580 8095233 42
33949589 14632445 31
33949608 27901025 19
33949619 2445875 13
33949637 33949638 4
33949645 17283081 1
33949733 11793335 93
33949735 3500812 56
33949763 33949764 7
33949838 878793 68
33949927 216144 55
33949936 1643782 61
33949965 5290932 60
22165671 3132271 39
33950719 28874010 88
33965790 11372153 43
33989080 830831 77
33989085 16585235 11
33989092 33989093 74
33989094 13714564 19
33989098 7854687 39
33989102 1180788 40
33989105 11387369 50
33989111 26550814 75
33989114 19670519 59
33989117 33989119 64
33989123 3837313 1
33989128 9150042 20
31860473 16984621 39
33989138 33989140 77
33989162 33989164 78
33993713 7206128 80
33993717 12085040 87
33993724 2231374 96
33993733 1596507 99
33993735 6434164 91
33993738 6851335 57
33993748 15156782 91
33993752 11410956 18
15221244 3336205 90
33993755 791019 98
33993760 11437898 51
33993768 9332755 39
33993777 11443821 32
33993783 15205049 32
33993806 33993807 34
33993809 1692979 53
33993817 5782402 77
33993831 2438274 48
33993856 8512178 98
33996297 7418469 56
34008782 34008784 48
34008787 6571336 39
34008886 17309134 100
34009343 11198120 30
34009346 17615700 55
34009353 11074108 32
34009356 11286140 80
34009359 14417068 84
34009363 11431826 50
29716686 1641756 83
34009372 1753771 82
15411951 901223 1
34009398 3108861 83
34011318 4637480 49
34011344 1774392 31
34013875 1060579 31
34014828 8543520 82
34014855 5267290 9
34015983 1326213 70
34015987 15933446 54
34015991 3691208 83
34015994 1675216 59
34016400 1748450 78
34019224 3912007 82
34019234 8710639 10
34019244 9455342 59
34019250 13530510 84
34019273 1868268 67
34019282 835734 97
34019290 9769371 57
34019341 8424190 91
34035977 2477656 9
34036005 5173465 87
34036012 10238337 97
34036015 388428 83
34036030 22211888 6
34036033 2539844 97
34036050 8125030 13
34036054 2894483 7
34036057 10080027 17
34036060 25005979 51
34036081 3558150 69
31901817 8991935 50
34036092 6939105 71
34036100 12015221 25
34036105 2145225 62
34036113 3169370 78
34036114 891511 70
34036122 3931501 42
34036138 5460288 19
34036148 1405195 79
34036155 11396517 66
34036165 15213647 57
34036183 3830836 2
34036190 339265 85
34036204 11327115 35
34036215 26628631 64
34036219 34036221 64
34036227 5640024 70
34036229 1975493 10
34036256 2932193 50
34036315 959795 57
34036318 5527610 50
34036321 1643823 92
34036331 1204503 77
34036343 11157398 83
34036353 2767545 93
34036361 1672476 46
34036366 45299 84
34036377 33574 30
34036395 1743173 8
34036415 350532 49
34036423 26027795 44
34036438 2717634 65
34036457 34036461 53
34036495 1424847 71
34036504 4729392 71
34036549 7600792 63
34036562 2585472 72
34036577 5325302 63
34036579 18422392 46
34036587 6266690 91
34036616 261556 60
34036622 627204 33
34036626 6968 49
34042925 2114349 97
34042932 1913431 55
34043367 18585187 86
34043377 9480184 36
34043441 3714231 39
34043480 2968452 47
34043487 12973013 27
34043614 13025384 40
34043618 954715 50
34043627 5791965 44
34047888 9881727 56
34047914 17095257 89
34047917 3193059 59
34050180 17431624 5
30645516 4486920 76
34053524 2774506 16
34053537 878454 30
34053544 3153447 70
34053549 21211504 27
34053563 11472966 23
34053571 11120194 8
34053572 6195579 25
34053573 1424478 40
34053574 2206147 35
1584875 2443300 56
34053587 6782378 2
34053597 34053598 39
34053601 11494182 4
34053616 19800642 3
34053628 31915515 56
34053634 12403412 44
34053636 15433611 27
34053640 4473037 78
34053645 34053646 99
34053668 13264147 81
34053675 7439589 26
34055129 8695385 27
34055500 11275534 41
34057267 387830 51
34057281 8093278 49
34057290 12647032 23
15247007 4093732 66
34057308 10003017 40
34057319 14546865 28
34057334 6442546 4
15247008 10023912 84
9615476 3158168 22
34057344 11422762 92
34057352 2606661 79
34057356 5860088 4
5005011 3811782 12
34057365 7304261 32
34057375 11539544 94
34057419 5684178 77
15247009 1302830 41
15247010 760041 15
34057491 3775453 7
34057493 31927775 84
34057509 332857 46
34057514 187201 8
15247011 7840818 14
15247012 4020390 62
34057536 21923970 61
34057541 21023226 77
34057561 101614 45
34057586 1004857 54
34057590 22309478 93
34057619 11176372 40
34057659 470138 11
34058280 23877898 93
34060547 10801875 59
34073530 8808367 29
34073548 15604906 61
34073555 1675056 85
34073564 34073565 25
34073571 3264397 83
34073577 9152755 42
34073581 9622349 94
34073586 6129764 33
34073607 11539591 64
34073612 6359188 17
34073614 5198360 55
34073622 10346564 61
34073629 6561600 88
34073671 345403 59
34073674 34073676 58
34073693 19091869 90
34073717 11299107 65
34073733 19190912 32
22021352 3222706 3
34073741 10300702 32
34073747 33024240 6
34073760 21460397 21
34073809 8330219 92
34073863 1204788 59
34073889 1855954 12
34073920 1755882 94
34089118 9483743 65
34089131 4056800 30
34089133 13211703 13
34089137 15209382 98
34089142 29434949 89
34089145 29971182 66
34089149 12099845 73
34089153 11488388 52
34089156 1095729 69
34089173 14138044 58
34089178 18701720 94
34089232 18810987 76
34093676 15732798 92
34096830 836525 25
34096843 8338145 88
34096861 32600627 17
34096872 750346 52
34096892 2438006 14
34096894 11233538 3
34096920 53003 37
34096969 3170302 19
34097089 2580572 82
34097157 1708620 19
34097195 12416581 21
34097207 8422725 89
1854701 2656172 49
3019804 1519783 96
34097261 321842 26
34097264 9043700 76
34097268 5991682 72
34097269 27819664 38
34097270 3862444 16
34097274 832040 58
34097280 1394412 91
34097281 5914013 40
34097292 108078 11
34097301 3658167 39
34097304 13494470 1
34097310 9972748 86
34097318 13977416 23
34097322 12081466 49
34097333 1639921 24
34097368 3711880 77
34097374 26191495 94
34097377 7286558 97
34097387 27659405 60
34097394 29733885 36
34097404 27263616 69
34097407 5589755 43
34097417 27730026 52
34097440 9226106 71
34097452 7496089 43
112551 368333 70
35354777 3375602 11
3273936 339426 59
35406920 2743513 75
35409414 1694754 51
35413057 25660769 20
35413314 1799199 22
35803629 9563956 8
35816105 17529454 99
35818317 5156115 60
35823599 1859239 19
35833316 2019235 42
31852545 9403319 36
36677837 18081168 19
37667246 14382634 34
37667426 3012711 66
37667437 9906082 18
37667441 659931 36
37667443 16162977 87
37667446 11763164 27
37667449 23770671 22
37667457 7271682 55
37667467 2512922 49
37667473 1519100 74
37667476 2085743 85
37667480 3377335 32
37667483 2385992 8
37667486 25948604 86
37667491 24950013 83
37667494 22172542 26
37667497 4039919 30
37667500 26300641 45
37667503 11157358 85
37667506 3443797 85
37667510 26121664 79
37667513 34474466 57
37667516 5134635 85
37667519 1619972 22
37667527 29380727 44
37667530 37667532 63
37667537 21815079 44
37667543 4146822 15
37667546 6929806 63
37667550 35027011 86
37667554 11636845 15
37667558 15721779 36
37667561 1907888 24
37667564 16784106 2
37667568 34596003 21
37667571 1793957 92
37667575 2861229 56
37667581 37667583 95
37667585 10835855 40
37667589 4859746 11
37667592 27829823 98
37667595 6133197 36
37667599 17682406 18
37667602 1669285 60
37667607 1887122 97
37667610 2067740 57
37667613 13186693 15
37667617 1829810 83
37667620 2498673 18
37667623 3837666 25
37667626 3650357 74
37667634 11280408 61
37667638 3022326 89
37667641 12099110 17
37667643 32165270 23
37667647 5962996 94
37667649 4449192 17
37667652 11737406 88
37667658 1454399 38
37667671 24558595 12
37667674 2390377 23
37667677 1067017 44
37667679 1689349 16
37667682 2094616 64
37667686 6301728 2
37667690 29448781 21
37667694 37667696 7
37667700 8408569 34
37667703 8451466 30
37667706 8488917 59
37667709 37667711 37
37667713 8516216 96
37667716 3546341 23
37667719 7329083 59
37667722 19402378 43
37667729 27735866 9
37667732 9552327 98
37667736 1029344 61
37667740 26714915 43
37667743 6515502 82
37667751 19939362 42
37667753 6939014 96
37667756 5585927 24
37667760 20918330 61
37667763 2918821 97
37667771 357765 3
37667776 2386249 70
37667779 4664089 35
37667783 3059545 36
37667790 35139421 31
37667793 8029390 28
37667796 546780 63
37667801 19531106 79
37667805 21065030 72
37667808 5676379 10
37667811 11210917 16
37667814 26025089 79
37667824 12090634 96
37667857 37667859 81
37667946 9095813 18
37668004 12380293 13
37708794 135622 89
37708796 3863688 4
37708797 12036 93
37708799 115031 49
37708800 404805 87
37708801 2123930 73
37708804 2564700 18
37708807 228939 33
37708809 943927 62
37708811 13808849 61
37708812 6888626 53
37708816 2986848 19
37708819 1945924 15
37708821 4201141 17
37708822 5713279 71
37708826 2361516 46
37708829 1969733 89
37708832 14713246 12
37708835 10624173 18
37708836 4098737 20
37708838 26620295 56
37708840 2557659 3
37708841 11165923 83
37708843 4925349 62
37708844 6782952 18
37708846 568736 78
37708850 18167620 56
37708851 4141492 80
37708854 2445684 45
37708856 6712044 81
37708857 15126015 10
37708861 359654 35
37708862 860463 34
37708865 2831568 33
37708868 4609234 2
37708870 1672592 54
37708873 22310248 10
37708875 3026085 95
37708878 22387481 15
21967838 6846948 31
37708882 7966370 85
37708884 1743641 84
37708887 3132202 75
37708889 5708971 23
37708891 14904004 68
37708893 8354668 58
37708895 1606946 28
37708897 9060145 100
37708900 11229091 78
37708902 9339855 77
37708904 1181914 43
37708907 7520551 3
37708909 5534336 33
37708912 1581501 21
37708914 4484803 70
37708916 879316 35
37708918 5710677 73
37708921 10604491 10
37708926 4383254 27
37708929 34058665 38
37708932 7036929 22
37708934 9118159 78
37708935 22393694 72
37708937 5565421 25
37708940 6108664 84
37708941 9924966 77
37708943 5687315 8
37708945 1324474 10
37708948 38230 16
37708950 7874299 46
37708953 15048980 93
37708954 9222544 80
37708956 1853766 92
37708958 15951238 13
37708960 2846002 55
37708962 3283447 89
37708965 1351149 4
37708970 11245336 83
37708972 9983717 68
37708973 7389295 60
37708975 12684256 67
37708978 9969105 85
37708982 8721260 76
37708984 871029 83
37708987 3165843 99
37708989 2109398 89
37708991 29078219 66
37708994 34308 70
37708996 7000709 35
37708997 6785513 53
37708998 22397594 90
37709000 18917327 92
37709003 10115343 1
37709005 747303 71
37709007 11303955 24
37709009 9729423 49
37709011 7791670 97
37709013 33706600 78
37709016 8479468 88
37709017 4133029 18
37709019 7082464 66
37709022 7057165 74
37709025 8833391 89
37709028 2285002 92
37709030 6723934 37
37709033 28861342 74
15221245 14878758 79
37709036 34269903 5
37709039 25554388 50
37709041 4444786 25
37709043 2455406 61
37709046 32582191 32
37709048 6659584 74
37709051 770416 84
37709055 32186022 27
37709057 11523226 1
37709058 22038693 73
37709061 30965244 84
37709064 1071408 26
37709066 2337619 31
37709068 1916301 15
37709072 1724119 52
37709075 2808798 64
37709078 1475007 59
37709080 704516 29
37709081 3037884 46
37709084 1387110 14
37709088 14212756 74
37709091 3511219 65
37709092 3040998 88
37709094 270756 55
37709097 3502060 14
37709098 2712230 47
37709100 2434699 14
37709103 8611099 80
37709105 25681832 41
37709108 3863373 73
37709110 2870144 88
37709112 8845937 65
37709114 2454669 86
37709116 1407123 22
37709117 9050171 52
37709120 37709121 17
37709124 3661665 67
37709127 11370671 70
37709130 11370768 12
33993761 11372388 65
37709133 16853393 49
37709135 17240683 95
37709136 34588832 54
37709137 37709138 1
37709140 7801309 71
37709142 18349756 7
37709144 1338391 30
37709145 10215078 69
37709146 5436041 25
37709147 14417994 47
37709149 32000286 2
37709151 6820694 39
37709153 28318539 73
37709155 2934819 77
37709158 3703110 27
37709159 36541381 28
37709162 18621702 64
37709163 678058 6
37709165 9905957 48
37709168 26483139 15
37709170 4680876 27
37709173 1337530 52
37709177 11398936 23
37709181 28357432 34
37709182 8931531 40
37709184 392355 47
37709186 11214832 71
37709188 16120979 97
37709191 13064337 11
37709193 11410769 80
37709194 26144840 44
37709196 13013495 98
37709199 11413902 89
37709202 13086743 18
37709205 6629354 85
37709208 2489249 46
37709211 3260509 82
37709213 9377448 98
37709216 9250824 26
37709218 8421092 98
37709221 8541070 28
37709223 6016342 61
37709227 6189053 60
37709230 1148307 19
37709232 930865 18
37709234 12770800 85
37709238 8587098 29
37709240 288171 91
37709243 19747194 4
37709246 1602404 5
37709248 18000899 90
37709250 20410909 42
37709251 37709252 51
37709255 2220549 15
37709257 11938560 43
37709260 11437070 76
37709263 35161502 58
37709265 14598204 22
37709267 19109245 69
37709271 10395471 28
37709274 5709948 53
37709276 27264096 99
37709280 6093138 99
37709282 21855305 97
37709286 6262690 38
37709289 5288105 16
37709291 11447012 91
37709293 7643702 80
37709296 22142134 27
37709297 12885508 82
37709300 11449108 88
37709302 22204125 1
37709305 931081 35
37709307 3687869 40
37709310 19647758 71
37709313 7077694 44
37709316 7054643 91
37709318 6111617 5
37709320 15558272 93
37709323 15552162 92
37709326 12125127 38
37709329 18769310 55
37709332 6124192 12
37709335 542116 46
37709337 7709887 95
37709339 34611599 27
37709341 13419423 63
37709345 11467250 57
37709348 2064655 81
37709350 27291929 28
37709353 16275894 3
37709354 32090969 8
37709356 6908350 68
37709359 27132570 9
37709362 12123372 67
37709367 37709368 96
37709370 30492459 34
37709373 3018353 89
37709376 8536814 58
37709378 8667517 27
37709380 11476895 95
37709382 2158181 22
37709385 28024259 59
37709386 9737566 85
37709388 29413621 22
37709390 9296843 43
37709392 26686105 84
37709394 11482397 44
37709397 26524869 78
37709400 10926746 38
37709403 20909098 68
37709406 9022517 77
37709409 13039166 9
37709412 11491233 36
37709415 9861750 73
37709419 8561287 57
37709422 11492039 4
37709424 2877035 65
37709426 26400437 42
37709429 1777384 35
37709431 31024625 67
37709434 11494537 92
37709436 479703 67
37709439 3345289 12
37709441 2907480 12
37709444 629271 94
37709447 2848448 18
37709450 2105336 57
37709453 2205949 92
37709456 1150378 40
37709459 4849195 88
37709461 10915295 35
37709464 9114497 36
37709467 24944485 87
37709470 9086480 41
37709474 24946364 23
37709477 9074406 2
37709480 5407815 56
37709483 24948601 54
37709485 25713528 96
37709488 19669919 79
37709492 1015591 82
37709493 12247884 7
37709496 5497783 51
21683199 2009724 39
37709499 10949952 24
37709501 13426193 55
37709504 10260491 9
37709506 31049634 70
37709508 325456 2
37709511 11519816 54
37709514 3506336 29
37709517 37709518 8
37709520 26580520 23
37709523 31967523 90
37709527 37709528 7
37709531 11523996 79
37709534 10222098 63
37709536 11527947 49
37709538 1706042 56
37709541 27562548 18
37709544 26875589 42
37709547 7199125 14
37709550 4478272 47
37709552 17330524 69
37709555 6916969 87
37709557 25945008 88
37709560 37709561 77
37709564 2934534 53
37709567 25979396 36
37709569 672593 86
37709572 172187 39
37709574 4715751 95
37709578 4694589 96
37709582 11364812 80
37709583 31063173 54
37709586 11541195 98
37709589 27581554 38
37709592 11845436 19
37709595 4103470 67
37709597 21214626 42
37709600 3598496 86
37709602 4259766 76
37709605 59748 77
37709608 17116190 79
37709610 26459850 72
37709612 1721796 86
37709616 16984738 41
37709618 9737896 11
37709621 19938690 66
37709623 24459370 88
37709625 9569313 21
37709627 4907938 94
37709628 2151886 81
37709630 17368260 51
37709632 17705632 68
37709634 13510447 55
37709638 28948574 93
37709641 21955862 11
37709644 20957 89
37709645 28871264 75
37709646 20456490 58
37709648 28905408 85
37709650 15599557 57
37709652 21916178 63
37709656 15569264 38
37709658 17400443 33
37709660 32611142 78
37709664 17430969 45
37709665 35125058 36
37709667 17806790 44
37709671 27182415 80
37709674 27358573 95
37709676 16526551 57
37709678 30103130 29
37709680 27531025 36
37709685 13010813 79
37709688 27513845 67
37709690 27303828 19
37709693 26957631 86
37709694 37709695 25
37709697 16444767 95
37709700 11755407 53
37709704 20358888 60
37709705 37709706 25
37709709 1386325 15
37709711 37709712 95
37709714 25816691 86
37709717 19937822 99
37709721 37709722 79
37709724 2270460 99
37709725 29136564 52
37709726 1641757 46
37709730 3020014 78
37709731 2567215 33
37709732 18555535 14
37709734 394571 35
37709737 37709738 53
37709739 3638309 68
37709741 810189 23
37709742 3486712 75
37709743 16924098 12
