5020368 1195050 51
10192686 6138385 30
10407040 2514659 60
10407043 10407045 90
11686150 4295684 31
11923685 632938 76
11550097 1938838 81
3417462 2346145 6
13525531 1200898 53
11331250 1039338 63
14536083 634980 15
14542478 1039836 47
14940543 14940544 29
8368042 1614932 55
15031532 5482924 82
15135402 2239765 34
4914216 632173 78
15169715 15169717 100
15303789 15303791 69
30495432 1197809 100
30495475 49845 99
30497418 1032891 54
30497435 2238165 90
30497436 1586568 71
30497445 3750272 91
30497446 937086 47
30497457 624967 44
30497581 2234353 21
30497592 808026 15
30497602 296101 90
30497603 48897 6
30497621 1028629 21
30497622 820065 21
30497624 864410 69
30497632 682884 90
30497644 1617185 9
30497889 1574782 3
30499959 620349 90
30499991 1136528 70
30500109 1622846 54
30502036 529327 86
15355766 11766367 12
32811508 28475591 42
31930518 2466977 44
32840623 11775525 100
11331237 2494129 49
32840624 1041473 94
32840627 3367292 95
32840628 9707064 23
32840630 2641159 36
32840633 632149 89
32840634 12205389 2
32840635 22327217 74
32840636 989124 13
32840637 4524705 60
32840638 1038716 74
32840639 864625 32
32840642 504950 99
32840643 504549 38
32840647 1038847 33
32840650 498428 63
32840656 1864155 92
33578651 3321021 73
30466566 781858 75
34381955 624472 49
34472070 1864653 67
34715688 23792947 22
34716390 1773163 30
34717111 15830688 61
3803207 4050367 10
34717988 1193110 100
34720319 1041580 12
34724002 1031854 3
4050363 621433 42
34724662 622841 30
34724664 1195106 85
34783812 12517235 44
35049139 781768 83
35604465 504681 63
35611339 481066 46
35613126 610310 68
35613255 2253537 27
35614105 2831465 90
36460550 306721 19
36529272 623897 5
38030164 663320 39
38030166 1195982 63
4914218 643096 56
38030167 864665 14
38030168 936517 79
38030169 357928 7
38030170 2251581 90
38030171 49769 29
38030172 652909 81
38030174 1037867 28
38030175 2831082 58
38030176 942937 74
38030177 819725 37
38030178 10487523 24
38030179 819745 20
38030180 28479923 82
4914219 3224559 62
38030181 643721 16
38030182 12787101 53
38030183 28474443 61
38030184 49729 95
38030186 781358 28
38030188 49208 83
38030189 22439824 72
38030191 1198603 50
38030192 4978449 35
38030193 25393566 65
38030194 12643870 48
38030196 23798352 91
38030197 819736 3
38030198 2241603 2
38030199 12489730 61
38030201 28475062 40
38030202 12184379 27
38030204 1433935 70
38030205 2514842 28
38030206 643114 35
38030207 1756397 27
38030208 632190 42
38030209 884605 82
38030210 942607 31
38030212 18361046 53
38030213 1039760 27
38030214 640157 53
38030215 1512246 61
38030216 3480708 42
38030217 12439823 21
38030218 7356212 24
38030219 2249914 10
38030220 1656975 49
38030221 2243723 12
38030222 2667586 83
38030223 11972707 62
38030224 3391533 59
38030225 24151967 35
38030226 12703004 6
38030227 817603 50
38030229 15839238 31
38030230 4112418 92
38030231 7983257 13
38030232 2588971 46
38030233 2277589 19
38030234 28480212 46
38030235 2240531 67
38030236 7931662 74
38030237 22435536 64
38030238 1955065 37
38030239 124738 71
38030240 3224573 19
38030241 2250663 33
38030242 22499046 4
38030243 13294226 5
38030244 24319117 71
38030246 630091 45
38030248 628496 39
38030249 620907 60
38030250 619966 45
38030251 1863640 8
38030252 2254891 83
38030253 640310 52
38030254 872034 32
38030255 15128124 83
38030256 1905604 5
38030257 12012496 100
38030258 626373 79
38030259 49074 49
38030260 942274 6
38030261 1696407 53
38030263 661769 77
38030264 1017591 31
38030265 22499378 67
38030266 1587354 11
38030267 2220372 22
38030268 622462 62
38030269 955397 70
38030270 2068710 47
38030271 1200683 76
38030272 505027 96
38030273 640440 91
38030275 1246823 5
38030276 2236498 13
38030277 620006 93
38030278 504745 25
38030279 295776 19
38030280 619886 89
38030281 161180 23
38030283 2277705 61
38030284 23797476 48
38030285 1199292 17
38030286 2237149 3
38030287 22366163 64
38030288 1200303 10
38030289 620266 99
38030290 505601 39
38030291 627262 44
38030292 22414516 25
38030293 160504 95
38030294 12495566 29
38030295 683080 67
38030296 22435502 1
38030297 2427127 21
38030298 1039311 86
38030299 682977 57
38030300 55744 93
38030301 620106 16
38030302 629936 2
38030303 2057802 96
38030304 12146424 20
38030305 626123 86
38030306 628456 14
38030307 621922 38
38030308 355725 20
38030309 22368278 6
38030311 979078 19
38030312 1696206 61
38030313 683024 2
38030314 2253568 62
38030315 1039664 44
38030316 980777 2
38030317 640544 51
38030318 22407968 45
38030319 1028596 2
38030320 22414274 18
38030321 626024 91
38030322 636241 73
38030323 634669 93
38030324 2831815 32
38030325 526209 100
38030326 2253943 65
38030327 1192916 29
38030328 2074869 73
38030330 160912 63
38030331 406472 23
38030332 22438085 56
38030333 1900306 26
38030334 1037961 76
38030335 2253902 94
38030336 355459 90
38030337 504655 66
38030338 12147979 16
38030339 1194838 18
38030340 49398 42
38030341 2831591 65
38030342 638892 61
38030343 22463764 1
38030344 661483 24
38030345 937117 46
38030346 622528 21
38030347 12155710 38
38030348 12155217 26
38030349 627136 16
38030350 1322434 35
38030351 620847 29
38030353 22411432 68
38030354 1032763 10
38030355 2070545 69
38030356 1030761 60
38030357 504920 40
38030358 406533 85
38030359 1037838 35
38030360 2057647 4
38030361 2427086 15
38030363 626811 33
38030364 3070635 58
38030365 637595 19
38030366 1039254 27
38030367 626638 1
38030368 819879 52
38030369 864341 93
38030370 1586939 47
38030371 2514427 20
38030372 2514548 62
38030373 504143 84
38030374 13383124 64
38030375 632768 27
38030376 633863 74
38030377 2220204 31
38030379 682568 46
38030380 1198038 36
38030381 1773211 84
38030382 884625 52
38030384 1199387 35
38030385 1253605 48
38030386 11913481 92
38030387 1017164 89
38030388 504772 4
38030390 22461702 72
38030391 621389 35
38030392 2074259 98
38030393 2240236 40
38030394 880816 5
38030395 355431 2
38030396 627179 81
38030397 503068 79
38030398 1038638 13
38030399 503583 65
38030400 884870 47
38030401 627485 86
38030402 627323 17
38030403 892722 81
38030404 661569 8
38030405 1039457 63
38030406 22443252 26
38030407 655474 27
38030408 503741 97
38030409 643271 68
38030411 28479466 85
38030412 355495 14
38030413 2427301 68
38030414 23893949 86
38030415 504446 1
38030416 625975 28
38030417 49233 10
38030418 22443197 55
38030419 2242654 58
38030420 1200258 74
38030421 355639 12
38030422 10366684 15
38030423 1041844 18
38030424 505716 34
38030426 49311 61
38030428 2074637 68
38030429 22445072 78
38030431 633889 41
38030432 2240968 6
38030433 2470338 21
38030434 1301948 23
38030435 622013 11
38030436 864442 52
38030437 942577 36
38030438 636212 5
38030439 1038770 86
38030440 884693 74
38030441 1586833 34
38030442 864310 41
38030443 295499 87
38030444 295852 3
38030445 24211755 99
38030446 864080 63
38030447 1201053 10
38030448 634003 84
38030449 1200365 79
38030451 3317640 85
38030452 980714 51
38030453 2514612 82
38030454 629273 20
38030455 3481110 90
38030456 625772 16
38030457 628168 50
38030458 1038948 13
38030460 49607 20
38030461 623660 2
38030462 629884 69
38030463 661931 45
38030464 22370272 70
38030465 2684408 10
38030466 625028 28
38030467 864726 7
38030468 622597 9
38030469 1704855 64
38030471 23905536 24
38030472 622327 53
38030473 1839668 27
38030474 23797852 10
38030475 2251717 93
38030476 625570 31
38030477 22416505 15
38030478 624398 43
38030479 505521 61
38030480 12984341 71
38030481 1040880 22
38030482 16187789 100
38030483 1403224 37
38030484 1040917 31
38030485 1017622 68
38030486 942195 37
38030487 937343 42
38030488 2253710 36
38030489 622433 56
38030491 1696297 90
38030492 22416062 84
38030493 626180 33
38030494 1041551 91
38030495 1200610 8
38030496 22371857 15
38030497 636118 63
38030498 22468758 51
38030499 1195461 55
38030500 1253428 2
38030501 1044188 18
38030502 661536 73
38030503 2427237 70
38030504 530760 15
38030505 2072058 10
38030506 1041969 21
38030507 1696493 21
38030508 1781871 58
38030509 1038905 53
38030510 622290 51
38030511 872218 99
38030512 1587077 45
38030513 1403268 40
38030514 625939 12
38030515 2240281 56
38030516 2073171 63
38030517 400883 85
38030518 1196027 39
38030519 22353979 54
38030520 2831242 68
38030521 1862362 40
38030522 628421 4
38030523 634055 53
38030524 2727047 7
38030525 621181 51
38030526 1374528 18
38030527 884761 90
38030528 629752 2
38030529 1194871 14
38030530 942750 47
38030531 936534 86
38030532 640363 44
38030533 1038670 45
38030534 864595 9
38030535 1196355 8
38030536 1041944 60
38030537 1200488 74
38030538 637470 44
38030539 504982 3
38030540 1030821 99
38030541 22429372 68
38030542 24060542 60
38030543 1587001 65
38030544 1041907 46
38030545 1194472 52
38030546 622229 45
38030547 628655 44
38030548 1016925 10
38030549 22372208 25
38030550 642958 44
38030551 24241279 36
38030552 22499526 47
38030553 13262105 47
38030554 627655 41
38030555 633044 34
38030556 1195001 66
38030557 638438 86
38030558 22351604 75
38030559 1011675 77
38030560 1033142 27
38030561 626285 30
38030563 23789830 60
38030564 11689573 48
38030565 628069 98
38030566 626683 70
38030567 504877 100
38030568 22452526 75
38030569 884659 49
38030570 652848 33
38030571 1038170 96
38030572 643056 13
38030573 11775381 28
38030574 637710 99
38030575 161276 59
38030576 1038740 92
38030577 11686804 89
38030578 869398 22
38030579 505460 5
38030580 626212 64
38030581 919920 17
38030582 622629 67
38030583 884725 41
38030584 661602 12
38030585 682714 73
38030586 2241797 62
38030587 608098 53
38030588 2238968 72
38030589 937224 83
38030590 643633 7
38030591 638485 9
38030592 505165 8
38030593 638022 72
38030594 2069583 61
38030595 23793832 3
38030596 22443436 38
38030597 1199859 20
38030598 1038980 54
38030601 629906 76
38030602 11690294 34
38030603 22409689 43
38030604 161082 97
38030605 1773247 89
38030606 503447 71
38030607 383085 45
38030608 9671789 64
38030609 6269026 93
38030611 1199937 34
38030613 620434 36
38030615 1200873 71
38030616 621312 21
38030618 22331459 9
38030619 1037681 38
38030620 621986 65
38030621 2253772 30
38030622 1840116 33
38030624 1586873 10
38030625 12747195 98
38030626 2220400 60
38030628 400576 18
38030630 640628 29
38030632 2240505 24
38030634 1586729 14
38030635 12488071 7
38030636 1041612 58
38030638 13304572 86
38030639 160833 82
38030640 12650847 72
38030641 864693 23
38030642 628286 51
38030643 942911 58
38030644 620376 39
38030645 1245173 37
38030647 400751 77
38030649 1042578 65
38030651 22355459 42
38030652 1199232 40
38030655 1033081 24
38030657 1893389 54
38030659 22331017 48
38030661 122875 33
38030662 643482 73
38030663 625890 37
38030664 626336 86
38030665 1200743 29
38030666 623633 23
38030668 160544 67
38030670 2253309 40
38030671 382952 21
38030672 880644 68
38030674 23792930 44
38030677 1605046 45
38030678 272797 37
38030679 49001 11
38030680 655365 29
38030681 643171 56
38030682 1545408 61
38030683 1194725 81
38030684 2220256 2
38030685 1194294 94
38030686 1017563 54
38030687 643021 22
38030688 1889433 53
38030689 161237 42
38030690 12508092 35
38030692 621477 92
38030693 1200434 66
38030694 626936 4
38030695 22499397 50
38030696 1040656 50
38030697 635107 15
38030698 622557 99
38030699 1040526 36
38030700 398545 3
38030701 1302221 84
38030702 621144 64
38030703 1195710 32
38030704 22365661 73
38030705 22364957 68
38030706 49357 75
38030707 24258303 36
38030708 122965 71
38030709 160580 92
38030710 1199484 84
38030711 2514580 46
38030712 505780 32
38030713 643584 79
38030714 620077 63
38030715 639090 38
38030716 295627 1
38030717 355539 7
38030718 1359305 11
38030719 627424 33
38030720 48935 11
38030721 22411327 31
38030722 530810 9
38030723 1193141 7
38030724 22364382 38
38030725 23778595 78
38030726 1194595 77
38030727 942508 20
38030728 1039598 42
38030730 13299117 85
38030731 622063 2
38030732 636087 92
38030734 2251455 20
38030735 682396 77
38030736 1037714 27
38030737 1044605 4
38030738 628581 25
38030739 621629 65
38030740 1038136 88
38030741 942159 75
38030742 2220282 78
38030743 1587472 61
38030744 1198851 53
38030745 125072 10
38030746 629852 77
38030747 505683 93
38030748 22434912 28
38030749 2253835 30
38030750 1246893 30
38030751 357889 15
38030752 1839350 88
38030753 2251371 4
38030754 1198357 26
38030755 1200928 24
38030756 22449925 44
38030757 2514520 93
38030758 682854 81
38030759 25367557 69
38030760 1033221 88
38030761 1587561 84
38030762 2184358 24
38030763 637529 61
38030764 1840211 82
38030765 626418 13
38030766 621888 64
38030767 1038521 57
38030768 12272829 47
38030769 1403153 17
38030770 49656 55
38030771 1038820 1
38030772 2373211 11
38030773 22456200 16
38030774 406219 36
38030775 2514687 61
38030776 22348126 60
38030778 624855 31
38030779 627624 25
38030781 2241886 98
38030782 1066697 69
38030783 919971 97
38030784 1012049 4
38030786 666184 57
38030787 400917 68
38030788 22331488 9
38030789 1253490 55
38030790 622715 83
38030791 505558 18
38030792 625084 13
38030793 1194251 79
38030795 624152 23
38030796 628242 93
38030797 161031 75
38030798 1041640 55
38030799 22446509 35
38030800 1040848 69
38030801 1016959 35
38030802 1198567 20
38030803 1696432 16
38030804 620510 70
38030805 622167 3
38030806 15838957 67
38030807 942389 4
38030808 621555 37
38030809 627527 38
38030810 1403194 49
38030811 1194694 98
38030812 22442861 48
38030813 620820 55
38030814 682450 22
38030815 482287 12
38030816 637656 40
38030817 1028510 30
38030818 683121 93
38030819 633936 52
38030820 23797862 24
38030821 1587438 42
38030822 682943 62
38030823 1037888 68
38030825 22423074 46
38030826 643205 77
38030828 639138 28
38030829 626501 47
38030830 2074927 90
38030831 1197971 29
38030832 11699471 91
38030833 2057589 26
38030834 11757946 16
38030835 1587274 35
38030836 622677 2
38030837 634131 39
38030838 1623279 22
38030839 23794507 38
38030841 2074663 39
38030842 48789 30
38030843 22364757 15
38030844 11710874 89
38030845 2831624 22
38030846 2427154 23
38030847 23792131 41
38030848 2277522 10
38030849 626546 47
38030850 2253601 2
38030852 1200461 23
38030853 1241648 12
38030854 505244 40
38030855 22499639 65
38030856 1683151 94
38030857 1039119 30
38030858 637805 79
38030859 22365756 77
38030860 1033113 66
38030861 640074 48
38030862 653042 53
38030863 171972 25
38030864 1241711 86
38030865 643668 24
38030866 1587236 66
38030867 2073014 2
38030869 1193451 36
38030870 2057832 17
38030872 1302071 40
38030873 942460 48
38030874 1199351 16
38030875 1038797 21
38030876 620470 89
38030877 1195747 43
38030878 160444 6
38030879 2234852 36
38030880 400621 42
38030881 1893342 15
38030882 1041992 95
38030883 628856 42
38030884 1193960 8
38030885 1039029 67
38030886 2074954 46
38030887 8418105 7
38030888 623853 82
38030889 1031494 19
38030890 2831207 23
38030891 937180 87
38030892 621800 27
38030893 49147 4
38030894 1301985 89
38030895 1696687 78
38030896 1200793 45
38030897 1194000 10
38030898 1193422 34
38030899 12654967 47
38030900 1616838 99
38030901 863975 60
38030902 503236 76
38030903 12942775 11
38030904 6731624 4
38030906 2220324 46
38030908 503334 87
38030909 22499776 71
38030910 622807 1
38030911 869426 98
38030912 2057714 82
38030913 2253657 16
38030915 1302285 17
38030916 643533 97
38030918 620671 19
38030919 638959 72
38030920 884803 59
38030921 1016776 69
38030922 624443 51
38030923 628006 100
38030924 22464907 35
38030925 22419362 83
38030926 1043685 29
38030927 22330742 55
38030928 657009 2
38030929 22329944 72
38030930 621832 10
38030931 1241830 87
38030932 661740 47
38030933 936625 12
38030934 2067741 21
38030935 627571 96
38030936 1041262 35
38030937 9743540 42
38030938 629061 45
38030939 22343952 97
38030940 1587405 93
38030941 1192841 16
38030942 623800 16
38030943 2067897 52
38030944 1840423 3
38030945 2251417 28
38030946 12276334 43
38030947 1037622 87
38030948 1043560 86
38030949 1194538 58
38030950 1194630 29
38030951 625679 45
38030952 22447189 58
38030953 636370 58
38030954 2240996 25
38030955 1194326 44
38030956 1040598 1
38030957 1241742 64
38030958 530848 10
38030959 22341996 92
38030960 1039228 98
38030961 2427370 56
38030962 9742015 23
38030963 624100 66
38030964 628331 37
38030965 666155 89
38030966 1587105 56
38030967 526177 16
38030968 1039493 82
38030970 4498709 99
38030971 1862448 100
38030972 1302254 39
38030973 636307 1
38030974 819908 8
38030975 1033291 66
38030976 819696 90
38030977 1586971 90
38030978 1863899 59
38030979 1586807 68
38030980 2076706 95
38030981 22499735 4
38030982 643443 81
38030983 124993 60
38030984 503194 80
38030985 2233724 92
38030986 1254098 76
38030987 1017033 11
38030988 1017648 84
38030989 629011 26
38030990 22452569 37
38030991 503709 18
38030992 637495 61
38030993 2067836 58
38030994 629087 62
38030995 1901061 79
38030996 1039367 29
38030997 503781 7
38030998 1696789 51
38030999 620540 46
38031000 406622 50
38031001 1195571 60
38031002 160097 74
38031003 621340 95
38031004 620314 17
38031005 22419075 82
38031006 22435686 77
38031007 1038288 82
38031008 2074843 55
38031009 8700553 88
38031010 621212 59
38031011 942848 76
38031012 22422994 98
38031013 1043462 51
38031014 22329051 27
38031015 22435353 53
38031016 864537 3
38031017 8674700 13
38031018 1039282 42
38031019 1696551 54
38031020 1586678 53
38031021 682806 60
38031022 1033005 66
38031023 2057749 23
38031024 621513 74
38031025 505751 33
38031026 637625 10
38031027 880612 62
38031028 503508 31
38031029 505396 13
38031030 627088 50
38031031 683459 54
38031032 1199683 39
38031033 2427195 82
38031034 10285727 96
38031035 6662822 50
38031036 661687 67
38031037 160963 55
38031038 1818951 41
38031039 627292 32
38031040 1195863 21
38031041 2073094 63
38031042 627383 87
38031043 24033927 55
38031044 6170807 52
38031045 1403122 34
38031046 622135 24
38031047 1016894 61
38031048 1200396 9
38031049 652957 4
38031050 11777282 6
38031052 629780 6
38031053 1066630 50
38031054 955325 72
38031055 505211 52
38031056 628127 57
38031057 634200 7
38031058 1016662 46
38031059 1017536 97
38031060 629179 71
38031061 1039547 24
38031062 12074795 23
38031063 22328322 1
38031064 23794314 83
38031066 682764 44
38031067 23792053 75
38031068 502920 17
38031069 638926 90
38031070 864210 54
38031071 884836 89
38031072 1302041 89
38031073 1041668 75
38031074 355584 18
38031075 627234 16
38031076 627207 10
38031077 1195307 79
38031078 22442488 60
38031079 503810 12
38031080 2251277 64
38031081 383129 10
38031083 124908 13
38031084 49536 8
38031085 1587041 31
38031086 1696237 54
38031087 1586621 83
38031088 637985 17
38031089 8880994 84
38031090 620742 49
38031091 2057410 49
38031092 621955 98
38031093 633296 95
38031095 819951 48
38031096 72059 77
38031097 1786472 80
38031098 1043732 99
38031099 638556 83
38031100 955293 52
38031101 864373 16
38031102 1194141 78
38031103 22420517 63
38031104 1696636 18
38031105 1253520 14
38031106 979105 74
38031107 629159 58
38031109 817193 81
38031110 1038879 21
38031111 1456205 19
38031112 652994 53
38031114 1912079 93
38031115 661641 68
38031116 864108 48
38031117 642923 28
38031118 22376956 36
38031119 640268 65
38031120 22442199 55
38031121 643139 20
38031122 625827 93
38031124 863927 72
38031125 634927 18
38031126 621729 62
38031127 1194570 72
38031128 160661 48
38031129 773909 76
38031130 1031518 21
38031131 1558423 88
38031132 819994 31
38031133 864166 5
38031134 977688 87
38031135 942352 76
38031137 643364 97
38031138 773878 92
38031139 293582 8
38031140 1740366 97
38031141 1039391 4
38031142 1042737 48
38031143 1194759 55
38031144 1145903 31
38031145 1195623 65
38031146 622497 10
38031147 1254125 60
38031148 1145912 14
38031150 622372 30
38031151 2505384 55
38031152 622402 97
38031153 1041385 11
38031154 1889573 1
38031155 638380 23
38031156 791568 82
38031157 791569 33
38031158 620599 11
38031159 869453 94
38031160 812794 91
38031161 1192970 26
38031162 1039795 41
38031163 2505393 41
38031164 505362 78
38031165 1558433 6
38031166 661882 3
38031167 2070864 56
38031168 629993 56
38031169 3634518 83
38031170 526138 6
38031171 864469 92
38031172 666219 93
38031173 1042035 89
38031174 1558451 84
38031175 1039427 49
38031176 682528 87
38031177 1558442 14
38031178 503007 12
38031179 495263 1
38031180 2505412 66
38031181 233679 6
38031182 638248 5
38031183 773897 8
38031184 634420 32
38031185 3165908 72
38031186 2016653 60
38031187 474376 71
38031188 1041711 31
38031189 1198534 53
38031190 2016693 51
38031191 293613 47
38031192 625244 91
38031193 636815 50
38031195 1195539 54
38031196 2427265 24
38031197 626254 72
38031198 639187 71
38031199 1038548 54
38031200 1943814 38
38031201 955514 5
38031202 1617170 7
38031203 3041825 41
38031204 1696330 43
38031205 620976 35
38031206 1043813 78
38031207 624320 81
38031208 1043657 36
38031209 1302342 88
38031210 1581545 85
38031211 1198225 68
38031212 1017453 80
38031213 1581546 68
38031214 1253563 49
38031215 608473 14
38031216 295718 44
38031217 623927 13
38031218 622867 64
38031219 3041812 78
38031220 2253633 84
38031221 3544432 32
38031222 2775338 47
38031223 3890075 17
38031224 629700 37
38031225 3041763 97
38031226 468682 97
38031227 624199 31
38031228 1198067 97
38031229 65271 14
38031230 864247 74
38031231 3165969 7
38031232 1199888 53
38031234 626596 67
38031235 1278133 15
38031236 2074817 2
38031237 1696661 84
38031238 3041728 33
38031240 638855 12
38031241 1200988 56
38031242 1195132 35
38031243 160780 64
38031244 623557 95
38031245 2057614 92
38031246 622098 27
38031247 3778456 24
38031248 2074020 45
38031249 504802 70
38031250 634373 11
38031251 3778457 85
38031252 2530025 30
38031253 3143784 1
38031254 2494144 25
38031255 920004 9
38031256 49108 13
38031257 49576 53
38031258 1194505 29
38031259 628531 98
38031260 1253459 23
38031262 1921568 53
38031263 3439044 12
38031264 639029 37
38031266 1615079 74
38031267 635904 14
5324330 1042013 98
38031268 638165 43
38031269 4014617 41
38031270 2343207 45
38031271 1194217 27
38031272 626451 86
38031273 2074053 63
38031275 2343192 3
38031276 655419 30
38031277 1194954 13
38031278 1786528 6
38031279 955473 98
38031280 293591 1
38031281 812824 39
38031282 1195794 93
38031283 1587139 21
38031284 1301879 30
38031285 505870 91
38031286 628098 96
38031287 1651385 29
38031288 3742028 67
38031289 400833 70
38031291 625314 15
38031292 1041104 100
38031293 635151 74
38031294 1615053 29
38031295 1586648 69
38031296 1041759 70
38031297 1740356 74
38031298 293607 3
38031300 637563 93
38031301 505118 54
38031302 937145 38
38031303 621268 96
38031304 2240661 79
38031305 633071 48
38031306 635024 43
38031308 214089 80
38031310 49461 41
38031311 398327 43
38031312 451455 92
38031313 2897426 18
38031315 504708 60
38031316 1338276 11
38031317 625189 91
38031318 161124 22
38031319 160741 25
38031320 2790395 83
38031321 637684 24
38031323 1696382 84
38031324 937284 94
38031325 406250 60
38031326 640405 10
38031327 936465 81
38031328 1586431 43
38031329 36192 18
38031330 626721 14
38031331 550123 49
38031332 150501 37
38031333 634450 91
38031334 406153 96
38031335 872255 16
38031336 633327 99
38031338 124806 7
38031339 501553 21
38031340 504614 16
38031341 293596 34
38031342 626087 77
38031343 2070711 12
38031344 630043 87
38031345 72609 66
38031346 337874 33
38031347 524458 62
38031348 1042108 57
38031349 1193388 64
38031350 400990 29
38031351 765632 46
38031352 1042713 53
38031353 4281273 89
38031354 1074793 49
38031355 481042 11
38031356 716016 56
38031357 1640790 61
38031358 969879 72
38031359 489566 97
38031360 2152665 85
38031361 1862059 59
38031362 1031817 42
38031364 781887 6
38031365 652686 36
38031367 618951 68
38031368 682609 90
38031369 85849 64
38031370 3041773 33
38031371 609021 81
38031372 400703 29
38031373 293570 5
38031374 1041064 17
38031375 653752 26
38031376 3041807 49
38031377 292819 74
38031378 423470 32
38031380 494083 13
38031381 781648 6
38031382 5834 96
38031383 781673 14
38031384 930899 73
38031385 1041201 67
38031386 1028479 45
38031387 1740359 76
38031388 812783 98
38031389 1547385 42
38031390 640242 84
38031391 3660288 88
38031392 1171987 32
38031393 629033 60
38031394 715988 95
38031395 3764757 13
38031396 1032977 38
38031397 1076955 12
38031398 927494 43
38031399 3649827 73
38031400 650360 27
38031401 715916 52
38031402 625271 99
38031403 412303 68
38031404 1464898 31
38031405 1614917 17
38031406 1474910 14
38031407 152419 69
38031408 529551 49
38031409 156622 23
38031410 900165 91
38031411 781837 53
38031412 293618 15
38031414 3439287 16
38031416 781693 87
38031417 1823619 77
38031418 3941352 84
38031419 1474986 78
38031420 2897410 21
38031421 1012084 41
38031422 1302015 3
38031423 1066663 46
38031424 421403 89
38031425 1466857 55
38031426 622198 77
38031427 481845 55
38031428 933050 74
38031429 742255 49
38031430 3041803 31
38031431 1194438 24
38031432 639228 75
38031433 638992 92
38031434 596823 95
38031435 2154761 56
38031436 932596 17
38031437 2343265 43
38031438 1474943 86
38031439 1274312 63
38031440 3337363 61
38031441 2338172 12
38031442 624512 19
38031443 3779242 1
38031444 337958 31
38031445 1980349 41
38031446 716028 8
38031447 1349301 5
38031448 1442690 87
38031449 451867 69
38031450 2234625 60
38031451 1474919 51
38031452 628036 3
38031453 1696581 21
38031454 2423568 91
38031455 1979644 18
38031456 3041748 36
38031457 880867 25
38031458 1614925 7
38031459 3964772 34
38031460 49499 60
38031461 3618826 17
38031462 874893 22
38031463 1339827 74
38031464 730458 49
38031465 628896 4
38031466 3165977 96
38031467 3367304 48
38031468 661454 66
38031469 1856616 100
38031470 716040 10
38031471 967077 100
38031472 448099 23
38031473 650046 16
38031474 812728 39
38031475 2343172 38
38031476 2343228 68
38031478 2355275 62
38031479 3041993 11
38031480 3040710 5
38031481 3367316 9
38031482 714115 41
38031483 633389 31
38031484 286085 90
38031485 788585 36
38031486 472305 30
38031487 1474956 63
38031488 1239297 6
38031489 973617 35
38031490 622776 13
38031491 3378289 34
38031493 655325 98
38031494 3041744 12
38031495 493155 76
38031496 1044533 66
38031497 451478 13
38031499 1040818 93
38031501 624353 30
38031502 2952913 4
38031503 3440086 31
38031504 1041234 94
38031505 1042542 40
38031507 455892 4
38031508 3038357 14
38031509 337802 88
38031510 1006452 12
38031512 1474947 9
38031515 1043628 52
38031516 1032925 10
38031517 1033053 94
38031518 160624 43
38031519 812813 93
38031520 2679503 28
38031521 3441982 76
38031523 160416 62
38031524 3143791 28
38031525 1195189 34
38031526 1066603 71
38031528 3210148 70
38031529 2341839 88
38031531 3618836 27
38031532 1815887 32
38031534 1199582 93
38031536 1194070 100
38031537 1257862 62
38031539 219637 68
38031540 2343253 33
38031541 2343237 88
38031543 624289 6
38031544 1623966 54
38031545 624073 56
38031546 2219365 85
38031547 2027143 97
38031548 629804 64
38031550 2375043 42
38031551 2866450 74
38031553 1198158 100
38031554 3742021 13
38031555 1034860 2
38031557 157317 71
38031559 1651369 46
38031560 2686085 95
38031561 1740377 59
38031562 495437 13
38031563 636059 19
38031565 1164411 50
38031566 2343282 48
38031567 2464989 40
38031568 3041818 22
38031569 3747317 9
38031570 715973 72
38031571 743622 84
38031572 2183096 79
38031573 1343137 83
38031574 1344415 96
38031575 4020464 99
38031576 1128565 13
38031577 2135344 85
38031578 24044392 69
38031579 496351 80
38031580 11982078 41
38031581 24051471 31
38031582 24333456 95
38031583 22427439 75
38031584 4459758 85
38031585 24064863 30
38031587 24538080 87
38031589 24126098 21
38031590 22375683 68
38031591 415043 82
38031592 4152468 95
38031593 2119913 34
38031594 2355442 36
38031595 142894 22
38031596 2914203 63
38031597 4425675 80
38031598 1116020 67
38031599 24588294 13
38031600 413367 59
38031601 381084 88
38031602 636603 29
38031603 1978809 51
38031604 23873434 89
38031605 24047395 42
38031606 880710 54
38031607 856421 55
38031608 22411281 75
38031609 706476 88
38031610 28474695 54
38031611 1614334 14
38031612 320860 70
38031613 1625920 90
38031614 3839884 1
38031616 10275435 71
38031617 23942567 44
38031618 24041701 62
38031619 24538689 99
38031621 22499596 23
38031622 849578 67
38031623 4337262 34
38031624 28638490 40
38031626 1128374 83
38031627 1975509 56
38031628 1348237 57
38031630 1923568 47
38031631 1158230 17
38031632 28475034 15
38031633 10275817 54
38031634 24020990 2
38031635 9176429 42
38031636 24006944 77
38031638 23809654 35
38031639 3317735 99
38031641 28480366 46
38031642 24043633 90
38031643 5631519 21
38031644 5631525 24
38031645 24065269 47
38031647 1105348 36
38031649 24046839 62
38031650 198393 76
38031651 2568365 57
38031652 2774264 14
38031653 1440514 30
38031654 28475299 15
38031655 1176284 47
38031656 989387 62
38031657 265057 93
38031658 25076086 97
38031659 24065303 83
38031660 706625 16
38031661 1454900 59
38031662 57953 89
38031663 22369367 72
38031664 1235666 62
38031665 2145737 80
38031667 22338930 23
38031668 24041432 90
38031669 596726 55
38031670 22349353 3
38031671 12339508 37
38031672 4202555 86
38031673 2069560 7
38031674 14419442 68
38031675 24056237 82
38031676 503644 41
38031677 25068861 74
38031678 1106712 36
38031679 28479573 35
38031680 24076399 74
38031681 1017511 78
38031682 5181364 7
38031684 13128171 36
38031685 22499462 49
38031687 4966156 59
38031688 23808120 62
38031689 2177073 3
38031691 488315 39
38031692 7733922 73
38031693 2069536 28
38031694 1160861 84
38031695 22330684 58
38031696 12984454 10
38031697 11584708 83
38031698 28479253 79
38031699 10991375 84
38031701 237134 49
38031702 2221165 100
38031704 872185 2
38031706 872099 21
38031707 22440699 88
38031708 1017489 65
38031709 799799 66
38031711 22456225 78
38031712 617381 34
38031714 1362977 9
38031716 1030867 84
38031717 11825991 91
38031720 645635 16
38031721 5575905 52
38031722 628390 62
38031723 1696176 77
38031725 406414 46
38031726 22408007 58
38031727 173975 3
38031728 1931651 31
38031729 2944617 97
38031730 4013169 43
38031732 28517790 34
38031734 1198730 47
38031735 884972 38
38031736 505331 19
38031737 1784104 5
38031738 683166 20
38031739 1194113 78
38031740 1195400 9
38031741 479059 30
38031742 7270772 42
38031743 1122995 39
38031744 884913 46
38031745 1273648 25
38031746 652796 34
38031747 3788968 43
38031748 295682 27
38031749 623465 64
38031750 623490 55
38031751 11848612 40
38031752 22344137 58
38031753 22336037 59
38031754 28479194 93
38031755 636279 44
38031757 2057560 97
38031758 1569037 20
38031759 496860 97
38031760 979620 96
38031761 636336 94
38031762 413521 58
38031763 539731 3
38031764 2480855 77
38031765 1195357 58
38031766 590924 100
38031767 1561844 16
38031769 1475820 77
38031770 2950230 65
38031772 25108476 88
38031773 451658 56
38031774 1157162 22
38031775 1648810 7
38031776 529178 70
38031778 2604032 48
38031779 1889188 33
38031780 3089616 58
38031781 10281520 31
38031783 24675914 16
38031784 797476 52
38031785 3961426 72
38031786 24951515 46
38031787 2001381 32
38031788 3046570 15
38031789 24949243 33
38031790 24947447 46
38031791 24304303 29
38031792 24946581 37
38031793 1574128 15
38031794 5472174 29
38031795 5889161 58
38031796 24948188 38
38031798 1336307 52
38031799 24691944 19
38031800 24956520 22
38031801 15774525 39
38031802 28480205 62
38031803 4390909 85
38031804 24676479 25
38031805 1852698 56
38031806 2273645 75
38031807 799783 61
38031808 963307 84
38031809 323274 99
38031810 2864553 21
38031811 5412529 28
38031812 1114964 93
38031813 24472382 49
38031814 1319346 54
38031815 11097330 32
38031816 1054296 50
38031817 4258873 100
38031818 3843476 76
38031819 2747362 32
38031820 8113634 48
38031821 7414025 96
38031822 13052018 42
38031823 13345323 48
38031824 24921142 13
38031825 22325311 76
38031826 1120099 9
38031827 1984610 72
38031828 4937866 22
38031831 13041368 81
38031832 23962729 82
38031833 934752 86
38031834 24691987 40
38031835 2035945 97
38031836 22424148 35
38031837 28436857 41
38031838 3052269 78
38031839 1916077 2
38031840 28480196 46
38031841 24691998 4
38031842 1134475 8
38031843 12312443 58
38031844 22350188 3
38031845 28475946 6
38031846 1102974 81
38031847 11835324 26
38031848 2503538 22
38031849 28475252 10
38031850 150252 80
38031851 730292 36
38031852 529673 36
38031853 233064 42
38031854 28479251 95
38031855 25193102 39
38031856 12694260 86
38031857 11839002 10
38031858 12658992 12
38031859 10895889 16
38031860 24692034 72
38031861 12644521 68
38031862 12777661 79
38031863 24692054 29
38031864 24004359 58
38031865 3117158 87
38031866 677347 12
38031867 1256741 90
38031868 1213525 82
38031869 9307975 57
38031870 963825 26
38031871 206892 53
38031872 2510773 55
38031874 3749242 48
38031875 963549 67
38031876 14358461 49
38031877 670338 62
38031878 528548 6
38031879 24242901 45
38031880 12146868 53
38031881 512402 19
38031882 964341 8
38031883 470123 22
38031885 9194921 6
38031886 2659272 54
38031887 24605258 28
38031888 24951449 12
38031889 1449152 72
38031890 548167 78
38031891 4305933 51
38031892 3575190 38
38031893 2309926 69
38031894 2808500 38
38031895 1111035 73
38031896 11613169 97
38031897 8921983 82
38031898 788383 36
38031899 323329 54
38031900 8278714 7
38031901 24692133 34
38031902 1976135 51
38031903 2001145 96
38031904 5208961 68
38031905 2443749 6
38031906 15562728 16
38031907 1859877 92
38031908 23808886 6
38031910 2712059 5
38031911 6056614 84
38031912 1050613 97
38031913 3552515 44
38031914 3036607 67
38031915 4190976 18
38031916 2753949 89
38031917 5864393 27
38031918 24949136 46
38031919 317867 64
38031920 1668453 51
38031922 22410208 75
38031923 1176297 24
38031924 11872703 24
38031925 2659957 51
38031926 3576428 92
38031927 8573287 96
38031928 142880 87
38031929 3066152 93
38031930 1128279 37
38031931 11394847 90
38031932 971040 90
38031933 1130224 26
38031934 1938368 68
38031935 1136863 73
38031936 1153630 22
38031937 686356 11
38031938 2811598 78
38031939 22371216 90
38031940 24692201 87
38031942 288419 62
38031943 2201650 65
38031944 434448 76
38031945 4593560 57
38031946 1592065 44
38031947 2949350 32
38031948 24513612 61
38031949 28480371 93
38031950 11813704 38
38031951 724227 100
38031952 12649938 95
38031953 3177857 81
38031954 24692235 59
38031955 11513011 57
38031956 24600990 59
38031957 24158104 11
38031958 2796205 72
38031959 11879428 50
38031960 2726772 14
38031961 24601001 92
38031962 24692247 93
38031963 10288955 59
38031964 11887564 3
38031965 13110451 41
38031966 24692268 38
38031967 6624253 26
38031968 24692278 62
38031969 11757021 3
38031970 1330946 58
38031971 1710577 20
38031972 24692299 50
38031973 1466386 75
38031974 25104785 24
38031975 380834 78
38031976 13371378 16
38031977 2711134 42
38031978 3756027 24
38031979 24947193 99
38031980 3152082 89
38031981 8845407 88
38031982 12605151 49
38031983 2006081 59
38031984 24145015 31
38031985 7280397 9
38031986 24469752 100
38031987 1955252 52
38031988 24950503 26
38031989 3343127 2
38031990 454318 19
38031991 279447 73
38031992 2503961 72
38031994 4751174 48
38031995 24692363 79
38031996 24002720 40
38031997 24609551 32
38031998 25095018 68
38031999 24692375 24
38032000 1590371 88
38032001 23907510 24
38032002 22479118 40
38032003 8911626 8
38032004 12535280 45
38032005 2821915 76
38032006 9195004 5
38032007 3853000 51
38032008 28479541 18
38032009 24692394 89
38032010 2679624 61
38032011 25080407 13
38032012 24117725 30
38032013 10782244 99
38032014 213948 40
38032015 11557541 83
38032016 10291368 56
38032017 24541829 83
38032018 1987171 100
38032019 24946793 27
38032020 6524550 100
38032021 1121532 45
38032022 1661840 32
38032023 1034963 88
38032024 11986224 14
38032025 2796967 93
38032026 11910807 14
38032027 22359065 15
38032028 12705432 79
38032029 4997728 6
38032030 11825694 57
38032031 11776902 28
38032032 2421991 58
38032033 1344735 74
38032035 24491979 31
38032036 1991661 79
38032037 2797275 66
38032038 12527484 86
38032039 5286419 25
38032040 4947646 57
38032041 11918094 15
38032042 218456 53
38032043 24692463 20
38032044 25230869 98
38032045 865880 18
38032046 2358118 60
38032047 24978049 18
38032048 11735575 22
38032049 13048331 32
38032050 3050739 58
38032051 400649 1
38032052 540787 58
38032053 162525 58
38032054 90167 2
38032055 1215202 38
38032056 11776147 47
38032057 11969812 69
38032058 810480 93
38032059 11476771 64
38032060 6814264 73
38032061 12650062 8
38032062 8955721 100
38032063 12777759 33
38032064 8958126 74
38032065 24512579 84
38032066 28475757 39
38032067 24562767 97
38032068 11023602 32
38032069 1337102 44
38032070 24946210 40
38032071 483434 13
38032072 162647 1
38032073 477061 71
38032074 1159775 61
38032075 468999 11
38032076 11914890 100
38032077 2445351 26
38032078 2030742 39
38032079 24972982 38
38032080 2069130 51
38032081 796719 18
38032082 1082714 9
38032083 1546670 85
38032084 494575 74
38032085 11985977 38
38032086 1914702 62
38032087 24541580 13
38032088 2318644 66
38032089 24692549 66
38032090 11885702 88
38032091 571925 96
38032092 1670606 51
38032093 23809871 59
38032094 1138414 63
38032095 701106 68
38032096 534581 57
38032097 3172770 16
38032098 2952077 89
38032099 24141694 85
38032100 24324778 8
38032101 2504233 18
38032102 1979222 41
38032103 1821057 8
38032104 1160274 7
38032105 12275945 26
38032106 14731534 28
38032107 24202924 14
38032108 934753 60
38032109 12276203 98
38032110 11718693 1
38032111 152299 23
38032112 4942787 3
38032113 4312012 51
38032114 24692578 26
38032115 24541805 69
38032116 9740872 63
38032117 2601974 57
38032118 3340269 34
38032119 813335 40
38032120 28437007 32
38032121 22431317 92
38032122 24541891 5
38032123 24692611 81
38032124 24692622 11
38032125 11827202 64
38032126 1975936 80
38032127 2208065 13
38032128 12282947 24
38032129 1238360 79
38032130 24692634 88
38032131 24692646 41
38032132 140003 6
38032134 5044846 49
38032135 1420089 69
38032136 2274654 38
38032137 23818599 25
38032138 24918633 23
38032139 1471603 87
38032140 22331951 46
38032141 24692677 6
38032142 1105296 44
38032143 1507455 45
38032144 12681005 6
38032145 10204128 88
38032146 11947376 98
38032147 6853028 7
38032148 10947608 84
38032149 11825922 31
38032150 1010963 80
38032151 823879 78
38032152 200015 37
38032153 400103 79
38032154 1010970 28
38032155 1335618 22
38032156 2207698 17
38032157 2207581 86
38032158 1148290 2
38032159 1865769 26
38032160 2207527 27
38032161 1335830 99
38032162 3062655 37
38032163 2758558 37
38032164 539721 41
38032165 1227110 60
38032166 2368124 94
38032167 1335714 71
38032168 2207690 57
38032169 420046 30
38032170 1335745 81
38032171 418835 43
38032172 2799907 21
38032173 2207713 82
38032174 418836 21
38032175 1335808 39
38032176 1335702 13
38032177 2368108 67
38032178 599451 83
38032179 1133059 19
38032180 1335565 47
38032181 1335651 70
38032182 1335753 82
38032183 1335788 99
38032184 599472 45
38032185 1335818 63
38032186 599346 58
38032187 599522 27
38032188 1335736 47
38032189 1335691 25
38032190 152387 96
38032191 2207547 30
38032192 1116119 97
38032193 1335536 23
38032194 152388 87
38032195 599516 91
38032196 2207592 3
38032197 722743 95
38032198 2368137 89
38032199 1335644 68
38032200 237114 80
38032201 237115 28
38032202 200459 48
38032203 234139 1
38032204 1833046 45
38032205 716929 8
38032206 1133038 34
38032207 200460 65
38032209 2207558 93
38032210 475467 32
38032211 1335761 79
38032212 2944370 3
38032213 599491 29
38032214 1121098 56
38032215 156575 24
38032216 156576 16
38032217 1504404 32
38032218 722744 1
38032219 599551 40
38032220 2717388 19
38032221 1335611 54
38032222 1335549 40
38032223 599424 55
38032224 599482 55
38032225 599504 61
38032226 2368145 36
38032227 2778420 97
38032228 1335639 90
38032229 2207723 6
38032230 2659171 26
38032231 1335848 29
38032232 3062662 52
38032233 2207686 92
38032234 2368152 68
38032235 2402632 11
38032236 1986618 35
38032237 3359954 27
38032238 3713286 24
38032239 2011949 27
38032240 764815 4
38032241 1981363 48
38032242 24692823 14
38032243 3347439 14
38032244 3092650 73
38032245 2772528 6
38032246 3999050 62
38032247 3618065 14
38032248 3092645 69
38032249 3092622 52
38032250 169484 68
38032251 4144857 88
38032252 483200 63
38032253 483156 99
38032254 471255 9
38032255 169494 83
38032256 3345130 31
38032258 3294409 55
38032259 3434491 99
38032260 3358338 79
38032261 40998 15
38032262 3935627 79
38032263 1260088 50
38032264 24152579 86
38032265 2402640 10
38032266 2149164 37
38032267 4029338 76
38032268 3890973 39
38032269 2778463 79
38032270 3092655 99
38032271 2024815 35
38032272 2789785 48
38032273 846964 12
38032274 3492695 46
38032275 3543851 29
38032276 4126769 31
38032277 3433495 30
38032278 3433669 52
38032279 2659141 65
38032280 600551 23
38032281 2008846 32
38032282 454555 30
38032283 483110 78
38032284 1114988 49
38032285 2008854 41
38032286 3545375 31
38032287 454556 8
38032288 3359947 37
38032290 3347452 5
38032291 3294398 43
38032292 3043841 48
38032293 2341949 71
38032294 1133027 64
38032295 3543861 48
38032296 1986634 98
38032297 3639617 40
38032298 2759971 63
38032299 2788794 32
38032300 1982640 73
38032301 483111 80
38032302 156577 64
38032303 1988280 1
38032304 450444 4
38032305 958472 17
38032306 3812978 65
38032307 958473 52
38032308 450445 19
38032309 450446 40
38032310 483112 62
38032311 2852409 65
38032312 454606 72
38032313 1107339 76
38032314 1276701 45
38032316 1166277 41
38032318 1178245 70
38032320 454607 54
38032321 1273223 26
38032322 1542651 51
38032323 2787777 31
38032324 1660975 45
38032325 229468 66
38032326 1202801 48
38032328 483177 8
38032329 454352 16
38032330 229469 26
38032332 2702016 31
38032333 3276146 54
38032334 3434495 80
38032335 2754619 60
38032336 2855764 33
38032337 600893 41
38032338 454557 69
38032339 1273599 78
38032340 4009899 88
38032341 798829 48
38032342 1945487 69
38032343 2402627 34
38032344 2855754 12
38032345 2463543 52
38032346 2778451 8
38032348 546672 75
38032349 1149514 18
38032350 1114758 44
38032351 1113138 66
38032352 600488 94
38032353 1114759 76
38032354 2778465 75
38032355 3040792 3
38032356 1168998 9
38032357 3464865 37
38032358 453651 78
38032359 285863 51
38032360 453652 11
38032361 1273602 63
38032362 1116392 3
38032363 453653 80
38032364 846015 81
38032365 3466572 74
38032366 2788796 64
38032367 2764521 61
38032368 2758555 89
38032369 1983310 89
38032370 3040776 93
38032371 3753866 90
38032372 3464861 94
38032373 2866240 80
38032374 2463526 6
38032375 1589814 22
38032376 3345102 61
38032377 3092640 6
38032378 471492 45
38032379 1551479 2
38032380 586492 94
38032381 1141312 66
38032382 1141328 9
38032383 3174212 1
38032384 1284086 32
38032385 3142496 20
38032386 523155 23
38032387 2115706 1
38032388 1136789 73
38032389 144106 16
38032390 1279656 83
38032391 1284661 64
38032392 453818 99
38032393 1113978 69
38032394 454259 91
38032395 2649837 41
38032396 1227293 16
38032397 285864 53
38032398 453687 23
38032399 1229396 49
38032400 1281880 80
38032401 1117103 44
38032402 285865 76
38032403 1116623 23
38032404 1284584 6
38032405 3366405 37
38032406 3763376 67
38032407 1137680 15
38032408 1137681 41
38032409 1510459 63
38032410 1141343 14
38032411 1141329 67
38032412 1137682 45
38032413 1473483 50
38032414 1985809 54
38032415 1154340 13
38032416 3562782 17
38032417 131107 40
38032418 131108 37
38032419 131109 88
38032420 417395 23
38032421 486601 67
38032422 131110 67
38032423 1056881 14
38032424 1113741 28
38032425 417396 60
38032426 3805144 13
38032427 454260 84
38032428 454261 100
38032429 1240023 42
38032430 2773310 80
38032431 1156914 90
38032432 3891508 82
38032433 3761287 71
38032434 2008852 28
38032435 2402608 63
38032436 3092657 50
38032437 3734260 91
38032438 2695946 86
38032439 3346085 38
38032440 2756167 7
38032441 3346099 88
38032442 3346107 61
38032443 2341958 60
38032444 1943918 20
38032445 2719339 62
38032446 2105863 32
38032447 1117104 67
38032448 1551184 13
38032449 1117105 82
38032450 2891015 8
38032451 1116624 43
38032452 456036 51
38032453 486602 16
38032454 3569859 36
38032455 3351030 68
38032456 1016739 65
38032457 467745 26
38032458 467427 54
38032459 467646 18
38032460 148394 89
38032461 450333 65
38032462 467593 54
38032463 317816 55
38032464 467647 22
38032465 467685 5
38032466 1943915 63
38032467 2891018 82
38032468 3043849 43
38032469 3849282 6
38032470 1259627 2
38032471 3543869 93
38032472 2758551 75
38032473 1082251 37
38032474 2341977 87
38032475 3767043 87
38032476 1943922 92
38032477 477002 98
38032478 450307 73
38032479 477003 23
38032480 3359942 22
38032481 467501 71
38032482 3579447 11
38032483 3393217 82
38032484 467567 97
38032485 467539 3
38032486 856083 73
38032487 466172 6
38032488 2006458 71
38032489 1107114 76
38032490 600528 84
38032491 1132954 81
38032492 1132955 29
38032493 450308 20
38032494 1473488 49
38032495 4029333 49
38032496 3545394 54
38032497 1168994 25
38032498 2764526 22
38032499 3040789 16
38032500 1264091 31
38032501 3092660 60
38032502 2754563 27
38032503 2726575 41
38032504 3618052 86
38032505 464318 96
38032506 466253 53
38032507 855565 53
38032508 131111 98
38032509 1134890 30
38032510 3092619 44
38032511 486586 75
38032512 486587 60
38032513 417397 41
38032514 3351146 5
38032515 533383 2
38032516 382354 73
38032517 467686 19
38032518 382355 44
38032519 382356 7
38032520 450334 57
38032521 574654 60
38032522 851425 43
38032523 2004735 82
38032524 598761 24
38032525 1124481 54
38032526 844700 70
38032527 2341983 99
38032528 1655202 39
38032529 3309352 10
38032530 844681 79
38032531 2006199 6
38032532 4009903 35
38032533 3040786 82
38032534 1137173 34
38032535 538683 36
38032536 1943903 85
38032537 2136208 95
38032538 4188908 26
38032539 3906760 77
38032540 1258656 99
38032541 317817 58
38032542 317818 39
38032543 2772631 13
38032544 1164250 81
38032545 1655219 32
38032546 844666 45
38032547 1655220 68
38032548 486486 20
38032549 4026497 59
38032550 2889334 65
38032551 3359952 45
38032552 3351138 26
38032553 3359974 73
38032554 2013398 86
38032555 145511 55
38032556 36704 36
38032557 459370 98
38032558 36705 27
38032559 145448 76
38032560 36706 36
38032561 36707 91
38032562 145512 16
38032563 3582183 44
38032564 3579416 19
38032565 3771218 30
38032566 2149168 88
38032567 4111681 41
38032568 3317659 76
38032569 4200464 16
38032570 2004739 78
38032571 3545379 25
38032572 3891518 61
38032573 2341981 85
38032574 481140 75
38032575 1121753 14
38032576 459204 89
38032577 1993268 75
38032578 1121732 54
38032579 1156898 16
38032580 1121733 87
38032581 1156875 98
38032582 459234 42
38032583 2463535 89
38032584 540877 83
38032585 2024811 95
38032586 1539923 44
38032587 2765005 52
38032588 2115071 84
38032589 2765006 64
38032590 24541636 11
38032591 2929146 47
38032592 2754604 62
38032593 3618081 42
38032594 3464857 18
38032595 2889898 81
38032596 1993288 2
38032597 4316589 12
38032598 1121842 73
38032599 1121826 76
38032600 3366420 49
38032601 3142456 65
38032602 2744807 10
38032603 3733414 21
