487145 90392 79
754971 960051 98
5022293 19417 84
2626375 892985 48
5048341 913451 15
5067331 879159 41
5078699 78378 54
5107920 135609 44
5111609 681815 81
2637796 5316 22
2364125 288401 15
2390495 95372 45
71078 95193 79
3571474 910848 15
3193706 1499385 51
2390564 208330 39
2390564 95669 86
5360578 365968 98
5377698 831795 90
140817 441528 28
356703 952805 68
1836180 1711080 89
5494696 349384 52
5546993 825303 82
353974 99525 15
5617719 27490 26
448259 479599 11
5647398 1993475 2
1789096 96048 20
1518638 68704 90
140579 440460 14
106030 341484 95
4833868 1591712 96
2613677 1032757 23
5747456 250412 100
2389758 1002962 66
5794690 965464 99
2537419 221026 64
5887595 237080 87
5911413 21822 21
5915714 66234 81
201799 507859 49
1230960 948594 7
5954835 38139 77
4156098 279522 53
5983809 497615 9
5989747 208027 52
5995576 308723 82
697325 112307 34
6058087 144131 33
76453 272373 15
6097534 161075 84
141062 107099 87
6137966 94444 69
6138854 587499 88
6091434 180223 28
6157482 283107 54
6158184 500438 20
3960584 891661 1
6198435 356560 7
3076638 178258 98
6277776 554140 69
3113962 1073373 43
5190 46760 8
6342952 622061 84
513621 436243 58
6353486 838367 45
6363876 1300557 42
6363876 314344 91
6371442 335325 34
6372031 1256507 60
329703 445276 37
2110960 580907 15
759022 259950 85
6395829 312633 75
6401424 907229 20
6406992 220263 55
6422994 606764 25
6426755 104742 68
6427932 926556 13
6431488 429336 1
6439665 669862 63
2642379 94295 58
4604966 53832 23
6449474 678905 81
591368 196852 50
3455359 692751 91
131345 121957 93
759023 68532 2
6513870 824379 45
6543979 374123 97
6561881 373264 19
171745 231324 51
6572088 1415869 54
176045 64945 27
6603760 1307692 4
1649037 37053 24
1649037 112083 8
1816616 489201 75
1816616 398052 45
6633140 208196 98
6672133 124131 94
6682846 149519 25
2056032 841115 62
1324347 381104 85
161470 328733 17
3219519 875779 72
6719996 1028553 20
329709 676825 56
5233068 136673 90
4123637 320100 48
6864856 95715 17
6870093 65895 79
6870736 289323 17
6876944 312668 32
2895051 299424 4
6896460 662981 85
2525980 43218 63
6917526 30023 73
6925072 93594 100
6950460 276475 25
6976356 248910 65
6859460 2074661 35
3605484 274126 91
7078788 329360 53
2868375 94590 28
7158367 896541 74
2894023 441446 44
7230888 316510 95
1706888 251763 58
7295674 58045 6
7295823 463421 58
7296049 600966 55
7296075 186204 67
2894592 280820 3
7305154 212969 20
7305154 4452101 54
7351564 105526 32
7424106 68705 47
4383432 466343 54
5615898 29728 47
7461609 1589075 86
1543488 409200 5
170279 102919 59
2389576 296280 67
7572583 241678 100
7642646 1568889 49
3413532 70134 51
448340 397529 75
7694497 827715 2
7702238 1692227 77
7736622 123015 99
7782417 3221526 84
448341 900946 81
7807858 401620 33
7837527 174831 78
7837882 1213198 75
142458 27688 45
7848234 696399 91
530491 328638 76
448342 100516 91
7885756 336757 66
7922395 922380 62
7946881 1055057 61
7948324 36767 46
7949865 413231 71
7962504 3924 80
5433871 399701 50
6848479 347716 14
1809457 387273 4
8030031 1851051 46
8080008 310489 60
8082120 366192 3
2587215 699007 47
170280 218115 75
8120379 54865 25
161471 445275 73
508291 201817 97
8167143 21892 99
170088 524701 85
525385 222322 26
8254136 689374 94
170090 356143 51
8277661 102921 85
8284012 97969 37
8318990 897644 38
8361613 204475 18
3193308 173480 39
8387697 99703 96
2625638 11938 28
8435716 715344 72
8443336 669374 90
8486211 122959 55
8510762 99042 33
8517018 170608 54
3249802 1518912 69
4427798 640101 8
8548202 288348 61
8550085 97850 98
8617577 1019594 75
8681534 396955 6
8710473 604376 7
8735609 671095 56
8757554 1005203 1
8758671 270305 11
8776784 548737 93
3890528 43409 52
3756518 202764 60
8887350 157454 42
8893398 686349 23
8896261 715389 33
8931577 808128 17
8938350 393744 73
4211832 18112 16
8970914 410279 21
8972975 312584 72
8984601 224049 94
934541 97775 85
3775547 362570 38
3775547 382051 5
9160471 175677 31
9167425 1772243 31
9235386 51238 37
9281360 424660 35
9326842 1336508 74
9380069 2586929 7
9385323 218719 58
9391408 731514 100
9454191 92465 89
1015269 96105 31
9592916 80423 38
9639904 431947 18
3156985 62882 56
273218 392054 61
9667510 370109 5
9668091 705385 27
1108516 225966 11
9668513 249909 38
722456 537431 84
875054 51588 70
3907696 814807 41
9669041 896486 49
1324194 354986 29
1217701 455474 94
4196746 489053 95
1836679 402829 1
1652048 344643 83
9669780 1124278 13
9669004 946190 28
2159532 224308 8
9670215 132871 48
9670571 2915293 53
724001 322400 11
3279967 361849 60
592965 493381 49
4321653 197487 46
409734 394013 63
9673840 212966 49
9673895 1490912 25
63678 246449 44
12033 35776 12
9674349 502221 19
24892 127330 69
9677626 31171 12
9678069 243994 98
207455 164078 36
446682 288723 42
57903 237079 21
214691 97506 74
932232 65897 49
1246784 271664 85
1246784 179675 94
786702 332286 31
1573531 646550 37
9683075 663437 59
5932972 12343 27
447678 95001 52
172038 531025 27
42153 173390 95
3678278 677176 57
133416 421508 41
1970781 1632 26
129331 415734 53
20992 117483 13
161555 314322 100
3841532 212532 39
381707 862480 86
381707 364373 98
165556 221880 54
1593893 122986 89
1740449 221979 13
449739 23041 92
432709 96161 46
2450155 498040 78
2450155 65977 21
125696 390551 67
125696 409958 96
384460 624440 59
558269 12989 33
3547527 101167 30
134177 345684 71
2304555 257215 59
7481326 288724 68
9693004 341663 3
118302 56927 91
283120 339740 32
339326 109826 75
1609262 188722 53
5070123 297774 13
140945 442556 3
5065106 424751 82
5827229 125483 74
2874513 166350 88
1900 21163 79
75361 92079 10
444928 95589 40
981093 412619 65
1585981 2289607 8
36088 142425 64
139755 72285 25
888414 51523 88
21247 106456 4
844164 345523 9
162975 54063 6
2827 35963 52
581290 397493 83
609883 1347785 79
297277 392429 87
2335485 340343 26
38579 157952 28
162410 512158 34
271262 39080 6
1248519 336049 25
1248519 205013 9
1590409 537970 53
236749 340408 31
3050606 1312143 45
584994 180530 22
1671557 174672 91
246113 48009 60
397850 572071 42
1944126 48891 85
9693914 1039364 47
9694052 102296 56
215161 235921 60
116894 376076 55
788154 99782 15
149725 131667 35
239733 257078 15
1015491 423769 25
70984 261456 92
70984 261457 68
173258 429634 73
4015294 72375 19
1925640 496949 18
390821 1001586 20
484411 861050 86
41797 172030 18
141021 443337 61
6554130 485086 30
3102 39056 37
6573426 322841 78
45674 196821 68
9695937 343490 78
1583784 324312 70
6043498 930893 17
9682838 169196 17
9696728 896575 50
9696804 141845 11
56806 99519 16
3187881 63456 42
7855197 757890 79
20287 96045 33
1092145 242882 95
138749 432738 71
9699014 1159025 73
38848 158658 51
1481367 55532 45
37662 152827 72
356279 213789 81
65952 253463 77
253387 360991 5
42102 91514 57
42102 173145 50
1549578 204474 60
9700498 38791 19
110281 354945 81
8292734 39812 55
268760 179708 97
236703 228617 59
6133428 992887 53
141327 363449 42
2968682 580700 65
2968682 95633 86
120708 327613 9
9702233 447165 42
688691 35923 62
1715948 94102 62
532881 143932 79
3887630 139280 55
9703569 51086 53
9703838 427801 33
4889742 98553 74
50923 215408 90
2353301 299547 62
750486 627205 4
6097 55341 99
6282012 29136 33
9707676 102228 44
9707689 464927 94
9708768 318509 82
3464959 198583 29
3026899 98092 20
3910573 1007229 41
9666055 324238 69
9709209 109983 74
1536715 580822 15
3370382 325559 67
1536716 123616 90
3938991 715332 37
9711720 456831 58
2187524 47109 23
727282 1308125 42
9712003 506635 13
36121 142625 13
9714097 201816 90
4931773 926937 90
2525960 150170 67
268761 347079 83
2709128 1074272 82
4501677 67340 82
9716199 214574 52
4725435 17123 96
9716305 94382 10
46979 97970 18
3344167 94297 97
281827 444620 17
3051640 945401 15
2390863 397071 27
652446 192830 70
1101521 94691 33
2936485 394679 17
1981487 809104 74
2938613 621887 30
57866 21711 34
57866 236897 15
169989 524343 17
9718956 346628 30
443433 7712 44
9719816 22782 83
6013 55147 76
3082512 2983894 22
3321450 182040 90
1202539 307997 98
1155890 31079 24
159369 163681 91
16922 87288 59
122784 129244 45
9723089 353246 69
9723368 568564 35
122786 328517 91
2716 35266 92
932265 895071 1
932265 364889 45
122787 402706 4
1394356 449957 36
2134875 320566 3
697179 236345 8
1646016 17966 68
1646016 161418 18
9728234 142877 24
9728259 222335 16
9728388 107620 70
135045 424149 43
894998 18936 77
87362 108435 15
930237 293485 50
3444402 333075 85
1050073 613279 70
2122261 637653 66
1562624 100132 32
9733216 28899 47
9733376 824712 6
9735484 55338 41
4560097 681283 83
9735825 52567 1
2413828 107936 35
417060 979077 54
9738204 137997 57
2129052 339256 13
137957 431145 16
9665269 72378 84
9739683 493380 22
9740066 219829 15
4305821 365808 61
189052 67175 50
4029295 160353 26
4386286 371676 24
795723 294437 48
432150 619963 58
7577723 221772 9
9741524 345589 17
71573 263196 99
5002366 104405 43
73584 52283 16
338988 141402 59
1000980 562511 18
2686803 333822 7
967055 674552 17
1707336 1672833 16
22981 124601 94
16977 87580 38
1486031 342403 39
1396568 385817 30
1358476 110915 50
3335820 380489 98
4384777 1255414 51
4025830 98093 22
9756531 2220868 84
726762 1182548 5
255880 110598 51
132283 419472 7
257140 678930 51
731912 623461 11
78069 275969 67
275962 331579 45
96520 72377 28
299198 24603 28
299198 20945 3
1345897 158832 59
41702 99642 19
9806343 196901 9
9840962 900057 12
1530906 1527220 31
2151231 363171 59
195700 251924 68
10033715 665107 13
10084234 152825 35
528687 367176 47
3103 18441 26
13894 77583 14
44256 187200 28
4075219 332063 89
10097213 189374 56
122788 402773 94
4214007 820839 72
10097491 66403 38
9697968 167536 26
2607158 144080 87
727053 98597 99
647082 10348 69
10098800 386860 94
497729 99045 19
10099076 147255 37
4106123 226737 37
3211218 815199 41
1536717 104821 18
10099352 586485 34
2199063 252265 71
1088598 358779 66
2031 21575 20
449008 699190 96
2660856 87869 46
2660856 224633 33
724012 659849 86
132875 324174 17
823769 37974 2
379060 219932 100
4328819 640304 7
7375 60369 64
2218144 1200300 41
187384 278413 5
582472 366894 90
10185321 133242 58
5515675 350157 62
10188742 117204 46
4502768 313967 60
1504004 98990 89
541665 51077 66
2368746 283287 90
1504604 261554 82
541575 986897 53
530283 787402 7
479860 316051 85
1165316 2037249 88
3498627 98709 37
487150 249484 48
527793 446602 60
541576 759564 47
67225 255620 19
487015 238361 79
10263912 690734 18
10263922 353623 12
10263928 328518 50
10263935 1945052 37
10263994 346786 20
1288565 391623 43
154288 487019 4
154289 487030 9
10264151 738834 73
3061872 408163 50
2261048 219663 20
1262758 963990 25
3061873 598805 51
10264192 894475 69
10264202 415953 19
2697335 185098 74
10264267 95329 21
10264292 246448 95
2037303 254360 64
4202626 229220 27
2330861 744438 8
1387112 217597 6
1263059 360932 1
2261070 2539897 19
10264386 425275 69
2981570 396330 35
2981570 717246 1
10264435 899734 71
10264438 343435 17
1387113 225331 42
3899406 432025 95
10264521 258101 45
7359499 2171163 13
487151 236668 50
2036932 14968 37
1387114 1045958 34
2037245 945829 8
3033102 702398 83
10264687 1376934 75
2004828 164742 100
1504780 662034 35
1165708 328876 73
10264696 237021 62
2697336 593435 92
1165615 363805 76
10264727 622095 32
10264776 131128 63
2004829 134877 75
2367766 664779 75
1236255 1442608 18
10264821 63993 92
1236263 341566 8
10265069 22783 99
1387115 416691 96
1058771 812037 66
10265134 20943 7
1162545 331495 8
10265174 449793 59
1162546 320895 10
154290 121910 77
2939013 450768 12
2004830 161357 50
2798254 470118 68
10265291 686718 99
229271 706070 68
10265307 347151 34
10265326 2149862 87
1655903 824428 52
10265362 884908 13
10265379 878208 98
487326 890447 22
3061888 828846 3
1387116 1058141 100
3061874 338944 94
1058772 336760 5
3339054 389303 83
2037985 343987 84
1328821 152942 89
527760 49454 73
1165644 152252 40
229272 706082 25
2034170 173026 25
1165179 1203636 44
2037246 406528 92
10265748 979102 47
3556860 1238824 80
4358003 297987 90
2859137 83127 61
1387117 332575 15
10265817 218785 32
10265939 26882 3
10265943 23656 85
10266041 623551 89
10266051 194632 3
10266067 93598 60
10266074 353351 83
1165318 505113 8
2798295 392220 87
3061875 170727 22
3556764 61752 72
154291 299764 57
2798264 24810 74
2367795 31829 100
1263147 626250 44
10266242 219573 51
1388011 3926 94
1240509 52286 93
3556721 107816 97
10266361 21713 38
10266364 96101 36
487152 147167 38
10266444 23130 75
10266489 201912 71
10266496 202358 49
10266502 34446 88
3033131 488862 28
1920546 142606 41
2036946 512556 65
10266550 344676 69
2798204 192468 39
2486787 215784 23
10266599 40040 39
10357061 242452 36
10377883 1391402 30
154292 83634 41
10402060 473439 71
10405132 201889 35
4202627 135509 66
10408565 970727 88
176050 527199 59
10410154 21817 48
486988 53575 40
62480 244204 49
10188874 86095 9
487402 51073 46
10418091 627753 50
10418847 249770 59
958 14971 12
1499808 252341 65
1721059 295770 1
10669267 744938 35
10671926 758862 35
10100150 102102 67
170092 442764 84
10745303 366761 51
10045264 94965 64
10810355 2373154 43
10843428 1216254 22
10861698 219933 66
3957953 93477 66
10880246 314780 15
10930255 1056326 30
524772 447082 78
524772 543282 43
10949987 1106878 59
4156423 105686 86
11024374 200961 16
11028169 550530 6
9227355 345527 26
11043328 96243 36
1103569 215089 96
11051897 94507 68
524773 218682 34
2120156 1197968 5
541503 119440 91
1230848 949021 61
11079763 394982 51
529813 397230 29
171813 530497 7
11099847 116651 85
11100400 241606 28
1324348 109825 2
1015270 941139 82
3219521 755529 89
11152780 863821 88
11166842 4039 88
11177116 57951 64
759028 662349 69
3082178 2073764 72
2745228 276338 50
11214252 218796 27
8402962 919098 20
11220069 193523 50
11226094 112306 9
11232018 1692887 58
11263949 407823 17
11271692 61429 32
11303847 934707 50
11318203 646974 29
11319912 19581 43
3961022 325059 65
3961022 642563 58
11360749 128705 70
11361057 332902 8
11361057 116902 76
11376691 344394 38
11425627 79956 88
529814 483903 2
329760 895264 42
3373342 1043458 21
329762 667701 18
11458725 670905 16
7940440 673062 92
11498837 322953 41
3646610 51078 69
751147 99399 78
11513955 127329 52
11533900 516836 39
11542170 1406944 6
4049223 142065 97
11607704 257150 23
261763 2862 12
41704 166167 69
141180 333688 17
1103601 827853 57
1816782 145801 37
11637493 51775 98
7424109 34683 57
11667108 92931 14
6581394 121 6
11677730 323375 10
759215 17882 68
2438614 636143 36
11738155 586273 10
3253262 17050 61
8534703 571365 17
142143 53000 9
11807997 1249028 67
3160596 1520094 7
524776 1112481 29
11855878 780040 30
530131 67354 12
11892219 26162 22
11907805 92191 30
1706727 237636 76
11948439 352883 52
11953703 1682993 5
11957223 99944 95
171658 345721 76
11980780 69003 56
4033776 437264 91
11998163 54617 53
12019618 1587870 82
12022062 650682 26
12022280 97128 42
12049840 212932 79
6581403 390789 11
12051252 339069 58
12052279 218355 67
12053449 98721 2
12056334 316696 53
3104837 99584 23
12085139 927245 20
12188778 189092 91
12197834 291421 76
3261470 218292 52
12244648 176652 22
12253580 192777 83
12301865 867138 65
1240545 24514 29
12332294 329061 76
12334090 2088515 56
11720561 18048 37
1262720 382938 45
4111282 354419 68
3801047 550849 90
3801048 452492 31
12354090 156164 90
12360183 149278 15
2487758 329134 72
1957714 1392891 19
12498489 295772 62
12499657 723394 4
2907127 736761 91
3223414 193217 30
2054606 8362 4
12636415 389623 5
12666056 643978 9
448347 2051 56
12695532 137865 19
12708694 19011 67
12726143 962602 57
750459 389370 37
12736706 339827 12
12746007 17880 2
12920218 318147 58
4179 41709 77
750223 393697 78
11720562 45820 28
13003244 1803839 48
3543068 927793 49
13065145 146323 66
13073490 410310 8
13143863 328727 89
894918 248920 70
191854 340670 53
1920560 338368 18
13204187 350302 20
13205020 31536 77
790236 1578153 54
518066 331023 10
6156538 433631 66
13230280 361807 92
67531 255961 58
5668390 540399 20
3674742 237605 43
9716576 337567 13
821453 188506 80
2369636 345618 37
2573075 104232 61
3826185 334392 63
255863 340763 83
232803 55531 95
13257477 249370 90
162134 511545 7
42229 173968 70
446218 288325 4
113388 369947 10
424946 1067505 38
10345297 340922 43
68094 256855 86
13259080 322359 53
4196902 46803 14
41798 172045 87
9689094 1483373 65
13260114 275802 27
13260281 321149 6
3805892 251494 31
791578 653903 59
852285 349910 91
852285 257942 40
173196 36680 20
2271330 355723 20
13261979 52332 74
3150221 329410 18
3108502 144182 73
2550620 924533 69
1536683 340669 68
117076 262318 80
13263444 229972 62
729238 817500 82
9694416 750074 90
13264541 204020 40
4802723 215666 90
1551252 222179 34
13265413 307632 37
13265603 240412 35
1630326 726183 3
10650875 666866 38
4967218 338946 69
4007381 363884 57
31805 133219 26
4132829 1989810 19
57833 236712 12
3215142 64904 75
191857 80046 10
13267397 294887 47
55400 228463 68
13267724 365740 77
9690544 109195 23
2578676 948967 91
2271444 105419 83
213140 345518 16
40302 165498 60
6942025 871652 18
5635177 1183399 9
3674743 1038696 43
127323 19408 2
154294 158573 79
487106 364890 81
13270923 95333 31
2316 23040 56
1632142 96930 72
2126056 335329 43
167401 520888 5
506475 1017697 88
7408 61893 43
37865 154330 70
1171722 388047 48
176054 541679 45
2135170 109691 72
2897694 4072 60
54160 43406 84
441643 142913 78
7935647 39124 22
1109550 917625 99
2263 22931 43
452259 104319 51
452259 880101 91
1453378 32027 10
281877 319586 49
4131709 393842 52
13285027 1308010 20
6502789 142371 12
4947872 194302 45
1068330 132026 85
8075199 891939 53
13287773 628891 60
246469 683285 3
10909305 347973 48
13289616 214371 17
358608 151190 98
1239442 490923 9
2753946 2232401 66
4619494 2812 9
3160089 344422 59
13293005 1001529 67
13293042 428125 40
13293574 316682 83
13293731 1041967 42
13293885 327133 26
13294141 1704852 62
13294784 449796 32
1532314 355631 85
13295315 362393 8
2384912 56882 73
13296835 24217 1
13297163 1496714 61
215648 161393 25
2108429 13925 43
11607706 257150 88
13298653 95424 56
4828049 397100 20
13300359 1271682 6
13300622 98603 100
3550132 567050 90
1163235 347651 20
4501692 2271521 65
13302173 220191 61
1920418 676078 86
3797177 327726 98
13302488 228038 74
13302488 642640 29
3579780 828684 14
13303341 430458 28
722752 20836 22
13304724 21888 87
13304787 42696 67
13304793 629480 9
1646019 261141 15
1057572 394936 88
1374444 1034791 81
4182 41757 16
47016 73867 35
139452 434096 85
13306032 91809 91
4010118 1854441 98
13306837 53603 29
13307319 821099 97
13308009 332420 82
13308037 49394 88
4922292 112149 16
13310843 181308 80
7912589 86385 29
13313807 1587533 7
3698817 493376 31
3959922 347975 95
13315543 213168 39
3580504 166626 59
9127 67560 99
13316315 97705 26
2578534 959793 54
2578534 99842 10
74697 268861 78
220768 36070 21
13320156 671199 52
13320308 764555 72
1646020 326974 69
2077345 17044 65
13320739 215182 56
9673990 1850160 93
1587905 242883 66
6942026 344998 12
257956 51833 77
4827108 1223064 52
13327233 551462 83
541580 6683 94
3330964 831767 54
13335942 77552 55
2878071 393696 87
5321354 905072 97
2660869 50641 88
387185 53374 37
13342202 328783 26
13343935 112084 26
733682 41541 78
4931875 349073 100
10870200 45502 21
10870200 99332 82
430331 1008398 77
478903 401793 100
13366329 82529 16
10039160 848479 75
1255659 72376 93
13373071 796912 22
5130671 48505 9
13377651 51713 25
13378999 506676 46
499829 676040 83
487260 684482 89
13391157 120746 53
2538023 36069 89
185784 119439 59
12588468 102297 25
7468412 904794 32
82083 283934 92
2034208 1247532 72
1241118 257216 61
3361872 678219 24
541669 146428 35
13410782 364584 25
487057 448648 80
484897 435554 24
1201932 1437314 29
1571663 105474 47
1232597 339993 8
13434846 1545564 44
1644180 288720 49
544753 643832 37
13452549 1696406 48
4037362 222730 28
1240337 662158 33
13458209 293086 78
13459691 51649 98
13470747 460796 49
13475045 64299 6
13477598 579809 96
1162548 192886 18
13483477 716151 77
706066 376225 69
13511775 325283 28
1460671 290916 16
4811074 241436 91
487496 1035181 96
13626290 137091 73
13664314 164248 91
13735897 235131 49
13845350 102869 42
13845739 395086 4
4131202 44866 13
13873763 335627 88
14044117 645482 46
256239 314617 41
14206169 534870 23
1103603 47592 46
14283625 658702 11
14301630 280183 12
694979 1274879 60
750637 892094 51
530220 666063 31
530220 107847 65
3113969 110600 25
3571045 59525 59
14328630 707211 43
2621497 193651 69
14343434 520263 52
1959758 98228 32
14351834 862267 95
14358351 423650 27
14368265 296324 42
2333233 929164 62
14370913 188663 66
14380088 102106 60
14408426 312861 71
14419592 1748413 63
14419607 738443 33
14427679 701765 88
3592586 319306 6
14435506 507190 85
14468545 173969 2
14479675 234445 22
14480699 628031 63
14494804 397890 85
14497825 224412 79
14502975 102747 23
14529409 508128 66
14530821 4036 15
14536065 1097955 40
2421135 1740435 32
2037131 201486 65
4624729 408330 86
14592544 718079 38
9152083 341131 70
14606890 106431 66
14621899 427541 38
14637601 677912 86
1230965 261494 39
14655084 880068 75
14658660 91908 96
14693326 75159 52
14707443 668045 91
14710549 156763 8
14722159 162833 11
3083610 220223 70
14737732 299988 96
423196 217005 55
3079159 623223 9
14767064 103163 33
270811 774010 70
5639111 147251 98
14777700 312774 29
3223322 1974030 59
14783542 347813 69
14810791 69002 36
14811393 1256537 39
14811567 580900 70
14811883 1249560 46
14812159 198955 97
14812964 37506 51
14813391 907333 19
7339625 793523 85
14813516 78241 62
14814132 172771 80
14814723 60520 27
14814773 289052 59
14814808 397490 91
14814885 366035 73
14815229 726514 55
14829669 132685 58
14848265 669676 37
2437172 144456 45
14882247 442889 2
4310343 35767 90
14886857 863726 33
14887265 744971 91
14888150 516446 38
12684076 874197 11
14888466 52400 59
14888513 138858 17
253060 530807 4
715666 771648 52
2050437 342727 70
1848416 62354 66
14328 51909 56
9747405 1041232 21
4561582 23770 15
6924772 232511 48
444216 627204 77
372376 973877 62
272362 108246 49
3373430 825897 30
15125907 658706 75
15150717 96767 9
5322261 146672 84
15257461 1541805 35
15274881 313830 33
15286882 461723 51
418903 142624 13
246237 665685 94
1464991 39291 40
2037940 686816 96
646296 94517 81
1162437 890889 21
15311439 378506 66
487463 149071 5
1133128 319354 14
1133128 342944 99
15316409 310696 88
203513 44312 52
1387119 788405 70
1655931 33128 42
15356048 159840 43
15357985 62807 94
1995367 756341 49
487302 307149 73
1387120 86985 84
15398781 330818 9
1288523 128473 5
15420684 1021836 86
702781 82054 38
1920547 1683582 16
1165918 119639 99
2377395 975894 70
2755000 332421 47
487153 17127 37
1165340 17883 53
15456647 166204 99
1460633 660797 54
154298 487161 70
13376087 84797 35
527857 305515 97
3775450 53645 35
1460710 226083 37
1460689 331769 36
1655993 674365 45
1503990 629060 54
15514039 42551 62
529768 582190 6
15582723 72997 9
15606620 93663 96
524697 320378 78
1866649 128474 72
2390583 912793 9
15623486 322954 20
1463116 101382 69
15628639 295704 37
15629464 222178 44
4213334 323468 71
4156107 500014 72
15662021 685966 64
8037515 5460 58
15667793 288036 93
15668348 299142 34
4197073 134384 40
2537440 322104 11
15670015 65040 58
15670022 103323 70
15670755 65259 5
3373338 310851 72
15674928 333205 55
7520763 97670 24
13794771 676938 87
15705886 262005 58
122546 401993 33
1731743 8207 86
11765005 99116 6
129131 52555 30
6294730 261712 2
158743 364369 17
15831075 229559 91
15833586 218186 92
3329905 662482 25
9716756 1765077 5
9231947 381562 35
749190 427351 49
7575409 325206 9
21608073 50033 42
21608960 53641 2
21623217 434201 36
21708001 1684838 74
21775233 2338155 11
21781829 381839 12
21805942 100732 66
22410730 107608 99
791581 312776 46
4132824 200308 68
22485033 1017534 24
22618618 860986 78
1621876 416836 84
4925791 1248774 56
14888516 1754654 10
23665483 97895 36
456673 288304 43
23666467 658705 12
23666652 466843 20
3106513 291632 38
23666716 333567 1
10192111 904630 15
696198 897360 8
23668694 708470 62
197818 594265 30
1485957 164479 17
3160094 960474 61
3860482 296191 40
3969175 707577 37
2528761 440444 46
3083804 572546 98
3775594 177127 48
24397917 725509 88
2332601 337602 96
25408564 1162852 83
25409574 932236 40
25410848 260843 5
25410859 1375350 20
25411750 98994 10
25412096 940277 48
25412171 33783 92
25412631 35778 11
25412631 308367 91
4123553 363125 27
25413046 41911 2
25414257 63740 69
25414432 2509 27
3957954 756942 4
6979993 381140 75
25415260 779204 61
25415814 946529 97
25415820 1409 17
25415914 384366 4
25416285 367588 94
25417741 362026 34
25417741 663835 52
25417773 265993 78
1165942 108491 86
25418329 97572 38
1531091 614686 90
25418719 621829 69
25418813 108470 64
25419233 1189416 61
25419571 1756843 14
15634211 387585 9
25420276 118658 57
25405969 872 39
25421615 395315 86
3660430 103862 91
25422077 1623349 30
25422356 1071066 39
25422403 364887 86
3775622 323170 49
25424306 135338 46
25424585 168670 6
25424733 884273 18
25424880 342138 83
25406140 478443 95
25425560 99249 45
25425681 343396 70
25426013 295422 79
25426686 1104683 44
25426845 98512 19
25427381 288449 100
7948329 37923 73
25430034 38611 35
25430684 320898 3
25430701 20946 16
25431577 215447 85
25432137 893909 92
2867208 43894 67
25434344 1491095 63
4121598 417363 20
413773 339581 30
202690 319357 69
25439623 339675 85
1531606 118561 94
25445749 643581 74
524782 945130 86
4033754 177264 72
25451322 866131 51
25456998 109873 53
25457109 276154 74
25457238 884909 56
2537441 1306724 94
893599 327530 57
25458340 3022089 35
4154609 349251 83
25459384 258043 50
25459389 619437 56
25460212 1141162 49
25460943 158897 66
25460950 186737 94
25461432 554111 38
25461579 722492 32
25462625 633384 36
4156112 179794 19
25614692 96768 90
25923665 231925 74
26197371 128332 1
26388986 160777 28
26405498 76395 39
12588475 31613 54
26621502 38215 52
26637627 1113043 40
14994737 327702 58
26680309 36589 77
26769389 9025 60
26922397 889441 86
4010119 582426 58
27116592 551080 49
2950548 323028 89
27132645 230290 79
27368056 144987 71
27659901 1744875 90
27697298 318471 22
541671 253285 31
1240533 434486 85
541584 953005 8
3062059 164839 37
28184226 336159 85
1162549 90931 99
530284 116901 44
2034218 832043 4
154306 487219 94
702785 96662 36
529816 149569 7
412638 359418 59
1165297 307798 38
1155067 944463 88
3062920 575854 54
2330862 98091 6
154307 487223 54
2004834 1211037 24
1263080 322644 55
2004835 95195 27
154308 487239 74
154309 323169 49
573199 622839 31
1165618 58260 41
1165619 37872 49
1263097 407739 58
1262776 220312 36
2004836 347974 97
171140 527813 59
487261 1165636 80
28199136 743858 11
2367800 354665 56
3351882 240706 92
2037333 608579 65
2037280 41913 93
3061947 54315 40
1165390 892092 40
487289 96823 35
2004837 1650288 10
154310 227576 3
3775821 62250 72
154311 249886 45
2712155 1004742 29
7359500 664571 14
573200 58043 52
28199141 353349 63
28199147 358256 13
203515 610514 57
1263081 152410 73
1165391 1481074 80
1165635 1349521 42
487366 105726 95
487236 907117 55
47362 95332 77
487156 93715 70
2800198 3233285 72
1165392 152377 39
3061948 345893 28
185757 241544 60
527811 363583 3
487464 216468 43
1165401 221258 96
154312 487293 16
1975170 84705 36
3061982 23039 29
2801045 363621 49
7359486 330067 65
527858 132545 3
3845076 363944 36
1165109 322788 52
154313 487304 51
3373677 98662 50
171141 319750 49
1936848 388376 74
28199174 1022859 60
573202 431480 45
487444 161407 58
2036933 416743 81
154314 220614 91
3061889 221631 58
1165180 534666 51
527812 341356 88
28199200 43998 26
1165319 518195 100
487072 818008 64
487018 186757 40
3373678 699854 35
154315 99840 34
154316 487338 82
28199262 659588 87
3061904 54948 27
154317 364030 18
487157 664610 6
487158 213279 60
2037248 2143 51
610524 1348601 25
2037072 849955 93
2037835 895931 60
154318 487359 17
2038052 150039 63
3556885 54561 53
487328 134199 4
3556863 865698 89
487263 1007704 68
487263 1165648 98
2367729 328873 31
154319 435450 36
2036919 519645 34
1236257 1311632 89
541672 954967 99
2330937 1527206 30
3556823 325510 18
1460807 548164 87
28199275 300385 47
2037291 90336 99
1263099 9290 72
1288566 723155 80
1165620 603261 25
1387121 530423 61
28199283 615282 4
2367801 201181 30
3556666 249882 90
2260956 269786 65
28199358 452575 36
2139903 50514 16
1981686 67053 51
1162550 696400 65
28199420 219830 57
2330938 825414 75
1263100 85240 49
1263133 41906 39
3755183 117506 90
2367765 104679 98
706108 93546 40
1387122 189980 99
3755184 338371 34
1262917 1209312 17
28199482 129417 33
2037281 1001334 15
3472621 470736 61
28199491 5849 4
2260957 46497 36
1165154 168953 23
2139920 1397382 84
1262760 265115 43
2034171 651951 77
1165798 179452 83
541585 100475 48
2367767 1258499 79
2228184 95057 91
3556815 662919 58
28199755 7953 57
2367802 860684 74
1263134 35921 80
2367803 689032 54
2800586 884477 5
487058 1165171 99
1165110 758311 11
1165621 9159 90
487237 52568 60
1165181 1566894 37
3556816 329929 82
2367730 1543014 75
527859 146916 11
2367804 474067 95
2800535 213940 10
2367805 83427 5
154320 126764 36
28199767 2503537 33
487238 1165607 20
1165342 293393 16
2004840 335680 50
2800187 118455 42
3556659 165477 55
1503995 530842 67
1165182 1124020 4
28199777 126991 38
3061949 92269 24
3061984 100777 51
1165330 70132 44
3556825 526094 35
487221 299908 15
171143 12454 14
1165183 844222 12
3755194 120831 96
154321 487390 90
28199785 2752351 31
1504789 1624 67
1460690 809780 22
702786 212843 5
1387123 669085 72
3033103 134802 39
3755195 673146 76
1387124 94889 90
1936849 223920 60
487074 249923 61
487445 449296 60
2368719 241637 14
2260851 1718140 15
2330863 296950 61
3339040 764188 3
2859138 390786 45
3062903 322454 65
2261077 171403 81
1504753 405234 93
28199842 365384 8
1975171 110009 1
3775451 185659 63
28199847 237662 70
1504605 627950 81
1387126 1376826 70
702787 346052 69
3556690 14676 14
702788 325648 17
1504797 134292 85
1387127 524067 53
2368501 544163 67
1460635 327566 3
2367806 245126 89
2981578 478469 82
1387128 52042 38
28199954 860610 7
3033155 91963 16
28199960 199475 36
2261030 406859 95
2367731 729910 87
1920537 745998 30
1058774 53549 55
2884931 131815 75
1920548 358958 14
2697288 700073 90
1920525 462525 84
2139904 1407 84
1920526 710127 13
1920515 1004298 78
1162551 300384 15
229273 8614 43
1460692 369671 29
1504606 233430 28
1387129 253564 71
2261032 151818 90
2800200 157103 87
1460636 1303956 24
2368708 144990 4
2331088 102918 97
1460637 676797 73
28200034 96828 60
2330865 355576 14
3061876 622371 67
3472622 271925 19
1387130 103541 85
244853 418567 46
2330955 226288 82
3033104 113302 50
28200043 322226 10
2859139 436624 37
2368738 962580 95
3033105 220615 12
28200081 401152 61
2981466 1063539 63
2330840 185879 45
1387131 344716 63
1504607 505679 76
1387132 503778 38
1387133 192376 31
1230998 702606 58
4083193 8729 27
28200190 332122 64
28200602 214397 19
733392 136877 6
28200606 249617 45
733393 321551 91
2747720 5159 48
2331089 488839 29
2200776 53373 37
1504609 136677 29
1460638 5655 18
1460639 83737 2
28200621 52565 36
3033107 365700 93
28200625 221495 79
2799965 57569 6
733394 367550 68
733395 52666 12
3062891 103377 70
1504610 341181 95
3061877 51593 43
2109832 93320 38
2330964 148382 94
2034115 134679 84
2368422 95098 34
733396 226499 72
541586 441136 3
2981614 236759 29
3373207 287247 19
2334518 55339 1
1165646 350000 44
2139884 758388 20
1387135 673588 46
1655916 1033413 70
2497734 685174 68
1387136 380152 80
541587 567937 35
1981687 306214 97
1464920 669014 35
4022840 432024 71
28207279 348155 91
1387137 392048 79
2037986 255760 25
1464921 151282 39
185758 573216 36
2522957 756255 52
15647743 362732 79
1460640 2150265 23
3472623 868342 49
2037762 52557 94
1387138 644721 90
2330885 18442 48
1162552 481294 15
2497735 867300 4
2981467 431144 91
1464909 94967 40
1165622 336994 2
1165799 263281 53
2334525 103482 76
1262761 163239 35
1165184 910232 28
1348608 160826 31
2334540 316482 50
1504782 22249 64
530285 280773 58
25452762 325408 27
1262882 340477 74
167497 350213 58
2037099 1461288 35
706102 135706 100
229275 305250 43
229276 189212 15
229277 426814 9
1165800 2037887 45
2981572 1681887 64
2330886 738446 21
1504763 96049 32
2037366 214079 19
2037941 391992 62
2037283 429254 62
2697339 126396 40
3373208 321066 50
1165156 54122 61
1920549 1194756 30
14507615 217287 43
706092 325372 40
28214625 85493 56
1165801 17967 65
1165802 1751460 29
1240510 325612 21
1165803 1078924 71
1165804 50963 96
1165805 347780 86
2747721 354137 21
67655 256230 73
3371882 1122102 25
154323 279441 31
154324 487422 2
2330956 323374 46
1936850 1274255 9
1165806 697409 88
874782 611672 35
3472624 1067733 98
154325 295715 94
3845078 120308 96
2800188 320316 35
3775823 922336 23
9630810 109420 36
244705 176899 48
2747711 54104 28
1165807 341740 73
229278 40133 57
1165185 144278 68
487111 100437 3
28230538 1598887 53
3172063 98936 79
487113 362064 63
487113 227465 92
1388017 191023 93
1154933 63648 25
2881917 875192 52
702789 130413 2
41574 171148 48
2037885 36005 5
2368720 47075 95
55625 229281 56
1503975 227346 87
1504764 753179 78
3556826 418040 46
702821 116950 10
1165647 8485 59
1165549 110840 77
706068 895100 69
2004841 2274 70
1504011 649071 39
610525 181262 69
1165132 447907 76
3061985 1217156 47
2798297 316925 53
28271037 598808 80
1263064 206275 58
3061878 864982 6
28199284 312624 7
1165844 163482 72
154326 388900 73
487448 513008 1
28177876 314364 44
541673 815387 99
487378 1165749 45
1920527 126765 44
171146 116478 88
2330923 322952 75
1058776 809731 2
1387139 188490 54
1165808 2032894 26
1504611 349171 45
2004842 634725 95
2109833 75957 74
2037869 346740 62
1262762 54111 51
2037073 391104 82
1464930 234767 33
1165343 193419 83
3557364 101038 38
2367769 98090 27
3062922 2952432 95
28272714 388205 67
2755002 918536 15
1165809 43407 13
4202628 472267 67
1288542 187665 10
3061986 332287 90
171147 527873 4
2939015 100870 62
2367719 23365 50
1288543 132493 25
2140479 536794 34
2139892 124901 20
1288567 769398 28
541589 338860 33
2037975 99900 57
1165694 84218 44
3763756 235022 64
1387140 543792 7
3373180 341033 44
2034174 597428 100
2330842 700008 90
487159 824012 93
2368506 131310 15
1165550 93878 11
487265 1165668 18
2400709 157139 7
1236258 43099 42
2034219 1405 62
3339042 634161 19
702791 551245 72
7359502 224834 27
3373679 168241 59
3351883 105189 63
541590 159431 94
2367807 392746 76
2747722 399383 22
487160 242974 53
2135173 959777 40
2367721 1306132 30
487449 412598 67
2037316 281607 16
4033617 19585 82
541591 12344 38
3062606 341222 84
706122 343225 58
1165111 216932 91
1388018 93661 8
1464992 855621 70
706110 881533 12
1162553 340923 92
573204 4144 37
1236302 35289 64
1236302 119640 90
229280 336073 74
2798265 218113 84
3339056 570638 62
1262763 287828 15
1165850 223258 96
1165133 93817 45
2036948 338945 85
1262903 159430 39
1236259 21196 46
487291 272734 42
203517 610527 88
702792 52000 76
1165134 110789 91
1162554 146349 96
3845079 755999 63
1263135 1354042 80
2034175 217184 10
28279208 141571 8
28279219 60138 90
541675 568648 28
541676 1263137 51
541677 359419 92
3062074 938895 22
2981573 585991 69
3061880 97816 92
487045 510844 63
2747723 39657 3
2262101 71619 7
154327 487466 10
154328 98513 32
3556817 98444 50
2367808 529213 65
1103660 167922 56
2330843 277914 44
7359472 859212 16
2043893 10794 97
527861 142372 62
1165186 1064465 23
1464966 345358 57
530286 186999 43
2368722 92197 95
706140 121059 57
706111 798178 64
541592 22246 49
3371896 348632 88
1262904 220046 22
1165344 43215 50
1165695 980748 25
2036949 736897 3
2037810 21886 58
2334541 649184 31
2034220 41927 62
1154935 871588 54
1162556 775717 63
530287 1240557 48
1162557 140706 95
2034222 341300 29
2037811 272525 13
2036950 77957 45
1162558 218354 94
487222 1034507 46
706141 861615 57
541678 835944 44
1162559 96281 96
1165696 1230470 100
1388019 877186 25
530288 66614 3
487292 434445 66
171778 328941 27
1165810 916096 57
1165136 1031016 38
706069 995996 25
2034176 141925 86
2262046 25768 97
487060 35924 20
1262905 590642 96
1464932 597312 2
2034223 25366 73
28299572 384486 1
28307070 501440 6
8267126 93168 21
5728134 622370 6
5668419 173571 44
5065118 62372 24
28400877 357066 58
28400878 174290 58
28421897 306827 65
28440702 197073 39
28440903 1477987 80
28441397 255883 19
487114 223243 57
3111522 582798 17
28441807 130129 14
28441831 101713 70
4022837 347024 23
28491722 323737 72
28491723 171404 82
3083777 344256 9
28519699 684936 22
28519724 1042785 65
28583068 109139 100
3082046 656743 22
3082046 866701 78
1531937 102870 54
3083253 566228 73
28624667 584285 87
28628802 83208 13
28633964 1262410 32
1356722 147671 46
2120062 27375 85
28738342 506948 32
2112319 550554 45
28994511 51431 79
29003230 1174468 25
29003816 337083 74
2858966 830440 52
29013132 65014 11
29014793 663744 17
29016819 709869 99
29016949 356722 4
29020058 437996 54
2129551 652381 39
29029532 96826 96
29029599 566751 78
29041394 321836 97
9941558 640782 74
8351999 988660 29
2389707 284182 72
15669640 357127 47
29413141 339405 19
29422841 902354 52
1262883 336755 32
29825268 107788 36
1240512 327597 35
3061881 648273 23
29900578 109290 80
29940657 483980 13
2798298 594190 66
2367827 181095 75
1236266 31258 21
2034211 385571 52
2330949 237661 83
541681 428960 36
28199290 398155 29
2037368 96707 52
1240547 333746 19
2798206 12104 4
30319584 378822 27
30320499 1083423 37
30320779 176799 85
8082131 387426 95
3344395 761292 12
6120915 1221850 86
28739771 461456 42
30220093 724972 55
2426962 429253 52
30331171 144485 13
30388608 957323 16
30388614 256675 40
30487193 25363 100
30733538 325747 12
30733961 94643 27
30734053 276691 67
156749 495188 62
30734197 603099 9
30734303 447542 1
30741110 678488 31
30765256 1121857 77
30768727 2863 12
30768728 83348 4
30775579 235512 79
30776211 19009 25
30778293 552824 44
30779919 97345 26
30779920 620876 20
3910237 181901 64
4271188 99947 65
2131314 238997 46
30809701 149069 83
30809762 8077 11
30811553 115031 41
30781212 93167 39
422434 249707 57
13816138 324314 53
30813828 193261 3
30814568 71954 5
15250984 109520 66
30834793 2253099 51
30857748 96481 20
1536437 321148 72
30236451 1689980 65
30986671 1977206 13
1230973 878308 65
31076923 234127 27
31077774 135244 84
4033771 577033 99
2120101 500883 58
750265 329508 50
1232604 124796 54
530503 318470 58
1866653 2317855 63
1230975 312634 27
750467 11337 28
448367 512930 80
31151260 220265 79
3373340 361649 41
31163975 346093 16
524703 1087472 25
31164290 70659 80
31164292 97202 33
31164293 1493210 58
3775550 289063 39
31164298 547990 64
31164300 893990 54
524704 291863 1
2112320 624852 23
524705 86648 24
930873 524081 98
31772088 642954 53
31772850 1057139 26
1133141 651770 78
4483168 1685915 90
5828767 95670 56
3841414 79283 99
32692602 1042429 56
3498818 51648 71
32751130 332981 41
32809426 53246 21
32815173 108414 38
3344396 150685 37
32828924 72602 7
32831924 3862627 48
1959759 106801 90
32858112 342402 45
32915425 109462 47
7520765 218887 25
32935076 94105 71
32935151 324240 73
32935152 51067 54
32935226 104402 18
732544 72775 51
32935298 237960 37
32935437 95426 89
32935644 45018 24
32935648 137823 49
32935673 38479 42
32935711 177174 75
32935797 142164 89
32935854 39645 85
3801060 385928 22
32836939 79987 78
2120063 213166 40
32936081 193147 10
32936239 128212 51
32936404 46219 74
32936734 324498 29
32936772 308708 46
32936883 700276 31
2798316 51647 92
32936979 327305 9
2037878 337267 94
32937898 141974 97
32937958 145765 62
708478 817711 89
32938056 1143615 58
530158 333538 24
32938209 500884 13
32938370 86902 81
32938386 949434 2
32938495 98276 71
32938624 47796 2
32938806 94928 94
3569080 221494 9
32939328 52105 45
32939528 279311 92
32939609 38741 67
32939761 59892 72
32939944 106699 43
32940000 1096074 52
2120066 1262297 94
530159 892906 5
32940377 659758 24
32940404 340924 42
244210 108743 21
32872321 83932 43
1503962 328980 37
1503963 52142 62
32941614 383151 78
171755 7442 63
32942194 145233 36
32942516 322789 92
32942522 1554381 69
32942883 365607 4
484833 56116 19
1464019 334613 54
3417185 894231 34
1230978 1171292 84
32945872 272438 96
32945897 190927 6
32945903 642860 27
32946038 443469 96
62536 227278 59
62536 244706 24
2037981 116343 79
32946161 105377 6
2798302 335394 28
32946590 502873 98
32946699 534084 24
32946764 53112 45
32946949 16633 29
32946985 2684 100
32946991 353764 89
32947016 162976 9
32947045 302325 97
32947332 146221 81
32947465 41133 99
32947969 52444 88
32948226 38064 100
23703002 219893 66
1495614 149106 81
32949692 220554 22
32949784 98089 9
32950025 502180 93
32950116 321688 11
32950207 532555 51
32950894 550312 52
2798209 178408 79
2120067 282560 28
2120068 316790 12
2120069 376072 66
1241083 217490 45
2112322 20889 87
2112323 26376 36
732572 1284530 11
8449565 299643 70
15464581 171917 95
33126344 292725 13
33126422 331652 15
33141125 831387 30
31076955 336128 83
33171970 1300265 57
11041739 160242 48
33250833 146381 81
33251357 355757 49
33251744 985841 25
4033772 115189 63
33327283 17965 84
33474717 628418 53
8953046 1345925 53
33558720 745859 32
38793 99114 68
1165847 505359 56
29363505 347382 37
29363505 663912 46
33830146 200486 60
33830176 1007114 90
33833374 468047 36
34020207 626371 58
34024989 800325 93
34025044 660082 35
34025463 460478 10
3534810 624143 45
2772754 172287 37
2043898 59850 74
2798304 242203 65
2697340 35462 69
2043900 207693 63
3557337 251769 37
2697341 94108 57
2798328 1246245 67
2798330 313635 20
2367816 105860 85
2798224 24216 35
2798225 1738674 75
2798228 92825 7
2798232 668046 72
3371925 664209 12
3371926 507833 21
3371927 160078 31
2697342 96241 82
2697343 660080 96
2798242 743917 89
527815 966077 63
2798333 160736 2
2043905 125276 21
2697344 1708182 43
527823 1075562 66
527824 642557 69
8574144 365103 17
4033671 124626 40
34354073 142496 9
732573 44161 45
34365410 230335 93
244212 732570 82
3749793 223921 74
1653367 216884 67
4811518 146084 42
4827501 757885 99
4927067 124729 92
4927067 76850 49
34433758 1602432 70
1239908 100906 89
34433776 201295 18
28635909 218436 81
34458571 101934 100
31077882 326290 35
2697379 348874 3
13517985 386689 45
3556888 377652 100
2110584 867560 24
34749492 519657 8
34756892 755252 64
34795209 162021 79
34795220 1414569 67
34799674 173058 39
34809789 954925 57
6340268 150245 64
34812550 316575 72
34812551 41921 38
34812551 22874 90
34812552 231557 80
34812591 237269 58
34812596 218110 81
34812600 345000 84
34816302 25886 71
34818110 368368 60
34818156 328671 48
34822131 1492615 55
3186561 102223 35
34824548 86015 73
34825207 63866 10
34826359 391381 61
34826458 289288 75
34827224 339199 84
34828757 17129 78
34829264 176955 63
34830077 120 33
34830551 19043 91
34830564 365970 45
34831024 1291323 5
34831300 238003 45
34831321 1309813 6
34835208 597762 66
34837044 605222 96
34840096 257302 81
25405973 3129832 94
34842775 401242 5
34842921 219709 45
34844417 395173 52
34845288 95296 96
34845442 95476 96
34847420 100677 83
32784950 336924 19
34849885 149960 7
2747647 555460 1
34853848 94288 59
34854333 1143139 5
34854574 462548 20
1561372 323695 34
34855030 394721 40
14592461 90718 32
34932583 230461 95
34963471 824632 67
34963693 93116 49
28441503 346817 44
35021108 536093 79
35024902 633174 10
35025046 1552892 86
35026366 251347 79
529749 736709 2
35064435 225522 14
369502 500046 15
13058360 901831 50
3233871 366605 25
35294073 366605 8
35308113 349126 100
35516115 177173 35
35516118 507794 18
35516129 606580 49
35516139 36067 10
35516153 339342 70
35516175 209977 96
33559145 126598 35
35591915 2063630 26
36021583 1003150 48
36271644 463192 95
36277676 401056 76
36296375 1309447 30
36365107 386066 83
36393563 54016 81
36393564 176700 12
1053908 104743 52
36397853 548188 17
36408136 602274 45
14421735 54730 59
36459815 98036 31
36459815 230037 93
36459863 422956 42
3438358 82654 12
4905334 95802 44
1165948 318824 28
37849443 330512 46
62611 244854 31
244217 306141 50
487504 194270 35
38060640 131582 31
38060641 55337 44
38060642 317138 75
38060643 99837 22
38060644 538635 1
38060645 391907 36
38060646 659233 67
38060647 73818 68
38060648 51715 47
33955837 113657 98
38060649 384674 15
38060650 632026 1
38060651 395314 90
38060652 397038 58
38060653 161229 44
38060654 198605 87
38060655 442056 88
38060656 694634 20
38060657 322259 79
732574 322259 57
38060658 568726 16
38060659 911680 38
38060660 231295 85
38060661 55366 10
38060662 1828419 78
38060663 66148 62
38060665 393646 13
38060666 105327 69
38060667 500617 92
38060668 1326008 32
38060669 342793 100
38060670 2731 64
38060671 640881 73
38060672 228337 69
38060673 92368 9
38060674 534406 2
38060675 297862 60
38060676 339674 84
38060677 342103 32
38060678 735691 93
38060679 101822 73
38060680 1407006 77
38060681 374496 90
38060682 261961 8
38060683 679486 56
38060684 227238 71
38060685 1578154 1
38060686 594761 97
38060687 945110 77
38060688 98273 65
38060689 697908 68
38060690 228371 29
38060691 299346 18
38060692 95005 61
38060693 2502588 46
38060694 223005 28
38060695 219515 4
38060696 320894 79
38060697 305872 74
38060698 78386 71
38060699 131951 20
38060700 360812 91
38060701 515763 57
38060702 530267 94
38060703 50299 22
38060704 94513 88
38060705 345621 35
38060706 728005 42
38060707 55342 93
38060708 479467 35
38060709 21715 65
38060710 274220 55
38060711 99520 59
38060712 600117 94
38060713 682761 78
38060714 996727 56
38060715 687672 89
38060716 49800 19
38060717 106700 89
38060718 759167 28
38060719 359082 25
38060720 225659 77
38060721 358032 35
38060722 898171 78
38060723 924181 39
38060724 670160 45
38060725 343731 31
38060726 218295 83
38060727 220199 16
38060728 901554 57
38060729 345996 61
38060730 218346 83
38060731 779264 64
38060732 234986 39
38060733 240514 44
38060734 340339 81
38060735 451237 64
38060736 660553 74
38060737 275622 26
38060738 341074 11
38060739 85829 51
732575 710237 7
38060740 56515 77
38060741 1321205 34
32823641 924516 98
38060742 134075 73
38060743 77956 43
38060747 97809 61
38060749 131191 69
38060750 186615 64
38060751 1541275 95
38060752 1357519 52
38060753 858317 5
38060755 1102885 94
4270038 376111 15
38060756 879616 6
14684902 632235 32
732576 537055 7
38060757 2213452 56
38060758 831793 11
38060759 312898 84
3416562 595951 57
38060760 248813 31
732555 104318 60
38060761 181952 93
38060761 340407 80
38060762 301148 13
38060763 8901 32
38060764 213162 34
38060765 38601 20
38060766 780203 1
38060767 939247 67
38060769 366445 58
38060770 486774 2
38060771 218184 98
38060772 99466 33
38060773 208129 90
2367716 335602 3
38060774 261896 78
38060775 121061 8
36523513 345201 83
38060744 1154492 19
38060776 1063220 37
38060777 10439 95
38060778 99992 4
36756371 340476 98
38060779 351744 48
38060780 235554 10
38060781 1002550 20
38060782 36140 21
38060783 143678 74
38060785 218351 99
38060786 139461 57
38060787 170566 39
38060788 339341 63
1239266 340094 12
38060789 121432 65
1503957 99638 100
38060790 53775 3
38060791 56614 41
38060793 1404 100
38060794 65893 69
38060795 351240 37
38060796 216717 98
38060797 352882 27
38060798 225329 59
38060799 349477 8
7520773 65063 98
7520773 362465 57
38060800 105228 69
38060801 345518 99
38060802 54271 88
2109950 1286290 65
38060803 213723 55
1981695 312521 28
38060804 1397707 35
38060806 1712563 38
38060807 654 71
38060808 74175 54
38060810 323990 76
3062154 673147 35
38060812 92648 91
38060814 109190 49
38060815 960271 30
38060816 829060 86
38060817 860248 35
38060818 101983 29
38060820 147724 98
38060821 360574 100
38060824 1002443 58
38060825 817374 62
38060825 8902 81
38060826 2346225 86
38060827 659850 92
38060828 1657721 46
38060829 1314486 26
38060832 95422 90
38060833 309048 2
38060834 213281 90
38060836 128078 14
38060837 889402 13
38060838 470029 69
38060839 129066 23
38060840 137513 76
38060841 1031314 94
38060842 224736 14
38060843 376406 52
38060844 352239 49
38060846 324840 1
38060847 470082 10
38060848 251413 14
38060849 110560 3
38060850 1460905 84
1504002 53973 10
38060852 308217 77
38060853 715256 18
38060854 348064 43
38060855 1138528 70
38060856 715417 93
38060857 507278 67
3888809 632268 47
38060858 1595306 91
38060861 301149 26
38060862 947322 79
38060863 758286 4
38060864 730213 99
38060865 660796 23
38060866 1345277 12
38060867 106864 1
38060868 1185496 60
38060870 1104616 81
32857866 1114887 34
38060871 1369480 42
38060873 1662164 14
38060874 2665797 76
38060875 573898 28
38060876 122364 41
38060877 858117 50
38060878 1756752 79
38060879 810324 89
38060880 783503 33
38060881 70879 78
38060882 489772 31
38060884 60164 15
38060885 56780 83
38060887 653 66
38060888 47455 19
38060889 50516 81
38060890 345202 5
38060891 499902 34
38060892 51424 75
38060893 180832 40
38060894 325244 54
38060896 78211 64
38060897 50517 85
38060898 35869 92
38060899 829997 86
38060900 345149 51
38060901 216388 26
38060902 224514 41
5630833 5543 62
4211829 226888 57
38060903 328833 61
38060904 65974 53
38060906 99171 85
38060907 52916 98
38060908 225049 61
38060909 889128 78
38060910 96047 78
38060911 98038 63
38060912 142165 15
38060913 95717 22
38060914 121508 98
38060915 6067 57
38060916 5462 33
38060917 279083 33
38060919 115157 80
38060920 48889 29
38060921 5463 77
38060922 658704 21
38060923 100867 17
38060924 135079 63
38060925 584033 93
38060926 353762 33
38060927 139100 76
38060928 871266 88
38060930 280667 13
38060931 1805702 70
38060932 369352 84
38060933 287360 15
38060934 330627 82
38060935 987526 69
38060936 316792 9
38060937 772185 89
11063424 2319772 31
38060938 2029959 75
38060940 3149163 31
38060941 514634 6
38060942 2463311 84
38060943 1534561 88
38060944 1023317 76
38060944 1754844 25
38060945 658821 49
28198688 655739 65
38060946 2307306 15
38060947 47041 5
38060948 104678 66
38060949 1958369 81
38060950 1008019 32
38060951 440317 55
38060952 1400982 83
38060953 966412 39
38060954 897710 93
38060955 2348164 38
38060956 335396 5
38060957 329031 95
38060958 396559 91
38060959 160655 30
38060960 946121 95
38060961 393563 54
38060962 276394 30
38060963 236431 28
38060964 328585 47
38060965 320962 99
38060966 660211 54
38060967 308695 42
38060968 97378 57
38060971 125325 17
38060972 194339 95
732563 98895 67
38060973 100270 64
38060974 23007 94
38060975 41918 4
38060976 392146 45
38060977 99398 80
38060978 1628 91
38060979 103466 2
38060981 138693 24
38060982 51999 1
38060983 101887 69
38060984 417049 31
38060985 828847 98
38060986 53244 30
38060987 72379 75
38060988 501573 34
38060989 301018 60
38060990 313191 82
38060991 484438 95
38060992 72843 12
38060993 157929 64
38060994 344859 53
38060995 260369 16
38060996 15129 30
38060997 621337 27
38060998 241665 72
33857059 655 26
38060999 323778 20
38061000 146736 44
38061001 35679 20
38061002 226406 34
38061003 102967 5
38061004 90056 1
38061005 129480 58
38061006 577914 98
38061008 96193 82
38061009 99941 17
38061010 23136 48
38061016 91906 34
38061017 2053 63
38061018 12103 32
38061019 31927 43
38061020 25483 30
38061022 27186 13
38061023 273132 93
38061024 10545 56
38061026 13475 64
1503919 189500 19
38061027 28178 49
38061028 201264 100
35574362 32714 83
33646190 97704 82
38061030 316068 9
38061032 385570 73
38061033 140106 63
38061034 181521 70
38061035 136773 44
38061036 771031 6
38061037 101602 57
38061038 58407 30
38061039 770671 14
38061040 102299 93
38061041 332572 17
38061043 93662 35
38061044 207391 22
38061046 52190 62
38061047 444509 53
38061048 507189 80
38061049 10678 73
38061050 10791 35
38061051 93766 96
38061052 2142 92
38061054 387542 56
38061055 102104 32
38061056 722019 99
38061057 613418 53
38061057 843041 85
38061059 93767 18
38061060 672838 55
6751117 104463 26
38061062 101550 26
38061063 100271 76
4154611 937114 24
38061064 1385639 50
38061065 363584 59
38061066 346298 56
38061067 179292 85
38061068 735322 49
38061069 110131 15
38061070 496687 78
38061071 288413 8
38061072 582710 26
38061073 100092 61
38061074 225326 4
38061075 280483 54
38061076 395955 37
34396699 342607 78
34396699 161423 3
38061078 421952 19
38061080 618068 93
38061081 518999 26
38061083 98552 90
38061084 448310 26
3801137 100776 16
1582430 1019628 22
38061085 430138 19
38061086 504439 20
38061087 85521 89
38061088 609362 90
38061089 873005 87
38061092 873260 17
38061093 56307 41
38061094 345922 37
38061095 50953 94
38061095 94516 99
38061096 348443 84
38061097 329359 2
38061099 339475 20
38061100 218798 55
38061101 462591 93
25426218 178829 23
38061102 785989 16
38061103 695071 33
38061110 393192 3
38061111 636958 86
38061113 895997 82
38061114 952930 33
38061115 96397 85
38061116 94448 29
38061118 138390 28
38061120 333751 52
38061121 483228 49
487509 780144 21
38061123 219936 87
38061124 218185 73
10102256 433117 56
38061125 98720 51
38061126 328877 77
3417205 567167 16
38061129 288091 60
38061131 1170136 14
38061132 348387 40
8727178 926560 64
38061134 460589 10
38061135 365530 79
38061140 1119434 49
38061143 132379 17
2626859 554198 39
38061144 992547 62
38061148 34100 67
38061149 48997 68
38061150 1631 41
38061154 295773 86
38061155 54866 67
38061156 943018 4
38061157 782821 63
790239 500751 77
38061158 285669 13
38061164 867339 11
38061165 107619 97
38061166 199398 61
38061168 312632 53
38061169 526134 63
38061170 363063 16
38061171 383856 26
38061172 633843 98
38061173 85612 49
38061174 58289 20
38061175 902030 99
38061176 346487 46
38061178 97000 60
38061179 178532 51
38061182 189168 78
38061184 215785 62
38061185 331732 91
38061186 319648 22
38061187 598755 39
38061188 523510 16
38061190 324638 48
38061191 445642 6
38061192 358901 87
38061195 131950 39
38061196 857513 97
38061197 376170 65
38061198 1420505 40
38061199 63609 95
38061200 220314 65
38061201 415566 56
38061202 400251 91
38061203 641037 20
38061204 467681 3
38061205 671147 20
38061206 912426 65
38061207 21818 74
38061209 276435 85
38061210 40899 65
38061211 457039 44
38061214 43531 40
38061215 457068 29
38061218 225044 23
38061219 40834 70
1503966 633065 18
38061220 9413 62
38061221 24015 16
2867195 27283 16
38061222 746095 31
244709 16409 80
38061223 234211 68
38061224 95060 89
38061226 218290 50
38061227 54731 9
38061228 157491 72
38061229 306906 39
38061230 1546664 28
244219 393256 85
38061231 217838 36
3574952 446952 98
38061234 788576 17
38061235 884019 15
38061236 178785 56
38061237 393743 93
38061238 534577 33
732564 560968 16
38061239 76810 56
12377916 4409 19
38061240 49140 11
38061242 56034 36
38061243 191591 12
1503959 98554 86
38061244 278791 58
38061245 387914 59
38061246 94443 70
34409779 191150 42
732577 191513 81
38061249 141377 82
38061250 141377 98
25417786 803933 95
38061251 912585 89
38061252 336870 70
38061253 898543 78
38061254 407533 98
38061255 251126 90
38061256 338369 39
38061257 41923 68
38061259 333654 60
8271451 392814 57
38061260 671312 58
38061261 52727 76
38061262 149406 75
38061263 72602 62
38061264 154671 65
38061266 96242 29
38061267 643478 4
38061268 180686 44
244220 320224 87
38061269 387985 11
38061270 36989 73
38061271 325536 47
38061272 179104 23
34413972 493094 48
38061273 22251 20
4156120 186974 12
38061274 234586 80
38061275 173634 100
38061276 503642 73
38061277 170839 8
38061278 659430 32
38061279 148624 12
38061280 142067 44
38061281 366035 88
38061282 51522 29
38061283 228408 93
38061284 40952 53
35595831 271299 70
38061285 336761 94
38061286 54586 23
38061287 1188038 87
38061288 111139 34
38061289 54183 31
38061290 701960 72
38061291 342872 93
38061292 1458486 32
38061293 132380 94
38061295 181794 43
38061296 584136 86
38061297 367739 40
38061298 490956 92
38061299 157140 64
10410144 167684 62
38061300 60848 62
38061301 196319 62
732607 332252 26
38061302 391701 56
38061304 72565 25
11441958 140187 51
244221 202362 78
38061305 361305 28
38061307 218119 30
38061308 1147715 90
38061309 232712 85
4033764 639184 22
38061310 900742 37
38061311 249676 43
38061312 278871 59
38061313 673243 82
38061314 678929 30
38061315 584877 92
38061316 348436 59
38061317 954875 46
38061318 549950 9
38061319 98381 98
38061320 334359 25
35582035 1139604 18
38061321 53520 52
38061324 811742 95
38061325 694941 13
38061326 202483 69
38061327 1706710 31
38061330 2356833 92
38061331 351604 40
35607053 115589 24
38061332 334619 55
38061333 649295 59
38061090 205523 6
38061334 99990 41
38061335 913449 57
38061336 861384 8
38061337 1075111 42
38061338 62332 31
38061339 433119 36
