5094153 5094165 23
6008318 6008322 33
6135878 6135885 83
6905954 6905963 61
775364 1560210 65
7029984 7029995 42
7053244 7053261 45
7053244 7053262 32
1073954 1935468 28
2335 23194 9
1967455 2736328 45
7275266 7275275 45
7318555 7318572 58
7331949 7331953 93
7355238 7355246 78
6294367 6294390 9
45206 194494 39
173886 537082 48
173886 537083 26
7822133 7822144 46
7933817 7933830 34
7942489 7942501 95
8004054 8004072 76
8032558 8032569 41
8032558 8032570 73
8066503 8066513 58
8066503 8066514 74
8176828 8176837 87
802686 1594829 94
8393115 8393129 17
8463943 8463949 92
8473606 8473610 32
536559 1254300 95
1833196 2639398 35
8598155 8598161 55
536993 1255865 1
536993 1255866 83
173868 536908 97
173868 536909 42
8774557 8774563 67
136760 427388 39
8879944 8879950 48
8914822 8914830 16
8927633 8927639 5
8928898 8928914 56
8958755 8958768 92
536595 1255289 75
9067284 9067292 94
9139994 9140003 75
9145923 9145937 25
42197 173688 100
42197 173689 6
9238372 9238380 90
4622947 4631980 24
9318353 9318361 15
9349794 9349814 54
9363395 9363403 26
3230626 3680315 75
9466899 9466909 51
1316122 2187078 42
1316122 2187079 36
9503261 9503271 28
9538156 9538163 79
9544246 9544267 19
9544246 9544268 88
9571772 9571780 7
9577303 9577309 71
243025 730735 10
9658118 9658127 54
9659784 9659811 50
9659784 9659812 11
9659784 9659813 71
4622948 4632007 99
9905800 9905810 28
9951061 9951081 73
9951061 9951082 1
10020481 10020487 20
10273666 10273675 70
1627938 2475052 47
1627938 2475053 7
125640 409662 73
10283845 10283855 77
10284263 10284275 17
4622949 4632025 71
10302182 10302191 61
10302182 10302192 63
10306694 10306701 69
4971 45694 26
428732 1072499 4
10316381 10316386 29
10316711 10316718 74
42198 173789 4
10319679 10319691 2
727228 1496682 65
2411414 3099113 17
136893 428059 27
10327932 10327939 90
10328110 10328118 82
10328673 10328688 92
10331319 10331331 72
10333202 10333215 66
10333202 10333216 98
10359276 10359285 9
10359276 10359286 31
10359276 10359287 26
10359494 10359502 50
10362029 10362041 73
2879973 3427912 30
10364522 10364528 55
10367308 10367318 33
10667425 10667431 15
10669517 10669522 61
10686987 10686993 46
10762754 10762760 7
10762754 10762761 39
10779324 10779331 66
10782947 10782953 62
5281271 5281299 61
5281271 5281300 85
10797891 10797897 47
10800269 10800276 41
10803075 10803080 81
2724885 3316247 56
10808792 10808797 39
10809857 10809864 95
10839330 10839335 83
10844923 10844930 67
10844923 10844931 40
10847781 10847787 31
10847850 10847858 21
173870 536970 46
4914868 4914880 24
10869305 10869310 97
10869319 10869325 31
10869338 10869344 35
10869357 10869362 19
10871736 10871745 10
10878565 10878571 52
10889585 10889592 74
10896384 10896389 30
10905259 10905266 22
10907571 10907576 14
10915071 10915077 3
10917541 10917547 25
10925759 10925765 65
56357 232292 18
10934417 10934424 17
10935097 10935102 76
10936107 10936113 62
10936107 10936114 82
165665 519307 79
10948023 10948029 86
10957422 10957428 57
10960402 10960407 71
10960402 10960408 4
10966674 10966679 23
10967072 10967077 91
10968514 10968519 31
10970756 10970761 6
9021887 9021911 40
10973320 10973325 68
10990585 10990591 18
11000724 11000732 81
173871 536983 60
11026952 11026955 12
11027180 11027186 61
11027600 11027607 44
77351 274587 99
11027944 11027949 39
11031138 11031145 24
11035978 11035984 66
11107865 11107871 39
11107954 11107959 26
10982325 10982339 66
11121518 11121527 24
125642 409720 78
11122123 11122128 88
11124519 11124524 97
11124519 11124525 20
11125435 11125447 5
11125435 11125448 75
11126115 11126126 98
11128347 11128356 75
11152878 11152883 99
11157690 11157696 22
11175463 11175469 62
11183466 11183474 85
11201684 11201692 44
11201684 11201693 78
11255674 11255680 30
11258372 11258378 80
429722 1073962 66
11268347 11268352 50
11276611 11276619 44
11277744 11277750 60
11283670 11283675 41
11286561 11286565 65
11300428 11300432 98
11303754 11303761 36
11304951 11304956 5
7941634 7941656 31
11323771 11323778 96
11332976 11332981 53
42199 173821 16
11382129 11382135 12
11391915 11391920 25
11402802 11402807 7
11419290 11419297 93
1254773 2132674 59
11423255 11423261 74
11426342 11426348 94
4013898 4191235 93
11439717 11439723 97
11448035 11448041 100
11453093 11453101 34
11458624 11458633 22
176199 542124 42
176199 542125 61
1073938 1935431 59
272507 776819 4
11492030 11492040 3
11506398 11506404 95
11512281 11512285 71
4378842 4437526 11
11522184 11522190 74
11522204 11522212 29
11522228 11522238 31
11524840 11524845 1
11545802 11545805 2
984075 1827907 75
10982896 10982924 80
10982896 10982925 54
11554654 11554661 14
11554654 11554662 81
9195888 9195936 71
11560039 11560044 27
11565222 11565230 19
11571062 11571068 42
5310026 5310044 28
11581275 11581280 67
11588669 11588674 56
11589502 11589509 16
11589952 11589959 81
11592778 11592784 7
11599786 11599793 45
11600326 11600332 78
11600340 11600345 26
11603491 11603496 71
592246 1326640 70
11655445 11655453 21
11773791 11773797 94
12058538 12058544 100
9352882 9352899 96
9951065 9951112 85
9951065 9951113 40
12264394 12264398 22
12291910 12291917 47
12298161 12298165 24
12311712 12311715 42
11195355 11195367 100
12336882 12336888 8
12336882 12336889 95
5764828 5764840 5
12505283 12505290 15
12688957 12688962 97
12688957 12688963 26
13068989 13068998 10
13068989 13068999 24
13113712 13113720 47
13113712 13113721 65
13165815 13165819 7
13176108 13176113 90
5683030 5683051 33
5683030 5683052 34
3057844 3554083 84
3057844 3554084 46
13197120 13197130 67
3104854 3587841 7
14209841 14209848 13
14213595 14213599 68
14214062 14214064 54
5026051 5026089 99
14215351 14215355 34
14215723 14215727 28
14220269 14220273 53
10964412 10964423 47
10964412 10964424 97
14221980 14221985 3
1671830 2510720 44
14221997 14222001 14
14222008 14222012 20
14222020 14222025 11
14222029 14222035 51
14222047 14222053 38
14222061 14222066 85
14222069 14222074 81
14222069 14222075 24
14222096 14222100 43
14222115 14222119 72
14222122 14222127 78
14222144 14222148 36
14226555 14226560 15
14226555 14226561 67
7268603 7268620 58
14234917 14234921 36
14237853 14237858 24
14239411 14239417 22
14241233 14241237 45
14245102 14245106 6
14245660 14245664 79
14246222 14246225 74
14247898 14247903 40
14249664 14249668 16
14251697 14251701 86
11238398 11238405 97
14252626 14252633 80
14254898 14254904 8
14254898 14254905 87
42200 173843 33
14259055 14259060 85
14260578 14260583 6
14261771 14261775 53
14264924 14264929 29
14266612 14266616 24
11993442 11993454 27
7822157 7822169 40
14274077 14274081 22
14274291 14274296 12
14275481 14275484 11
409836 1046503 45
14279577 14279582 27
14279992 14279995 39
14284360 14284364 55
14358631 14358635 100
8389249 8389286 63
3304623 3729747 33
14218290 14218300 86
14218290 14218301 94
111542 366633 66
14397124 14397131 14
14412125 14412132 69
14414262 14414266 16
14418535 14418540 75
1227565 2106083 56
14424661 14424664 88
14427638 14427643 10
14437800 14437804 53
14439228 14439232 51
14439566 14439571 67
14439566 14439572 69
14441329 14441333 64
14442414 14442417 87
14444342 14444347 88
14458608 14458611 42
14465628 14465631 4
14471991 14471996 98
42201 173861 97
14477994 14478000 8
111732 366986 25
14481116 14481120 77
14481116 14481121 45
14481352 14481358 99
14484891 14484897 85
14485783 14485787 59
14485783 14485788 31
14493146 14493150 82
14500198 14500202 64
14503335 14503340 3
14503335 14503341 16
14504378 14504383 82
14511607 14511613 6
14511607 14511614 31
14516069 14516073 23
14516419 14516423 23
14523938 14523942 91
14525444 14525450 99
14528278 14528282 78
14529464 14529468 83
14529464 14529469 84
14529476 14529481 64
14536531 14536535 50
14537953 14537958 31
14537953 14537959 67
14537969 14537973 34
14551046 14551051 77
14563141 14563147 64
14563141 14563148 24
14568143 14568146 71
14568661 14568666 69
14568661 14568667 19
14576592 14576597 48
14576592 14576598 88
14578606 14578610 47
3028791 3535224 85
3028791 3535225 74
14590679 14590684 93
14590812 14590821 61
14590812 14590822 79
14593724 14593730 53
14595600 14595604 85
14595614 14595619 41
14598291 14598296 54
14601246 14601250 89
14601722 14601728 7
14604179 14604184 23
14590852 14590865 51
14590852 14590866 91
14606151 14606155 36
14607401 14607405 65
14608208 14608213 100
14612893 14612897 87
14613969 14613974 52
14617018 14617022 31
14620534 14620539 78
14622024 14622028 59
14622737 14622742 76
14622737 14622743 20
3104855 3587856 3
14623307 14623311 15
14623752 14623756 82
14623887 14623892 12
14623942 14623946 8
14623942 14623947 8
14624308 14624313 49
14624433 14624437 63
14624591 14624596 38
14624663 14624667 23
14624663 14624668 64
14625835 14625839 21
14626241 14626245 12
14626571 14626576 91
14627178 14627184 65
14627178 14627185 69
14627233 14627238 87
14628843 14628849 95
14629892 14629896 16
14633345 14633351 36
14633345 14633352 62
14590853 14590881 11
14633526 14633533 7
14633526 14633534 71
14637691 14637695 4
14638543 14638546 69
11085579 11085597 64
14641827 14641830 24
14646861 14646865 73
14648991 14648995 79
14650962 14650968 72
14652606 14652610 75
14652623 14652627 23
14659359 14659363 82
14660785 14660789 71
14664196 14664201 22
14665062 14665065 25
136961 428535 95
14677944 14677949 21
14679386 14679390 5
14684653 14684657 72
1348067 2222952 61
14695334 14695339 6
14696418 14696423 33
14696418 14696424 26
14699512 14699516 81
14701391 14701396 30
14701391 14701397 54
14701606 14701611 48
14710800 14710803 99
14711272 14711277 11
3236047 3684954 92
3236047 3684955 94
3236047 3684956 18
14724317 14724321 26
15209950 15209953 24
15217238 15217241 85
15218506 15218509 9
15218709 15218712 23
15218919 15218922 11
15219734 15219737 46
15219947 15219950 67
15219985 15219987 78
15220140 15220143 51
15223801 15223804 76
15224211 15224214 80
15224439 15224443 6
15225831 15225834 30
15231455 15231457 71
15233876 15233880 93
15234090 15234093 64
15237710 15237714 87
15237762 15237765 91
15238872 15238876 71
15246813 15246817 54
15375776 15375781 82
28305670 28305673 88
28305949 28305951 23
28306064 28306067 43
28312558 28312560 5
28366799 28366802 44
28375858 28375861 41
28375865 28375868 6
28375870 28375873 2
28378808 28378810 26
28383701 28383704 77
28421371 28421373 34
28486341 28486342 99
28486411 28486413 52
28486431 28486435 87
28486484 28486487 13
28486517 28486518 65
28486620 28486621 81
28486772 28486773 49
28520613 28520616 24
28520628 28520631 72
28520640 28520641 82
28520820 28520824 47
28520840 28520843 2
28520880 28520882 61
28520918 28520922 35
28520918 28520923 47
28520945 28520948 32
28520977 28520980 22
28520977 28520981 47
28521013 28521017 12
28521045 28521048 44
28521056 28521059 10
28521065 28521068 98
28521065 28521069 70
9102294 9102309 24
28521099 28521102 2
12351546 12351559 58
28521566 28521567 44
28521610 28521613 22
28521628 28521630 47
28521641 28521644 88
28521667 28521668 40
28521685 28521686 33
28521834 28521838 20
28521834 28521839 9
28521854 28521857 60
28521862 28521865 90
28521908 28521911 37
28521920 28521923 66
9139999 9140018 56
28521934 28521937 8
28522004 28522007 90
28522012 28522015 54
9209395 9209405 32
9209395 9209406 25
28522070 28522073 31
14504380 14504396 87
28522435 28522437 65
28522455 28522458 69
28522532 28522535 76
14620554 14620561 64
28522804 28522806 37
15022615 15022633 37
28524161 28524162 8
28524564 28524566 59
28524692 28524695 33
28524811 28524812 74
28524862 28524863 12
28524869 28524871 27
28525091 28525093 100
28525115 28525116 76
28525184 28525186 84
28525195 28525196 5
28525201 28525202 42
28525208 28525209 15
28525308 28525310 88
28525332 28525334 58
28525420 28525422 97
28525468 28525469 29
28525575 28525576 43
28525739 28525740 94
28525779 28525781 66
28525897 28525898 21
28525907 28525909 15
28525929 28525932 21
28526143 28526145 32
28526269 28526272 61
28526344 28526347 27
28526562 28526564 39
28526579 28526582 49
28526793 28526796 79
28526863 28526866 50
1687648 2523664 5
28527016 28527019 95
28527065 28527069 33
28527099 28527102 68
28527106 28527110 62
28527126 28527129 82
28527329 28527333 64
28527346 28527349 81
28527390 28527392 81
28527403 28527405 22
28527430 28527432 6
28527440 28527441 92
775507 1560367 23
6532388 6532395 78
28527578 28527581 49
28527624 28527627 78
28527634 28527636 92
28527634 28527637 92
28527695 28527697 87
28527723 28527724 42
28527735 28527738 72
28527812 28527816 31
28527920 28527923 78
28527950 28527953 37
28527980 28527983 98
28528000 28528004 81
28528445 28528448 79
28528445 28528449 21
28528524 28528526 92
28528624 28528627 83
28528793 28528797 93
28528840 28528842 50
28528856 28528859 72
28528918 28528920 75
28528948 28528950 70
28528962 28528964 61
28529004 28529006 31
28529056 28529058 47
28529071 28529073 51
28529105 28529107 61
28529167 28529169 100
28529193 28529196 45
28529463 28529466 89
28529525 28529528 63
28529531 28529535 71
28529531 28529536 61
28529553 28529556 46
28529553 28529557 8
28529627 28529629 38
28529627 28529630 50
28529832 28529835 67
28530735 28530737 44
28531049 28531051 32
28531100 28531103 84
28531117 28531120 47
28531129 28531132 9
28531135 28531138 61
28531359 28531362 71
28531595 28531598 59
28531626 28531629 13
28531650 28531653 24
28531674 28531677 75
28531689 28531692 75
28531717 28531722 97
28531739 28531743 69
28531787 28531790 74
28531997 28531999 84
28532162 28532165 5
28532174 28532177 40
28532265 28532268 16
28532265 28532269 29
28532265 28532270 60
28532361 28532364 63
28532376 28532380 91
28532406 28532409 29
28532415 28532418 17
28532420 28532422 73
28532450 28532453 50
14616375 14616381 64
28532465 28532468 84
28532481 28532484 36
28532516 28532519 45
28532562 28532566 30
28532643 28532647 40
28532643 28532648 45
28532669 28532672 52
28532786 28532789 18
28533218 28533221 90
28533366 28533369 94
28533406 28533409 45
28527066 28527080 18
28533635 28533639 3
3684998 3980707 29
3684998 3980708 2
28533671 28533673 77
28533700 28533702 47
28533711 28533714 26
28533751 28533753 70
28533760 28533762 97
28533788 28533791 96
28533788 28533792 47
28533807 28533809 91
28533807 28533810 98
28533823 28533825 98
28533840 28533843 57
28533874 28533877 70
28533879 28533882 11
28533884 28533888 55
28533900 28533904 99
28533910 28533913 66
14590854 14590893 54
14590854 14590894 26
28533987 28533991 23
14451128 14451137 57
28534017 28534021 93
28534017 28534022 88
28534038 28534042 18
28534057 28534060 49
28534111 28534114 70
28534141 28534144 68
28534154 28534155 25
28534156 28534158 22
28534200 28534202 100
28534269 28534272 32
28534277 28534280 30
28534301 28534305 40
28534342 28534345 57
28534466 28534469 55
28534501 28534503 76
28534532 28534535 100
28534553 28534556 28
28534574 28534576 29
28534585 28534587 36
28534597 28534599 38
28534607 28534610 37
28534637 28534639 56
28534637 28534640 55
28534662 28534666 38
28534662 28534667 50
28534676 28534679 94
28534877 28534880 37
28534919 28534922 19
28534925 28534928 28
28534934 28534937 67
28534952 28534955 60
28535059 28535062 26
28535065 28535068 81
28535112 28535115 7
28535130 28535134 26
28535141 28535144 80
28535159 28535163 1
28535159 28535164 24
28535173 28535176 61
28535182 28535185 45
11094578 11094588 52
11094578 11094589 42
28535188 28535191 52
28535198 28535201 2
28535204 28535207 54
28535238 28535241 49
28535249 28535252 56
28535255 28535258 53
28535269 28535272 66
28535351 28535352 79
28535561 28535563 8
28535619 28535622 4
28535632 28535638 99
28535684 28535688 18
28535837 28535838 3
28535916 28535917 4
28535948 28535949 36
28536050 28536053 96
28536469 28536473 8
28536852 28536854 100
28536877 28536879 61
28536886 28536888 65
28536916 28536917 19
28537007 28537008 59
28537038 28537040 78
28537038 28537041 32
28537181 28537184 30
28537212 28537213 11
28537329 28537332 54
9613828 9613834 43
1280155 2156913 13
1280155 2156914 20
28537412 28537415 3
28537427 28537430 83
15242224 15242230 29
28537877 28537879 87
11372661 11372671 3
28538120 28538122 77
28538187 28538190 13
28538237 28538240 50
28538369 28538374 26
28538369 28538375 41
28538383 28538386 33
28538486 28538487 8
28538636 28538638 62
28538660 28538664 64
28538688 28538691 42
8774542 8774546 5
28538705 28538708 94
11126121 11126146 10
28538723 28538724 14
28538740 28538741 98
28538767 28538770 96
28538917 28538918 86
28538961 28538963 66
28539258 28539259 49
28539269 28539273 51
28539282 28539284 76
28539303 28539304 35
28539350 28539351 7
28539484 28539485 80
28539544 28539545 24
28539633 28539636 96
28539696 28539697 90
28539801 28539804 59
28539989 28539992 41
28539989 28539993 5
28540154 28540157 22
28534608 28534621 7
28534608 28534622 67
28540184 28540187 9
28540203 28540206 56
10277652 10277666 71
28540255 28540257 80
28540269 28540271 24
28540358 28540361 23
28540378 28540382 30
28540396 28540399 82
28540404 28540407 12
28540663 28540667 61
511680 1206741 71
28541111 28541115 33
28541281 28541284 56
28541315 28541318 24
28541383 28541386 70
28541422 28541424 16
28541631 28541638 62
28541631 28541639 16
28541836 28541837 56
28541973 28541977 4
28542149 28542152 83
28542194 28542198 62
28542240 28542243 86
28542250 28542252 81
28542357 28542358 6
28542366 28542368 91
28542403 28542406 86
28542594 28542595 99
28542597 28542599 46
28542604 28542605 54
28542715 28542717 32
28543025 28543027 100
28543042 28543044 35
28543092 28543095 14
28543180 28543182 15
28543362 28543363 36
28543427 28543428 17
28543461 28543462 68
28543509 28543511 68
28543521 28543523 73
28543557 28543558 11
28543604 28543605 34
28543837 28543838 52
28544026 28544030 23
28544088 28544090 20
28544143 28544145 5
28544208 28544210 4
28544260 28544261 72
28544296 28544297 44
28544407 28544408 74
28544475 28544476 35
28544683 28544684 23
28544870 28544871 94
28544968 28544969 3
28545149 28545150 37
28545152 28545153 5
28545302 28545304 41
28545378 28545380 34
28545471 28545474 77
28545526 28545529 62
28545541 28545544 82
28545556 28545559 56
28545693 28545695 64
28546268 28546270 3
28546332 28546333 68
28546400 28546402 39
28546449 28546450 9
28546469 28546472 85
11223873 11223883 65
11223873 11223884 16
11223873 11223885 47
28546672 28546676 16
28546978 28546979 72
28547292 28547295 2
28547344 28547346 79
28547397 28547398 49
28547411 28547412 44
28547458 28547459 4
28547582 28547583 39
28548198 28548200 7
28548415 28548416 4
28548440 28548441 39
28548466 28548470 52
28548495 28548496 79
28548692 28548694 92
28548871 28548874 37
28549123 28549125 15
28549540 28549543 94
28549754 28549755 21
28549832 28549835 7
28549841 28549844 87
28549923 28549925 82
28549966 28549968 15
28550097 28550099 63
28550120 28550121 61
28550195 28550196 90
28550480 28550484 94
1935456 2710628 13
28551059 28551062 16
12255682 12255715 74
12255682 12255716 33
28551064 28551067 69
28551076 28551079 18
28551088 28551091 74
28551098 28551101 66
11446887 11446897 27
28551114 28551117 61
28551356 28551360 21
28551378 28551381 72
28551403 28551406 39
15242225 15242241 86
28551455 28551458 90
28551489 28551492 62
28551500 28551503 94
28551541 28551542 91
28551543 28551546 23
28551551 28551554 37
28551565 28551568 76
28551569 28551572 20
28551569 28551573 58
28551579 28551582 31
28551600 28551603 36
28551619 28551622 36
28551637 28551640 61
28551649 28551652 24
11355221 11355231 9
28551673 28551676 4
28551682 28551685 14
28551697 28551701 1
28551722 28551725 87
28551742 28551745 74
28552091 28552094 44
28552091 28552095 20
28552204 28552208 50
28552230 28552232 18
28552248 28552250 52
28552270 28552271 99
9929484 9929490 68
28552394 28552397 80
28552413 28552416 14
28552421 28552423 59
28552547 28552550 54
2295854 3013042 33
28552890 28552892 61
28552897 28552901 5
28280087 28280091 47
28552932 28552935 57
28553011 28553012 70
28553151 28553152 18
15688317 15688322 44
28553202 28553206 22
28553223 28553226 86
28553283 28553288 32
28553322 28553326 15
28553606 28553609 98
28553681 28553682 50
28553687 28553691 35
28553687 28553692 23
28553862 28553866 75
28553976 28553979 92
28554156 28554159 37
28554194 28554197 7
28555315 28555318 54
28555393 28555394 40
28556068 28556069 6
28556118 28556121 42
11165775 11165792 22
28556198 28556199 58
28556259 28556261 44
28556500 28556503 74
28556595 28556596 66
28556614 28556615 74
28556707 28556709 31
28302133 28302143 80
28556954 28556959 25
28556954 28556960 24
11487652 11487663 76
28557099 28557100 28
28557637 28557640 15
28558003 28558006 52
28558023 28558026 8
28558023 28558027 25
28558110 28558111 77
28558164 28558167 88
1561744 2421324 19
28558970 28558972 69
28558988 28558991 2
28559237 28559240 77
28559237 28559241 21
28559468 28559470 96
28188294 28188297 40
28559893 28559896 96
28559899 28559901 93
28559917 28559920 76
28559965 28559969 10
28560580 28560581 15
28560719 28560721 2
28560999 28561002 12
28561169 28561171 53
1570656 2429616 38
28561295 28561298 23
28561295 28561299 94
28561313 28561316 66
7066748 7066764 44
28561522 28561525 9
28561662 28561665 19
28561671 28561674 34
28561913 28561916 5
28561948 28561952 20
409899 1046589 10
28562070 28562074 21
28562132 28562135 13
28562132 28562136 74
28562144 28562147 45
10293482 10293500 99
28562401 28562402 53
28562577 28562580 48
28562577 28562581 27
28562615 28562617 61
28562626 28562630 87
28562749 28562750 64
28562761 28562764 72
7920601 7920609 54
28562820 28562822 54
28562855 28562857 71
28562855 28562858 76
28562886 28562889 89
28534725 28534729 21
28562917 28562919 80
28562976 28562979 98
28562996 28562999 30
28563017 28563020 56
28563026 28563030 97
28563044 28563047 96
28563061 28563063 65
28563089 28563091 56
28563138 28563141 88
28563149 28563151 14
28563186 28563188 45
28563225 28563227 99
28563244 28563246 5
28563290 28563292 72
28563307 28563310 65
28563336 28563338 92
14241398 14241411 21
28563384 28563386 7
28563396 28563398 82
28563448 28563450 81
28201074 28201080 40
28563488 28563490 11
28563501 28563503 31
28563530 28563532 18
28563545 28563547 1
28563597 28563599 82
28563610 28563612 64
28563617 28563620 45
28563632 28563634 32
28563786 28563789 49
28563791 28563794 69
3863014 4092892 84
28563814 28563817 29
28563818 28563821 59
28563848 28563851 30
28563853 28563855 89
8116709 8116721 77
28563907 28563909 73
28563913 28563917 76
28563935 28563937 41
28563940 28563943 1
28563985 28563988 2
28564031 28564034 5
28564031 28564035 47
1843343 2648403 25
28564048 28564051 24
14998062 14998067 98
28564064 28564067 68
28564079 28564082 51
28564086 28564089 60
28564096 28564100 85
28564096 28564101 68
28564120 28564123 39
28564125 28564128 91
28564137 28564140 2
28564149 28564152 72
28564163 28564167 2
28564183 28564188 55
28564196 28564199 65
28564205 28564207 48
28564254 28564257 56
28564337 28564339 79
11542003 11542011 5
28564398 28564400 5
10295813 10295825 35
28564526 28564528 68
28558646 28558648 96
15151546 15151549 94
28564720 28564721 7
28564726 28564727 58
28564751 28564752 52
28564857 28564858 82
28565325 28565327 29
28565401 28565402 5
28565451 28565452 40
28565481 28565483 4
28565523 28565524 27
28565531 28565533 33
28565617 28565618 74
28565629 28565631 30
28565746 28565747 86
28565748 28565751 9
28565758 28565761 24
28565793 28565796 71
11176980 11177001 37
28565867 28565870 60
28565955 28565958 95
28565973 28565976 84
610106 1348071 86
13504702 13504712 87
28566034 28566035 30
28566296 28566297 15
28566360 28566363 63
11031974 11031986 44
28566421 28566422 89
28566493 28566496 57
28566506 28566509 18
28566610 28566611 84
28566674 28566677 23
28566763 28566764 90
28566970 28566971 28
28566984 28566986 27
28567010 28567011 69
28567237 28567239 67
10974475 10974501 72
28567398 28567399 91
28567415 28567418 8
28567472 28567476 69
28567483 28567486 17
28567500 28567501 91
28567504 28567505 16
28567564 28567566 68
28567729 28567731 37
28567791 28567794 86
1255322 2132913 1
28568242 28568243 19
28568250 28568253 59
11206355 11206366 54
28568270 28568273 87
420036 1059809 65
28568399 28568402 22
28568719 28568722 38
28568731 28568734 22
28568731 28568735 66
28568810 28568811 50
28568818 28568819 40
28568912 28568915 71
28388167 28388174 2
28569169 28569172 18
28569193 28569196 87
28569301 28569304 32
28569375 28569377 26
28569470 28569471 97
28569924 28569927 76
11426345 11426357 80
28569969 28569972 73
28570118 28570119 97
28570273 28570274 99
28570553 28570554 36
28570683 28570684 67
28555881 28555937 90
28570757 28570758 25
28570831 28570832 100
28570857 28570858 21
28571009 28571010 77
28571123 28571126 7
28571289 28571290 14
28571487 28571488 33
28571658 28571660 80
28571972 28571973 40
28571985 28571986 71
5281295 5281343 67
28572045 28572046 100
28572098 28572100 5
28572125 28572127 5
28572173 28572174 67
28572412 28572413 92
28572488 28572490 9
28572559 28572563 71
28572744 28572745 64
28572834 28572836 92
28572979 28572982 2
28573003 28573004 55
15205579 15205587 60
28573333 28573336 79
28573393 28573394 89
28573455 28573456 78
28573770 28573771 93
28573778 28573779 85
28573966 28573969 28
28574243 28574246 45
28574315 28574316 5
28574326 28574327 41
28574356 28574358 75
28574468 28574472 29
28574530 28574531 60
28574540 28574543 13
28574577 28574579 28
28574637 28574638 99
28574642 28574644 22
28574642 28574645 73
28574701 28574702 4
28574927 28574928 75
28574942 28574945 14
28574966 28574967 27
28575036 28575038 5
28575240 28575241 68
28575405 28575406 19
28575421 28575423 91
28575511 28575512 15
28575676 28575678 72
28575684 28575685 45
28575696 28575697 99
28575782 28575785 68
28575793 28575796 4
28575815 28575816 51
28575838 28575841 12
28575875 28575876 3
28575898 28575899 98
28576107 28576108 86
28576202 28576204 94
28576247 28576248 61
28576310 28576312 78
28576370 28576373 66
28576403 28576406 61
28576613 28576615 54
28576916 28576917 66
28576922 28576923 63
28576926 28576929 27
28576976 28576978 71
28577074 28577075 51
28577212 28577214 71
28577562 28577563 22
28577675 28577676 14
28577715 28577717 42
28577752 28577757 54
28577830 28577832 50
28578058 28578061 38
28578071 28578074 29
28578147 28578150 70
28578171 28578174 87
28578187 28578190 30
28578211 28578215 3
28578223 28578226 16
10942096 10942107 14
28578253 28578256 37
28578277 28578280 23
483393 1160109 60
28578291 28578294 74
15576314 15576320 82
28578302 28578305 93
28578308 28578311 7
28578320 28578324 65
28578333 28578336 50
28578337 28578340 64
28578346 28578349 23
28578346 28578350 92
28578346 28578351 68
15242226 15242252 65
28578363 28578366 68
28578383 28578386 98
28578399 28578402 66
28578404 28578408 97
28578410 28578413 35
28578426 28578429 91
28578431 28578434 18
28578445 28578448 98
6905984 6905996 3
28612034 28612036 75
28619141 28619142 17
28684156 28684158 76
32672539 32672541 96
36705264 36705265 81
38281447 38281448 21
38281449 38281450 70
