4433343 4476523 48
29040198 2729064 75
3066180 3559449 19
3194098 3651430 72
33137822 33137826 73
2513080 324332 36
985544 1832358 35
33251348 5453363 36
15024725 15024738 67
6839692 6839704 40
4482880 4514945 49
34359770 34359771 53
446798 1100559 57
31871725 1283854 3
29039385 29039389 20
2459299 3138256 68
34382968 34382969 98
11438186 5753888 32
34386129 34386135 77
30775148 723445 24
446784 1100510 46
3035410 3540457 2
3079600 3569376 68
12799710 12799748 45
931418 1069321 4
34443196 34443199 11
4172491 4299744 34
34444450 290065 27
8214948 8214964 74
34452982 34452984 57
1978696 2751967 39
1971144 2743057 53
446833 1100674 92
12799690 2383191 68
3186713 1564106 84
1802233 2615214 36
29883644 21737937 63
34498883 34498888 15
256984 752136 21
1971145 2743072 28
5744437 3878027 72
305485 835463 76
4263951 4356804 6
1098976 1967153 32
25414703 10365252 36
2732518 3322870 88
2742855 3335598 10
3198742 2915395 3
13946716 13946736 16
1100591 1621680 51
30045695 8629983 69
7921450 4836027 62
2884166 3430577 75
1100751 1971252 46
4111654 4258628 20
3166311 3634697 48
3365428 3770817 45
33107319 33107336 24
35410348 31778461 43
4215034 4325951 41
11508481 11508487 9
419824 1059468 10
35743705 4103557 4
35743722 35743724 83
35743748 5293467 52
6994782 6994788 14
35743915 734393 20
35743940 2127819 59
35743946 35743950 3
3062401 3557099 41
8043514 8043533 45
35743851 8084703 98
2954122 500461 5
29883561 1055292 86
1971146 2743083 38
4548766 4566199 99
35744487 30656531 76
35744640 6824831 20
35744651 7546210 75
35744655 4866137 23
3468431 698024 42
3878877 976092 4
2951019 3479846 89
35744911 28384478 48
3986302 4172484 69
3137837 3613252 56
28425531 28425541 60
35745012 35745017 39
6621345 6621349 97
35745063 35745065 100
3468439 3841840 76
35745169 15663505 13
13946718 13946741 99
30997223 30997231 96
9012922 9012955 78
35745357 35745359 38
35745469 35745471 74
35745473 35745478 6
35745489 35745493 46
25461189 25461200 45
35745680 35745682 11
35745735 10897910 4
4024907 4198162 74
35746025 9067267 62
35746235 14608676 69
35746272 479925 61
2050774 2810680 20
35746461 35746463 96
3899581 780005 68
1971147 2743088 86
35746623 35746625 52
3906350 4120848 8
14839465 5274529 100
35746907 35746909 55
35747001 35747004 14
35745688 35745691 79
35747021 35747024 19
35747059 35747061 66
35747210 35747212 99
3889967 4110967 50
11132215 11132216 69
31869616 7964461 89
2354322 3051916 96
3954925 3954930 96
35746416 35746423 89
2774960 3357658 18
8912582 8912600 2
3064383 3558327 89
2218154 2951116 68
34437510 34437523 63
4043935 4208394 57
4510045 4536369 58
25411628 25411629 22
35748464 35748469 9
35748626 35748628 30
35748638 7365588 11
6330276 6330280 67
10366423 10366427 88
4666829 3679815 46
8043549 8043566 37
3651425 2540541 6
28739835 5495300 10
33248917 9084188 28
1970921 2742825 11
35748951 2528756 83
31971880 3695415 91
11163949 2289707 52
2810657 3379409 81
10607235 10607259 89
35749066 35749074 89
35749096 35749100 66
33359826 2984334 98
2522614 3184934 4
3811547 224764 88
3900139 43252 84
6994794 1498327 65
35744857 15025887 32
11508460 11508475 74
35743627 6858280 55
15917197 9622411 10
15634433 15634439 85
3878879 4104768 36
35749578 12246505 49
34442967 8955055 48
2747387 3338832 10
30122549 30122561 7
35749621 35749624 65
33249094 24395572 89
9776639 9776668 17
8043545 972467 60
35744199 4314876 98
3963168 4158038 52
35750084 35750086 53
22050469 14428879 26
29804953 29804960 91
35750495 35750497 100
35750502 6814453 32
34809701 9716207 58
35749017 35749027 39
35750628 8553983 51
35750837 35750839 54
10650971 2574687 2
4293465 4377482 77
35750965 35750967 95
28749804 8492033 49
35751169 35751171 38
35751304 5879977 28
35751541 1954128 62
35751558 8499517 33
35751647 35751650 98
2526370 3186723 91
35751949 14469570 39
35748238 2925950 7
35752093 8430908 71
35752119 35752121 9
35752168 34919510 81
35752307 8865536 74
1971148 2743093 48
35752580 35752582 36
35752637 35752640 32
4624720 4633740 32
35752768 10734628 5
35753405 35753408 6
35750367 35750376 32
6330284 1938621 2
35746467 35746469 50
28687637 15663238 54
3650839 3643458 54
35753739 35753751 81
35743565 35743586 46
10806959 10806961 82
3305183 3730190 49
30572979 1499817 98
2370258 3064254 60
4362023 4424603 24
3081530 579995 68
14405989 6014582 55
35754093 3759379 72
35754176 35754178 61
35754254 35754256 96
1096010 1961897 96
35754314 35754316 30
35754215 8892142 69
11950550 8400141 14
3785776 4039776 85
3785778 4039783 60
35755677 12504583 49
1059478 1921224 73
1832350 2638576 80
35755787 35755790 65
8352005 2291636 40
3713118 3998954 10
1971038 1011381 4
4452000 121604 3
4356869 3022591 84
12921728 12921729 28
35754182 35754191 62
1971242 472077 78
2822501 944114 64
30997186 8358760 93
4514940 4539980 9
3906387 4120889 33
35756175 35756177 79
35756658 35756661 99
1100605 1971043 36
28738710 28738739 51
35754183 2055444 82
35757167 35757168 64
3775456 4033634 66
35757217 35757219 44
3019423 1492977 14
14275414 14275438 47
35748531 35748538 17
33326753 1713361 35
3174360 3639795 80
4271216 4362017 39
35749157 35749179 37
35757681 35757683 10
35757892 35757894 42
35757932 35757934 52
35758022 35758024 16
4360928 4423815 64
35758137 23646589 93
35758158 33096206 29
35758300 35758302 56
1440532 2309055 44
24396039 24396050 94
35758369 35758371 89
33135307 33135317 38
4026986 4199594 57
3878874 4104762 8
34850324 11528961 12
4120847 4263989 50
4421769 4467070 48
4141717 4279335 18
3926440 1188529 32
4024922 4198204 82
35759131 9211463 7
3216179 3669773 64
33141885 33141900 4
35759319 35759321 47
10467342 10467346 90
3613282 3935605 64
35759393 33126754 84
35755834 35755842 95
35748875 579987 8
3961012 4156402 64
34402685 9219236 62
35759598 2346963 96
35759706 35759708 47
4233814 4340004 72
35759788 35759790 11
4315101 4392689 98
35759842 35759844 3
35754202 35754206 99
35759869 35759871 74
34062947 34062952 95
13345582 13345585 86
35759918 29716382 37
35759999 35760001 91
35760035 35760037 48
4490194 4520387 70
327812 888606 86
35643472 35643484 95
35760367 35760369 76
35760373 35760375 9
11901498 11901506 85
35760603 35760605 91
35760638 35760640 74
35760688 4734266 63
32846037 32846039 28
34442983 34443013 97
35760898 35760900 53
12007025 12007027 97
35760984 35760986 43
25461211 25461231 65
14305770 14305771 74
35752959 35752961 69
35761449 6629278 76
35761492 35761494 20
35761514 28919024 15
34436418 34436419 20
35751362 35751370 31
3275898 3713121 68
35753182 35753184 67
7921599 7921605 74
35762017 35762019 24
34062911 34062915 81
35762214 723544 74
826144 1560898 18
35762340 35762342 14
4124142 4266348 4
34487638 3879565 98
33107521 33107523 88
35762473 35762476 20
9776629 9776656 34
35762548 35762550 84
35762758 35762760 36
4026993 2552507 52
35762831 35762833 69
4581411 4593945 98
35762967 35762969 25
35763011 35763014 49
10552579 10552597 96
35763045 35763047 17
4185138 4306756 96
1970860 2742812 47
1971149 2743099 28
7921604 7921610 13
35763549 35445761 57
3888728 4110494 37
3399928 3792893 14
6994787 6994792 60
34826006 303266 88
35764050 35764052 28
35753222 8773493 22
35764147 35764149 86
35764263 2630254 24
34843023 34843033 26
11722225 11722243 28
35764428 35764430 68
35764525 35764527 53
6711985 6711987 46
2752404 3342991 12
35765183 35765185 27
2055018 2814409 80
35765443 35765445 18
35757338 35757346 91
2751963 3342721 50
35765748 35765750 86
35746418 35746428 49
3906347 4120845 41
35765864 35765866 48
4258627 4353376 20
35765944 7490146 64
35765964 19040816 32
35766151 35766153 39
4547855 4166510 15
6994791 1498328 83
35745126 21670455 37
11950537 11950555 95
35766601 35766603 54
14236712 14237298 45
35766807 35766809 35
3180128 3643794 62
3180129 3643794 66
35766830 35766832 43
6141772 6141805 67
11162250 11162252 65
29870126 29870132 51
4124143 4229632 97
1533122 2391700 63
35749985 35750005 75
3533088 3884264 76
35752448 35752450 40
34837807 34837820 17
35767680 35767682 27
35767744 115948 56
35767815 35767817 90
2638582 3262153 21
35768128 35768130 6
35768138 35768140 88
35768154 35768156 83
35765252 222922 79
35750374 35750383 89
35768310 35768312 96
1533124 2391707 77
4436465 4479214 10
6141773 6141807 46
35753845 15647598 69
35768618 35768621 35
35768682 35768684 86
35768689 2382699 53
15402801 15402828 83
10650957 10650963 9
7172137 7172162 66
3634722 3951090 4
35761159 2291258 59
35751454 35751455 71
35768994 4805886 37
3424422 3807039 82
33247488 33247492 98
14938392 8314666 58
35769408 35769410 22
3039077 272154 40
35769475 35769477 77
35751868 35751879 56
2742802 3335557 34
13434417 13434429 7
35744079 35744082 98
35770001 187282 14
4490199 4520394 52
1971152 2743105 40
35756835 35756840 23
35770168 35770170 13
35770182 35770184 36
35770250 35770252 16
14675835 4351895 43
35770295 35770297 42
35743642 28731446 6
35770420 35770422 74
35759250 7904228 69
35744461 28867945 83
35748268 35748276 16
35770596 35770598 47
2526373 3186734 87
35770666 35770668 18
35744394 1958033 18
35770728 35770730 1
35770766 35770768 41
6775034 704833 68
35771132 35771134 60
35771219 35771222 58
35771251 35771253 54
1971042 2742977 40
35771382 35771384 61
35771527 35771529 88
35771615 35771617 96
35771724 33111076 71
35771742 35771744 29
29706602 21785388 29
35771785 35771787 82
35771803 35771805 77
35771811 35771813 52
35771865 35771867 12
3758510 4024966 54
35772044 35772046 85
35772132 35772135 25
2217899 2950871 56
3292077 3722572 87
32652263 139112 69
4174498 4301432 34
35772498 35772500 77
35772501 8802866 6
30045719 30045725 26
4116536 4261131 48
13946685 6777274 58
35749721 5323619 52
35754095 35754098 23
36072866 36072868 39
36072867 36072869 6
35771221 35771224 62
33137824 33137836 19
36072902 36072904 60
4566206 4581418 84
4548767 4566207 90
13946735 13946762 82
35769913 35769921 59
28738700 28738711 79
8500791 8500799 50
35747023 35747029 36
5235188 5235204 25
36073029 36073031 46
36873240 36873242 26
1899227 2681142 78
35745853 35745856 52
37825992 37825993 8
35753803 35753810 71
37826218 37826219 1
3644717 3956958 72
5911249 5911283 87
3799810 4048607 21
37827118 37827119 51
3810801 4055116 27
37826168 37826169 28
37827192 37827193 6
38637253 38637254 22
38637255 38637256 43
38637257 38637258 26
38637261 38637262 2
38637263 38637264 71
38637266 38637267 66
38637268 38637269 6
38637270 38637271 16
38637272 38637273 67
38637274 38637275 94
38637277 38637278 14
38637279 38637280 69
38637281 38637282 51
38637284 38637285 44
38637286 38637287 18
38637288 38637289 75
38637290 38637291 33
38637294 38637295 33
38637297 38637298 77
38637303 38637304 4
4476727 4509919 3
38637305 38637306 55
35757448 35757453 41
38637307 38637308 9
38637310 38637311 74
38637314 38637315 88
38637316 38637317 84
38637319 38637320 67
38637321 38637322 43
38637324 38637325 80
38637326 38637327 66
38637328 38637329 86
38637331 38637332 43
38637333 38637334 72
38637335 38637336 8
38637337 38637338 1
3511101 2995704 90
38637340 38637341 2
38637344 38637345 52
38637346 38637347 26
38637348 38637349 8
38637351 38637352 61
38637354 38637355 7
38637357 38637358 11
4039845 4206362 69
38637360 38637361 100
38637363 38637364 81
38637366 38637367 22
38637368 38637369 13
38637374 38637375 66
38637376 38637377 54
38637378 38637379 17
38637381 38637382 82
38637384 38637385 96
38637387 38637388 66
38637389 293987 3
38637394 38637395 44
38637397 38637398 40
38637399 38637400 14
38637401 38637402 25
38637403 38637404 77
38637405 38637406 85
38637407 38637408 36
38637409 38637410 8
38637412 38637413 68
38637414 38637415 66
38637418 38637419 23
38637421 38637422 32
38637424 38637425 96
38637426 38637427 27
38637428 38637429 24
38637430 38637431 2
38637432 38637433 99
38637434 38637435 37
38637436 38637437 86
38637438 38637439 2
37826239 37826240 79
28449026 28449032 27
38637441 38637442 62
38637444 38637445 23
38637446 38637447 15
38637448 38637449 67
38637450 38637451 16
38637452 38637453 24
38637455 38637456 37
35762691 35762694 57
38637457 38637458 32
38637459 38637460 80
38637461 21785388 57
38637462 38637463 5
38637465 38637466 15
38637468 38637469 92
38637470 38637471 69
38637473 38637474 42
38637476 38637477 19
38637479 38637480 29
38637482 38637483 51
38637486 38637487 74
36073020 12175484 50
35759298 35759301 25
38637488 38637489 27
38637491 38637492 30
38637494 38637495 47
35750060 35750065 90
3988818 2131547 93
38637496 38637497 66
38637498 38637499 80
38637502 38637503 70
38637507 38637508 39
38637509 38637510 37
38637511 38637512 32
38637513 38637514 26
38637515 38637516 7
38637517 38637518 1
38637519 38637520 79
38637521 38637522 65
38637524 38637525 64
35752387 35752396 32
38637526 38637527 65
38637528 38637529 84
38637530 38637531 82
38637532 30239 43
38637534 38637535 58
38637537 38637538 29
38637539 38637540 53
38637541 38637542 18
38637543 38637544 47
35769366 35769372 73
38637546 38637547 22
38637548 38637549 67
38637551 38637552 48
38637553 38637554 64
38637556 38637557 45
38637560 38637561 14
38637564 38637565 6
38637566 38637567 55
38637568 38637569 98
38637570 38637571 70
38637574 38637575 17
35771254 35771260 33
38637576 38637577 91
35771255 35771263 42
38637578 38637579 19
38637580 38637581 68
38637582 38637583 71
38637584 38637585 77
35771256 35771265 1
38637586 38637587 60
38637591 38637592 47
38637594 38637595 21
7365763 7365764 82
38637596 38637597 87
28310700 9557736 54
38637599 38637600 81
38637601 38637602 64
38637603 38637604 63
38637605 38637606 41
38637607 38637608 1
35759665 35759671 61
38637609 38637610 60
38637611 38637612 20
38637613 38637614 16
38637615 38637616 98
38637619 38637620 81
38637621 38637622 70
3743139 4015469 37
38637623 38637624 19
38637625 38637626 86
38637627 38637628 27
38637629 38637630 98
38637631 38637632 9
38637634 38637635 11
38637636 38637637 68
38637638 38637639 11
38637640 38637641 98
38637644 38637645 46
38637646 38637647 4
38637648 38637649 14
38637651 38637652 57
38637653 38637654 1
38637655 38637656 16
38637657 38637658 53
38637659 38637660 97
38637661 38637662 34
38637664 38637665 22
38637667 38637668 69
37826471 37826475 100
38637669 38637670 86
38637671 38637672 14
38637674 38637675 58
38637678 38637679 66
38637681 38637682 93
38637683 38637684 75
38637685 38637686 57
38637687 38637688 22
38637689 38637690 37
38637691 38637692 53
38637693 38637694 60
15477885 15477888 34
38637696 38637697 98
38637698 38637699 2
38637700 38637701 91
38637703 38637704 35
38637705 38637706 68
38637709 38637710 94
38637712 38637713 89
38637714 38637715 26
38637716 38637717 73
38637719 38637720 30
38637721 38637722 23
38637723 38637724 6
38637725 38637726 54
38637727 38637728 60
38637729 38637730 11
38637731 38637732 14
38637733 38637734 84
38637736 38637737 69
38637738 38637739 77
38637740 38637741 38
38637742 38637743 51
38637749 38637750 55
38637752 38637753 12
38637755 38637756 21
38637757 38637758 5
38637759 38637760 78
38637762 38637763 48
38637765 38637766 92
38637767 38637768 70
38637770 38637771 21
38637773 38637774 14
31078075 2489003 81
4031067 4201240 7
38637776 38637777 50
38637778 38637779 7
38637782 38637783 18
38637784 38637785 91
38637787 38637788 59
38637790 38637791 84
38637794 38637795 37
38637796 38637797 83
38637798 38637799 94
38637800 38637801 68
38637802 38637803 31
38637805 38637806 67
38637807 38637808 28
38637809 38637810 46
38637811 38637812 84
38637814 38637815 92
38637816 38637817 51
38637818 38637819 67
38637820 38637821 4
38637822 38637823 13
38637825 38637826 90
35751220 35751230 45
38637827 38637828 21
38637830 38637831 45
38637832 38637833 94
38637834 38637835 8
38637836 38637837 89
38637839 38637840 19
38637842 38637843 45
38637844 38637845 20
38637846 38637847 24
28812649 1059222 55
38637848 38637849 62
38637850 38637851 20
38637853 38637854 32
36072712 36072713 51
38637855 38637856 5
4581412 4593948 51
38637857 38637858 35
38637859 38637860 47
38637862 38637863 90
38637864 38637865 70
38637866 38637867 39
38637869 38637870 69
38637871 38637872 83
38637876 38637877 95
38637878 38637879 92
38637880 2363436 8
38637883 38637884 96
38637885 38637886 100
38637887 38637888 4
38637889 38637890 86
38637891 38637892 40
38637893 38637894 86
1467382 2336643 58
38637897 38637898 31
38637899 38637900 46
38637902 38637903 91
38637904 38637905 24
38637906 38637907 11
38637909 38637910 7
38637912 38637913 15
38637914 38637915 71
38637916 38637917 5
38637918 38637919 47
38637920 38637921 59
38637922 38637923 51
38637924 13498613 1
38637926 830804 47
9205898 9205917 5
38637928 38637929 80
38637930 38637929 93
38637931 38637932 36
38637933 38637934 7
38637935 38637936 89
38637937 38637938 43
38637939 38637940 96
38637941 38637942 100
38637943 38637944 81
38637945 38637946 19
38637948 500320 28
35766026 35766035 72
2950856 3479726 70
38637949 38637950 91
38637951 38637952 62
38637955 38637956 5
38637957 38637958 71
38637959 38637960 62
38637961 38637962 64
38637963 38637964 7
38637965 38637966 51
38637967 38637968 15
35755972 35755977 31
38637969 38637970 98
38637972 38637973 66
38637978 38637979 45
38637980 38637981 8
38637982 38637983 23
38637985 38637986 100
38637987 38637988 53
38637989 38637990 37
38637991 38637992 17
35755892 35755897 93
35755899 4577933 76
38637993 38637994 42
38637995 36439333 6
38637997 38637998 87
35769588 35769589 78
4115586 4260526 97
38638001 38638002 24
38638003 38638004 57
38638006 38638007 64
38638008 38638009 78
38638010 38638011 56
35758071 35758077 60
38638012 38638013 24
38638014 38638015 65
38638016 38638017 91
38638019 38638020 75
38638021 38638022 35
38638023 38638024 28
38638026 38638027 78
38638028 38638029 6
38638030 38638031 38
38638032 38638033 70
33137640 33137644 59
3962375 4157215 71
38638034 18179194 26
38638036 38638037 38
38638038 38638039 61
38638041 38638042 56
38638043 11506013 75
38638045 38638046 42
38638047 38638048 47
38638049 38638050 45
38638051 38638052 58
38638055 38638056 28
38638057 38638058 76
38638059 38638060 85
36072874 5279683 93
38638063 38638064 54
35749063 35749064 75
38638065 38638066 51
38638067 38638068 53
1825451 2634750 30
38638069 38638070 84
38638071 38638072 55
38638073 38638074 18
38638075 38638076 75
38638077 38638078 56
38638079 38638080 36
38638081 38638082 54
38638083 38638084 37
38638085 38638086 59
38638087 38638088 27
38638089 38638090 41
38638091 38638092 23
38638093 38638094 50
38638095 38638096 100
38638098 38638099 4
38638100 38638101 18
38638102 38638103 18
38638104 38638105 19
38638106 38638107 49
38638108 38638109 37
38638110 38638111 81
38638112 12405978 8
38638114 38638115 88
38638116 38638117 57
38638119 38638120 32
38638122 38638123 94
38638124 38638125 27
38638126 38638127 93
38638128 38638129 3
38638130 38638131 61
38638133 38638134 62
38638135 38638136 3
38638137 38638138 19
38638140 38638141 100
38638142 38638143 83
38638145 38638146 46
38638147 38638148 33
38638150 38638151 60
38638152 38638153 96
35767944 35767947 71
38638155 38638156 28
38638157 38638158 92
38638159 38638160 48
38638161 38638162 18
38638164 38638165 28
38638166 38638167 84
38638169 38638170 95
38638172 38638173 45
38638174 28810294 96
38638175 38638176 20
38638177 38638178 63
38638179 38638180 77
38638181 38638182 81
38638183 38638184 58
38638185 38638186 93
38638187 38638188 89
38638190 38638191 77
38638192 38638193 92
38638194 38638195 4
38638196 38638197 79
38638199 38638200 12
35750868 35750882 49
38638202 38638203 22
38638204 38638205 17
4290926 4375856 44
38638206 38638207 24
38638208 38638209 94
38638212 38638213 68
38638214 38638215 82
38638216 38638217 15
38638218 38638219 56
38638220 38638221 17
38638222 38638223 15
38638224 38638225 33
38638226 38638227 99
38638228 38638229 26
38638230 38638231 55
38638234 38638235 50
38638236 38638237 13
15024798 15024828 26
38638238 38638239 99
38638240 38638241 72
38638243 38638244 80
38638245 38638246 60
3193794 3651282 5
38638248 38638249 84
38638250 38638251 96
35747415 35747417 88
38638252 38638253 63
38638254 38638255 19
38638256 38638257 11
201974 46771 18
38638258 38638259 52
38638260 38638261 8
38638262 38638263 86
38638265 38638266 16
38638267 38638268 65
38638270 38638271 11
38638273 38638274 39
35763687 35763693 27
38638275 38638276 49
11489169 11489174 99
38638277 38638278 70
38638279 38638280 90
38638281 38638282 72
38638284 38638285 65
35101715 35101716 45
38638286 38638287 60
14275409 14275416 42
38638289 38638290 38
38638291 38638292 84
38638293 38638294 18
38638295 38638296 77
38638298 38638299 12
38638300 38638301 49
38638303 38638304 97
38638305 38638306 76
38638307 38638308 5
38638312 38638313 83
38638314 38638315 8
38638317 38638318 45
38638319 38638320 22
38638321 38638322 89
35751181 35751185 29
38638324 38638325 35
38638326 38638327 79
38638328 38638329 37
38638330 38638331 96
38638332 38638333 56
38638334 38638335 22
35768336 35768340 24
38638336 38638337 49
38638338 38638339 52
38638342 38638343 82
38638345 38638346 35
38638347 38638348 51
38638349 38638350 34
38638352 38638353 38
38638354 38638355 99
38638358 38638359 60
38638360 38638361 7
38638362 38638363 96
38638364 38638365 27
38638366 38638367 51
38638368 38638369 94
38638370 38638371 46
38638372 38638373 67
38638374 38638375 34
38638377 38638378 38
38638379 38638380 35
38638381 38638382 68
38638384 4106836 1
38638387 38638388 14
38638389 38638390 59
38638391 38638392 60
38638393 38638394 40
38638396 38638397 48
35770711 35770714 40
38638398 38638399 25
38638400 38638401 96
38638402 38638403 77
38638404 38638405 1
38638406 38638407 60
38638408 38638409 61
38638410 38638411 52
38638415 38638416 45
35768404 35768409 79
38638417 38638418 43
36072478 36072486 65
38638419 38638420 15
36072801 36072810 3
38638423 38638424 96
37826652 37826657 68
