4652434 920004 31
4652434 812824 79
4652434 1195794 76
9674697 2234353 52
9674697 1617185 40
9674697 2238165 25
9675277 490923 71
9675277 534865 100
9676171 1912801 27
9676171 1839317 32
9676171 1044494 14
9676171 1348456 64
9676171 1912807 11
9676171 1936803 27
9676171 626055 73
9676171 2799037 44
9676171 1916366 91
9677626 9677639 83
9677626 9677640 9
9678672 2135931 40
9678691 9678696 17
9678691 9678697 59
9678691 9678698 88
9678728 9678731 43
9678732 2334184 100
9678732 1464250 94
9678732 2758393 7
9678732 9678740 10
9678732 9678741 89
9678732 152621 90
9678732 3286058 39
9678732 9678742 32
9678732 9678743 82
9678732 2571424 17
9678732 9678744 17
9678732 9678745 17
9678732 3617138 9
236520 721226 57
236520 721227 8
236520 721228 61
236520 721229 41
9678783 3588083 91
9678787 2186445 54
9678787 7454006 38
9678802 9678807 38
9678813 3588092 7
9678835 9678838 25
3285633 1354303 44
9678839 3105056 97
9701476 1244168 72
9701476 9701481 43
791564 474376 72
791564 1041711 37
791564 1043813 79
791564 624320 57
791564 1043657 47
791564 1302342 17
791564 1581545 9
791564 1198225 67
791564 1017453 98
791564 1581546 52
791564 1253563 91
791564 608473 57
791564 295718 2
791564 622867 2
9715832 430459 2
2874462 1164483 33
2874462 1164484 50
2874462 476761 49
2874462 1176218 63
2874462 1551708 99
2874462 1176219 58
2874462 3424085 88
2874462 2775533 2
2874462 3424086 60
2874462 2020460 61
2874462 478866 90
2874462 478867 40
2874462 2775746 25
2874462 37652 64
2874462 1153236 1
2874462 3113725 84
2874462 1153298 6
2874462 1153248 52
4152635 1037616 63
4387414 2808311 98
2352806 1999290 26
9718478 718804 65
9718478 1269248 19
9719816 200015 22
9719816 1335536 49
257329 752272 82
257329 752273 44
257329 752274 20
257329 752275 99
257329 752276 35
257329 752277 60
408863 369596 55
408863 1045291 23
408863 838145 25
408863 1045292 92
408863 1045293 42
408863 1045294 97
408863 838125 12
408863 1045295 25
408863 1045296 23
408863 1045297 95
408863 1045298 81
408863 1045299 11
408863 1045300 57
9690651 3604745 22
9690651 2954883 35
9690651 2727074 85
9690651 2693266 15
9690651 1913979 31
9690651 1913980 43
9690651 1913981 86
9690651 1913982 27
9690651 1913983 78
9690651 643237 58
9724347 3411907 71
9724347 2012471 24
9724347 720808 5
269860 772237 98
269860 772238 33
269860 772239 85
269860 772240 37
9724362 1053713 60
9724362 2699371 8
9724426 15594 39
784073 1570462 49
784073 337874 100
9729912 599516 96
1179369 1840095 60
9734273 496424 41
9736614 2891166 69
9736630 2207527 79
3565061 3411889 53
3565061 3713479 51
3565061 2861135 47
3565061 1194197 18
3565061 3903633 41
9736789 773886 67
269863 772305 6
131686 418356 47
131686 418357 59
131686 418358 33
131686 418359 75
131686 418360 33
131686 418361 97
131686 418362 30
131686 418363 79
131686 418364 32
131686 418365 59
131686 418366 83
9745203 9745208 24
4802722 910848 84
9748223 1278133 66
4384777 942352 22
401968 1015576 92
9756412 541772 47
9756412 3099359 52
9756412 539660 73
9756412 3044012 71
5000161 2615852 50
5000161 1573329 9
5000161 3404407 90
5000161 1287029 79
5000161 1573330 85
5000161 2407424 16
5000161 2513068 28
5000161 5000176 43
5000161 5000177 50
5000161 5000178 6
5000161 1149933 80
5000161 3720728 69
777870 634576 53
3051587 2231381 6
1388232 270757 28
4214006 3289621 2
4214006 781707 67
4214006 2331528 46
4214006 1461489 95
4214007 3720853 68
9697968 599346 28
10098173 871456 40
10098430 3044949 40
10098430 614354 86
10098430 1589755 57
10098430 1330916 72
10098430 3727807 32
1060239 160661 89
1060239 773909 66
1060239 1921568 69
1060239 1921569 23
1060239 1107385 59
10098764 623927 16
10098764 872255 45
3379670 3778456 93
3379670 2074020 17
3379670 504802 8
3379670 634373 35
3379670 3778457 52
3379670 2530025 33
3379670 3143784 60
3379670 504950 95
3379670 1615053 76
3379670 49461 32
3379670 937284 23
3379670 406250 34
3379670 504681 52
3379670 640405 53
3379670 936465 90
3379670 1586431 15
3379670 1028629 64
3379670 1038716 47
784084 1570505 52
784084 1570506 23
784084 1570507 77
784084 1570508 99
784084 1570509 84
784084 1570510 49
784084 1570511 7
784084 1570512 80
784084 1570513 82
784084 1570514 88
784084 1570515 43
784084 1570516 75
784084 1570517 91
784084 1570518 5
784084 1570519 35
784084 1570520 51
784084 1570521 27
784084 450471 49
784084 1570522 95
784084 1259121 1
784084 1570523 57
784084 1570524 70
784084 1570525 53
784084 1570526 77
784084 1570527 55
784084 1570528 88
784084 1570529 9
784084 1570530 78
784084 1570531 6
784084 1570532 68
784084 1570533 77
784084 1570534 41
784084 1570535 51
784084 1570536 74
784084 1570537 45
784084 1570538 7
784084 1261514 16
784084 1570539 30
784084 1570540 28
237002 722743 29
237002 200459 25
237002 722744 27
1056030 1917425 51
4975094 1473601 53
4975094 3144312 36
4975094 3276926 60
4975094 3201995 62
2077344 463251 52
2077344 463252 51
131864 418835 19
131864 418836 19
986304 1623349 66
11659727 849334 25
3522459 2494144 78
1486033 2207592 40
13263233 1694084 92
4802723 1972136 43
4988417 3434128 48
13266222 129672 45
368408 596498 11
13266887 332347 46
1337382 279687 65
9690544 760710 63
9690544 1288958 12
9690544 9690567 47
9690544 9690568 38
3434937 366445 20
4957831 1126603 82
4957831 429664 96
4957831 1417377 45
4957831 1068371 53
3051980 326314 80
13285107 987278 74
13285107 23767 58
755723 923721 24
4987475 4764 25
13287773 13287782 7
10909305 680935 14
10909305 1916157 58
10909305 2497498 18
10909305 10909309 20
13290951 1271337 30
13290951 189680 27
13290951 1242158 24
2753946 3344650 80
4936629 515688 24
4936629 1291240 16
13292229 1558442 38
13292229 503007 40
13292229 2505412 15
13292229 233679 74
13292229 633071 22
13293792 160780 48
13293792 623557 41
13293792 2057614 5
13293792 622098 45
13294141 612526 3
13294141 325800 21
13294141 2475877 98
13294865 1149845 84
13295078 823879 27
2730866 2342176 97
2730866 2661252 6
2730866 610447 54
2730866 1348445 68
2730866 1288640 78
2730866 2331568 97
2730866 817295 81
13300413 757884 23
13300622 446448 50
13301421 1178807 18
13301568 1335714 12
4734257 599522 95
4010118 94741 59
13307032 1649552 80
10605450 1335830 53
10605450 3062655 58
13308037 1010970 87
13311678 3160567 27
13311678 1050646 29
13311678 233207 8
13311678 1912817 93
13311678 3360123 18
13311678 714600 100
13311678 714586 25
13311678 1473581 16
13311678 13311681 88
13312351 1121098 68
3698817 90080 78
722466 1483202 77
722466 1461568 19
722466 1483203 86
13314442 1335818 93
13314442 599491 33
3078183 104218 88
11803188 863384 47
11803188 2196644 51
11803188 1080943 97
11803188 991890 74
11803188 1056697 10
11803188 2015089 98
11803188 2368785 92
11803188 1701071 93
11803188 461641 59
11803188 2492805 73
11803188 1010614 70
11803188 1325478 13
11803188 196785 93
11803188 382394 51
11803188 1325404 48
11803188 2368796 13
11803188 2791815 65
11803188 1162327 30
11803188 2492814 87
11803188 3293311 49
11803188 1177599 84
11803188 1938563 47
11803188 2345743 92
11803188 1662124 14
11803188 1047354 84
11803188 991912 12
11803188 1177576 55
11803188 1177613 3
11803188 1265516 85
11803188 991859 82
11803188 2345725 75
11803188 2345734 49
11803188 1837712 92
11803188 1325161 54
11803188 2015111 48
11803188 1162354 46
11803188 2033943 90
11803188 2033933 66
11803188 1168478 40
11803188 2368862 51
11803188 2368855 93
11803188 1010580 57
11803188 2033924 76
11803188 2368807 79
11803188 591755 64
11803188 1860784 63
11803188 591936 26
11803188 2015162 76
11803188 1837754 61
11803188 1177588 73
11803188 1076751 43
11803188 991959 31
11803188 2164584 65
11803188 591984 47
11803188 1168493 98
11803188 991902 69
11803188 2713471 87
11803188 1325484 17
11803188 489325 86
11803188 2643488 86
11803188 1837659 3
11803188 1144412 96
11803188 2713480 85
11803188 1168505 86
11803188 1573655 65
11803188 4028859 33
11803188 2015123 93
11803188 991820 68
11803188 1168517 35
11803188 456286 99
11803188 2040503 24
11803188 1938528 11
11803188 1162367 73
11803188 991947 42
11803188 1265499 93
11803188 591940 12
11803188 991845 21
11803188 160108 28
11803188 1076770 34
11803188 991923 96
11803188 1504832 86
11803188 1909785 57
11803188 1837650 48
11803188 543415 10
11803188 733447 67
11803188 1504860 73
11803188 1504840 64
11803188 2368878 96
11803188 1834814 7
11803188 1478007 45
11803188 1262313 43
11803188 1479199 30
11803188 3845460 26
11803188 1274260 77
11803188 2773839 100
11803188 3354737 27
11803188 2905593 94
11803188 3127938 48
11803188 2089811 90
11803188 2755883 38
11803188 591913 32
11803188 1909770 22
11803188 2788033 5
11803188 2773819 44
11803188 2090020 84
11803188 3766164 85
11803188 591991 86
11803188 1909739 22
11803188 3287837 33
11803188 2687700 99
11803188 1200035 74
11803188 3356970 85
11803188 3833847 69
11803188 1325474 7
11803188 1325163 98
11803188 921664 91
11803188 2755888 68
11803188 1047392 90
11803188 208988 95
11803188 2196628 55
11803188 3467417 20
11803188 1471132 2
11803188 2755507 5
11803188 3467414 23
11803188 591955 74
11803188 1134932 79
11803188 3841132 71
11803188 2196623 82
11803188 3467408 58
11803188 3356928 14
11803188 45662 63
11803188 3445886 35
11803188 4051416 12
11803188 3293318 74
11803188 3421061 18
11803188 2006477 77
11803188 591750 6
11803188 3467660 78
11803188 11803224 14
11803188 1909780 22
11803188 315087 99
11803188 2562287 53
11803188 3261692 10
11803188 2933255 98
11803188 2006509 10
11803188 2773845 90
11803188 2694939 14
11803188 2933272 85
11803188 2932899 38
11803188 855063 96
11803188 3805112 15
11803188 3845482 49
11803188 3445898 100
11803188 3287833 12
11803188 2920561 35
11803188 3345913 76
11803188 2687719 42
11803188 2920563 44
11803188 1325387 24
11803188 1047379 37
11803188 315056 4
11803188 2687755 83
11803188 1909753 59
11803188 2933275 88
11803188 2933204 75
11803188 3356960 65
11803188 2932927 2
11803188 2932916 89
11803188 3308348 21
11803188 2905599 98
11803188 3467401 11
11803188 2871353 84
11803188 2773851 54
11803188 3766158 33
11803188 3321165 24
11803188 1325174 2
11803188 196708 55
11803188 2196649 24
11803188 2196620 65
11803188 591948 58
11803188 4075804 77
11803188 3742071 98
11803188 3460265 52
11803188 2932882 17
11803188 181529 97
11803188 1121980 18
11803188 554094 79
11803188 1942304 56
11803188 475593 27
11803188 1153565 29
11803188 459110 2
11803188 2425786 56
11803188 11803225 93
11803188 11803226 76
11803188 151895 55
11803188 11803227 43
11803188 11803228 65
11803188 11803229 50
11803188 11803230 50
11803188 11803231 10
11803188 11803232 7
11803188 11803233 90
11803188 11803234 69
11803188 11803235 13
11803188 2078823 92
11803188 11803236 44
11803188 2407149 12
11803188 11803237 48
11803188 1135022 67
13315515 624259 68
2354401 320895 22
10491349 755905 39
8613688 918188 7
2077345 1053789 34
13228107 1128562 85
6942026 332090 18
13324467 1059241 17
13325334 424660 83
13325334 83348 23
13327030 2550735 39
791580 297558 55
13331707 1198380 33
13332527 1269490 20
13338733 313190 88
13340023 5637923 25
13342279 2223338 90
13342279 2115090 89
772230 1555198 21
772230 1555199 86
13346354 2074817 89
13346376 638248 56
13348679 1825669 62
9948074 1175265 31
13349702 1192970 84
13349702 1039795 93
13349702 3439044 5
13349702 398327 23
13350399 3289556 82
13361535 2505384 59
13361623 738446 82
13363398 622402 26
13363398 3634518 88
4982114 123059 3
4982114 585537 13
13368169 599551 91
13368986 2802818 14
13368986 13368996 39
3218170 1133059 52
3218170 1335651 1
13381445 491291 89
13393674 1335788 23
13393674 599424 48
13393674 599482 99
13393674 599504 74
13393674 2368145 42
13394476 526138 16
13395653 112407 89
9718068 2006519 56
13401325 635151 2
13413919 622497 86
13414619 1335702 66
13415277 440863 38
13418378 1464245 29
13228108 2261661 21
13521899 96200 27
12342016 1444116 45
12342016 1672458 5
14766674 998838 65
14766674 899681 39
14766674 414969 98
676870 389454 78
14769739 1124020 59
3218171 3417771 75
3218171 3671003 47
5639111 3306374 84
5639111 2400663 94
977684 638165 32
977684 1614932 45
977684 1301879 95
977684 505870 67
977684 161124 49
14772481 700007 66
3137094 320567 88
14882106 643364 62
14882106 820065 75
14882106 504549 47
14882106 1031817 69
14882106 85849 88
14882106 1041064 1
14882144 1227110 17
14882144 2368124 80
14882144 152388 16
986305 1833046 85
14882508 392049 15
4930204 1070617 19
14882903 647148 24
14882951 1558423 10
14883219 544418 10
14797711 2000021 44
14883565 1865769 62
14883692 1862059 3
2353597 2799037 79
2353597 1155579 60
2353597 1113049 19
2353597 1053798 6
2353597 406348 64
2353597 629596 27
2353597 1461520 66
2353597 2789818 45
3968960 3165969 69
3968960 1199888 62
3968960 626596 25
3968960 214089 17
14883791 596458 42
3597057 461861 78
14883990 791356 15
14884005 1057880 37
10685845 324932 17
12589050 67259 57
12589050 960354 61
14884652 173965 87
14884652 1126147 23
14884709 1696268 19
14884712 1622846 57
14885370 937086 86
14885384 362319 43
14885409 151051 43
14885409 501553 14
14885415 1199323 28
14885415 3374922 81
14885415 624536 77
14885415 1050651 43
14885415 2331517 81
14885415 2000086 45
14885415 936437 1
14885415 1050671 98
14885415 1038471 45
14885415 2765667 66
14885415 2778717 65
14885415 2164331 17
14885415 625431 10
14885490 848933 59
3254832 3697812 87
14885779 1128186 67
14885779 1473700 16
14885779 2234824 71
14885779 1128187 14
14885779 625742 28
14885779 1334729 65
10345299 928811 93
4652436 1199442 98
14886359 623897 17
1581584 1600287 80
1581584 2106501 28
14883779 583012 4
14884021 2119624 80
14887038 2799907 3
14887138 156575 73
14887138 156576 90
14887252 1200988 96
14887252 1195132 87
281731 638380 23
281731 791568 99
281731 791569 63
281731 620599 47
281731 653752 88
14887612 2330030 47
14887892 1039338 62
14888150 599451 50
12684076 3999151 88
12684076 1050638 46
12684076 965351 30
14888404 1563395 76
2628265 3254829 3
14888738 1558433 58
14888738 661882 52
4956292 629993 34
14888823 10254902 8
14888823 14888825 50
14888823 14888826 81
14888823 624015 33
14888894 1574782 62
14889193 773897 26
14889193 634420 52
14889193 628098 25
14889193 1651385 99
14889193 3742028 39
14889193 48897 87
14889193 637563 67
14889652 326369 97
14887614 858666 20
14887614 1617195 56
2694541 638855 70
14958046 312675 19
14969386 14969389 3
15046051 1254125 33
15058321 4030602 6
15092882 763260 44
14882906 688817 8
15088750 15088757 4
15088750 15088758 68
15088750 15088759 18
15088750 15088760 98
15088750 15088761 69
15088750 15088762 63
15088750 15088763 35
15088750 15088764 90
15088750 15088765 21
15088750 15088766 83
15088750 1183765 42
15088750 15088767 81
15088750 15088768 11
15088750 15088769 46
15088750 15088770 44
15088750 15088771 38
15088750 15088772 91
15088750 936164 76
15088750 15088773 34
15088750 11234765 4
15088750 15088774 87
15088750 2407483 62
15088750 6689364 45
15088750 10199453 84
15088750 15088775 42
15088750 463710 34
15088750 15088776 36
15088750 1143145 56
15088750 15088777 55
15088750 15088778 77
15088750 156660 88
15088750 475652 82
15088750 1191718 16
15088750 1290317 24
15088750 2813385 87
15088750 13393046 72
15088750 2641747 77
15088750 15088779 3
15088750 15088780 100
15088750 453544 50
15088750 6420110 41
15088750 11862752 79
15088750 15088781 43
15088750 10199563 77
15088750 2112685 54
15088750 1268931 23
15088750 15088782 63
15088750 8498627 93
15088750 2006448 49
15088750 11821002 90
15088750 2914758 62
15088750 10204614 55
15088750 1990155 68
15088750 15088783 67
15088750 13352585 68
15088750 1076735 52
15088750 15088784 65
15088750 614276 21
15088750 15088785 56
15088750 810739 46
15088750 12275717 63
15088750 15088786 91
15088750 15088787 43
15088750 10205235 92
15088750 15088788 7
15088750 1858597 73
15088750 15088789 29
15088750 15088790 92
15088750 15088791 95
15088750 601075 70
15088750 15088792 39
15088750 1175126 93
15088750 1134974 88
15088750 4259079 64
15088750 1785238 44
15088750 1134975 21
15088750 15088793 3
15088750 2020281 99
15088750 15088794 11
15088750 15088795 73
15088750 1120444 79
15088750 15088796 1
15088750 15088797 24
15088750 12543080 19
15088750 15088798 95
15088750 15088799 53
15088750 2954495 25
15088750 11848964 26
15088750 11969734 23
15088750 1258750 7
15088750 7030680 71
15088750 15088800 53
15088750 1203147 57
15088750 15088801 4
15088750 15088802 5
15088750 553998 49
15088750 15088803 11
15088750 15088804 88
15088750 266465 97
15088750 15088805 3
15088750 15088806 97
15088750 15088807 67
15088750 1082569 56
15088750 15088808 77
15088750 15088809 39
15088750 15088810 91
15124162 550123 21
15151524 1936912 39
4391420 2690145 42
4391420 2954935 87
4391420 1916375 41
4391420 2251535 66
4391420 2799079 49
4391420 622967 22
4391420 1590028 74
4391420 3720861 91
4391420 1838796 29
4391420 1912716 12
4391420 3720875 64
4391420 1982532 30
4391420 1017010 78
4391420 652895 2
4391420 1461593 8
4391420 2026389 70
4391420 2223385 96
15157623 626451 92
15157623 2074053 49
15157623 1032891 43
14882991 14883002 6
4229154 969879 35
4229154 494083 83
4229154 781648 44
4229154 781673 98
4229154 1041201 36
4229154 1028479 90
15177553 2233180 17
15179163 812794 49
13228104 849715 70
15828482 3041812 3
15828482 2253633 5
15828482 3544432 32
15828482 2775338 45
15828482 3890075 90
15828482 2343207 62
15828482 1194217 11
15828482 160741 36
15023174 3140976 47
15023174 1037767 90
15023174 3044996 40
15023174 1153085 92
15023174 2007069 60
15023174 11974551 90
4214009 3693794 79
4214009 1118385 75
4214009 3434579 47
4214009 1473673 50
4214009 2661269 5
4214009 3292330 61
4214009 2690078 87
4214009 1916308 7
4214009 2867895 93
4214009 1261573 70
4214009 2778719 54
4214009 2509111 67
4214009 1461547 40
4214009 2342148 74
4214009 3543984 99
15833586 95101 80
15833586 2207698 77
15834008 240456 89
15834008 225232 2
15837273 2040020 56
15837273 2331598 54
15869413 1916208 72
15869413 1936889 39
15869413 633273 95
15869413 3720814 47
15869413 1461578 11
15869413 1912811 85
15869413 2798842 74
15869413 1461538 39
15893952 13287782 61
15893952 2765884 34
15893952 2765860 91
15893952 15893954 64
15893952 15893955 37
15893952 15893956 54
22060833 1335651 40
22406999 280667 49
22410730 34874 96
22482127 266458 57
22482645 1335736 100
22498864 1696661 95
23663574 234139 66
23665312 344822 42
23665753 23665757 40
1076782 1275888 19
1076782 1261236 39
1076782 1938622 6
23668644 770523 100
23668644 257279 75
23668644 1798886 11
15921231 444124 85
23670206 1145912 88
23670511 629700 6
23670511 3041763 79
23670511 468682 63
23670511 4014617 94
23670511 637684 77
24024554 954967 47
14889398 128628 27
25602819 1916180 9
25606515 3277477 38
25629655 1348550 59
25738048 3292446 75
25757813 4011186 3
25805498 107936 98
25976142 1912769 70
26093379 2693227 62
1783117 933282 42
26329293 98856 74
26335874 98657 42
23701030 152387 30
26415217 1232368 34
26471686 306749 88
26471686 1467511 17
26485149 1889274 57
26498659 731514 20
26717656 1916406 26
26719229 2768721 88
26906902 96707 88
22480927 2690004 68
22480927 3999327 73
26928270 172043 94
26988575 2693510 7
26988575 3292340 31
27040527 1461531 42
27055316 1145954 98
27064665 413242 46
27360116 413242 48
14769599 817166 52
27380621 1912813 32
27390803 1281648 29
27655849 627457 1
27655849 1543021 97
27655849 2119608 75
27655849 455697 25
27655849 636481 39
27655849 2706285 56
27658144 1461508 67
27665097 2235882 92
27679643 1053821 29
27744183 3354001 53
27780914 2207581 8
10605456 2758558 44
27818910 1473661 75
3515514 2779518 50
3515514 718805 81
3515514 3105628 84
14883382 828222 6
9705503 49845 82
420556 1031518 77
784085 1570549 25
784085 1570550 89
29041360 312532 91
29413447 2207690 70
29587024 864166 2
374548 977688 27
29594991 773878 87
3254826 3697808 57
1817836 1938786 27
2628267 3254836 79
30785839 1216619 37
31771663 362571 90
3877671 1640790 91
32776657 934777 94
32795485 330513 63
32820062 865934 44
32858740 898230 27
4025712 3062267 14
4025712 3360777 11
4025712 2915543 25
4025712 2660294 18
14776545 1461559 74
32951042 505362 51
32951042 504708 36
14888591 1335745 12
33251267 1348508 16
34344931 1297585 84
34344931 2411605 11
34350897 475733 30
2077347 638835 14
2077347 797864 97
2077347 2833143 33
2077347 1163388 6
2077347 2690081 59
2077347 2757477 97
2077347 2833144 95
34373205 293582 31
21650926 1175265 92
21650926 1074876 31
21650926 797883 52
29587761 400103 82
34415654 314370 25
10605455 2207547 4
10605455 2368137 6
34430527 494278 72
1500616 76980 29
15116538 1599307 22
450917 373427 51
13509160 1425305 11
10491350 691386 42
15825689 819861 8
15825689 781740 98
15825689 1781900 1
35019845 493223 12
35036398 2248515 62
35037781 2177159 21
35037781 1141841 2
35037781 1858473 4
35039033 317060 65
35053541 703456 76
35053541 2403158 82
35053547 102922 59
35053558 164249 51
35053877 1456037 13
35053877 1042234 96
35053877 1113202 45
35053877 629132 81
32903547 2768898 92
35055286 1670004 20
35055286 1074893 50
35055286 1461585 80
35055501 2693460 4
35055501 1053841 41
35055603 463252 94
35055603 1128255 80
35055603 1473667 66
35055787 714574 71
35066323 1495227 86
35068146 331534 6
7001048 690287 28
35069632 892906 63
1917800 1740366 98
1917800 1039391 3
1917800 1042737 85
1917800 1194759 76
1917800 1145903 63
35070737 1195623 2
35073223 2466977 37
35073223 2494129 48
35073223 3750272 20
35073223 49108 5
35073223 1041473 99
35073223 1587139 32
35073223 2152665 16
35077552 1357082 22
35082908 1041385 14
35085088 1889573 38
35088139 24252891 42
35088139 25005366 59
35088139 22416612 10
35088139 24304448 96
35088139 23932098 62
35088139 2050639 32
35088139 10257397 67
34439278 312521 14
34439278 1686191 74
35089522 1335753 91
35089579 2505393 74
3122128 345201 29
722741 149823 69
722741 176078 34
722741 818542 66
722741 1483561 26
722741 1483562 76
722741 1483563 76
722741 1483564 21
722741 1483565 66
722741 1483566 22
722741 1483567 42
722741 1483568 24
722741 1263304 6
722741 1483569 4
722741 1483570 43
722741 1483571 12
722741 1483572 90
722741 1213341 30
722741 1229030 42
722741 1466735 48
722741 1483573 50
722741 1483574 79
722741 1483575 27
722741 1483576 71
722741 1483577 95
722741 1483578 15
722741 1483579 87
722741 1483580 14
722741 1483581 6
722741 1483582 49
722741 1483583 5
722741 1149542 75
722741 1149543 12
722741 1258393 35
722741 1149544 45
35092905 13230468 95
35092905 1464232 11
35092905 1393107 27
35092905 11840674 9
35092905 24947227 30
35092905 24326169 28
35092905 4046109 17
35092905 450545 90
35092905 1286446 33
35092905 726161 44
35092905 6513159 48
35092905 24534018 94
35092905 1198650 49
35092905 23998100 11
35092905 35092907 31
35092905 25006522 38
35092905 24978356 10
35092905 24970133 95
35092905 22330998 62
35092905 10255840 23
35092905 6921704 51
35297286 1180049 5
4325101 731514 34
4932145 1348490 66
4932145 1907008 98
4932145 3289630 5
36872073 484922 61
3704525 2885342 76
37935701 923721 57
37936736 3268831 8
37941186 1461941 18
37942814 325169 100
33678109 995345 20
33142406 2712235 93
33142406 2721373 90
33142406 2954649 4
3971081 1912795 60
3971081 3693787 49
3971081 1240597 64
3971081 2223366 27
3971081 3720900 1
3971081 1053848 53
3971081 2778722 83
3971081 3360145 73
3971081 2826615 32
3971081 1912831 48
3971081 2712207 30
3971081 848005 93
3971081 2693244 17
3971081 2487751 58
3971081 1473634 48
3971081 4163144 74
3971081 2861141 96
3970570 817320 69
3970570 1145977 23
33812152 2119578 32
3807390 2120492 11
3807390 2690111 63
3807390 2802677 87
3807390 2035192 19
3807390 2040164 43
3807390 1198013 55
3807390 1037741 21
15912792 35768 41
27062380 2954658 95
27062380 2755419 11
27062380 10251262 57
33645861 3165908 45
15050660 1419352 65
14770588 927339 36
32795480 1335644 77
32795480 237114 78
32795480 237115 89
38380032 150501 45
38380032 634450 71
38380032 406153 90
38380083 609021 73
14886593 874962 45
38396325 622372 29
15063492 1335618 32
15829143 987044 96
29589970 3041728 23
13406242 1116119 85
38400084 1308977 40
14885606 418363 7
14885606 2112005 65
14885606 3292274 82
14885606 1473593 31
14885606 14885621 19
38561521 2138205 45
38587524 2140676 24
38589007 2779374 45
38589007 3140988 33
38589007 1612294 6
38589007 1858534 39
38589007 10247424 64
38589007 2633527 30
38589007 501994 68
38619238 1148290 49
10605511 1335565 8
38630934 2954891 58
38630934 1889383 98
38630934 623522 71
38630934 10251492 96
38642630 345518 63
13375804 539721 38
29762258 1983180 32
39164217 231473 86
39422620 819994 98
39422621 869453 34
39422623 2070864 77
39422625 1264504 85
39422625 864469 62
39422625 1193110 66
39422625 1558451 61
39422625 682528 34
39422625 1198534 67
39422625 1041759 72
39422625 1696382 93
39422625 1074793 14
39422625 481042 68
39422625 716016 16
39422629 666219 99
39422631 1042035 97
39422631 1039427 35
39422631 3041773 67
39422634 2016653 75
39422635 1136528 24
39422637 49576 62
39422638 1195050 71
39422639 1194954 66
39422640 1786528 77
39422640 1338276 79
39422642 955473 61
39422643 1740356 4
39422643 293607 56
39422645 504614 55
39422645 618951 19
39422647 293596 77
39422647 306721 75
39422647 682609 35
39422648 626087 65
39422648 2070711 44
39422648 630043 86
39422648 72609 23
39422649 1010963 50
39422650 420046 7
39422651 2207713 38
39422652 1335808 95
39422653 2368108 27
39422655 599472 91
39422656 29792319 36
39422657 4112657 12
39422659 1483578 86
39422660 22341202 48
39422662 2895275 18
39422663 25056717 78
39422664 24978095 92
39422666 1483579 64
39422666 1107386 51
39422666 10205906 18
39422666 23799646 13
39422668 2069450 16
39422671 3411695 17
39422672 11709550 41
39422675 974134 56
39422676 501644 32
39422677 3276639 30
39422678 1916324 37
39422678 970425 50
39422679 2618365 81
39422680 1198013 99
39422681 722053 39
39422681 463253 46
39422681 33799952 5
39422683 1168098 55
39422684 2693409 51
39422684 1912835 70
39422685 3713713 34
39422686 1180000 88
39422687 1287703 88
39422688 318507 42
39422689 372555 33
39422690 867237 37
39422691 230055 76
39422692 1453002 13
39422693 55924 52
39422695 318587 51
39422697 1692582 91
39422698 397424 77
39422700 1988941 12
39422701 157259 16
39422702 1848462 97
39422703 887824 83
39422704 1563816 28
39422705 1579006 95
39422706 405443 51
39422708 698587 82
39422710 2895062 79
39422712 56475 54
39422713 374049 48
39422714 743616 87
39422715 449071 34
39422719 762022 18
39422722 2105593 66
39422723 1629982 84
39422724 1266313 92
39422725 713923 67
39422726 860027 52
