237251 723268 16
11915230 11915235 5
12007005 12007014 17
12077196 12077199 72
12145309 12145317 39
12147941 12147947 99
12196102 12196109 80
7626321 7626351 88
12293161 12293165 98
12311297 12311299 78
12314135 12314141 38
13236183 13236189 50
288673 805862 85
13236249 13236258 66
288677 805914 82
13236367 13236375 23
13236385 13236392 24
13236400 13236407 84
13236417 13236424 41
13236431 13236438 3
13236445 13236450 7
13236457 13236465 64
13236473 13236478 35
13236483 13236487 87
13236491 13236496 46
13236501 13236508 90
13236514 13236521 19
13236535 13236542 92
13236558 13236563 21
13236568 13236575 58
13236583 13236588 34
13236593 13236599 75
13236605 13236610 34
13236615 13236621 86
13236627 13236632 64
13236636 13236640 78
13236644 13236649 14
13236654 13236660 93
13236666 13236672 46
13236677 13236684 41
13236691 13236696 28
13236706 13236710 12
13236714 13236718 24
13236722 13236727 13
13236733 13236738 69
13236742 13236748 84
13236765 13236770 66
13236776 13236780 9
13236785 13236790 98
13236795 13236801 83
13236808 13236814 17
13236820 13236826 51
13236844 13236850 3
13236867 13236873 16
13236902 13236909 70
288678 805928 80
13236930 13236937 87
13236957 13236963 90
13236976 13236981 95
13236986 13236992 90
13236998 13237005 80
13237012 13237016 18
13237027 13237033 62
13237040 13237045 66
13237051 13237056 18
13237062 13237068 49
13237076 13237081 54
13237088 13237093 63
13237099 13237104 8
13237110 13237115 7
13237121 13237127 59
13237134 13237140 83
13237148 13237154 84
13237161 13237166 77
13237172 13237177 59
13237183 13237189 71
13237195 13237201 27
13237209 13237215 81
13237233 13237238 61
13237244 13237249 66
13237255 13237261 79
288679 805943 11
13237267 13237272 84
13237279 13237285 31
13237291 13237298 12
13237316 13237321 69
13237327 13237332 35
13237348 13237355 65
13237363 13237368 8
13237374 13237379 51
13237385 13237391 45
13237399 13237405 35
13237422 13237427 52
13237433 13237438 9
13237444 13237450 40
13237455 13237460 94
13237465 13237470 21
13237475 13237480 11
13237487 13237493 35
13237501 13237507 54
13237514 13237519 97
13237524 13237529 99
13237535 13237540 33
13237554 13237560 68
13237575 13237579 42
13237584 13237591 49
13237599 13237604 20
13237621 13237626 76
13237631 13237636 7
13237641 13237646 49
13237657 13237662 36
13237669 13237675 99
13237700 13237705 69
13237711 13237715 88
13237730 13237736 32
288681 805966 65
13237754 13237761 12
13237769 13237775 80
13237782 13237788 58
13237806 13237811 52
288684 806003 87
288691 806111 98
11891941 11891952 99
13238095 13238098 84
13238175 13238180 64
13238185 13238191 50
13238197 13238202 78
13238207 13238213 61
13238218 13238224 85
13238230 13238235 53
288488 804429 54
13238255 13238260 49
13238263 13238268 17
13238273 13238277 22
13238320 13238324 14
13238338 13238343 59
13238348 13238352 27
13238356 13238361 13
13238366 13238370 31
13238415 13238419 56
288489 804444 5
288490 804466 64
13238445 13238449 54
13238454 13238460 58
13238467 13238472 34
13238478 13238482 89
13238487 13238491 27
288492 804489 8
13238496 13238500 85
13238505 13238509 20
13238513 13238518 17
13238525 13238532 36
288493 804505 96
13238540 13238547 80
13238556 13238560 43
13238565 13238570 50
13238577 13238582 33
288494 804521 12
13238599 13238603 63
288495 804539 56
13238615 13238620 25
13238627 13238632 66
13238638 13238643 5
13238649 13238654 5
13238661 13238666 92
1100297 1970667 30
13238671 13238676 66
13238695 13238700 34
13238738 13238743 40
13238749 13238754 58
13238760 13238765 18
288496 804565 74
13238771 13238777 58
13238783 13238787 83
13238792 13238799 44
13238805 13238810 68
13238844 13238850 100
13238879 13238886 37
13238891 13238903 25
1578277 2437196 61
281783 791711 7
4848600 4848684 38
1843757 2648683 36
13238992 13238997 29
13239002 13239008 6
13239031 13239035 81
13239046 13239052 56
13239086 13239090 70
1843758 2648695 41
1843759 2648707 6
13239095 13239100 77
13239106 13239111 49
13239117 13239122 50
1843760 2648781 48
13239130 13239134 57
13239139 13239144 15
13239150 13239156 98
13239178 13239183 62
13239212 13239218 24
1797868 2612506 96
1797874 2612560 41
1346681 2221670 17
13239360 13239366 81
1346682 2221684 27
1346683 2221698 26
13239449 13239454 44
13239458 13239463 17
877500 1694895 85
1346684 2221709 96
13239506 13239511 68
13239516 13239521 31
2481376 3155840 92
13239618 13239622 85
13239643 13239652 70
13239663 13239667 28
13239672 13239676 49
13239681 13239685 30
13239697 13239701 22
13239706 13239713 62
13239722 13239726 96
13239731 13239748 85
13239766 13239773 31
13239787 13239796 13
13239806 13239813 72
13239822 13239826 7
13239853 13239859 77
1705657 2536120 89
12265095 12265109 31
13239903 13239908 53
13239912 13239925 19
1705659 2536142 66
13239942 13239948 7
13240005 13240011 5
1792202 2608907 35
13240079 13240085 40
1851417 2653654 86
391557 1002053 70
13240110 13240114 14
1851419 2653679 63
13240125 13240132 91
435811 1083741 36
13240202 13240207 6
1836703 2642792 60
13240232 13240236 22
578296 1295048 71
2172550 2913127 33
2172551 2913136 50
1603042 2453367 89
2593767 3228844 52
13240259 13240265 65
13240270 13240276 23
13240281 13240288 50
10102016 10102035 13
13240305 13240310 43
2728349 3319304 24
13240315 13240322 47
918389 1725611 90
13240342 13240347 58
13240367 13240373 65
13240378 13240384 64
13240390 13240396 85
13240412 13240418 64
918392 1725653 68
13240451 13240457 14
1294042 2172004 56
13240478 13240484 90
13240489 13240493 44
13240507 13240513 32
13240518 13240524 1
918393 1725664 32
13240530 13240539 96
13240549 13240556 63
13240562 13240567 10
13240571 13240578 74
918394 1725674 92
13240604 13240610 49
13240632 13240635 31
13240721 13240725 98
13240824 13240832 95
13240871 13240874 33
13240877 13240883 38
13240888 13240899 45
1781794 2598509 16
3242385 3689080 10
2062911 2822319 24
2653347 3271807 37
13240953 13240958 61
13241058 13241064 94
13241069 13241073 63
13241132 13241138 95
1945976 2719770 38
13241212 13241219 80
13241231 13241234 68
13241241 13241250 83
1222464 2099863 28
1222465 2099873 34
13241296 13241306 96
13241317 13241321 31
13241325 13241328 76
13241332 13241337 87
13241369 13241377 100
13241423 13241427 92
578929 1296015 88
13241508 13241514 73
13241524 13241530 77
11537378 11537402 57
13241596 13241605 99
13241614 13241621 60
6877676 6877711 69
13241684 13241689 100
13241695 13241701 58
13241720 13241726 22
13241733 13241739 14
13241745 13241750 49
13241757 13241763 45
13241771 13241777 87
13241784 13241790 16
13241813 13241819 71
13241830 13241849 59
13241873 13241879 97
13241915 13241919 18
13241923 13241929 43
13241937 13241986 23
13242061 13242068 62
13242076 13242084 34
13242095 13242101 29
13242150 13242157 33
13242178 13242184 39
13242195 13242201 37
13242218 13242227 13
13242273 13242277 54
13242312 13242320 97
13242350 13242357 33
803714 1603730 25
13242406 13242414 76
13242469 13242475 96
13242491 13242498 100
13242525 13242529 65
13242542 13242547 43
13242585 13242590 55
803715 1603742 70
13242624 13242629 86
13242652 13242658 55
13242695 13242699 42
13242844 13242850 91
3118508 3597817 98
3118509 3597833 85
13242908 13242914 91
1634060 2479688 10
13242920 13242926 66
13242976 13242981 75
3955611 4153180 39
13243073 13243079 55
13243129 13243135 6
391575 1002125 40
13243220 13243229 96
2577259 3216647 5
3262432 3702487 7
3262434 3702510 77
3262435 3702519 21
1083262 1945136 1
1083263 1945152 12
13243281 13243287 4
13243318 13243323 10
13243348 13243353 59
1086083 1948175 4
1086084 1948185 8
1948171 2721746 1
893692 1706843 24
13243476 13243483 1
13243548 13243554 64
1083401 1945237 47
13243656 13243663 99
13243695 13243701 55
13243708 13243712 1
13243716 13243737 9
13243758 13243761 17
13243791 13243795 82
13243800 13243807 2
4798450 4798684 57
13243834 13243838 1
13243850 13243855 90
13243861 13243866 55
7690514 7690531 25
4277397 4367230 58
13243914 13243917 90
13243921 13243925 77
13243930 13243934 29
13243938 13243949 44
13243958 13243964 59
13243969 13243973 79
13243977 13243981 64
13243993 13243998 15
13244020 13244027 61
13244048 13244054 44
13244061 13244066 80
1793467 2610005 14
1793468 2610014 93
13244084 13244088 28
13244109 13244113 33
13244117 13244123 99
13244128 13244132 86
13244136 13244141 2
13244159 13244164 5
1797061 2611842 84
1580512 2439574 74
13244283 13244288 54
13244498 13244506 85
13244524 13244529 98
13244535 13244541 29
1439006 2307991 98
13244554 13244558 85
13244570 13244575 41
1439007 2308003 40
3018331 3528138 30
237252 723286 3
1085131 1947295 28
13244679 13244683 12
2453569 3132918 52
13244728 13244735 63
760123 1543290 30
13244839 13244847 50
13244926 13244930 3
2631134 3256263 26
5579715 5579758 53
977653 1821224 80
13245064 13245069 26
13245096 13245102 58
13245153 13245159 10
13245181 13245186 27
13245246 13245252 100
13245312 13245319 48
13245424 13245429 66
13245506 13245509 13
13245653 13245664 30
13245710 13245716 1
13245759 13245763 80
13245768 13245771 30
13245783 13245788 26
13245798 13245803 37
13245826 13245832 78
13245826 13245833 39
13245837 13245844 22
13245868 13245875 51
13245974 13245979 28
13245982 13245990 2
13245999 13246006 66
13246015 13246019 17
13246042 13246047 44
13246161 13246165 11
13246176 13246181 87
13246192 13246199 65
13246293 13246299 100
13246431 13246436 44
13246453 13246459 15
13246469 13246474 96
13246585 13246589 95
13246638 13246643 85
13246648 13246653 59
13246729 13246732 28
4269499 4360455 96
13247001 13247007 87
13247034 13247040 69
13247170 13247174 93
13247225 13247235 32
13247276 13247280 11
674684 1416497 24
13247326 13247331 26
13247417 13247423 83
13247474 13247479 94
13247529 13247536 68
996271 1844292 89
6357223 6357285 32
13247732 13247736 64
13247797 13247805 31
13247833 13247839 72
13247903 13247910 99
13247980 13247985 98
13248080 13248087 48
13248210 13248214 55
13248305 13248320 58
13248374 13248378 22
13248406 13248415 43
13248551 13248560 85
13248606 13248612 51
13248617 13248621 5
13248667 13248673 98
13248678 13248684 22
10352099 10352121 88
13248836 13248842 23
13248860 13248869 33
13248916 13248921 56
13248937 13248943 62
13248954 13248966 49
8290051 8290075 82
803910 1604249 52
13249074 13249078 44
13249104 13249112 21
4712911 4715527 83
13249215 13249220 71
13249248 13249255 81
13249276 13249282 86
13249328 13249333 100
2293233 3012154 54
13249449 13249453 5
13249473 13249479 70
13249497 13249500 90
13249513 13249519 100
13249557 13249562 27
13249610 13249615 61
13249739 13249749 61
13249912 13249915 79
13249978 13249981 80
13286315 13286320 15
6903602 6903628 12
13340273 13340281 19
957987 1792061 51
1580514 2439597 80
1605866 2455860 26
1605866 2455861 73
13379154 13379160 24
13385948 13385954 98
13387431 13387434 75
1781795 2598519 45
13425142 13425148 98
13425974 13425980 80
13425974 13425981 2
805154 1605155 63
2292456 3011270 96
13487509 13487515 45
13501553 13501558 39
13506216 13506222 85
13506227 13506231 56
13512320 13512324 44
13518800 13518805 80
13518800 13518806 36
13518800 13518807 57
13518800 13518808 16
13518800 13518809 96
7457150 7457176 31
13519360 13519363 94
673883 1416268 26
14128695 14128698 7
14222163 14222167 86
14272950 14272952 27
14272950 14272953 47
14272950 14272954 84
14298626 14298630 99
1792930 2609578 32
14305376 14305379 5
1848082 2651601 87
14310224 14310229 45
14311862 14311866 55
14312442 14312448 44
14312693 14312697 82
14312778 14312781 4
14312890 14312895 82
14313583 14313587 96
14314430 14314435 95
14314868 14314872 82
14315317 14315320 85
14315350 14315354 13
14315478 14315481 77
14315922 14315926 98
1793470 2610024 55
14322905 14322908 21
14322912 14322915 74
14324018 14324021 73
14324024 14324028 7
14324038 14324042 24
14324366 14324370 32
2577261 3216659 39
14324927 14324931 65
14328785 14328791 5
14328797 14328800 22
14331874 14331878 100
14331949 14331953 58
14333158 14333161 57
3735387 4010742 63
14337265 14337270 18
14337351 14337354 36
14338091 14338096 52
14338226 14338230 95
14338509 14338512 18
1069509 1932603 36
14338989 14338992 22
14341649 14341652 80
14343642 14343648 24
1851424 2653700 82
1792933 2609593 88
14350022 14350027 59
14350596 14350600 43
14350722 14350725 15
14352443 14352446 34
14353054 14353057 61
14353061 14353065 56
14354503 14354508 47
14360628 14360632 69
14372555 14372559 25
14373743 14373747 7
14374956 14374959 16
14381778 14381783 72
14389588 14389592 71
14389958 14389963 47
14390688 14390693 49
14390817 14390821 69
436225 1084192 13
1832730 2638847 38
14444027 14444031 50
14444085 14444088 10
5477518 5477595 96
14471024 14471028 13
4718061 4720419 86
14498709 14498712 70
3734708 4010425 62
11745435 11745445 53
14564803 14564806 67
14658453 14658458 3
14673529 14673532 71
14683905 14683910 83
14683915 14683921 46
14684448 14684451 68
14684459 14684462 33
14686366 14686370 76
14686375 14686380 81
14689773 14689777 42
14692126 14692131 6
14693387 14693391 66
14693439 14693442 74
14694672 14694676 6
437489 1084849 28
14695807 14695810 61
1346687 2221727 69
14695875 14695879 84
14695923 14695927 98
14696402 14696406 49
14696411 14696414 47
14697908 14697912 94
14697916 14697920 20
14697924 14697928 2
14697932 14697936 100
14699585 14699588 43
14700160 14700163 12
14700546 14700551 42
1633894 2479566 41
14702522 14702526 76
14702551 14702555 22
14702586 14702589 83
14702638 14702641 61
14702644 14702647 69
14702650 14702653 63
14702657 14702660 100
14702684 14702687 2
5477519 5477603 57
14702837 14702841 68
14702850 14702853 87
14702893 14702897 88
14702960 14702963 49
14705416 14705420 74
14705638 14705642 27
14706902 14706906 28
14708643 14708647 89
14716271 14716278 63
14745204 14745208 23
14747518 14747523 71
14747582 14747585 70
14748000 14748005 53
14753492 14753497 65
14754665 14754673 56
14754665 14754674 88
14760957 14760960 67
4140489 4278459 39
14935492 14935495 12
14937946 14937949 20
3978534 4168175 77
15013884 15013899 22
15014371 15014374 2
15186076 15186079 64
4352734 4417983 92
15385832 15385840 65
15385864 15385867 73
15385870 15385873 56
1851426 2653708 25
15385883 15385886 10
15385889 15385892 91
15385899 15385902 54
15385905 15385908 4
15385911 15385914 51
15385917 15385920 27
15385963 15385966 94
15385970 15385973 2
15385989 15385992 71
2650880 3270136 67
1578280 2437205 26
15386348 15386351 81
15386389 15386392 75
15386410 15386413 66
15386423 15386426 57
15386430 15386433 68
15386437 15386440 93
15386444 15386447 36
15386451 15386454 68
15386458 15386462 34
15386523 15386526 61
15386530 15386533 18
15386543 15386546 12
15386550 15386553 1
15386557 15386560 17
1843763 2648854 60
15386587 15386591 55
15386599 15386602 32
15386668 15386671 97
15386679 15386682 29
15386778 15386782 97
15386786 15386790 84
15386800 15386804 26
15386808 15386812 5
15386816 15386821 30
15386825 15386829 98
15386833 15386837 63
15386841 15386845 62
15386849 15386853 67
15386857 15386861 25
15386865 15386869 82
15386873 15386877 74
15386881 15386884 33
15386888 15386892 77
15386896 15386900 99
15386904 15386908 44
15386912 15386915 2
15386926 15386931 70
15386935 15386939 21
15386970 15386974 65
15386982 15386986 77
15387001 15387005 47
15387045 15387049 53
15387056 15387060 11
15387101 15387105 93
15387131 15387134 14
15387138 15387142 15
15387146 15387150 25
15387154 15387158 56
15387162 15387166 25
15387169 15387172 46
15387175 15387178 60
15387182 15387186 72
15387190 15387193 92
1346689 2221735 36
15387216 15387219 56
1603059 2453401 20
1603060 2453406 97
15387223 15387226 34
15387234 15387239 76
15387243 15387246 60
15387250 15387253 1
1603061 2453411 38
1603062 2453417 63
15387257 15387260 23
15387264 15387268 4
15387271 15387274 98
1705663 2536149 16
15387298 15387303 42
15387368 15387374 100
15387379 15387382 28
15387402 15387405 19
15387409 15387413 42
15387418 15387421 65
15387425 15387429 90
3597881 3924928 28
15387546 15387549 83
15387558 15387561 32
15387565 15387569 74
15387573 15387576 37
15387590 15387593 96
15387619 15387625 72
15387707 15387710 87
4729021 4730917 40
15387745 15387749 81
15387752 15387755 71
15387768 15387771 25
15387793 15387796 20
15387799 15387802 44
15387805 15387808 61
15387816 15387819 37
15387832 15387835 40
15387853 15387856 60
15387864 15387867 93
15387876 15387879 99
15387933 15387936 27
15387984 15387987 70
15388029 15388032 31
15388050 15388053 44
15388139 15388142 84
15388150 15388152 91
15388158 15388161 13
15388240 15388243 63
15388247 15388255 72
15388361 15388364 93
15388367 15388370 21
1083267 1945169 86
15388390 15388393 90
15388400 15388403 45
1083268 1945175 98
15388425 15388429 41
15388480 15388484 60
15388579 15388582 56
15388585 15388588 2
1083404 1945245 25
1083405 1945250 82
15388595 15388597 5
15388599 15388602 71
15388605 15388608 100
15388611 15388614 17
15388618 15388621 71
15388657 15388660 46
1847662 2651209 36
15388685 15388688 12
15388708 15388711 91
15388715 15388720 51
15388724 15388727 56
15388741 15388745 21
15388749 15388752 71
1792733 2609434 32
15388760 15388763 84
15388766 15388769 26
1792734 2609441 7
1792735 2609448 47
15388798 15388801 97
15388804 15388807 40
15388810 15388813 89
15388817 15388821 59
15388826 15388829 54
15388839 15388844 46
15388850 15388853 83
15388875 15388878 52
15388895 15388898 91
15388901 15388905 11
15388908 15388911 26
1633896 2479571 77
15388933 15388937 4
15388943 15388947 32
1797881 2612601 11
15389456 15389460 46
15389468 15389472 55
15389476 15389480 68
15389484 15389488 77
15389491 15389495 83
15389499 15389503 89
15389507 15389511 45
15389941 15389945 95
15389949 15389953 14
957991 1792083 12
1797069 2611881 89
15390343 15390346 40
15390514 15390517 62
15391448 15391451 15
15392000 15392003 32
15392183 15392186 9
15392644 15392648 34
15392656 15392660 21
15392664 15392668 9
15392672 15392676 67
1083406 1945259 19
15393851 15393854 81
15393971 15393975 22
15396980 15396984 65
15397233 15397236 54
15397728 15397732 19
15399621 15399625 78
15399845 15399848 48
15399854 15399858 77
13324182 13324190 82
15400449 15400452 26
1705664 2536157 51
15402262 15402265 7
15402575 15402579 23
15403568 15403573 100
15407967 15407970 39
15408013 15408015 47
15408845 15408849 48
15465746 15465749 98
15465752 15465755 83
288508 804882 49
15465790 15465793 59
15465797 15465800 66
15465803 15465806 1
15465809 15465812 98
15465819 15465822 51
15465826 15465829 6
15465842 15465845 83
15465934 15465937 41
15465945 15465948 92
15466292 15466295 72
15466493 15466495 77
15466669 15466672 19
15466932 15466935 17
15467045 15467054 96
15467592 15467602 7
15467643 15467646 77
15467824 15467827 85
15467843 15467846 70
15467955 15467958 76
15467962 15467965 3
15468027 15468029 16
15469919 15469922 88
15493424 15493427 61
15510006 15510009 71
15570122 15570125 72
15660818 15660821 52
21963270 21963272 19
21963281 21963309 17
21963780 21963782 97
21963872 21963875 38
21964021 21964083 31
21964177 21964219 94
21964377 21964379 77
21964409 21964411 72
21965175 21965177 32
21965222 21965224 39
21965344 21965346 87
21965616 21965618 13
21965681 21965689 34
21966330 21966332 92
21966402 21966404 60
21966417 21966419 62
21966519 21966521 85
21966537 21966539 56
21966541 21966543 96
21966721 21966723 86
21967463 21967465 50
21967936 21967941 69
10485663 10485667 18
21968157 21968159 98
21968820 21968823 2
21969111 21969114 12
14935075 14935081 62
21969592 21969594 48
21969635 21969681 57
21969757 21969759 57
21969761 21969763 73
3104767 3587795 72
21970546 21970551 22
21970651 21970653 33
21970711 21970713 23
21970862 21970864 39
21971364 21971370 85
21971466 21971469 77
3388630 3785844 85
21971526 21971528 74
21971531 21971534 84
21971623 21971625 52
21971815 21971816 80
21971847 21971851 4
21972091 21972094 82
21972123 21972125 50
21972550 21972552 37
21972651 21972655 44
21972794 21972799 76
21972928 21972930 68
21972945 21972950 32
21973327 21973329 85
3932627 4139149 19
21973768 21973771 82
21973814 21973816 66
21974034 21974036 60
21974579 21974581 21
21974586 21974588 77
21975037 21975039 89
4716162 4718549 78
21975239 21975241 68
21975472 21975474 8
21975533 21975535 4
3680366 3977096 31
21975717 21975719 71
21975842 21975844 74
21976040 21976043 95
21976048 21976050 22
281494 790324 76
21976788 21976791 10
13359872 13359904 31
2216924 2950037 98
21977150 21977152 4
21977239 21977241 24
21977255 21977257 86
21977317 21977319 84
21977321 21977323 79
6357230 6357291 95
21977811 21977827 66
21978245 21978247 80
21978368 21978370 80
21978582 21978584 93
21978644 21978646 91
21978771 21978773 49
21978885 21978887 87
21979059 21979061 10
21979063 21979065 36
21979253 21979256 73
1851435 2653720 23
6357231 6357294 50
21980195 21980198 92
7620192 7620244 32
7620192 7620245 65
3081891 3570830 17
21980501 21980503 28
21980542 21980544 41
1633902 2479577 14
21980705 21980707 80
21980782 21980784 41
2577268 3216664 5
21980988 21980990 84
3273635 3712052 25
7380485 7380526 38
21981095 21981097 94
21981161 21981163 5
21981210 21981212 18
21981218 21981220 39
21981334 21981336 13
21981433 21981435 54
13486195 13486205 52
21981480 21981482 90
21981720 21981723 57
21981865 21981868 50
21981918 21981920 72
21982143 21982146 85
21982456 21982458 53
21982673 21982675 75
21982829 21982831 94
21983197 21983199 43
7741131 7741170 97
21983800 21983802 24
4156178 4288559 44
21983990 21983992 15
21984018 21984021 66
21984093 21984095 92
21984234 21984236 26
21984254 21984256 17
21984429 21984431 15
21984454 21984456 22
21984777 21984779 24
7258162 7258180 87
21984952 21984955 48
21985133 21985135 79
21985850 21985854 75
21986013 21986015 74
21986096 21986104 81
15074589 15074624 39
15074589 15074625 16
21986117 21986119 62
21986565 21986567 61
21987060 21987062 87
21987205 21987207 10
21987622 21987624 53
21987647 21987650 4
21988023 21988025 55
3597886 3924933 14
21988142 21988144 31
21988164 21988166 13
21988441 21988443 37
21988482 21988484 48
21988712 21988715 28
21989080 21989082 28
735152 1506596 87
21989181 21989183 74
21989370 21989373 97
21989526 21989528 75
21989590 21989593 14
21989605 21989609 63
21989805 21989807 46
21989817 21989819 84
21989927 21989929 64
21990164 21990166 78
21990249 21990252 30
21990302 21990304 34
21990332 21990334 55
21990432 21990434 77
13239121 13239128 67
21990624 21990626 52
21990744 21990746 14
21990879 21990881 82
21990939 21990947 42
3242115 3688967 7
21990976 21990978 96
21991031 21991035 79
21991141 21991143 2
21991165 21991167 16
21991221 21991223 34
21991685 21991687 13
21991784 21991788 78
21991808 21991810 77
674698 1416556 39
21992270 21992274 48
21992361 21992363 10
14235487 14235511 8
21992397 21992399 84
21992534 21992536 58
21992725 21992731 58
6231064 6231137 99
21992868 21992872 86
21992987 21992989 77
21992994 21992996 6
21993044 21993046 91
21993159 21993161 42
21993494 21993496 51
21993507 21993509 7
2552939 3200328 100
21993572 21993574 13
21993645 21993648 60
21994073 21994076 14
21994408 21994410 47
21994419 21994421 42
21994513 21994515 68
21994583 21994586 62
21994622 21994624 14
4473990 4507493 90
21995228 21995230 14
21995354 21995357 74
21995359 21995361 34
21995410 21995412 78
21995671 21995673 84
21995689 21995691 63
21995792 21995797 44
21995918 21995921 53
21996094 21996096 40
21996113 21996116 73
21996524 21996526 45
21996630 21996632 1
21996852 21996854 17
21997499 21997502 23
21997557 21997559 4
21997740 21997742 7
21997998 21998000 13
21998118 21998120 79
21998152 21998154 32
21998165 21998167 74
21998269 21998271 78
21998277 21998279 47
21998661 21998663 68
2651456 3270294 60
21998937 21998939 19
3957315 4154348 47
21999085 21999087 49
21999211 21999214 84
21999298 21999300 32
21999368 21999370 91
21999375 21999377 40
21999526 21999529 85
14928757 14928767 63
21999922 21999924 65
21999936 21999938 24
22000005 22000007 61
22000123 22000126 40
22000260 22000264 40
22000430 22000432 25
22000619 22000621 36
22000656 22000658 60
22000977 22000979 70
22001180 22001182 18
22001234 22001237 32
22001300 22001302 9
22001346 22001349 13
22001423 22001425 53
22001505 22001507 90
9877134 9877152 2
22001514 22001516 62
22001750 22001752 61
1069355 1932366 74
22002131 22002135 21
14341712 14341717 51
22002243 22002245 39
22002276 22002279 9
22002368 22002370 47
22002471 22002475 52
22002615 22002617 76
22003057 22003059 89
22003226 22003228 33
22003345 22003348 60
22003389 22003391 35
288705 806155 62
1851436 2653724 59
4707086 4710170 66
22003839 22003841 62
22004229 22004232 37
299899 824771 24
22004286 22004288 56
22004456 22004458 14
22004503 22004505 64
22004535 22004537 16
22004663 22004665 26
22004667 22004669 69
22004686 22004688 12
22004873 22004876 100
22004895 22004897 47
22005075 22005077 17
22005139 22005141 22
10769857 10769869 22
22005329 22005331 82
4712916 4715535 67
22006030 22006032 72
22006137 22006140 54
22006168 22006170 99
22006369 22006371 53
22006442 22006444 77
12837003 12837027 7
22006486 22006489 96
22006587 22006589 32
22006991 22006993 61
22007208 22007210 6
22007269 22007271 25
4756152 4756902 39
22007869 22007871 77
22007942 22007944 34
22007959 22007961 36
22007986 22007988 2
22008234 22008236 2
22008277 22008279 3
22008379 22008381 72
22008393 22008395 7
22008443 22008445 47
22008565 22008567 2
22008574 22008576 29
14919528 14919554 89
15649186 15649193 16
22008929 22008931 29
22008933 22008935 37
22009010 22009012 4
22009223 22009225 24
4724309 4726063 48
22009625 22009627 32
22009684 22009686 32
22009705 22009707 79
9835614 9835638 39
22009893 22009895 77
2961501 3486698 54
22010162 22010164 63
22010632 22010634 5
22010632 22010635 36
22010691 22010693 34
22010735 22010738 40
22010773 22010775 35
22010789 22010791 43
22010911 22010914 24
22010926 22010928 10
22011003 22011005 5
22011011 22011013 57
22011172 22011174 16
22011270 22011272 22
22011327 22011329 26
22011829 22011831 48
4883381 4883428 23
9767593 9767611 68
9767593 9767612 96
910075 1720695 32
910075 1720696 100
22012601 22012603 90
4429760 4473927 45
22012799 22012801 22
22012875 22012877 66
22012933 22012935 52
1851437 2653730 43
22013062 22013064 29
22013079 22013081 59
22013097 22013099 19
2577269 3216667 32
22013749 22013751 4
22013852 22013856 23
21983203 21983206 52
22013905 22013907 41
22013936 22013938 29
22013946 22013948 37
22014199 22014201 58
22014276 22014278 73
22014477 22014480 83
22014585 22014587 96
22014589 22014591 98
22014596 22014598 50
22014607 22014609 20
22014646 22014649 9
22014655 22014658 57
22014813 22014815 23
22015077 22015079 77
22015082 22015084 77
22015114 22015116 10
22015134 22015136 11
22015139 22015141 99
22015265 22015268 98
22015300 22015302 29
1069356 1932372 26
22015368 22015370 28
22015372 22015374 46
22015511 22015513 54
22015523 22015525 100
22015749 22015751 4
7380486 7380529 71
3934155 4140207 69
22016092 22016094 1
22016273 22016275 2
22016343 22016345 89
22016377 22016379 53
22016395 22016397 77
12656844 12656849 57
22016405 22016407 88
22016843 22016845 93
22016848 22016850 62
22016869 22016872 30
22016884 22016886 28
22016937 22016939 26
22017127 22017129 14
22017134 22017136 10
22017227 22017230 44
22017279 22017281 36
22017431 22017433 61
22017461 22017463 32
22017544 22017546 26
22017548 22017551 24
22017699 22017701 21
22018102 22018104 96
22018132 22018134 29
22018160 22018162 28
22018198 22018201 67
22018234 22018236 21
22018340 22018342 7
22018585 22018587 12
22018679 22018681 48
22018920 22018922 68
5004857 5004882 63
22019001 22019003 75
22019095 22019097 66
22019147 22019150 12
22019275 22019278 42
3832960 4075029 54
22019442 22019444 18
1851438 2653736 35
22019763 22019765 75
22019787 22019789 43
22020018 22020020 76
22020219 22020221 94
4597030 4607906 7
22020310 22020312 3
22020594 22020596 93
22020746 22020748 1
22020793 22020795 2
4607904 4617974 87
22021053 22021055 85
22021111 22021113 91
22021149 22021151 14
22021369 22021371 59
22021406 22021408 42
22021436 22021438 66
22021577 22021579 46
22021699 22021701 69
22021763 22021766 13
4241045 4345069 73
4241045 4345070 10
22021854 22021856 61
1792741 2609453 100
22021986 22021992 65
22022082 22022084 44
22022102 22022104 34
22022152 22022154 3
22022162 22022164 79
22022212 22022214 75
2292870 3011866 74
22022255 22022257 93
22022277 22022279 34
22022374 22022376 80
22022396 22022398 63
22022507 22022509 37
22022564 22022566 20
22022641 22022644 30
22022660 22022662 32
22022854 22022856 50
22022943 22022945 63
22023062 22023064 12
22023115 22023117 14
22023151 22023153 41
22023387 22023389 28
22023460 22023462 51
2437193 3119338 64
22023876 22023878 75
22024121 22024123 98
22024238 22024240 57
22024245 22024247 83
22024335 22024337 57
22024787 22024789 100
22024865 22024867 76
22024960 22024963 68
22024988 22024990 35
22024995 22024997 94
22025067 22025069 83
22025071 22025073 1
4729028 4730929 18
22025262 22025264 65
22025438 22025440 38
437496 1084857 49
22025507 22025509 65
22025648 22025650 7
22025774 22025777 15
22025974 22025977 96
22026000 22026002 91
22026035 22026037 53
9897354 9897373 48
22026124 22026126 94
918403 1725691 57
22026162 22026164 18
22026261 22026263 6
1633903 2479581 3
22026429 22026432 43
22026531 22026533 27
22026651 22026653 95
22026736 22026738 49
1069358 1932379 10
22026825 22026828 57
22026864 22026866 77
22026894 22026896 54
22027047 22027049 88
22027110 22027112 85
22027313 22027315 59
22027344 22027346 8
22027396 22027398 90
22027813 22027815 62
22027906 22027909 55
1633996 2479587 87
22027939 22027941 99
22028038 22028041 50
22028185 22028187 32
22028224 22028227 22
22028276 22028278 63
22028477 22028480 28
22028531 22028533 100
22028624 22028626 65
22028827 22028829 79
22028977 22028979 92
4848608 4848692 81
22029055 22029057 92
22029282 22029285 42
22029398 22029400 45
22255391 22255394 76
25447094 25447096 71
30995148 30995150 54
30997408 30997409 49
31012548 31012549 77
33577642 33577643 25
33809276 33809278 96
33944935 33944937 30
34033202 34033203 16
12034421 12034428 79
34033231 34033232 36
34033233 34033234 63
34033235 34033236 80
34033235 34033237 93
34033238 34033239 81
34033264 34033265 62
34033267 34033268 84
35411858 35411859 18
37902020 37902021 11
38633439 38633440 66
39452642 39452643 99
39452645 39452646 82
1944904 2718622 60
39452647 39452648 10
39452650 39452651 92
39452652 39452653 48
15379276 15379282 13
39452654 39452655 85
39452657 39452658 18
39452659 39452660 38
39452661 39452662 15
