5037774 5037778 75
2715849 3308310 20
5038110 5038114 34
5038903 5038909 27
5038976 5038983 83
1503330 2367176 91
5040185 5040191 67
4943446 4943466 27
5049407 5049416 100
5049523 5049529 86
5051390 5051398 11
5051551 5051559 85
5054461 5054469 39
5059887 5059893 63
4002347 4184460 37
2594079 3229149 77
5067013 5067021 55
5075011 5075020 11
5075320 5075328 46
5077332 5077338 16
5077345 5077352 81
5080769 5080774 21
5083466 5083472 14
5085939 5085948 86
2745262 3337389 13
5090227 5090236 8
5090480 5090488 58
2932422 3467123 8
5110829 5110837 17
5111198 5111206 3
5113163 5113172 7
5115419 5115425 6
5119415 5119423 74
5122228 5122233 54
5090229 5090253 64
5126249 5126256 29
5129777 5129786 46
4428962 4473134 9
5137756 5137761 26
5137793 5137798 90
4089911 4239569 95
5154087 5154092 30
1279563 2155711 12
4428963 4473147 7
5043204 5043217 56
5171562 5171567 5
5171743 5171753 39
5172103 5172108 24
5172388 5172396 66
5172445 5172451 82
5172537 5172544 5
3201310 3659895 37
5176564 5176573 19
1070449 1933403 34
5177352 5177358 65
5177724 5177728 48
5177732 5177740 12
5177931 5177936 71
5177999 5178005 63
5178085 5178093 23
5178598 5178605 16
5178619 5178629 23
4119813 4263270 90
5178917 5178921 8
5179802 5179809 7
5179921 5179928 92
5180015 5180022 39
5180106 5180112 25
5180117 5180127 33
5191881 5191894 77
5192302 5192313 32
5194148 5194152 11
2932296 3467092 69
5210987 5210994 32
5049691 5049720 6
931375 1754648 86
5212341 5212348 86
5212574 5212582 84
5129779 5129803 22
5218013 5218021 7
5220267 5220274 12
3261302 3701957 56
5222418 5222426 74
5223908 5223913 49
2659727 3276450 80
5226272 5226277 38
1933395 2708907 22
5230432 5230438 77
5075013 5075037 52
2384391 3076534 18
5231154 5231162 42
5232848 5232855 4
5238460 5238463 86
5238468 5238477 7
901824 1711355 90
5248055 5248060 91
5248939 5248943 3
1808165 2619887 33
5253846 5253852 71
5254440 5254446 52
5172129 5172151 85
358523 956433 47
5255431 5255438 50
4986563 4986583 12
5255802 5255807 18
5256969 5256976 95
5257121 5257126 66
818960 1625844 13
1245633 2124845 55
5265472 5265481 11
1908925 2687196 76
5269103 5269110 46
5269960 5269968 73
5271122 5271129 94
718063 1477359 91
5315509 5315515 36
5319929 5319935 22
3467185 3840727 35
5323079 5323084 61
5278326 5278358 77
5334146 5334153 76
5334614 5334620 68
5334906 5334911 27
5341240 5341245 25
5345041 5345046 93
5354456 5354462 26
5356707 5356713 92
5359807 5359815 52
5360694 5360700 14
5365253 5365260 74
5366309 5366314 50
5369140 5369149 44
5369526 5369532 30
5379827 5379836 69
5380978 5380983 68
4302169 4383911 66
5072636 5072665 76
4943447 4943483 4
5393545 5393551 4
2420449 3106289 7
5406654 5406660 29
5417801 5417814 75
5426845 5426849 84
5047562 5047584 44
5432300 5432309 64
2317460 3024474 79
5432773 5432778 76
5432898 5432908 30
5447020 5447028 8
1452896 2322903 11
2569066 3208316 8
5464876 5464881 11
5257130 5257158 15
1046875 1908993 14
5478819 5478827 89
5486151 5486158 91
111287 358615 50
5487013 5487022 36
5489040 5489047 28
3840679 4080111 57
5492096 5492105 34
5151208 5151274 21
3076579 3566474 77
2625150 3252732 93
5500093 5500098 82
5510152 5510156 75
5513306 5513312 92
3390009 3786808 33
5518277 5518286 93
2708920 3303773 65
5536057 5536065 79
5538408 5538419 89
3719516 4002354 56
3701045 3990671 17
5543171 5543175 7
5549211 5549219 74
5549975 5549982 17
5550853 5550857 33
5555814 5555822 15
5038149 5038176 16
5561772 5561778 3
5566840 5566849 57
5567419 5567429 84
5569715 5569723 21
5572389 5572398 57
5572419 5572427 23
5574940 5574946 83
1958117 2728884 48
5578218 5578225 80
3399935 3792902 7
5586603 5586609 88
5589874 5589880 51
5590203 5590211 84
5592240 5592246 4
5594144 5594147 66
5594371 5594376 70
3533036 3884223 54
5598788 5598793 49
5607190 5607200 17
5609312 5609317 94
2328187 3030887 83
5628163 5628169 56
4175523 4302079 77
5644999 5645004 80
1460067 2330241 35
5647628 5647633 68
5649240 5649247 38
5652552 5652558 13
5653617 5653623 96
5657067 5657075 16
5659615 5659623 99
1080857 1942188 52
5660371 5660375 21
5660983 5660990 33
5663595 5663603 25
5667334 5667340 40
2582376 3220388 15
5677001 5677007 71
5681206 5681213 11
5686547 5686553 9
5693201 5693208 72
5697441 5697446 87
1629437 2476245 96
5704431 5704436 25
5704443 5704451 13
5706935 5706940 38
5255460 5255477 26
5710626 5710633 50
5711986 5711993 12
5716713 5716724 7
1791569 2608559 91
5726046 5726051 21
5729931 5729938 8
4320435 4395814 97
5738180 5738187 12
5739371 5739377 52
172805 533090 28
5749572 5749581 54
5752377 5752384 41
5760990 5760997 51
5761788 5761798 22
2449398 3129529 18
5772328 5772336 84
5777022 5777026 1
5777348 5777359 66
5782687 5782690 71
5787775 5787783 61
5255461 5255505 90
3990663 4175541 40
5807308 5807313 29
5820806 5820811 6
5827173 5827180 98
5029888 5029933 72
3303766 3729238 71
5215257 5215298 86
5852954 5852961 5
5262670 5262686 77
5860202 5860207 81
5861305 5861314 33
5862765 5862774 16
4291630 4376298 12
5869183 5869192 96
2150419 2893069 60
5871520 5871525 80
5871531 5871537 28
1080858 1942209 43
532999 1245646 31
5871963 5871968 27
5871972 5871982 13
5875242 5875249 69
5878993 5878998 34
5517230 5517252 9
3761023 4026853 53
5885256 5885265 57
5519888 5519916 30
5907593 5907599 17
5908369 5908380 62
5916551 5916557 46
5918048 5918053 80
5918779 5918787 67
5936854 5936862 33
5937882 5937888 40
5940227 5940232 25
5940261 5940269 72
4296827 4379654 50
5945246 5945251 15
5950924 5950929 57
5953830 5953836 51
2125034 2873079 40
5956091 5956099 54
4050633 4212636 87
5958591 5958601 27
5961072 5961079 79
5969906 5969913 40
5970430 5970438 13
5972658 5972664 77
2590648 3226407 43
5978913 5978918 71
5989814 5989823 16
6011047 6011051 75
6013132 6013141 33
4351395 4416957 79
6021222 6021229 80
6031399 6031405 83
6033234 6033241 52
6040188 6040194 38
6043643 6043647 6
6050748 6050757 97
1933396 2708926 10
6072890 6072894 85
6079402 6079407 4
6086733 6086737 49
6112422 6112426 3
6122852 6122856 11
6130889 6130894 28
6163443 6163448 18
6166403 6166409 68
6171095 6171100 75
6195497 6195505 67
5413056 5413102 80
6207200 6207211 58
6209374 6209383 37
6215006 6215014 76
6220567 6220573 2
6230034 6230040 52
6255768 6255777 38
6267236 6267242 24
6283729 6283737 96
6285276 6285286 11
6292432 6292437 39
6293135 6293141 3
6298786 6298792 95
6299606 6299612 35
499256 1186710 29
6327339 6327343 81
6329136 6329141 48
4991611 4991632 95
4523542 4546510 74
6337003 6337007 57
5114998 5115029 48
6361540 6361550 61
6362250 6362255 82
6363743 6363748 94
6380789 6380794 18
6383190 6383196 74
6399292 6399298 91
6399708 6399713 47
6400094 6400099 84
6403123 6403132 11
2601631 3235338 51
6409573 6409581 1
6411117 6411128 68
6414339 6414348 4
6419761 6419768 96
6411119 6411142 24
6427290 6427294 42
6438823 6438829 79
380207 987164 82
6441547 6441552 26
6444867 6444873 31
6451750 6451755 90
6452152 6452156 72
6455549 6455555 96
6457892 6457897 19
6472878 6472887 47
6483843 6483847 24
1339913 2211667 19
6490420 6490428 3
6497179 6497184 27
6498232 6498239 38
6498262 6498271 89
6502150 6502156 52
6502270 6502277 49
5515413 5515452 12
6512308 6512318 38
5319940 5319954 14
6518413 6518419 25
6521823 6521828 30
4119814 4263282 34
6535299 6535303 63
2430375 3113747 72
6547579 6547585 49
5151175 5151218 53
6559908 6559916 82
6562355 6562360 1
6565758 6565763 39
6572535 6572541 52
6579026 6579034 56
6579520 6579528 72
4040379 4206622 48
6399294 6399309 27
6584775 6584780 97
6585499 6585508 15
6589623 6589631 14
6590612 6590618 32
6592765 6592773 64
6598877 6598883 52
6602559 6602564 82
6609317 6609322 57
6610061 6610067 5
6611343 6611349 95
6615844 6615853 83
3235330 3684301 44
6623286 6623293 76
6629064 6629073 41
6634564 6634569 85
6637239 6637245 31
5211871 5211885 76
6658017 6658026 7
5319931 5319945 44
5153719 5153743 22
6666889 6666893 38
1831560 2637908 51
962211 1799977 34
6683545 6683551 91
6684219 6684227 2
6694883 6694889 95
3467227 3840842 5
6700953 6700959 55
6702917 6702925 83
6716144 6716153 29
4813316 4813532 31
6727432 6727438 61
6740334 6740341 92
6744400 6744407 46
6749962 6749967 53
5557225 5557253 36
5871974 5871995 65
6754601 6754608 92
5760268 5760288 68
6779337 6779346 100
6781027 6781037 96
6785003 6785007 41
5532263 5532281 12
6797284 6797293 47
6801912 6801919 25
6802689 6802697 94
6806751 6806756 87
2582392 3220477 52
6821248 6821253 31
5072657 5072740 42
6831032 6831038 38
6840837 6840843 41
6843339 6843344 53
6844486 6844490 13
2820678 3387330 79
6021224 6021240 82
3939734 4144057 79
6859583 6859589 89
6863370 6863375 96
5860204 5860219 92
6865639 6865644 43
6866121 6866125 10
6868408 6868417 7
6870535 6870542 58
6878566 6878571 93
6878852 6878857 65
6621465 6621479 77
4233907 4340077 58
6880902 6880906 10
6882366 6882371 39
6893400 6893408 21
5592242 5592258 35
6897771 6897778 86
6906962 6906975 33
6908058 6908067 56
6912996 6913004 26
6915810 6915818 7
6916189 6916195 12
5450587 5450609 41
6077474 6077496 69
5657069 5657090 19
6922493 6922499 34
6922493 6922500 11
955671 1786591 76
2195413 2932255 68
2932457 3467198 31
6930267 6930274 57
6931978 6931986 91
6934474 6934480 56
2155703 2897845 98
6935629 6935635 19
6947227 6947233 17
3657538 3963245 35
6954273 6954278 30
6955330 6955338 85
6958388 6958393 54
5051553 5051575 61
6961923 6961928 80
3991750 4176145 28
6994707 6994713 26
6998117 6998122 82
6998486 6998491 29
7013548 7013556 30
7014423 7014431 27
5075322 5075344 95
7028394 7028403 42
6629066 6629090 69
7030053 7030060 84
7034559 7034566 50
7043403 7043410 66
7046555 7046561 50
7049106 7049114 43
7053618 7053623 99
7067586 7067591 2
7072606 7072610 26
7075096 7075103 61
3858350 4089916 87
7086335 7086340 55
4119815 4263298 99
7097032 7097038 48
7100678 7100687 79
7103617 7103621 30
6921061 6921090 3
7132825 7132834 57
5538411 5538451 15
7149207 7149214 56
7150855 7150864 74
7152160 7152165 95
7175572 7175578 71
7177270 7177275 2
7177528 7177534 74
7177941 7177947 80
3337452 3753801 13
1526115 2384486 97
6981686 6981704 85
7191019 7191024 88
7191669 7191675 31
7191872 7191877 15
7192189 7192196 74
7193412 7193419 23
3252722 3696091 54
4080246 4234015 39
7196877 7196882 45
6032881 6032892 1
7204791 7204796 4
956428 1787959 19
7213651 7213661 9
4080028 4233916 42
3840720 4080164 10
7216927 7216937 80
7220260 7220265 32
6579028 6579053 75
7222746 7222752 75
7225010 7225020 39
3098738 3583399 7
2195414 2932282 90
7249162 7249168 36
7250626 7250634 55
7252658 7252663 20
5248810 5248844 90
7259066 7259073 6
7266409 7266417 83
7270316 7270320 50
7275930 7275939 44
7278465 7278471 2
7171775 7171806 49
7290532 7290538 85
3076933 3566856 5
7291247 7291252 81
7299202 7299206 27
7300786 7300792 43
7300823 7300831 32
7302027 7302034 31
7302974 7302978 39
7305461 7305469 41
7011257 7011277 22
7306884 7306891 75
4982372 4982388 20
7313394 7313400 39
7315934 7315940 70
6165867 6165889 50
7320311 7320324 47
7321349 7321356 97
7328248 7328252 78
7333217 7333224 58
5262589 5262612 99
7339909 7339914 40
7347351 7347357 6
7351205 7351212 66
7372388 7372394 41
7374461 7374465 87
7377230 7377235 30
4291631 4376311 19
973133 1814100 20
1245635 2124880 14
7414096 7414103 50
253004 745937 65
6610063 6610078 89
6931980 6931998 96
7430909 7430918 64
7431429 7431435 87
5716716 5716746 68
7435892 7435898 88
7437713 7437721 43
7442126 7442131 48
5911884 5911912 41
7452231 7452238 71
6893402 6893425 40
5241457 5241499 40
7463583 7463591 76
7466473 7466479 78
7471003 7471008 90
7472495 7472500 100
7478483 7478489 52
7482163 7482171 74
7487072 7487076 76
7490275 7490280 83
7494571 7494579 84
5278266 5278294 26
7497093 7497097 41
7497236 7497241 13
7498517 7498525 8
7499064 7499068 13
2746043 3338033 66
7506430 7506439 3
7508811 7508820 31
2328200 3031051 96
1460105 2330327 13
7517819 7517823 34
7521394 7521400 20
4986692 4986783 17
7531562 7531567 71
7532301 7532306 94
7534001 7534008 64
7534707 7534713 77
7539584 7539590 99
7539787 7539792 36
7545018 7545023 28
7545669 7545674 88
7547550 7547555 14
7551410 7551415 8
7553846 7553851 87
7553910 7553917 34
7561265 7561270 64
7561448 7561456 68
7563142 7563147 52
5269881 5269904 65
7575561 7575566 94
1808166 2619905 28
7579033 7579039 28
5154390 5154413 64
7584914 7584919 2
7589071 7589077 1
7597720 7597727 62
7300788 7300801 84
7604882 7604889 92
7607468 7607473 45
7633701 7633707 80
7639616 7639620 24
6077503 6077516 11
7643229 7643235 83
7644047 7644051 54
7646631 7646636 27
7651805 7651812 71
7652504 7652510 11
7654643 7654650 58
7659539 7659545 93
6561771 6561795 80
7679479 7679483 42
7684985 7684990 60
7701504 7701508 53
7716400 7716404 60
1942177 2715856 82
1642971 2485830 46
7722691 7722696 21
7724667 7724674 56
7725450 7725457 98
7728130 7728139 87
7731115 7731123 7
7735601 7735608 5
7737147 7737153 33
7758147 7758154 26
4943449 4943525 89
7769698 7769703 80
7772585 7772593 65
7781917 7781923 13
7789468 7789475 3
7793344 7793348 80
7797414 7797419 55
7800875 7800880 38
7806997 7807002 66
5191884 5191929 98
7815471 7815475 79
7823090 7823093 66
7823168 7823173 76
7828981 7828989 10
7832703 7832710 55
6050768 6050780 45
7841867 7841873 61
3076914 3566831 40
7865499 7865504 93
7865533 7865540 76
7865917 7865922 57
6799738 6799751 90
7873712 7873718 19
7884057 7884062 41
7901294 7901301 29
7907655 7907661 15
7920673 7920681 98
7927853 7927858 39
7927961 7927968 7
7928049 7928054 27
7932403 7932409 51
702030 1460079 49
7968828 7968832 2
7971245 7971249 81
746712 1526082 27
8009286 8009295 4
8013895 8013903 96
8020889 8020894 95
8022327 8022333 62
8025450 8025456 48
8034884 8034888 45
8034922 8034928 8
8056826 8056831 53
8059098 8059102 51
8066249 8066256 38
8068952 8068956 45
8072239 8072245 59
8077238 8077243 5
1102833 1973645 67
8113933 8113937 22
8118887 8118892 16
8121555 8121561 95
8124068 8124073 29
8126638 8126644 14
2195737 2932482 14
8131835 8131842 68
3944397 4146670 95
8139047 8139053 97
8147491 8147496 13
8151865 8151871 22
8151927 8151932 56
5515414 5515467 6
3467033 3840524 79
8160171 8160178 27
8168517 8168523 21
8173582 8173588 15
8176365 8176370 16
8176565 8176570 85
2211644 2947251 28
8195252 8195257 43
8205274 8205281 6
8205274 8205282 4
7727398 7727413 43
8205604 8205608 17
8206757 8206761 7
8208786 8208792 62
8213316 8213324 27
8216767 8216773 72
8217427 8217432 16
8224330 8224336 63
8226358 8226363 42
8227465 8227470 60
8237003 8237009 69
8238726 8238737 48
8246171 8246175 14
8248888 8248894 43
8249992 8249997 91
8250412 8250419 58
8250682 8250687 3
8262557 8262562 42
8263533 8263537 83
8265356 8265363 27
8272256 8272261 23
8272331 8272338 79
8274578 8274584 15
8277405 8277410 73
8299793 8299799 62
1009559 1859470 57
8304941 8304945 29
3980334 4168901 38
8311203 8311210 67
8318627 8318633 62
8319936 8319941 53
8329058 8329065 21
6705688 6705704 1
8341193 8341197 9
2382192 3073187 74
8343333 8343338 88
8351265 8351270 23
8354049 8354054 67
8359766 8359771 58
8360684 8360688 6
8367243 8367252 20
3204526 3662025 93
4959817 4959869 38
1814286 2625155 98
8373463 8373469 51
8375565 8375569 38
8379539 8379546 64
8381769 8381777 11
8385500 8385505 66
8385530 8385540 81
8386458 8386463 55
746705 1526032 86
8391689 8391694 76
8391689 8391695 61
8397360 8397367 7
8398719 8398724 84
1460121 2330354 33
6255771 6255808 20
5151193 5151240 15
8410551 8410557 45
8413139 8413145 49
8417943 8417948 18
8419750 8419757 76
8420755 8420764 98
8421102 8421109 47
8426515 8426521 49
8428925 8428931 43
6579553 6579568 21
7195380 7195391 53
8438799 8438805 65
8441232 8441236 40
8442322 8442327 63
822095 1629444 5
8447522 8447527 99
8447926 8447933 51
8449650 8449654 75
8449918 8449925 11
8454823 8454827 47
8457418 8457426 29
8461008 8461016 30
8463152 8463158 79
8464238 8464246 29
8464916 8464922 28
8480848 8480853 52
8486172 8486176 35
5363273 5363318 38
4971576 4971609 84
8498860 8498869 42
8501494 8501498 1
8508235 8508240 19
8511413 8511417 8
4982373 4982403 26
8512643 8512649 20
8517082 8517087 95
8522746 8522750 83
3031011 3536873 19
8542045 8542051 54
8543595 8543601 12
8543696 8543704 25
8544854 8544862 71
8552652 8552658 51
973141 1814295 35
8561438 8561445 73
8566381 8566386 32
8572439 8572444 9
8573949 8573955 66
8575072 8575077 91
5440234 5440257 7
8575901 8575907 89
8578030 8578035 70
3387085 3784930 3
8587003 8587007 40
8588196 8588203 66
8590095 8590099 18
8593011 8593016 3
3030971 3536836 7
8604311 8604317 69
8604803 8604809 42
4971577 4971622 3
6073537 6073548 89
8614963 8614971 65
8617668 8617675 82
8619157 8619162 6
426707 1070456 10
8629275 8629280 29
3076580 3566489 99
2384455 3076586 28
8631429 8631434 10
8633918 8633925 48
8634587 8634592 83
8637267 8637272 39
1788211 2604389 20
8642146 8642151 87
8643516 8643521 8
8643806 8643811 57
8647848 8647854 38
8649205 8649209 13
8649658 8649665 94
8652176 8652183 26
8652799 8652803 23
8661010 8661015 90
8665165 8665173 18
5215294 5215328 61
5802560 5802578 30
8671016 8671021 29
4160709 4291650 83
5278353 5278366 78
5541478 5541510 50
8679270 8679274 55
8681920 8681926 59
8683527 8683531 86
8685909 8685914 73
7175758 7175775 92
8689171 8689176 65
8690927 8690932 15
8696074 8696080 53
8701560 8701568 99
8703144 8703151 7
8703288 8703294 99
8708529 8708535 5
8711044 8711050 24
4986565 4986639 16
8720603 8720609 67
8721946 8721952 78
3786799 4040368 59
8729326 8729331 57
4206609 4320475 57
3343605 3759089 49
8742905 8742912 91
8746855 8746860 41
1807577 2619143 93
8750687 8750694 85
8762026 8762031 80
8763044 8763049 94
8763514 8763520 85
8765976 8765982 33
8769296 8769301 40
8770790 8770797 16
8784320 8784325 48
3201315 3659944 42
8787833 8787837 74
8790090 8790096 37
2195415 2932304 96
8790783 8790791 61
8802288 8802295 10
8813595 8813599 63
8817260 8817265 43
8818843 8818851 57
8820553 8820558 70
8822885 8822891 54
8825095 8825102 92
5428884 5428927 16
6361543 6361574 61
8835679 8835688 69
8836954 8836962 18
8837295 8837300 96
8837870 8837877 61
8844775 8844780 10
8855555 8855560 23
5253877 5253913 84
8858235 8858241 67
8868196 8868200 86
8875435 8875441 25
8880684 8880690 61
1102827 1973631 54
8882664 8882669 87
8883035 8883040 28
5532273 5532307 91
8889843 8889848 85
8890673 8890677 40
8891994 8891998 57
8892274 8892278 83
1777540 2594087 40
8897601 8897606 86
8897742 8897749 93
8899257 8899261 59
1584778 2443239 64
8903888 8903893 52
8909716 8909724 35
8909827 8909834 29
8909827 8909835 22
6414794 6414808 20
8911352 8911358 66
4971578 4971632 72
8918978 8918982 89
3149333 3622039 67
8922909 8922912 28
8925445 8925451 31
8929650 8929656 79
8934067 8934074 36
8934105 8934110 76
8935306 8935311 85
8937813 8937818 9
8938861 8938866 47
8943371 8943376 56
8943795 8943801 37
8944766 8944773 95
8946939 8946947 32
8948913 8948918 4
8948947 8948953 46
8949114 8949119 89
8957302 8957306 10
8957481 8957487 83
5037970 5038043 40
8961193 8961200 56
8961983 8961989 62
8963060 8963065 8
8963735 8963743 1
8968106 8968113 46
8970824 8970830 44
8972367 8972372 34
5351383 5351422 78
742708 1514935 94
8974610 8974617 10
8980741 8980746 43
8981827 8981833 76
8983763 8983768 47
8984608 8984612 100
8990378 8990387 58
5029926 5029966 1
8997333 8997338 71
8998472 8998477 85
9001501 9001505 22
9002579 9002584 87
2411025 3098746 46
9003499 9003505 9
9006166 9006170 61
9013112 9013116 42
5777351 5777388 18
9017468 9017473 28
9017841 9017847 55
9017963 9017968 48
2430376 3113767 6
9021845 9021851 20
8498862 8498886 35
9022354 9022358 88
6611575 6611630 66
220409 678521 51
9028346 9028354 94
9032835 9032841 86
9034398 9034403 99
9038523 9038529 16
9041379 9041384 84
9046778 9046783 46
9053451 9053457 31
9053980 9053988 60
9054570 9054577 88
4967714 4967731 93
9056281 9056286 58
9058899 9058906 23
9075101 9075105 24
9077179 9077182 15
9077865 9077871 40
7198463 7198475 84
9080794 9080802 93
3201316 3659956 56
9083528 9083536 29
9083824 9083833 3
9084027 9084034 85
9084606 9084611 18
9094748 9094753 12
9094891 9094898 10
5090482 5090502 32
4971579 4971646 59
9101733 9101739 19
3151024 3623085 14
9103033 9103042 88
9105780 9105785 14
9109995 9110001 73
9115824 9115829 54
9131021 9131044 8
9132093 9132099 6
9132711 9132716 63
9134655 9134660 39
9136558 9136563 3
9137856 9137865 100
9138859 9138863 78
9061150 9061161 3
9147592 9147596 38
9150326 9150330 3
9150691 9150696 5
9151619 9151626 32
5739460 5739486 93
9158724 9158729 85
9160733 9160740 73
9162082 9162088 33
9162222 9162227 37
9169284 9169289 71
7224559 7224592 94
9170254 9170258 6
9171032 9171039 31
9176780 9176786 17
9176851 9176855 66
9180257 9180262 59
9180680 9180685 72
9181849 9181855 21
9182253 9182259 42
9184245 9184250 18
9185573 9185578 77
9188449 9188454 84
9189854 9189859 87
9191839 9191846 60
3151951 3624019 38
9194639 9194648 7
9194703 9194710 12
9196472 9196477 95
5928792 5928834 86
1245639 2124933 57
9199087 9199093 100
9200941 9200946 45
9204402 9204406 57
6603159 6603191 89
5241458 5241509 28
9208238 9208241 34
9208956 9208961 32
9209004 9209009 86
9212318 9212325 57
9220894 9220898 11
9223801 9223806 26
9225433 9225439 61
9227017 9227023 90
9230231 9230235 94
9230774 9230779 16
4175530 4302173 74
9231808 9231811 23
9232717 9232722 5
9232903 9232909 34
9233782 9233789 39
9235179 9235186 79
9237186 9237190 52
9237496 9237502 57
9238926 9238931 26
9240751 9240756 12
9242553 9242558 46
9249691 9249699 91
9249794 9249799 93
9249946 9249950 67
9250424 9250431 53
9257889 9257895 17
7723913 7723934 34
9270363 9270369 27
5925047 5925063 23
9271152 9271156 5
2746803 3338554 83
9274612 9274619 58
9278323 9278328 98
9278579 9278585 45
9280424 9280429 60
9282257 9282262 41
9282785 9282791 34
9287232 9287237 79
4158144 4289875 81
9288393 9288400 42
9294242 9294249 38
9294464 9294471 9
9294857 9294861 42
9295118 9295124 62
8457420 8457443 38
9296450 9296455 40
7828983 7829004 54
9297437 9297442 34
9298431 9298435 7
9300320 9300324 64
9300554 9300559 22
9301616 9301621 51
9301772 9301777 32
9301843 9301848 59
9304128 9304133 59
5255433 5255451 96
9307349 9307354 1
9311590 9311595 91
9311862 9311868 13
5125529 5125538 84
9318595 9318599 64
6355477 6355497 15
9324599 9324604 52
9325370 9325374 48
9325626 9325632 29
9328110 9328113 43
9328714 9328719 27
3666585 3968838 3
9334979 9334984 68
9336424 9336430 56
9337578 9337583 71
9338287 9338294 68
9338939 9338944 99
9339879 9339885 21
9343803 9343810 41
7278478 7278490 42
9351735 9351740 46
9358679 9358686 15
9361806 9361810 46
9363037 9363042 10
9363815 9363820 7
9365028 9365035 92
9365691 9365697 51
9367443 9367447 18
7723914 7723963 88
9367920 9367925 95
5230434 5230450 50
9373619 9373624 10
9375781 9375787 41
9382077 9382083 55
9385245 9385249 75
9385950 9385956 72
9388349 9388353 43
9388735 9388742 60
5040187 5040206 15
1162728 2034353 60
3151712 3623943 27
9398614 9398620 97
7920675 7920697 30
9401162 9401167 46
2625274 3252864 68
1673504 2512029 2
9406122 9406126 7
9406324 9406329 78
9407274 9407282 80
2384409 3076571 57
9410606 9410610 55
9411179 9411184 97
9414302 9414308 47
9417330 9417335 45
9417730 9417736 71
9417978 9417983 63
9420063 9420068 98
9420480 9420485 60
9420491 9420498 8
9420771 9420776 91
9421204 9421208 88
9421216 9421223 35
9423329 9423334 94
9430954 9430958 36
9440243 9440249 66
9447125 9447129 12
3201317 3659971 36
9451010 9451015 37
9452422 9452428 57
9454491 9454497 10
9455037 9455040 7
9457784 9457791 40
9463317 9463323 38
9466720 9466723 11
9467328 9467333 100
9478700 9478705 22
9482246 9482250 40
9485027 9485033 96
5075028 5075081 63
9487277 9487283 37
9487779 9487784 83
9489510 9489514 71
9494818 9494822 66
9500955 9500959 17
9502109 9502115 99
6733695 6733707 48
9503596 9503601 69
9535730 9535735 8
9538844 9538848 58
5757236 5757246 25
9539410 9539415 52
9542514 9542518 8
9543504 9543508 78
9543929 9543935 41
9546274 9546279 99
9546826 9546830 87
9548490 9548494 21
9552013 9552019 99
9552140 9552146 18
9554521 9554528 16
9557085 9557092 85
9558832 9558838 1
9562989 9562994 63
9563001 9563006 5
3390010 3786834 93
9567455 9567459 12
9568750 9568756 60
9569219 9569224 18
9569373 9569378 31
9571616 9571621 79
9578131 9578135 20
9583346 9583352 58
9585106 9585111 72
8233490 8233511 22
9589522 9589530 78
9590489 9590495 96
9590786 9590792 32
2613233 3243739 76
9599011 9599017 62
9599209 9599216 92
9601240 9601246 86
9603812 9603817 88
9604380 9604386 31
9605814 9605819 88
9608019 9608023 86
9609406 9609411 66
9613186 9613191 32
9618507 9618511 5
9621369 9621374 77
9621893 9621898 25
9624108 9624114 5
8483982 8483996 83
9628175 9628181 100
5823081 5823181 91
9633831 9633835 78
5739373 5739386 54
9637079 9637085 74
9638085 9638090 52
9643356 9643362 15
9644288 9644292 52
9644528 9644533 71
9645153 9645158 49
9645251 9645256 4
9648794 9648798 65
9648940 9648944 96
9649399 9649402 39
9650373 9650378 58
9651900 9651904 94
9656104 9656109 25
9656869 9656873 92
3500465 3858357 93
9758588 9758595 31
9759212 9759219 30
9770460 9770467 47
9779108 9779113 98
9784580 9784586 43
9797129 9797136 8
2195726 2932464 97
7836754 7836773 28
3149356 3622062 60
9814260 9814265 78
3076594 3566496 55
790923 1579869 21
9825608 9825616 68
9831790 9831797 88
9836352 9836355 43
9849919 9849924 25
6303237 6303256 35
652580 1394819 55
9856436 9856442 39
3840691 4080142 49
9883821 9883828 66
9897167 9897174 41
9903671 9903678 92
9917561 9917568 23
9927894 9927901 74
9964720 9964726 75
9977919 9977926 5
9995900 9995904 21
10000154 10000159 65
10004040 10004047 73
10029301 10029307 41
10032769 10032774 20
10033673 10033681 88
10741798 10741805 77
10852371 10852378 42
3346701 3761042 7
5072639 5072718 88
11294107 11294113 91
11341444 11341450 28
533081 1245765 9
11618080 11618085 39
11631065 11631070 87
11647062 11647070 17
6134176 6134193 37
11690845 11690849 21
11694925 11694929 94
11706587 11706591 10
11717751 11717757 30
11732494 11732499 74
11743533 11743538 45
11746646 11746650 7
11756343 11756347 11
5479716 5479734 20
11764068 11764073 24
11780080 11780086 20
11780095 11780099 43
11782415 11782420 77
11786336 11786341 37
11787269 11787273 51
4175532 4302183 36
11798481 11798485 5
11798598 11798603 23
11804698 11804703 58
11813835 11813839 61
3208309 3664093 89
11821956 11821961 77
11821976 11821981 31
11829213 11829218 62
11834666 11834670 52
11837104 11837111 94
11841502 11841506 93
11843340 11843345 79
11845322 11845327 97
11852582 11852586 24
11864831 11864837 38
11874592 11874596 7
11878233 11878237 26
11901628 11901632 25
11901862 11901866 93
11933277 11933282 86
11939320 11939324 28
11942858 11942869 65
11946462 11946467 91
11950352 11950357 73
11952568 11952573 88
11962608 11962613 51
11964545 11964549 32
11970175 11970179 9
11975667 11975671 56
11977375 11977379 24
11978477 11978481 39
11982207 11982211 61
11982399 11982403 5
11986644 11986649 42
11987998 11988003 2
11989381 11989386 100
11998485 11998489 90
12007889 12007893 77
12014455 12014460 28
12016720 12016724 83
12017953 12017957 34
12018008 12018013 97
12021763 12021767 71
12026515 12026519 41
12029758 12029764 9
4175533 4302200 63
12056840 12056846 41
12067383 12067387 68
12069911 12069915 69
12071014 12071019 35
3287440 3719520 17
9639741 9639761 53
12164958 12164962 38
12165310 12165315 51
12165348 12165352 11
12165999 12166003 85
12169626 12169630 74
12174792 12174797 100
822100 1629456 77
12176163 12176167 89
12180316 12180320 54
12187877 12187882 60
12194550 12194555 97
12196870 12196876 91
12207966 12207971 53
1564091 2423214 41
8346155 8346165 51
3456860 3832279 81
7508815 7508833 52
12235497 12235502 75
12235570 12235573 57
12235677 12235682 93
988309 1834294 61
12241498 12241503 15
12248605 12248610 55
9614481 9614503 27
12280869 12280875 94
12290445 12290450 61
12293138 12293144 72
12308272 12308278 24
12312933 12312939 64
12314120 12314125 10
5324897 5324957 7
12316286 12316290 74
12319949 12319953 4
12322646 12322650 76
4027462 4199781 47
5386921 5386934 67
744285 1522025 19
1187482 2061647 37
12426674 12426678 67
3031013 3536907 28
12540721 12540727 64
12563191 12563195 15
9032837 9032853 33
12627697 12627701 18
12722406 12722410 51
12740395 12740400 87
12744852 12744857 92
12746983 12746989 96
8420758 8420779 20
12766986 12766992 78
12771148 12771153 84
12781083 12781087 48
12786610 12786614 65
12788405 12788409 79
6293137 6293149 98
12810004 12810008 24
12815376 12815381 10
6997880 6997895 18
12951175 12951181 26
12958039 12958044 74
12967114 12967118 26
12967132 12967137 82
12971780 12971784 74
12977234 12977239 9
12981735 12981740 51
12988103 12988108 91
6799701 6799742 25
5321992 5322019 85
13015855 13015859 74
13016690 13016694 50
13017580 13017586 62
13027157 13027162 96
13027482 13027488 100
13027970 13027975 75
13038285 13038290 54
13038622 13038628 11
3761038 4026866 88
13057795 13057799 89
13062257 13062261 50
13062888 13062892 60
13064156 13064161 63
13066301 13066305 95
13068577 13068581 96
13083832 13083837 80
13086666 13086671 42
13091916 13091920 36
13095193 13095197 75
6400941 6400961 49
13106504 13106508 45
13108348 13108353 35
13117025 13117029 95
3840722 4080176 53
13125579 13125584 84
13127412 13127416 8
13128189 13128193 63
13131628 13131635 9
13133603 13133608 47
13164033 13164039 97
5686681 5686692 13
13166146 13166151 14
13166566 13166573 33
13170294 13170297 29
13171530 13171537 1
13171932 13171937 4
2932276 3467064 87
13176644 13176649 99
13176779 13176784 9
13181368 13181373 73
13190541 13190545 31
3840804 4080211 1
13198322 13198326 48
13209823 13209827 75
13210143 13210148 55
14204050 14204055 17
9851636 9851652 99
14206503 14206507 6
14206787 14206792 51
984862 1830598 42
14213649 14213654 72
14218948 14218952 45
14219940 14219944 35
14227729 14227734 19
14229930 14229934 54
743589 1519694 73
14234463 14234467 99
14234801 14234805 56
14235360 14235365 15
14240663 14240668 3
14242056 14242060 72
14246198 14246202 19
14247584 14247588 59
14252081 14252085 26
7883321 7883338 70
14267074 14267078 73
14269667 14269671 92
14271797 14271801 25
14275628 14275633 25
14278148 14278153 58
14280767 14280771 12
14286591 14286596 86
14289742 14289746 38
14292650 14292653 40
14293484 14293488 53
1631272 2477537 84
1629423 2476225 94
1272393 2148034 62
2384716 3076937 72
14355901 14355906 44
5278354 5278374 98
1735140 2569071 47
14374633 14374636 33
4184456 4306326 41
8397374 8397380 35
5760283 5760302 1
14400622 14400627 64
3032718 3538298 96
14411966 14411970 45
14412673 14412678 12
14424602 14424608 56
14426311 14426315 89
14427469 14427474 32
14432004 14432008 54
14432338 14432342 39
9759429 9759442 64
14440211 14440216 45
14441075 14441080 68
14442646 14442651 43
14442922 14442926 10
14444594 14444599 61
14446094 14446098 95
14464445 14464448 78
14467346 14467350 77
14469992 14469997 81
14478148 14478152 26
14487731 14487736 54
2330237 3032590 7
13824223 13824231 57
5000118 5000138 70
14502752 14502757 47
14514728 14514732 16
14540045 14540049 10
14544194 14544198 65
5760284 5760315 48
14574684 14574688 18
14575968 14575973 47
4168920 4296831 50
14608616 14608620 4
14618430 14618435 98
14622534 14622538 79
14641629 14641633 10
6038212 6038237 91
6077477 6077506 98
6519125 6519158 29
14718467 14718472 74
14718585 14718590 84
14727613 14727617 37
5379831 5379852 99
5241450 5241463 75
15245043 15245047 16
15287209 15287212 97
15287257 15287260 13
15291240 15291244 31
1460069 2330270 78
15291559 15291562 61
15291583 15291586 26
15291643 15291646 27
15291752 15291755 8
14502754 14502763 65
15291798 15291801 90
15292071 15292074 99
8980751 8980762 67
15292190 15292193 27
9278581 9278592 3
15292383 15292386 82
4982385 4982439 95
15292602 15292606 68
15292782 15292787 9
8703148 8703162 46
5895063 5895074 51
15293163 15293166 44
15293329 15293333 26
15293754 15293758 79
7100683 7100720 49
4971629 4971684 20
15294065 15294071 94
2619901 3248667 14
15294551 15294555 75
5413065 5413154 100
15294868 15294871 72
15294975 15294979 91
15295391 15295393 18
15295545 15295548 6
15295837 15295840 67
15295911 15295915 24
15296336 15296339 33
15296511 15296514 100
15296541 15296544 8
5580789 5580805 80
15296730 15296733 19
5154393 5154423 64
15296918 15296921 81
15296929 15296932 9
11305301 11305310 87
15297154 15297158 58
15297254 15297258 55
15297407 15297411 38
15297526 15297530 54
6402181 6402201 41
15297602 15297605 71
15297785 15297788 15
15298237 15298240 31
15298327 15298330 26
5682887 5682899 42
15302734 15302737 59
15302750 15302754 11
15302800 15302805 19
5215236 5215281 49
15302868 15302871 41
15302924 15302927 83
15302977 15302981 5
15302984 15302988 12
15303024 15303027 62
15303715 15303718 14
15303918 15303923 88
15304034 15304038 48
15304116 15304119 71
15304278 15304282 20
15304794 15304798 4
15304933 15304938 35
15305022 15305026 97
15305205 15305208 80
15305220 15305224 80
15305256 15305259 17
2061644 2821403 82
15305390 15305394 11
15305496 15305499 19
15305844 15305848 29
15305972 15305976 60
15306130 15306134 43
15306362 15306365 18
15306857 15306860 10
15306990 15306994 82
15307225 15307228 97
9053454 9053466 71
15307906 15307909 22
4968540 4968560 31
15308579 15308582 8
3566828 3904724 24
15308645 15308648 93
2692788 3292006 34
15309200 15309203 7
15309409 15309412 69
15309913 15309917 7
15309963 15309967 63
15310399 15310402 17
13171534 13171546 99
3624042 3944434 51
15312845 15312849 75
15313135 15313139 41
15313459 15313462 10
15314148 15314151 93
15314938 15314941 73
15315162 15315165 80
15315270 15315273 30
15294188 15294196 35
2359549 3056270 56
15316547 15316551 36
15304563 15304569 9
15316670 15316673 14
15316953 15316957 77
15318837 15318840 21
15319060 15319063 78
15319095 15319098 36
15319563 15319566 3
15319700 15319703 11
5194104 5194122 29
15319958 15319961 90
15320048 15320051 50
15320410 15320413 8
15320493 15320496 90
15320695 15320699 49
15320885 15320888 48
15321095 15321098 33
15321150 15321153 37
15321318 15321321 7
15321331 15321334 72
15321831 15321835 3
15322127 15322130 42
6779344 6779367 52
15322180 15322184 23
15322380 15322383 60
5231219 5231230 48
5206627 5206643 14
6824723 6824749 51
15323608 15323612 35
15323737 15323740 38
15323895 15323899 42
15323967 15323970 92
15324013 15324017 35
15324495 15324497 51
15324651 15324654 21
15325102 15325106 90
15325140 15325143 72
1942206 2715894 94
11494603 11494616 3
15325474 15325477 83
15325614 15325617 67
15325707 15325710 72
15325925 15325928 24
15326027 15326030 35
15326033 15326036 5
15326147 15326150 24
15326411 15326415 89
15326722 15326725 40
15326896 15326899 76
15327085 15327088 67
8701564 8701579 45
15327579 15327582 48
15327708 15327712 32
15328527 15328530 53
15328663 15328666 56
6697789 6697808 75
15292301 15292307 92
15329157 15329160 68
4971606 4971664 21
15329592 15329595 1
15330235 15330238 66
15330337 15330340 73
1808167 2619921 73
15330452 15330455 23
15330459 15330462 59
15330465 15330468 54
15245045 15245054 23
15330721 15330725 25
15330900 15330903 24
15331520 15331523 29
14275630 14275642 81
15331626 15331629 15
15331655 15331658 7
15332850 15332853 9
13131631 13131645 40
15334012 15334015 6
15334237 15334241 62
15334502 15334505 10
15334578 15334581 53
15335035 15335039 2
5940230 5940239 38
15336061 15336064 71
5265625 5265647 29
15336206 15336210 2
15336993 15336997 29
15337133 15337137 36
15337201 15337204 43
15337287 15337291 19
15337851 15337854 61
15338219 15338222 4
15338239 15338243 63
15338259 15338262 73
15338480 15338483 10
15338586 15338590 71
15338654 15338658 78
15338745 15338748 92
15339074 15339077 37
15339452 15339455 25
15339528 15339531 40
8858237 8858250 75
15339971 15339975 9
15340100 15340104 37
15340441 15340444 62
15340510 15340513 31
15341673 15341677 34
15342313 15342317 41
15342364 15342367 78
8715954 8715962 88
5113169 5113192 4
15344000 15344004 88
15344167 15344170 24
15344186 15344189 10
15344273 15344276 12
15344337 15344340 24
15344540 15344543 58
15344652 15344655 87
15344792 15344795 6
7112148 7112169 55
15344910 15344914 1
15345238 15345241 78
15345513 15345515 13
15345555 15345559 49
9831794 9831807 43
15346350 15346353 22
10852375 10852392 66
15346756 15346760 71
15347077 15347080 25
15347146 15347149 47
5456989 5457015 17
15347309 15347312 28
15347917 15347920 79
15348221 15348224 43
15349572 15349575 7
10794548 10794558 37
15350247 15350251 45
15306810 15306817 8
15350799 15350802 9
15351605 15351608 94
15342211 15342221 78
15351718 15351721 20
15351912 15351915 22
15352295 15352298 1
15352338 15352341 60
13824224 13824239 67
15353390 15353394 23
15353469 15353474 85
15353571 15353575 8
15354389 15354392 21
15355179 15355182 51
15355930 15355933 99
15356056 15356059 1
15356111 15356114 62
15356248 15356251 17
15356305 15356308 76
15356338 15356341 32
15356386 15356390 35
15356442 15356445 72
15356462 15356465 74
15356476 15356479 22
15356747 15356751 4
15356829 15356833 64
15356993 15356996 58
15357101 15357104 84
15357150 15357154 17
15358250 15358253 12
15358386 15358390 91
15358764 15358768 90
15359008 15359011 53
15359081 15359084 95
15359199 15359203 85
6605417 6605428 7
15359574 15359578 73
15359731 15359736 30
15359822 15359825 87
15359849 15359852 85
15359869 15359872 69
15359887 15359890 20
15360067 15360071 57
15360088 15360091 1
15360197 15360201 8
15360497 15360501 94
15360686 15360689 47
15360693 15360696 8
15360836 15360839 94
4982375 4982430 63
15361214 15361217 43
15363104 15363107 45
15363110 15363113 9
15363281 15363285 96
15363413 15363416 35
15363624 15363628 23
15363742 15363745 8
15363983 15363987 22
15364130 15364133 47
5371421 5371454 11
15364445 15364449 4
15364571 15364575 67
15366658 15366661 29
15366738 15366741 19
15367978 15367981 61
15368349 15368353 18
15368364 15368367 43
15368388 15368391 6
15368458 15368461 99
15368531 15368535 51
15368680 15368683 26
15368756 15368759 46
15368875 15368878 15
15369007 15369010 60
15369037 15369040 94
15369088 15369092 50
15369206 15369210 88
4043844 4208323 76
15370686 15370689 24
5334165 5334216 60
15371125 15371128 88
15371137 15371140 65
15371567 15371571 8
15371607 15371610 22
15371830 15371833 73
15371860 15371863 98
15371907 15371910 98
15372219 15372222 40
15372342 15372346 58
15372429 15372433 80
15372614 15372617 63
5907597 5907610 99
15373026 15373029 33
7500801 7500828 78
15373402 15373406 13
15373411 15373414 87
12059964 12059976 81
15374283 15374286 25
15374699 15374702 64
15374846 15374849 67
15375148 15375152 36
15375270 15375274 61
15375379 15375382 75
15375488 15375492 23
15375816 15375819 55
15375850 15375853 16
15375866 15375869 28
15375921 15375925 31
15376381 15376384 67
15376471 15376474 50
15377256 15377259 48
15377262 15377265 56
15377471 15377474 71
15377804 15377807 31
15377822 15377825 29
15378062 15378065 83
15378107 15378111 83
15378307 15378310 1
15378331 15378335 65
15379094 15379097 35
15379158 15379161 83
410480 1047403 86
15379240 15379243 100
15391884 15391887 55
15413285 15413288 39
4971559 4971572 86
15435175 15435179 90
15435263 15435267 60
15435359 15435364 34
15435570 15435573 22
15435602 15435605 21
15435845 15435848 54
15435856 15435859 83
15435915 15435918 49
15436167 15436170 16
15436374 15436377 28
15436385 15436388 62
15436528 15436530 44
15437104 15437108 88
15437130 15437133 69
15437334 15437338 67
15437915 15437918 12
15437991 15437994 65
15438108 15438112 80
15439064 15439067 10
5245986 5246001 72
15439465 15439468 3
15440259 15440262 54
15440379 15440383 9
15440842 15440845 25
15441742 15441745 42
15442292 15442295 75
15443038 15443041 50
15444040 15444043 13
15444146 15444149 77
15444692 15444695 13
5137894 5137907 5
15445035 15445038 66
15445091 15445094 21
15445420 15445423 81
15445515 15445518 8
15445644 15445648 24
15445705 15445708 13
15446024 15446027 1
15446681 15446685 11
15446816 15446819 36
15446860 15446863 77
15446963 15446966 29
15447766 15447769 85
15448019 15448021 24
15448037 15448040 91
15448125 15448129 63
15448287 15448291 19
15448300 15448303 6
15448407 15448410 83
15448694 15448697 66
15449075 15449078 67
15449624 15449628 24
15449822 15449825 81
15450102 15450105 58
15450142 15450146 36
15450177 15450181 28
15450184 15450187 57
15450525 15450528 12
15450558 15450561 67
15450918 15450921 3
15451393 15451396 35
15451431 15451434 67
15451448 15451451 50
15451470 15451473 56
15453186 15453190 90
15453216 15453219 29
15453307 15453310 83
15453595 15453599 7
15454726 15454728 15
15455267 15455271 72
15455302 15455306 39
15456046 15456050 73
15456570 15456573 16
15456985 15456988 69
15457040 15457043 97
15457095 15457099 81
15476155 15476159 49
15476692 15476696 29
15476752 15476755 23
15477221 15477224 41
15477859 15477862 94
15477967 15477970 53
15478239 15478243 67
15478453 15478457 59
15478723 15478726 68
15480036 15480039 10
15480267 15480271 6
15480804 15480807 60
15481716 15481719 6
15482024 15482027 8
3840838 4080241 43
15482213 15482216 49
15482959 15482962 25
15483150 15483153 54
15483709 15483712 94
15484170 15484174 12
15484204 15484207 1
15484453 15484456 70
15484886 15484889 59
15485116 15485120 45
15485169 15485172 19
15485572 15485576 76
15485581 15485584 54
15485740 15485743 24
15485817 15485821 23
15486117 15486121 79
15486396 15486399 26
15486510 15486513 15
15486607 15486610 57
15486649 15486652 42
15486788 15486792 30
15486917 15486920 73
15487350 15487353 9
15487727 15487731 38
15487820 15487823 60
15487831 15487834 46
15488145 15488149 77
15488593 15488596 43
15488685 15488689 16
15488746 15488749 85
15488843 15488846 20
15489007 15489011 45
7011248 7011260 35
15493256 15493260 92
15493384 15493387 33
15302986 15302993 44
15494018 15494021 55
5497281 5497294 82
15495157 15495160 88
7865027 7865041 1
5792862 5792876 50
15496449 15496453 76
15497032 15497035 17
15497227 15497230 75
15497335 15497339 67
6823218 6823228 27
15498593 15498596 88
15498668 15498671 15
15499026 15499029 68
15499360 15499363 4
15499428 15499431 3
15499858 15499861 56
15500003 15500006 71
15500567 15500570 11
15500920 15500923 46
15501855 15501858 68
15501872 15501876 94
15503119 15503123 84
15503224 15503227 48
15503403 15503407 61
15504129 15504132 7
15504257 15504260 71
15504307 15504310 44
15504348 15504351 79
15504573 15504577 68
15504716 15504719 19
15448370 15448379 64
15505467 15505470 54
15505604 15505607 95
15505979 15505982 64
15506124 15506127 68
15506334 15506338 25
15506504 15506507 50
15506596 15506600 36
15506774 15506777 38
15507396 15507400 7
15507691 15507694 31
1915442 2692792 38
15508106 15508109 63
15508123 15508127 77
15508160 15508163 79
15508342 15508345 11
15509732 15509735 17
15510505 15510508 51
15511144 15511147 45
15511167 15511170 42
15511357 15511360 78
15511452 15511455 100
3467239 3840936 2
15511679 15511682 82
15512324 15512328 26
15513151 15513154 76
15513151 15513155 41
15513227 15513230 74
15513403 15513407 56
15513560 15513563 12
15513900 15513903 80
12056843 12056854 95
15514047 15514050 70
15514088 15514091 92
15514214 15514217 18
15514373 15514376 3
3467120 3840710 98
15514487 15514490 71
15515115 15515119 66
15515762 15515765 35
234724 718066 99
15516683 15516686 26
15516892 15516895 60
15517124 15517127 47
15517244 15517247 77
15518583 15518587 30
15518915 15518918 53
15519123 15519127 18
15519385 15519388 16
15519763 15519766 96
15519942 15519946 1
15520042 15520046 40
15520129 15520132 65
15520348 15520352 20
15521365 15521368 8
15521426 15521429 17
15522047 15522050 35
15305392 15305399 74
15522828 15522831 3
15523389 15523392 23
15523572 15523575 10
6345522 6345531 68
15524231 15524235 25
15524239 15524242 23
15524407 15524410 71
15525359 15525362 78
15525381 15525384 86
15525695 15525698 90
15525800 15525803 85
15526349 15526352 84
15526743 15526746 100
15527386 15527390 2
15527423 15527426 18
15527652 15527656 58
15528410 15528414 49
15529276 15529279 68
15529857 15529860 61
15530729 15530733 76
15530820 15530824 40
15531636 15531639 41
15532082 15532086 30
4967715 4967748 2
15532685 15532688 89
15532846 15532850 11
15532897 15532900 60
15533101 15533104 18
15533400 15533404 98
15534109 15534112 43
15536829 15536832 42
15536922 15536925 38
15537173 15537176 95
15538352 15538356 41
15538459 15538462 59
15540114 15540118 81
5342360 5342372 62
15541386 15541389 7
15542040 15542043 31
15542321 15542325 35
15542546 15542549 93
15542571 15542574 31
15542606 15542610 42
15542901 15542905 9
15542930 15542933 20
15542951 15542954 27
15543154 15543157 61
15544032 15544035 100
15544174 15544178 22
15544573 15544576 85
15544753 15544756 28
15544862 15544865 53
15545717 15545720 6
15545898 15545902 13
15546250 15546253 95
15546706 15546709 17
15547583 15547587 93
15549480 15549483 30
15549747 15549750 81
15550155 15550158 74
15550266 15550270 15
15550410 15550413 4
15551285 15551288 71
15551481 15551484 38
15551870 15551873 84
15552895 15552899 21
15554524 15554527 87
15555156 15555159 50
15555201 15555204 69
15555571 15555575 1
15556401 15556404 93
15556904 15556907 40
7506435 7506453 8
15557772 15557775 20
15558195 15558198 68
15558279 15558283 69
15558432 15558435 50
15558596 15558599 72
15558625 15558628 94
15559273 15559276 6
15559493 15559496 54
15559856 15559859 53
15560138 15560141 10
15560737 15560740 74
15561200 15561203 22
15561623 15561626 88
15561848 15561850 35
15562367 15562370 21
15562637 15562640 37
15562787 15562790 95
15563481 15563484 10
15563609 15563612 83
15563814 15563817 51
15563922 15563925 32
15564547 15564550 83
5556490 5556512 6
15565221 15565224 58
15565404 15565407 22
15565443 15565446 68
15565774 15565777 55
15565822 15565826 34
15566309 15566312 2
15566962 15566966 99
15567117 15567120 23
15567337 15567340 72
15567809 15567812 9
15569618 15569622 48
15569843 15569846 80
15570057 15570060 75
15570783 15570786 14
15571135 15571138 73
15571247 15571250 60
15571273 15571276 82
15571312 15571315 95
15571849 15571852 80
6209380 6209420 26
15572504 15572507 86
15572796 15572800 63
15573614 15573618 20
15574253 15574256 43
15574461 15574464 71
15575437 15575441 51
15575530 15575533 24
15575704 15575707 81
15575924 15575927 21
15576432 15576435 98
15576568 15576571 81
15577078 15577081 87
15579003 15579006 48
15579135 15579138 7
15579149 15579152 59
15579720 15579724 33
15580044 15580047 3
15580202 15580205 53
13178435 13178440 88
5110834 5110848 82
15581814 15581817 49
15583040 15583043 25
15583765 15583768 89
15584506 15584509 79
15584830 15584834 46
15584875 15584878 36
15584993 15584996 16
4971560 4971582 100
15585079 15585081 92
15585092 15585095 78
15585098 15585101 92
15585262 15585265 11
15585583 15585586 51
15585597 15585600 93
15586308 15586311 10
15586505 15586508 5
15586567 15586570 88
15586586 15586589 53
15587024 15587027 56
15587039 15587042 87
15587400 15587403 78
15588056 15588059 42
15588537 15588540 68
15588892 15588895 43
15588920 15588923 74
15588978 15588982 38
15589871 15589875 8
15590035 15590038 49
15590402 15590405 10
15590481 15590484 81
15590517 15590520 46
15590555 15590558 11
15590712 15590715 47
15590786 15590789 28
15590820 15590823 97
15590853 15590856 91
15591167 15591170 35
15591212 15591215 88
15591259 15591262 73
15591303 15591306 4
15591444 15591447 11
15591530 15591533 25
15591738 15591741 40
15591819 15591822 24
15591945 15591948 58
15591951 15591954 74
15592123 15592126 12
15592157 15592160 98
15592212 15592215 61
15592232 15592235 53
15592276 15592279 85
15592312 15592315 12
15592543 15592546 60
15600887 15600889 31
5245988 5246006 18
15601264 15601266 81
15601392 15601394 48
15601397 15601399 87
15601460 15601462 85
15601565 15601567 3
15601583 15601585 27
15601749 15601751 50
15601778 15601780 58
15602124 15602126 41
15602156 15602158 94
15602282 15602285 84
15602705 15602707 85
15602800 15602803 29
15603067 15603069 50
15603514 15603516 20
15604150 15604152 71
15604236 15604238 50
15604444 15604446 83
15604537 15604540 80
15604651 15604653 7
15604888 15604890 19
15605012 15605015 34
15605037 15605040 69
15605265 15605267 31
15605283 15605285 40
4473145 4506753 37
15605447 15605449 28
15605625 15605627 96
15605653 15605656 45
15605655 15605660 73
15606719 15606721 95
15606802 15606804 3
15606866 15606869 14
15606881 15606883 36
15606988 15606990 56
2195824 2932523 13
15607473 15607475 11
5869189 5869212 25
15286752 15286756 63
15608300 15608302 35
15608378 15608380 81
15608416 15608418 22
15608602 15608604 28
15608661 15608663 3
15608913 15608915 74
15609263 15609265 7
15609283 15609286 53
15609523 15609526 29
15609855 15609857 57
15610277 15610279 58
15610350 15610352 92
15610439 15610441 51
15610494 15610496 82
1574039 2433583 62
15610672 15610674 31
15610877 15610879 54
15351739 15351744 21
15611121 15611123 4
15611146 15611148 48
15611222 15611225 51
15611253 15611255 69
15611490 15611492 26
15611661 15611663 46
15611851 15611853 68
2573594 3213640 37
15612738 15612740 33
15612923 15612925 91
15613484 15613486 87
15613560 15613563 85
15613560 15613564 85
2384456 3076596 86
3149378 3622090 91
15613993 15613995 94
15614036 15614038 20
15547586 15547591 23
15614110 15614113 59
15614368 15614370 38
15614417 15614419 27
15614490 15614492 61
15614806 15614809 36
15614817 15614819 7
15614888 15614890 67
15615021 15615023 91
15615515 15615517 98
15615968 15615970 25
15616058 15616060 19
15616193 15616195 44
15616335 15616337 23
15616427 15616429 95
15616640 15616642 68
15616659 15616661 19
15616915 15616917 81
15617001 15617003 48
9027905 9027910 43
15617164 15617166 64
15617429 15617431 49
15617569 15617571 37
15617778 15617780 83
15618089 15618091 81
15618125 15618127 92
15618313 15618315 29
15618341 15618344 90
15618557 15618559 25
15619067 15619070 20
15619133 15619135 53
15619371 15619373 63
15619542 15619545 49
15619984 15619987 15
15619997 15619999 5
15620205 15620207 90
15620638 15620640 96
15620819 15620821 55
15621041 15621043 11
15621128 15621130 69
15621621 15621623 51
15621692 15621694 22
15621876 15621879 95
15621947 15621950 73
15621969 15621972 24
15622329 15622331 55
15622422 15622424 61
15622571 15622573 27
15622639 15622641 59
15622791 15622794 60
15622958 15622960 25
15623550 15623552 20
15623611 15623613 44
15623929 15623931 17
3623951 3944376 72
15624158 15624160 68
15624619 15624621 27
15624842 15624845 9
15624865 15624867 72
15624875 15624877 17
15625305 15625307 10
15625344 15625346 14
15625360 15625362 24
15625775 15625778 34
15625786 15625789 34
15625810 15625813 62
15625823 15625825 55
15625837 15625839 81
15625847 15625850 21
1142514 2013682 88
15626160 15626162 28
15626246 15626248 73
15626987 15626989 99
15627106 15627109 87
15627137 15627139 93
15627180 15627183 62
15627356 15627358 61
15627643 15627645 74
15628242 15628244 7
15628577 15628579 88
4206619 4320522 41
15628798 15628801 52
15629238 15629241 36
15629246 15629248 54
15629266 15629269 21
15629393 15629395 80
15629555 15629557 98
15629669 15629672 19
15629762 15629764 14
15629806 15629808 86
15629824 15629826 70
15630064 15630066 58
15630094 15630096 21
15630562 15630564 29
15375702 15375713 18
15631077 15631079 51
15631117 15631119 77
6949354 6949366 42
15631768 15631770 74
15632335 15632337 57
15632756 15632758 87
15633069 15633071 92
15633281 15633283 18
3261310 3701967 90
15633799 15633801 31
15633878 15633880 50
15633947 15633949 92
15635058 15635060 40
15635413 15635415 22
15635748 15635750 64
15636380 15636383 83
15636752 15636754 46
15637093 15637095 21
15637130 15637132 88
15637494 15637498 49
15637609 15637612 42
15637645 15637648 27
15637818 15637820 21
15638238 15638240 35
15638317 15638319 48
15638372 15638374 6
15638631 15638634 47
15638641 15638643 74
15638888 15638890 75
15640130 15640132 66
15640180 15640182 5
15640421 15640424 33
15319731 15319736 76
15641347 15641349 7
15642289 15642291 65
15642316 15642318 27
15642494 15642496 65
14278151 14278159 41
7278469 7278481 21
15643014 15643016 97
15643063 15643065 28
15643278 15643280 35
15643282 15643284 10
15644371 15644374 8
15644655 15644657 59
15644726 15644728 88
15645358 15645360 80
8397366 8397376 82
15645751 15645754 40
3261311 3701973 97
15646758 15646761 15
15646913 15646915 95
15647993 15647995 68
15648038 15648040 58
15648114 15648116 20
15648362 15648364 28
15648996 15648998 82
15649207 15649209 40
15649498 15649500 39
15649676 15649678 7
15649742 15649744 23
15649940 15649942 2
15650045 15650047 55
8181523 8181535 15
15651501 15651503 22
15605104 15605108 79
15359735 15359745 3
15653040 15653042 46
15653047 15653049 83
15653492 15653494 9
15653665 15653668 50
15653724 15653726 71
15653766 15653768 49
15654154 15654156 82
15654651 15654653 15
15654759 15654761 86
15655873 15655875 25
15655901 15655903 93
15656126 15656128 27
15656190 15656192 31
15656475 15656477 14
15328868 15328872 5
15656754 15656756 16
15657333 15657335 70
15657566 15657568 94
2835672 3396866 91
15658465 15658467 4
15658902 15658904 9
15659120 15659122 73
15659380 15659382 55
15621955 15621963 58
2932432 3467141 76
6363731 6363740 43
15294194 15294201 58
12235501 12235507 2
15660673 15660675 69
15660862 15660864 41
2835649 3396747 96
15661586 15661588 67
15661623 15661625 22
15661722 15661724 19
15661882 15661884 59
9642959 9642967 67
3423090 3805855 2
3467021 3840483 79
15662116 15662118 99
15662122 15662124 53
15662191 15662193 6
15662248 15662250 22
15662464 15662466 14
15662473 15662475 55
15662556 15662558 47
15662655 15662657 15
15662685 15662687 79
15662711 15662713 16
15662726 15662728 66
15662768 15662770 61
15663052 15663054 30
15663083 15663085 32
15663227 15663229 52
15663407 15663409 34
6697807 6697814 99
6697807 6697815 63
15663507 15663509 7
15663693 15663695 94
5799608 5799623 49
15663847 15663849 66
15663872 15663874 88
15663944 15663946 94
15663953 15663955 32
15664131 15664133 96
15664369 15664371 69
15664387 15664389 74
15664395 15664397 80
15664497 15664499 93
15664673 15664675 32
15664739 15664741 86
15664864 15664866 45
15664882 15664884 95
15664893 15664895 64
15665044 15665046 13
15665158 15665160 23
15665198 15665200 69
15665290 15665292 33
15665386 15665388 30
15665484 15665486 5
15665489 15665491 77
15665494 15665496 51
15665604 15665606 72
15665614 15665616 39
15665676 15665678 94
15665762 15665764 59
15665932 15665934 86
15899953 15899955 45
5039058 5039069 12
21611659 21611660 99
13824226 13824246 60
21611663 21611664 61
21611668 21611669 20
21611671 21611672 68
21611675 21611676 69
21611678 21611679 9
21611683 21611684 2
21611689 21611690 38
21611693 21611694 68
21611697 21611698 2
21611706 21611707 16
21611710 21611711 14
21611714 21611715 9
21611717 21611718 80
15344468 15344472 33
21611722 21611723 100
21611726 21611727 4
21611731 21611732 88
3790573 4042249 15
21611736 21611737 4
21611745 21611746 92
10618042 10618046 9
21611751 21611752 31
21611755 21611756 93
21611760 21611761 10
21611764 21611765 46
