5030448 5030470 30
5031761 5031765 62
5032516 5032531 80
5033248 5033257 38
5033248 5033258 65
5033265 5033278 72
5034778 5034790 79
2552246 3199663 71
2552246 3199664 14
5037370 5037378 78
5040918 5040925 88
5041916 5041925 97
5044525 5044540 34
5050222 5050234 36
5053087 5053100 79
5055903 5055917 77
1356695 2230023 7
5061407 5061415 76
5062711 5062719 16
5062890 5062903 53
5067200 5067207 74
5076078 5076093 13
5078539 5078554 32
5081918 5081924 88
5087586 5087603 76
5087643 5087655 18
5089771 5089778 3
2230031 2959426 68
3990041 4175231 91
3799157 4048088 50
617585 1356545 61
5103930 5103942 39
5106851 5106865 93
5106926 5106941 99
5108668 5108678 80
5113697 5113706 9
5120965 5120985 73
4945052 4945069 10
5123491 5123502 66
5124127 5124147 91
5138368 5138384 84
5138615 5138629 38
1562381 2421798 45
5153470 5153482 95
5154761 5154778 69
5157901 5157906 100
5158141 5158149 11
5158733 5158749 39
5163348 5163358 83
5164599 5164617 65
5166690 5166696 3
5168286 5168311 25
3235155 3684122 79
5176819 5176832 44
5179294 5179316 48
5183254 5183267 77
5183331 5183343 51
5183331 5183344 77
1443799 2311803 56
5185251 5185260 47
5185651 5185668 21
5187401 5187425 76
5194412 5194423 9
5196898 5196910 34
5197636 5197646 81
2230038 2959549 54
5198802 5198812 38
5198889 5198905 22
5199240 5199251 68
5199257 5199268 5
5209336 5209352 36
5213031 5213045 51
5219007 5219023 40
5223688 5223699 3
5228541 5228556 86
2230039 2959578 57
5243296 5243302 73
2230040 2959610 32
5243424 5243431 61
203100 609564 100
5244735 5244743 53
5161704 5161787 78
5248236 5248249 96
4484729 4516258 30
5261521 5261533 77
5263584 5263590 84
5263607 5263615 86
5268026 5268043 68
5268746 5268758 23
5273487 5273499 46
5275278 5275291 36
5284443 5284458 51
5284773 5284787 10
5285543 5285568 34
5287828 5287840 38
5288638 5288661 5
5293314 5293322 59
5293733 5293743 67
5299763 5299773 5
5300080 5300086 23
5301295 5301312 6
5303900 5303907 48
5315781 5315803 32
5316228 5316243 9
5319198 5319212 85
5322102 5322120 66
5324426 5324439 45
5328404 5328423 26
5311271 5311308 64
5344619 5344638 8
5345050 5345075 1
5348901 5348920 99
5357198 5357218 33
5357227 5357244 26
3215791 3669503 49
5365995 5366017 7
203156 609863 84
5371159 5371167 18
5371714 5371738 33
5372295 5372309 86
5375299 5375320 12
5378025 5378038 62
5381614 5381642 88
5382035 5382050 61
5382396 5382422 85
5383739 5383768 73
1105431 1977410 78
5384954 5384977 73
207113 617894 64
5390387 5390404 17
5394173 5394186 10
2908755 3447950 16
3895838 4114604 98
3553505 3897140 65
1971685 2743469 85
5398735 5398745 3
5399056 5399081 56
2743490 3336076 8
4109491 4257389 70
5401479 5401514 29
5402129 5402144 70
5405022 5405035 43
3470975 3843905 3
2420449 3106320 92
2769288 3354048 21
5409487 5409501 80
2632183 3256808 7
5409705 5409711 62
5409969 5409978 9
905737 1717636 2
5410181 5410205 57
222042 685194 29
1438363 2307643 27
5414907 5414922 76
524377 1230211 26
3756429 4023573 71
442941 1091786 66
5416311 5416325 41
5416557 5416578 31
5420669 5420679 66
5422287 5422293 76
609633 1347292 84
609633 1347293 64
1796829 2611679 50
5425169 5425190 33
309363 842891 57
5426582 5426595 34
5428081 5428100 55
5428291 5428308 97
5428978 5428997 72
5429715 5429734 46
5433733 5433758 53
5434298 5434305 34
5434979 5434989 95
5435005 5435016 56
5435033 5435055 23
5434766 5434802 78
777098 1562414 9
5435088 5435107 36
5435131 5435149 46
5435163 5435170 42
5435421 5435433 69
5437110 5437134 46
3030554 3536487 36
4914534 4914612 62
5438209 5438219 71
5439590 5439606 67
2937339 3471006 33
5442429 5442441 5
1836180 2642278 77
1452539 2322502 8
863122 1676399 70
5447136 5447151 37
5447191 5447209 39
5448650 5448671 43
2726355 3317280 30
5453518 5453538 10
5454575 5454594 92
5455117 5455127 56
5457442 5457477 19
3150937 3623034 64
5462623 5462644 61
5463262 5463279 39
2743680 3336178 32
47269 203143 30
617854 1356739 87
3113775 3594378 64
5469691 5469715 65
5470264 5470285 57
5470325 5470341 9
5471529 5471551 45
5474641 5474656 45
298463 822576 76
48302 206989 3
5474816 5474824 89
5476425 5476436 78
1559131 2419338 92
5477681 5477693 44
5488580 5488598 43
3913803 4126351 82
5068818 5068869 16
2960234 3485962 55
5502422 5502432 7
3952969 4151463 68
111289 358806 66
1629048 2475819 71
447346 1101552 90
5509804 5509820 13
5511216 5511227 93
5512981 5513000 65
5520510 5520521 84
723743 1485273 35
5523561 5523582 7
5523711 5523725 50
5525567 5525575 15
5527636 5527654 5
3686404 3981580 41
3686405 3981651 77
734466 1505875 46
5535318 5535333 47
5538267 5538274 14
5539908 5539920 63
1715946 2551191 32
2472440 3148443 10
2087253 2840762 70
970376 1809492 72
5553010 5553025 1
5555729 5555752 17
5556273 5556305 90
5556618 5556632 92
5558365 5558386 4
5559351 5559372 48
5559450 5559484 28
5562274 5562296 69
5389824 5389870 8
5570774 5570793 39
546904 1270142 79
5573612 5573648 12
5574187 5574197 50
5576333 5576361 64
5577172 5577188 25
5581574 5581584 86
5581976 5581991 23
5581976 5581992 46
5089458 5089548 37
2727742 3318530 46
5591699 5591722 43
3952970 4151486 67
1836461 2642488 17
1971686 2743519 59
5600586 5600599 66
5601171 5601189 86
5601625 5601637 9
4832684 4832755 32
2751809 3342480 51
5617214 5617230 53
2924679 3462657 74
5620597 5620607 4
5629554 5629566 42
3214511 3668554 55
5637497 5637514 42
5637529 5637536 99
5639286 5639310 44
5640704 5640709 26
442943 1091858 95
5649336 5649351 91
3341492 3757253 21
2735728 3326262 57
5652023 5652034 100
5653395 5653414 96
5653449 5653466 9
5653761 5653776 94
5654137 5654148 89
1438094 2307403 36
5467354 5467386 25
5662164 5662187 18
5667665 5667682 23
1617057 2466715 41
5670975 5670989 19
5675691 5675713 88
5675846 5675860 99
5676483 5676499 68
5677194 5677218 78
5684481 5684504 30
5685487 5685500 43
3593085 3922226 44
3567412 3905254 30
1316240 2187172 50
5530392 5530424 9
5694921 5694930 21
5697679 5697692 3
5703955 5703968 48
5705307 5705326 58
5707225 5707251 4
5708353 5708375 58
5709473 5709482 83
5713262 5713283 41
5720769 5720783 99
358742 957292 38
5721442 5721455 86
5725815 5725832 97
5727763 5727779 58
5728907 5728922 81
1485258 2353036 6
5737325 5737341 21
5737362 5737380 41
5737564 5737587 45
5743286 5743306 99
5745734 5745742 36
5747408 5747417 26
821894 1629093 74
5749084 5749101 23
5749358 5749381 14
5661312 5661337 49
5750573 5750587 48
5754295 5754314 4
5759004 5759022 86
5759624 5759633 7
5760948 5760956 68
5760960 5760974 7
5763882 5763890 41
5766463 5766474 81
5766660 5766679 83
5771300 5771328 56
5774918 5774928 5
2222438 2954231 35
2222438 2954232 20
1203998 2079802 39
5776644 5776664 14
5780200 5780212 67
5780706 5780716 81
1836072 2642118 99
5785143 5785159 95
5785207 5785224 59
5787075 5787086 23
1356697 2230155 92
5787098 5787115 36
3738287 4012471 28
3668522 3969867 63
5794911 5794925 81
5795112 5795120 57
5795438 5795453 49
5796069 5796084 41
3952972 4151548 81
3952973 4151563 57
5801293 5801302 13
5802210 5802221 55
5804866 5804890 31
4851460 4851507 84
3336083 3752818 50
5416761 5416831 60
5805150 5805160 38
5806840 5806849 14
1444472 2312922 38
5812464 5812480 15
2648416 3268712 35
5816111 5816132 88
5816884 5816892 80
5816897 5816904 71
5816908 5816915 33
5816919 5816930 16
5816969 5816983 70
2230057 2959952 97
5817068 5817074 3
4721743 4723613 87
5819155 5819174 44
5820162 5820177 67
2917289 3457398 35
5821827 5821836 44
5098614 5098650 44
1836181 2642329 85
5455312 5455377 95
2995263 3510800 48
5830706 5830726 58
5830887 5830904 50
5832201 5832212 60
1714812 2544833 45
5838802 5838828 12
5839503 5839525 92
3336048 3752763 36
5842148 5842162 20
5848071 5848090 13
5848154 5848165 51
5467372 5467438 72
5849807 5849829 77
5850207 5850219 10
957484 1789607 58
5068821 5068923 85
5856942 5856964 50
5857140 5857164 14
5857176 5857190 35
5857200 5857212 96
5859067 5859079 98
5859847 5859870 62
1971687 2743560 69
5859950 5859973 44
5862677 5862691 31
5865075 5865088 96
2642127 3264781 79
1212025 2088017 31
5872051 5872060 22
1971688 2743592 17
5872607 5872629 95
5872786 5872803 41
5875498 5875509 86
5875515 5875532 34
5877035 5877043 6
5879450 5879470 14
5880597 5880614 28
5880631 5880652 52
5880698 5880710 10
5881117 5881127 20
5338566 5338627 90
5882995 5883016 59
5883804 5883818 86
5884221 5884233 60
5885225 5885239 8
5433735 5433795 41
5886576 5886591 6
5634112 5634140 83
5887205 5887215 85
5887635 5887653 65
5888546 5888556 85
5888949 5888972 11
5888996 5889019 27
1215408 2091205 88
5889095 5889107 61
5893196 5893201 11
5161706 5161810 95
2469441 3146416 89
5896458 5896473 28
5900301 5900326 39
5902205 5902225 43
2392177 3084969 23
5902915 5902933 9
5903284 5903296 91
2475862 3150821 4
5903735 5903755 61
1347259 2222386 36
5907267 5907276 93
381539 990492 60
2959587 3485815 90
2752129 3342896 34
5719381 5719418 82
5910886 5910894 79
3974681 4165477 39
4387895 4443757 70
5913554 5913567 77
5913970 5913981 58
5914085 5914092 34
5920452 5920468 12
5921725 5921738 56
5921799 5921808 90
5921869 5921884 76
5923390 5923404 38
5923891 5923917 2
2746007 3337951 34
5925401 5925417 24
5925531 5925575 82
5925606 5925619 100
5926128 5926150 1
2383614 3075607 63
3307044 3731577 29
5927864 5927873 83
5927950 5927967 26
119487 381582 3
5930224 5930248 89
3952974 4151581 56
3952974 4151582 28
5933331 5933342 75
5933445 5933458 8
5933971 5933985 8
5934040 5934049 18
5934924 5934939 71
5935305 5935316 20
5936626 5936644 3
5936657 5936670 9
5937190 5937207 11
5887637 5887682 88
5846020 5846095 39
5939785 5939790 76
5939916 5939919 61
2470175 3147501 93
5940532 5940545 26
5940828 5940843 53
5941093 5941107 87
1720410 2556146 89
5424782 5424813 61
5943727 5943738 61
5944706 5944715 94
5944719 5944724 55
2124131 2871893 97
218749 671860 10
5946297 5946315 21
5946324 5946343 9
5949381 5949397 88
2924715 3462688 42
5949744 5949767 28
5949792 5949808 13
142012 447296 13
4962277 4962300 43
5950147 5950170 48
5950655 5950665 68
723737 1485250 79
5956240 5956254 12
5956294 5956306 45
5956735 5956746 2
5959067 5959081 81
5959469 5959489 84
3952975 4151600 36
5959975 5959992 75
5961375 5961390 51
5961809 5961826 46
5914087 5914106 14
207114 617910 38
5961945 5961957 43
5962473 5962497 27
3022939 3532080 84
5964208 5964217 96
3238355 3686422 57
5965240 5965251 87
5170477 5170516 33
5170477 5170517 44
5970268 5970277 98
5970378 5970400 95
298453 822509 58
5974895 5974915 15
5975573 5975580 26
5975862 5975874 18
5976109 5976121 32
5976332 5976348 31
5977116 5977138 47
5977148 5977167 55
5977321 5977329 86
207115 617931 80
5979752 5979765 71
218750 671909 22
5980468 5980475 94
5981424 5981446 78
5981474 5981488 18
1443803 2311977 55
5983014 5983028 14
5984684 5984692 90
5984757 5984773 18
5984781 5984801 93
5984870 5984877 29
5984879 5984898 56
1438366 2307721 81
5985039 5985058 73
5985122 5985149 28
5985293 5985312 57
3340462 3756463 37
5986424 5986448 18
5556318 5556339 67
5990573 5990581 17
5991885 5991893 30
5993944 5993958 11
5467355 5467409 63
5994038 5994044 49
5771302 5771363 80
5994307 5994326 97
3317256 3739066 29
5994546 5994567 94
5994878 5994889 76
5994899 5994904 4
5995132 5995148 13
1101515 1971709 58
5995163 5995176 52
5837512 5837583 72
5995652 5995664 52
5995652 5995665 96
5995952 5995969 21
2642163 3264839 40
2195283 2932123 53
5997063 5997073 66
5997190 5997201 23
5997237 5997259 91
5997359 5997379 89
5997617 5997630 91
5936660 5936708 25
5997926 5997944 2
5997983 5997997 20
5998007 5998023 40
5998638 5998650 82
5998748 5998762 21
5998768 5998775 64
6000186 6000198 51
6000861 6000866 60
6001007 6001015 8
6003968 6003973 58
2599747 3233418 60
3530515 3882458 18
6007941 6007947 41
6008417 6008434 89
6008461 6008476 9
6009522 6009542 90
6009591 6009615 26
6010468 6010482 71
1921088 2697828 83
4443592 4484772 7
6012081 6012089 47
5927952 5927983 17
6012760 6012767 47
6012921 6012933 2
2489691 3162344 56
6015499 6015515 3
6015590 6015609 99
6015688 6015695 42
6012097 6012121 15
6015724 6015729 40
4380239 4438425 53
6015791 6015803 11
4352754 4418008 99
6016526 6016548 13
6016935 6016956 23
6017360 6017368 52
6017465 6017483 42
6017608 6017623 87
6017712 6017725 27
6017972 6017983 78
6018072 6018087 39
6019136 6019153 61
6019366 6019377 99
6019385 6019406 38
6019452 6019471 28
6020410 6020419 67
6020714 6020728 98
6021296 6021307 59
6021317 6021332 79
6021499 6021506 83
6022656 6022670 81
6022733 6022751 79
6022890 6022896 87
6022965 6022968 24
6023684 6023703 6
6024116 6024137 80
1971813 2743714 14
6024363 6024373 3
5383741 5383796 6
4109500 4257491 42
6024980 6024996 57
5443229 5443288 3
6025183 6025211 1
6025287 6025308 47
6025455 6025470 74
6026137 6026148 71
6026156 6026168 26
6026944 6026955 58
6027704 6027728 78
6027953 6027966 18
6028134 6028146 70
6028742 6028761 87
6029569 6029583 72
6029851 6029864 9
5378027 5378051 45
6030361 6030374 64
6031020 6031031 79
6031169 6031185 32
3436616 3814145 34
2365511 3060270 67
2365511 3060271 9
6033263 6033279 34
6033304 6033323 5
6033782 6033789 7
4387632 4443468 82
6033971 6033983 15
6034006 6034018 16
6034272 6034281 77
6034487 6034500 25
6034630 6034654 62
6034630 6034655 50
6034743 6034757 92
6035879 6035884 15
6035916 6035924 23
6036436 6036443 27
6037338 6037342 80
6037597 6037611 56
6037773 6037793 13
6038139 6038155 98
6038248 6038263 70
6038497 6038507 34
6038935 6038962 87
6039110 6039115 55
6039269 6039284 74
6039491 6039498 45
6039570 6039585 91
6039783 6039791 79
6040088 6040094 86
6040644 6040647 31
6041226 6041237 75
2604834 3238259 6
2604834 3238260 18
6041961 6041972 53
2230063 2960078 49
6042318 6042337 71
6042381 6042391 4
6042417 6042445 31
6043265 6043275 54
6043334 6043340 71
3302386 3728367 44
6043772 6043785 94
6044516 6044531 45
6044634 6044648 69
6044867 6044881 61
2954191 3482251 88
3897117 4115280 66
1836073 2642150 60
4387699 4443608 50
6045009 6045032 94
6045570 6045588 59
6046199 6046207 78
3952976 4151619 76
6046763 6046772 24
6047229 6047240 97
6047370 6047384 85
6047543 6047551 56
2222439 2954260 100
6048170 6048184 29
6048351 6048362 53
6048569 6048573 77
6048666 6048691 86
6049168 6049183 65
6049285 6049298 72
6049344 6049357 39
298971 823795 54
6049374 6049394 91
6049444 6049457 37
6049466 6049480 18
6049736 6049751 17
3668523 3969889 38
6050264 6050280 51
6050810 6050817 83
6051325 6051337 87
3731668 4008946 52
1101516 1971746 8
6051735 6051747 67
6051811 6051820 73
617587 1356605 49
6052141 6052157 70
6052141 6052158 73
6052552 6052560 58
6052631 6052657 96
6052961 6052973 2
6053261 6053275 29
6053381 6053404 33
6053546 6053561 72
6054656 6054664 60
6054671 6054686 88
6054799 6054805 74
6055442 6055448 33
6055493 6055501 24
2743442 3336057 35
6056471 6056481 67
5947071 5947096 42
6058391 6058409 75
6059490 6059505 62
1788851 2604971 48
6059513 6059518 45
6061306 6061320 38
6061775 6061787 67
3406435 3797587 100
6061895 6061900 80
6062405 6062417 78
6062578 6062588 69
6063250 6063262 4
6063969 6063988 56
6064231 6064238 8
6064872 6064878 37
6065546 6065563 22
6066093 6066100 72
6066104 6066117 19
6066496 6066505 22
6066719 6066732 17
6066719 6066733 44
6066808 6066822 1
6067183 6067196 5
1086424 1948379 45
6067260 6067271 45
6068449 6068462 55
6068613 6068622 34
6069836 6069852 48
6069836 6069853 49
5433771 5433828 5
6070074 6070103 30
6070557 6070567 33
6070747 6070765 29
6071091 6071108 70
6071123 6071141 46
6071288 6071307 54
6071687 6071705 90
6072684 6072700 32
6074352 6074367 36
6075958 6075971 41
6075958 6075972 10
6076597 6076619 67
6077197 6077203 9
6077381 6077401 25
6077461 6077468 77
6077650 6077676 31
6077920 6077928 36
4214142 4325311 53
6080055 6080065 35
6080407 6080420 88
6080720 6080734 54
6081577 6081584 4
6081783 6081800 71
6083245 6083264 24
6083702 6083708 2
6083731 6083740 82
6083811 6083831 59
6083884 6083893 37
6084752 6084759 55
6085147 6085154 21
6085379 6085385 20
6086014 6086034 42
2578598 3218005 30
6087080 6087100 33
6087132 6087153 41
6087277 6087301 70
6087413 6087424 8
6087461 6087474 85
6088259 6088277 78
6088285 6088299 77
6088927 6088937 92
6090758 6090769 13
6091028 6091042 3
6092146 6092155 64
2307272 3017878 41
2743492 3336108 49
6093728 6093737 41
6096028 6096035 88
6096533 6096543 50
6096690 6096704 80
6097138 6097155 23
6097885 6097900 43
4139171 4277275 17
6101055 6101066 35
2382731 3073984 88
6101402 6101415 35
6101622 6101633 72
6101692 6101710 98
6101776 6101786 14
6101887 6101898 85
2959687 3485836 37
6103099 6103110 28
6103260 6103268 52
2357206 3053862 29
6103467 6103478 58
6104295 6104303 16
6104470 6104481 56
6105179 6105198 56
6105750 6105761 32
5424377 5424419 59
6107278 6107296 66
6107499 6107520 49
6108300 6108321 86
3307045 3731610 69
6111072 6111095 9
6114062 6114071 90
6115736 6115749 89
6116616 6116635 79
6116983 6117008 68
5996097 5996154 24
6117236 6117252 61
6117342 6117362 97
6117373 6117388 8
1541928 2401917 13
6117837 6117849 90
6117899 6117928 7
6118128 6118147 2
6118211 6118221 9
6118334 6118353 36
6119405 6119417 61
2844097 3402835 88
6119455 6119472 63
6119508 6119524 68
6119610 6119620 44
6122086 6122107 73
6124656 6124673 14
3895841 4114653 63
6124822 6124843 59
6126030 6126052 98
3485794 3852311 46
6126526 6126534 77
6130078 6130090 35
3052755 3551154 68
3052755 3551155 30
3990042 4175257 51
3990042 4175258 57
1970461 2742223 14
1970461 2742224 98
5399136 5399175 21
6131400 6131420 3
6132602 6132613 28
6132622 6132635 96
6132669 6132677 1
381541 990531 100
6133343 6133368 64
2230066 2960138 80
6134086 6134094 80
6134852 6134866 69
6134852 6134867 36
6134906 6134914 45
6137227 6137238 41
6137891 6137900 29
6138958 6138975 99
6139103 6139115 67
6139124 6139131 42
6139266 6139292 25
6139317 6139326 83
1562384 2421874 53
6141153 6141170 7
6142554 6142562 68
6143702 6143717 6
6144004 6144010 27
6145278 6145287 98
6145849 6145866 66
6146054 6146080 34
2642252 3264921 60
6146924 6146943 47
6147044 6147051 47
6147054 6147072 64
6149191 6149213 51
6149397 6149412 50
6150801 6150813 37
6153549 6153564 15
6153829 6153848 52
6154876 6154887 61
6157095 6157115 87
2706856 3302436 91
6157144 6157163 49
6157721 6157735 53
6157758 6157782 91
6157794 6157804 84
3241922 3688825 18
3241922 3688826 1
6161816 6161826 90
2642098 3264650 100
6162598 6162625 38
6163035 6163046 45
6163558 6163577 39
2954192 3482287 99
2091339 2844124 76
6165535 6165554 43
6167710 6167725 34
6168232 6168238 28
6168244 6168266 45
3594345 3922840 15
6168821 6168830 73
6168971 6168980 85
3969894 4162571 27
1917245 2694123 6
2697786 3295587 68
6173723 6173733 78
6173912 6173917 59
6174704 6174733 8
6174844 6174854 83
6175004 6175013 56
6177825 6177839 93
6178446 6178458 37
6179057 6179073 98
6179261 6179280 2
5428084 5428144 77
6180234 6180263 40
6181998 6182016 86
6182772 6182782 91
3337926 3754337 46
6183158 6183166 44
6183209 6183223 81
5320187 5320260 11
6184773 6184786 24
6185824 6185843 95
2605679 3238604 41
1789406 2605553 91
6186002 6186008 44
4260368 4354552 72
6187517 6187531 66
6188252 6188257 14
6189158 6189169 84
4023992 4197648 91
1101517 1971779 32
6193370 6193378 60
6193717 6193733 77
6194899 6194914 54
6196488 6196501 37
6197701 6197711 47
6198008 6198024 84
6199128 6199143 35
6199689 6199702 59
6200055 6200066 90
6200382 6200391 99
6200685 6200699 63
6200818 6200832 86
990613 1836108 64
6202034 6202052 39
6202388 6202396 65
6202700 6202720 29
6202940 6202950 79
6202956 6202972 74
6203532 6203550 19
6203706 6203720 20
6204197 6204207 90
6204554 6204576 58
6204680 6204692 82
6204700 6204708 45
6205033 6205040 97
6205728 6205740 95
6205780 6205795 33
4308175 4387690 92
6206716 6206725 48
752022 1533030 89
6207812 6207831 61
956913 1788878 80
6208293 6208300 35
6208745 6208759 54
6209021 6209034 32
6209097 6209118 4
6209332 6209347 16
6210038 6210050 15
6210918 6210934 21
6211183 6211200 85
6211869 6211885 36
6212485 6212499 99
6212587 6212592 95
6212851 6212863 89
6214287 6214306 32
6214427 6214440 56
6214677 6214694 13
6214790 6214805 76
6215293 6215311 73
6216233 6216239 52
6216468 6216483 4
6216519 6216528 81
6216535 6216547 84
5138452 5138472 21
6216552 6216567 3
6071689 6071730 14
6217073 6217089 37
3204320 3661812 2
1316242 2187253 13
6219041 6219048 48
5810071 5810097 71
5810071 5810098 87
6219226 6219237 88
3482304 3850685 27
3919719 4129940 7
3919719 4129941 37
6219834 6219842 13
206911 617413 43
6221077 6221085 60
6222047 6222054 72
6223080 6223093 86
6034489 6034524 81
6223552 6223571 61
6223669 6223684 81
3052929 3551308 78
6224433 6224453 80
1101518 1971802 33
6225402 6225415 100
6225423 6225433 12
6226261 6226283 16
6226742 6226763 25
6227367 6227382 87
6228018 6228031 74
6229302 6229317 87
1714605 2544667 68
6229499 6229517 81
6230442 6230458 9
6230624 6230639 49
6230964 6230976 97
6231212 6231234 56
6231366 6231379 50
6232116 6232132 47
6232149 6232169 53
6232716 6232729 65
6233260 6233270 18
6233625 6233637 45
6233678 6233693 87
990626 1836156 18
6234904 6234917 42
6237096 6237104 75
6237135 6237143 38
6239091 6239101 89
6239139 6239154 44
6239139 6239155 93
1347511 2222713 86
6240121 6240126 37
6240400 6240414 19
6242490 6242500 73
6243148 6243163 25
6243567 6243579 75
3668524 3969918 87
6244317 6244332 50
6244358 6244367 83
6244446 6244454 72
6244894 6244907 57
6245763 6245773 80
6245817 6245822 36
6245864 6245882 88
6245907 6245919 79
3952977 4151639 12
6245954 6245967 48
3965579 4159577 99
6246065 6246072 29
6246188 6246200 15
6247072 6247084 77
5430747 5430774 26
6247632 6247650 18
2954193 3482320 63
5579434 5579470 62
6248820 6248826 85
4011699 4189888 96
6250118 6250130 80
1356698 2230188 11
6252971 6252985 57
6253846 6253865 11
6253973 6254001 79
6019368 6019393 86
6254207 6254221 87
2361346 3057250 57
6256870 6256879 30
1224816 2102906 37
6258612 6258624 59
6145280 6145298 59
6259481 6259500 87
6260561 6260566 26
6260818 6260832 100
5985124 5985175 42
6261229 6261236 59
6262094 6262107 1
6262118 6262126 52
6262503 6262518 20
6263587 6263605 45
6264037 6264049 45
6264095 6264110 65
6264198 6264209 69
6264603 6264619 33
6266245 6266259 73
6269343 6269361 75
6269673 6269681 46
6270079 6270095 7
6270308 6270327 92
6280574 6280587 21
6282932 6282951 38
6286142 6286154 94
6293740 6293746 32
3655863 3963089 76
6295241 6295255 36
6295365 6295373 28
6295583 6295597 8
6295925 6295943 10
990627 1836211 6
6297530 6297544 95
6305081 6305100 5
5375301 5375338 80
5530334 5530407 17
6308202 6308213 53
5900455 5900492 88
6311907 6311915 71
6311937 6311966 23
6312072 6312084 62
6313985 6313991 7
6314814 6314832 91
6315832 6315843 79
1564895 2423872 74
6319121 6319135 34
6320564 6320574 56
6324936 6324947 39
6329892 6329904 48
6329949 6329965 27
6333767 6333800 27
6334253 6334271 54
6334988 6335001 44
6335010 6335026 53
6335352 6335366 33
957347 1789426 17
6341202 6341221 84
6341235 6341251 30
6341258 6341278 39
2544842 3197680 49
6342139 6342150 10
6342228 6342243 82
6342860 6342871 17
6345583 6345599 73
957485 1789654 66
6352044 6352057 21
2230069 2960194 88
6367388 6367402 20
6367427 6367444 30
6367429 6367474 44
6368121 6368134 43
2178708 2916964 58
6377236 6377257 54
6378022 6378034 100
6381019 6381034 98
6381058 6381071 2
6383933 6383941 93
5424803 5424841 17
6385746 6385759 35
6386182 6386195 58
5947072 5947115 23
1789327 2605472 12
6390418 6390437 25
3852287 4086654 12
6400573 6400587 51
3234101 3683235 60
6406380 6406384 74
6406405 6406422 33
6407320 6407335 5
6407344 6407369 8
2169306 2908792 53
6413339 6413347 52
6413917 6413927 35
3197927 3655157 29
6419868 6419877 18
6420445 6420465 59
6420540 6420550 16
6421656 6421662 96
6423099 6423112 31
990628 1836254 84
6432893 6432899 10
6432902 6432911 97
6432986 6433008 84
6434599 6434611 15
6434617 6434624 74
6436192 6436203 44
6436208 6436223 1
6436245 6436256 50
3668525 3969954 68
2642379 3265007 58
6440719 6440732 67
6443086 6443103 4
1971690 2743614 92
6443606 6443614 54
6443907 6443915 37
6444072 6444083 72
3482306 3850704 34
6445309 6445322 36
3731593 4008885 99
6448300 6448306 18
6448778 6448796 73
6450053 6450061 10
6452328 6452342 46
6452588 6452602 84
6452828 6452838 14
6453211 6453226 90
6453249 6453267 39
6453298 6453315 4
6453339 6453357 21
6453371 6453394 91
6453704 6453717 3
6454653 6454669 55
6460181 6460195 52
957486 1789704 15
3159418 3630182 23
4387676 4443584 85
6468607 6468617 1
6469336 6469345 65
5324428 5324454 9
4941441 4941472 11
6479975 6479989 37
6482309 6482322 24
6483136 6483147 69
4284876 4372193 81
2642129 3264808 14
6484825 6484840 81
6484899 6484907 66
6484913 6484923 8
6487698 6487709 57
6489102 6489114 10
6492827 6492846 15
449034 1104767 44
3952978 4151668 37
6496039 6496046 65
6496213 6496230 80
6500907 6500922 19
4484655 4516202 90
6514855 6514864 17
2187275 2924833 46
6520782 6520792 71
6522158 6522179 80
6524634 6524641 67
6410823 6410843 48
3404484 3796012 50
585763 1316269 78
6535121 6535139 49
6538301 6538320 25
6543635 6543647 93
6544610 6544636 83
6546484 6546504 49
6546929 6546938 54
990629 1836281 76
1624695 2472456 9
6566485 6566493 96
6566509 6566525 79
6569679 6569699 58
6575797 6575804 64
2169103 2908488 81
6582213 6582219 56
6582722 6582732 82
6586542 6586559 87
6588412 6588419 66
6592385 6592390 3
6592449 6592464 12
6592740 6592755 19
724704 1490292 23
3852288 4086673 97
6604628 6604633 11
6606265 6606276 62
6615770 6615790 74
6616974 6616987 9
6618947 6618966 85
6626576 6626592 95
6626914 6626925 73
6627018 6627031 80
6629770 6629785 45
6630046 6630061 78
6630245 6630258 56
6637761 6637772 84
6644411 6644418 5
6645169 6645181 80
6645439 6645457 53
1714813 2544858 80
6647068 6647075 93
6649932 6649946 54
6650006 6650012 21
6650134 6650144 76
6650572 6650584 13
6651429 6651435 48
6653353 6653363 39
6654209 6654218 86
6654240 6654250 3
3735272 4010700 26
3735272 4010701 12
6655218 6655231 36
6655738 6655743 4
6657765 6657775 2
6661325 6661341 43
6665328 6665341 43
6665606 6665630 2
6667747 6667760 4
6669815 6669840 94
6670126 6670146 71
6671513 6671525 30
6671960 6671981 65
6672266 6672275 31
6672608 6672629 81
1419173 2294194 23
6673405 6673414 73
6674104 6674126 4
6674138 6674150 62
6674437 6674442 53
6675088 6675095 100
6675099 6675106 29
6675149 6675162 3
5068052 5068077 97
6676363 6676377 70
6676761 6676783 48
6677767 6677781 74
6678449 6678459 52
6678821 6678832 40
6679219 6679235 31
6680284 6680290 62
5708355 5708401 77
6682617 6682638 42
6683695 6683706 36
6684394 6684407 48
6686344 6686363 61
6686496 6686507 45
5408551 5408596 45
5300373 5300400 40
6689048 6689054 85
6690032 6690037 2
3638964 3953019 42
2486200 3159433 54
6695070 6695092 40
2917200 3457320 87
2230078 2960366 14
6715417 6715427 44
6717860 6717870 12
6721561 6721568 26
2726356 3317308 70
6726212 6726220 40
6728035 6728051 14
6728063 6728083 81
6730522 6730531 4
6732253 6732261 8
6741817 6741841 34
2688768 3288356 23
6744200 6744211 26
6745178 6745185 90
6745453 6745461 1
6746627 6746638 55
6756116 6756123 67
6756659 6756672 31
6756986 6756993 42
6757238 6757257 51
6759829 6759840 79
6762376 6762406 32
6763416 6763422 54
5425171 5425217 87
6765243 6765254 82
6765480 6765490 40
6586544 6586583 43
6768697 6768709 92
6042490 6042574 74
6773568 6773583 49
2959560 3485761 54
2959560 3485762 33
6777101 6777115 21
3156897 3628243 38
6784065 6784081 40
3461208 3834404 56
6311939 6311991 18
6787253 6787270 48
346656 934837 56
6789894 6789903 36
6790011 6790022 31
6790172 6790181 59
3107371 3589848 10
6071690 6071754 7
6793056 6793062 7
6793180 6793188 83
6793407 6793416 96
3238202 3686336 25
6794905 6794920 34
6795381 6795392 27
6801028 6801047 24
6804734 6804749 18
990631 1836395 67
6818845 6818855 24
6823114 6823131 57
6824032 6824047 1
6828140 6828165 56
6831876 6831884 44
6839530 6839538 43
6851512 6851519 79
6855512 6855529 12
6863020 6863031 53
6864461 6864466 45
6878080 6878086 84
6886213 6886225 49
5410378 5410430 71
6891241 6891258 28
6904697 6904709 19
1299086 2178736 84
6908304 6908322 16
1836365 2642396 37
6909023 6909032 1
6913483 6913489 55
6914043 6914047 57
6919381 6919390 95
6922059 6922067 22
6922073 6922078 98
6925720 6925729 94
6925779 6925788 31
6925978 6925984 40
6927295 6927305 69
6929168 6929184 30
3952981 4151697 10
6929903 6929926 88
6935531 6935545 96
6942578 6942592 89
6943183 6943201 11
6945778 6945796 53
5810083 5810118 76
5810083 5810119 63
6952048 6952060 84
6952103 6952113 22
6954105 6954123 98
5238193 5238228 95
3952982 4151711 8
6963407 6963424 71
6966409 6966425 75
956915 1788914 64
6969734 6969741 88
3302522 3728508 37
6972337 6972357 49
3717497 4001467 95
6972604 6972631 95
2230083 2960437 82
6976260 6976268 55
6977600 6977610 2
5182734 5182791 13
6981851 6981869 8
6983617 6983623 7
6985834 6985847 17
6995946 6995959 76
6042502 6042593 94
7000648 7000668 38
4817608 4817775 57
2187214 2924785 11
617588 1356628 6
3302387 3728387 9
1605281 2455467 1
7009522 7009530 26
7010711 7010724 89
7011418 7011427 42
7011592 7011611 99
7012586 7012610 97
7012948 7012956 92
7013979 7014003 7
7013979 7014004 39
7014915 7014924 50
7023931 7023941 81
2960746 3486177 71
7026486 7026495 55
3728581 4007247 20
7029832 7029846 67
7032128 7032133 37
7032541 7032555 31
7033881 7033892 41
7035765 7035779 12
3952983 4151724 86
7038295 7038308 91
7041897 7041900 52
7043052 7043068 8
7050014 7050029 80
7054742 7054755 1
7060630 7060636 14
7061398 7061411 5
7061926 7061935 73
7062569 7062591 31
7065127 7065147 30
4946661 4946679 5
7069144 7069156 62
3527923 3880897 42
7073485 7073492 54
7075695 7075706 67
7076263 7076274 54
7076376 7076382 4
7079085 7079094 83
6977602 6977623 11
7080183 7080192 70
7081070 7081081 29
7081426 7081434 80
7081462 7081476 88
7081486 7081499 82
6231258 6231275 24
7081799 7081811 89
7083426 7083438 30
7094989 7094998 42
7098249 7098257 37
7098477 7098494 54
7099029 7099040 24
7099924 7099929 69
3952985 4151748 28
7101198 7101206 80
7101836 7101841 23
7102789 7102800 16
7102815 7102826 67
7102843 7102850 4
7103531 7103554 75
6067262 6067285 30
7104269 7104275 63
7104478 7104487 43
7105755 7105767 79
7105775 7105782 6
7106707 7106716 67
7107343 7107356 25
6216554 6216583 44
7108785 7108800 58
5117478 5117516 66
6219836 6219868 24
6219836 6219869 41
7111689 7111698 28
7111732 7111741 63
7111759 7111765 29
7111966 7111989 79
7112743 7112755 87
7112821 7112826 77
7114568 7114577 31
7116336 7116345 3
7116907 7116914 64
7118155 7118160 28
7118227 7118240 27
7118734 7118744 64
7125113 7125119 41
7125688 7125696 3
7126954 7126964 7
7128209 7128220 27
7129686 7129700 35
7130541 7130556 79
7130565 7130580 76
7131693 7131706 42
7132070 7132074 32
7132119 7132128 25
7132598 7132611 63
7133305 7133312 21
7133419 7133424 88
7135136 7135144 65
2230087 2960499 98
7136629 7136645 92
7136999 7137004 67
7137955 7137962 50
7138924 7138941 2
7139927 7139938 23
7140322 7140344 31
7140970 7140975 51
3668526 3969980 59
7143230 7143242 16
7143289 7143307 14
7145581 7145600 89
7148324 7148331 97
7149746 7149756 84
7149917 7149927 30
513209 1211350 73
7153826 7153836 60
7154636 7154654 44
6683960 6683988 78
7163939 7163950 22
7165115 7165126 54
7166365 7166386 56
3952986 4151761 68
7171486 7171502 87
7176005 7176016 23
6904699 6904724 4
7184535 7184551 17
2230090 2960543 64
7185136 7185143 28
7185379 7185388 5
1766643 2582792 63
7194490 7194505 61
7194490 7194506 35
7200424 7200439 48
2876142 3425338 51
7203578 7203585 11
6654242 6654258 62
7210080 7210098 43
7210229 7210235 21
7211170 7211182 83
7214396 7214409 53
7216455 7216463 75
7220557 7220566 20
7221941 7221950 15
7222332 7222348 84
7223489 7223496 94
5342850 5342882 45
7230398 7230406 61
7232200 7232214 38
7233363 7233375 39
7233772 7233778 68
7237948 7237957 51
7251713 7251720 8
7260726 7260744 42
7261315 7261331 50
7263620 7263631 90
7277259 7277270 89
6066721 6066755 4
6066721 6066756 49
7286436 7286446 77
7288267 7288282 82
1101519 1971840 80
6626132 6626156 68
7294813 7294828 30
7295639 7295656 25
7304954 7304964 99
7311104 7311123 2
7313494 7313511 33
7313545 7313567 52
7313595 7313610 59
7313639 7313651 81
3406816 3797827 84
7318878 7318891 43
7318985 7318997 8
7321173 7321184 20
7321814 7321826 38
7322026 7322042 66
7322742 7322752 48
7323356 7323376 84
4516292 4541078 73
7323563 7323573 29
7326016 7326024 35
7326678 7326687 79
7333946 7333960 14
7337607 7337624 52
6209023 6209066 12
7339215 7339232 52
7340731 7340738 92
7341109 7341124 90
358744 957356 12
7341821 7341830 23
7345649 7345666 29
989927 1835680 72
7348729 7348736 76
7348876 7348894 31
7349872 7349885 58
7349913 7349920 13
3894904 4113861 46
7355086 7355097 61
7356965 7356975 7
7358777 7358791 70
7358947 7358957 31
7361054 7361073 53
7362454 7362470 87
7362864 7362877 62
7362886 7362897 84
7364908 7364917 96
6362178 6362203 82
7367740 7367774 35
7367840 7367850 7
5487595 5487618 2
7376431 7376444 7
7378429 7378440 79
7382905 7382914 86
6976182 6976208 83
7383885 7383895 98
7384416 7384429 75
7386699 7386709 14
7387516 7387523 37
5913372 5913404 17
7391749 7391763 87
7392764 7392785 96
5198650 5198672 45
7393902 7393928 71
7393902 7393929 41
7394145 7394158 52
4484656 4516225 72
7402160 7402174 42
7404320 7404330 52
7405167 7405173 29
7405801 7405810 89
7408482 7408492 63
7417516 7417527 88
7419027 7419039 38
7419352 7419367 54
7419938 7419945 15
3259043 3700791 37
6432904 6432925 51
7426670 7426681 78
7427333 7427340 63
7427350 7427356 78
7428200 7428211 32
7440604 7440610 88
3337879 3754238 48
595600 1331017 85
7448627 7448637 10
7449918 7449933 70
7455849 7455854 50
7458673 7458680 58
7462998 7463012 82
7464704 7464712 67
7467652 7467669 28
7469566 7469571 100
7471254 7471262 42
7473092 7473103 32
7473538 7473546 12
7476818 7476834 32
7477615 7477625 5
7478461 7478473 11
5984810 5984836 85
7479643 7479657 4
7480073 7480082 4
1789578 2605699 2
6598064 6598082 17
7484141 7484158 83
7484908 7484923 100
7486346 7486354 3
3655064 3963000 97
7488455 7488458 15
7489342 7489350 27
7490044 7490049 38
7490347 7490356 75
7490438 7490446 36
7491061 7491068 76
7491272 7491282 5
7491567 7491579 39
7493652 7493664 21
7495808 7495822 27
7497347 7497352 99
7497896 7497905 74
7498371 7498387 35
7501228 7501243 17
7502367 7502375 76
7502802 7502821 3
5584009 5584041 39
5041566 5041601 64
3664457 3967602 7
7512010 7512028 90
7514913 7514921 83
7515878 7515901 21
7515984 7515989 31
7518349 7518359 63
7520430 7520436 53
7521815 7521819 93
7522158 7522165 70
7523015 7523022 31
7524053 7524062 63
7525088 7525094 59
7525096 7525103 23
7529987 7529996 89
7530984 7530990 77
7531773 7531783 36
7534980 7534995 59
7535247 7535254 60
411261 1048925 19
7535825 7535830 95
7535825 7535831 34
7537287 7537296 13
7538722 7538728 81
7539699 7539711 12
7542710 7542714 58
7543861 7543871 89
7544901 7544906 64
7545543 7545553 22
7546191 7546214 26
7547043 7547061 43
7553669 7553677 55
2643883 3265865 62
7558985 7559001 61
6138474 6138524 33
7559885 7559897 1
7568423 7568434 33
3091832 3578926 87
7575506 7575512 30
7580248 7580263 82
7587106 7587116 95
7587139 7587149 74
7588729 7588734 65
7600254 7600267 1
7601497 7601507 14
2642101 3264732 45
7604531 7604548 6
7607905 7607916 95
581682 1299398 21
7627395 7627413 64
7630565 7630576 65
7635678 7635691 26
7636015 7636029 65
7639069 7639085 87
7639265 7639282 13
7643095 7643103 97
7647716 7647732 69
1836366 2642420 88
7654168 7654191 100
7656067 7656073 4
7656067 7656074 7
7657948 7657967 59
7663121 7663130 6
7663837 7663852 17
1836367 2642454 17
821898 1629225 15
7669914 7669929 3
7670029 7670040 75
7670462 7670472 45
7675090 7675099 22
7676338 7676352 22
7678457 7678466 30
7681652 7681666 67
7682639 7682652 40
7684044 7684057 100
7691665 7691675 19
7700512 7700522 27
7705150 7705156 69
7707938 7707943 19
7709603 7709624 6
7709995 7710004 62
7710368 7710374 65
7711219 7711227 40
653191 1396069 89
1978730 2752139 95
7714649 7714657 22
7717300 7717308 93
1629198 2475916 44
7718109 7718119 56
7718273 7718279 95
7723069 7723085 85
7723167 7723178 36
7724201 7724219 56
1250651 2128808 81
7728316 7728329 31
4301224 4383457 65
7732185 7732191 68
7732546 7732551 52
7326018 7326034 38
7735064 7735078 56
7735153 7735171 50
7735852 7735858 35
7736644 7736648 50
7739764 7739772 45
3485795 3852348 41
7741172 7741178 82
7741485 7741497 68
7741600 7741618 66
7742657 7742666 55
6067793 6067820 51
6104297 6104317 27
7744537 7744546 47
7745315 7745326 27
7745315 7745327 89
7746845 7746852 19
7752863 7752869 39
3952989 4151809 12
7755553 7755556 38
7756393 7756405 85
7756602 7756624 96
7757195 7757203 20
7757270 7757292 70
4151926 4284880 79
7757912 7757917 9
7758225 7758237 89
7758355 7758370 59
7132304 7132322 52
3731594 4008905 62
3106274 3588604 40
3106274 3588605 78
7767605 7767616 6
7770827 7770844 12
7770980 7770985 96
7771348 7771360 74
7772163 7772172 53
7772523 7772534 67
3197662 3654242 36
7774322 7774327 38
7774438 7774454 89
7774903 7774912 11
7775332 7775341 84
7775332 7775342 54
7775508 7775525 56
7775577 7775588 39
7414308 7414319 9
7776234 7776244 83
7776454 7776458 61
7777267 7777274 64
7778932 7778940 3
7781706 7781714 32
7781735 7781743 43
7781867 7781875 65
7782713 7782719 65
7782988 7782997 9
7783127 7783143 65
7785657 7785671 65
7786142 7786154 41
7787106 7787111 14
7787169 7787177 86
7787382 7787387 24
7788539 7788549 17
7788680 7788689 33
7788756 7788767 58
7789833 7789840 46
6550670 6550694 52
7803116 7803130 30
7804759 7804784 74
7806309 7806321 5
6154009 6154034 17
7814136 7814140 49
7816351 7816368 50
7817277 7817293 16
7818698 7818712 99
7819594 7819610 47
7820423 7820435 97
7820467 7820477 4
7820639 7820649 24
7820906 7820920 2
7821770 7821791 22
5850027 5850078 8
7823151 7823162 32
7824085 7824102 23
7825460 7825473 91
7827166 7827177 21
7827345 7827352 53
6042578 6042649 46
7834330 7834339 13
7836978 7836991 36
7838590 7838601 61
7838749 7838765 59
7839980 7840000 27
7842066 7842071 43
7842924 7842934 54
7846462 7846470 100
7852302 7852317 80
7852425 7852431 78
4443563 4484737 11
7853602 7853626 38
7859461 7859471 14
7861583 7861589 56
7864999 7865007 48
7874200 7874207 46
7874224 7874230 89
7874315 7874326 96
7874331 7874337 4
7874492 7874507 5
7877735 7877742 50
7323103 7323149 57
1789315 2605386 36
7880272 7880277 92
7880428 7880439 3
7883228 7883237 86
7885278 7885285 61
7885638 7885646 37
7888901 7888907 36
7890257 7890265 87
7890321 7890336 54
7892353 7892371 81
7892723 7892730 16
7896825 7896831 55
7899364 7899375 42
5415176 5415223 22
7900668 7900673 3
7901627 7901632 6
7901851 7901857 71
7904788 7904799 17
7904885 7904892 10
7910574 7910585 62
3969896 4162590 36
7918479 7918490 53
7919519 7919532 73
7920132 7920141 30
7921134 7921149 31
7362888 7362914 56
7925383 7925391 47
7930983 7930989 48
7932532 7932543 61
7933961 7933970 61
6138475 6138546 36
7277278 7277305 91
7151482 7151511 92
7937432 7937444 58
7938235 7938240 87
7939358 7939368 43
7939460 7939470 90
7939781 7939787 85
7939844 7939853 59
7941397 7941412 94
7941945 7941961 78
7941979 7941990 32
7943026 7943032 79
7943156 7943164 80
7943783 7943798 71
7945988 7946002 2
7946380 7946397 25
7948855 7948875 90
7949252 7949262 35
7949630 7949644 55
3952991 4151838 92
7950561 7950569 24
7950561 7950570 90
7951093 7951109 40
7951145 7951153 23
3790219 4042011 94
7952139 7952150 14
7952942 7952958 60
7954923 7954940 36
7955625 7955635 62
7957103 7957113 65
7957785 7957792 33
1629145 2475884 19
7959100 7959107 36
7959911 7959917 9
7960193 7960203 79
7960327 7960336 2
7961297 7961304 46
7962338 7962346 87
7965669 7965679 55
5865077 5865101 51
7966035 7966043 83
7971785 7971792 45
3969897 4162601 40
7984818 7984827 95
7999370 7999376 85
8002608 8002618 27
1714617 2544764 100
8039938 8039949 69
8040259 8040271 26
8042240 8042249 29
8048068 8048074 15
8049045 8049051 71
8049215 8049222 13
6223082 6223104 50
8071167 8071172 58
8075926 8075938 100
8076637 8076648 21
3952992 4151848 81
8092386 8092396 64
8092402 8092412 31
8092955 8092966 18
8093420 8093423 20
8093990 8093997 82
8096746 8096759 91
1554854 2414986 60
8101212 8101222 58
8105342 8105347 8
8105354 8105364 41
8105723 8105731 24
8106573 8106581 22
8108462 8108471 11
1533009 2391486 15
8124409 8124424 29
8128225 8128232 35
8128349 8128358 96
8131029 8131040 25
8131249 8131257 80
8134727 8134746 79
5487997 5488031 95
8147420 8147430 97
8153191 8153198 75
8154924 8154936 58
8159230 8159242 84
5280636 5280664 49
8162722 8162729 47
2230104 2960718 65
8166504 8166512 34
8166945 8166950 85
8167303 8167317 33
8170466 8170472 68
8171600 8171609 99
8181366 8181376 20
8184923 8184936 24
7404323 7404350 35
5408576 5408629 41
6162731 6162760 59
8200872 8200883 82
4962282 4962368 3
4962282 4962369 51
8204073 8204082 56
8204432 8204439 10
8205320 8205331 74
8208660 8208668 63
8210304 8210311 9
8210603 8210610 89
8215076 8215081 55
8216779 8216799 77
8217068 8217083 93
8218906 8218924 88
8221211 8221226 71
8225645 8225659 29
8225763 8225770 16
8229422 8229436 85
8232315 8232330 99
2834909 3396336 48
8238768 8238779 52
8239509 8239518 95
8247086 8247101 77
8249880 8249890 60
8253805 8253815 15
990632 1836429 46
8256015 8256021 4
8257199 8257218 97
8258027 8258034 88
8258250 8258262 99
3952994 4151877 10
3952995 4151885 61
8262941 8262950 93
8263360 8263367 24
8263360 8263368 97
8264205 8264218 57
8264432 8264437 71
7466440 7466451 8
8265233 8265243 27
8265602 8265608 39
8265626 8265631 49
8265714 8265724 100
8266042 8266049 63
8266991 8267003 36
8267548 8267555 52
8267573 8267591 66
8269189 8269195 11
8269553 8269581 78
8269602 8269620 31
8269602 8269621 4
8269628 8269643 66
6787255 6787288 32
8271987 8271997 49
8276194 8276212 53
2514103 3180853 39
8276821 8276830 66
8279869 8279879 14
8283796 8283820 69
8285829 8285842 72
8287664 8287673 66
8288119 8288128 1
7296898 7296912 27
5830889 5830929 85
8304603 8304610 85
8305735 8305744 11
8306520 8306530 20
8308629 8308634 18
1524697 2381647 93
8310210 8310214 25
8310853 8310861 46
8311551 8311560 88
8313872 8313875 11
5811332 5811385 61
8315285 8315291 34
8315464 8315473 67
8317914 8317925 70
8322458 8322467 81
7959628 7959653 75
8326320 8326330 82
8327865 8327878 24
8330838 8330847 28
2743683 3336220 51
8332451 8332461 81
8335930 8335934 11
7042455 7042501 89
8336638 8336657 18
8337007 8337018 77
3952996 4151903 92
934825 1760672 58
8346054 8346061 36
8349224 8349231 99
8350124 8350130 25
8350827 8350846 34
8351286 8351296 9
5708387 5708417 84
8353045 8353056 14
8357505 8357517 86
8357768 8357780 99
6042422 6042514 69
8360322 8360331 81
8366962 8366969 67
8371254 8371269 92
7883230 7883252 26
8375734 8375743 22
8380835 8380842 47
2230109 2960759 89
8384630 8384635 11
8389038 8389053 18
8390578 8390590 10
8392505 8392513 84
609546 1347139 2
2180071 2918070 49
8403038 8403045 40
2629363 3255317 34
8406897 8406908 19
8408428 8408446 68
8416021 8416036 41
8424611 8424618 67
8428201 8428208 8
8428448 8428459 33
8428871 8428878 31
1789579 2605722 93
8431612 8431621 32
8432502 8432508 34
8432797 8432807 92
8433047 8433054 48
8445008 8445024 53
8447177 8447185 78
8447259 8447269 65
8448242 8448249 42
8451849 8451861 51
8452027 8452034 49
8453411 8453424 26
8457459 8457470 50
4494488 4523530 58
8459713 8459722 7
8460594 8460610 42
8463908 8463915 83
8464086 8464092 63
8466759 8466766 45
8467049 8467057 81
8468509 8468524 12
8471913 8471919 18
8473138 8473154 37
8474444 8474452 41
8475461 8475471 50
8481050 8481055 26
8483880 8483896 68
7922336 7922360 87
8484508 8484515 37
8487582 8487590 2
8489101 8489111 61
8489619 8489626 4
8496924 8496939 27
8502033 8502040 96
8508913 8508919 31
8508922 8508927 46
8513604 8513614 58
8516663 8516668 64
8518732 8518740 28
8522248 8522253 32
5942309 5942349 56
8523714 8523721 7
8525142 8525148 96
8525730 8525736 55
8525993 8525998 22
8526000 8526005 76
8531349 8531357 79
4372177 4432656 2
8532280 8532288 50
6071692 6071785 12
3952997 4151913 18
8547365 8547378 91
8547997 8548008 84
5094326 5094758 50
8550029 8550039 54
8553560 8553573 94
8553661 8553665 87
8554506 8554512 30
8558043 8558052 82
8558314 8558321 91
8559846 8559853 53
8559926 8559933 73
8564518 8564523 56
8566144 8566166 88
8566177 8566196 89
8568808 8568813 7
8569602 8569607 95
8572394 8572407 80
8572622 8572629 49
5069715 5069740 25
8375736 8375755 19
2454363 3133367 86
8578941 8578952 99
8579579 8579584 9
7730063 7730089 51
6540154 6540191 28
8586152 8586173 62
8587463 8587477 98
8590944 8590956 28
8593177 8593186 17
8593586 8593600 48
8597232 8597235 80
8597414 8597421 84
8019426 8019454 64
8604554 8604561 17
8608061 8608067 46
8618052 8618063 24
4109353 4257323 81
8619682 8619689 29
8626544 8626555 74
8628383 8628393 58
8648507 8648522 83
2159859 2900671 28
5865006 5865048 80
8657822 8657831 8
8658086 8658091 69
8660736 8660748 44
2366033 3060847 64
8672198 8672203 24
8675098 8675105 35
8681042 8681052 14
8681096 8681107 50
2413046 3100373 56
8689921 8689929 2
8691041 8691048 39
8692398 8692411 8
8692883 8692888 2
3220908 3673093 62
8695949 8695958 56
8700230 8700242 50
8700762 8700769 67
8701151 8701156 32
1629200 2475957 70
8709187 8709195 79
8709856 8709866 57
381544 990603 69
8716848 8716856 52
8722325 8722330 2
8724038 8724043 92
8725408 8725415 58
8728308 8728313 12
5984783 5984819 6
8736045 8736056 92
8737601 8737610 84
8739169 8739177 98
8739849 8739854 58
8739926 8739940 96
8743017 8743023 83
8747233 8747241 97
8750445 8750451 40
8752029 8752043 39
8752119 8752133 68
8755176 8755183 61
3952998 4151922 9
8760917 8760924 31
8781265 8781271 48
8782245 8782251 25
8789317 8789325 48
8790495 8790507 41
8797508 8797513 88
8801182 8801189 42
6106868 6106901 71
8802715 8802726 71
8817587 8817602 33
8824942 8824950 28
8826428 8826439 9
8826687 8826700 23
3162438 3632115 96
8837436 8837448 47
8840878 8840888 69
5830890 5830951 57
8845732 8845741 46
8847474 8847479 93
8855752 8855766 83
8857365 8857375 34
3952999 4151936 53
8869113 8869118 76
8869120 8869125 33
8876713 8876723 62
8880842 8880856 95
8885966 8885974 18
8891804 8891815 77
8892677 8892684 20
8892888 8892899 99
8894754 8894759 28
8895592 8895607 5
7883231 7883265 76
8904051 8904059 10
8604252 8604261 95
8906128 8906136 39
8907396 8907405 97
8908389 8908400 76
6535312 6535337 49
8924143 8924148 75
8924455 8924464 23
7484168 7484196 26
8927970 8927981 16
3950214 4149984 9
8933470 8933484 10
8939476 8939487 64
8940857 8940876 54
8945169 8945180 96
8945593 8945604 34
8947017 8947026 87
8947374 8947380 13
8949003 8949014 86
8950265 8950272 33
8953231 8953237 12
8960158 8960165 84
3953000 4151947 58
8969633 8969638 12
8969980 8969989 27
8975228 8975239 76
8976290 8976296 17
8976735 8976746 99
8977904 8977911 72
8978933 8978956 71
8983938 8983945 48
8985095 8985103 1
8987014 8987025 94
8988546 8988555 39
1930609 2706868 13
8992872 8992877 58
8992937 8992946 28
8994221 8994228 19
9007223 9007229 47
9016651 9016657 27
9018561 9018566 26
9027435 9027442 58
9028545 9028552 13
9029131 9029138 76
9034695 9034701 71
5098615 5098667 82
9036414 9036421 32
9041906 9041914 55
9045642 9045648 69
9047768 9047780 8
9052835 9052840 23
9053001 9053007 13
9103073 9103078 79
9109288 9109300 63
9115162 9115173 68
3420384 3804915 55
9123345 9123355 6
9123345 9123356 57
9126110 9126121 8
9138546 9138559 85
6243252 6243285 46
9156363 9156370 87
9156732 9156742 66
6484901 6484912 84
9202607 9202621 100
9203560 9203573 92
9217614 9217622 28
7230400 7230416 11
9225101 9225108 6
9229819 9229837 73
9233700 9233710 44
9260078 9260088 49
9277785 9277793 61
9312790 9312797 35
9326326 9326352 87
9338587 9338595 89
9342686 9342698 25
1101520 1971881 44
9356008 9356018 90
9358262 9358267 72
9362012 9362017 99
9364373 9364381 39
9371339 9371351 36
9382660 9382674 41
9383960 9383994 69
8087827 8087840 91
9393039 9393051 38
9430186 9430192 53
9433830 9433839 9
9446697 9446702 36
9459110 9459115 86
9468314 9468333 34
9471846 9471855 45
9474483 9474499 66
9483568 9483573 49
9486537 9486548 56
5919579 5919608 53
9499555 9499562 53
9503304 9503318 64
990634 1836478 98
9511370 9511383 67
9512032 9512046 66
9513568 9513578 7
9513620 9513629 86
9516509 9516526 92
9517459 9517472 98
9519548 9519558 66
9522801 9522818 45
9531291 9531299 21
9531440 9531451 90
6042425 6042552 35
9538094 9538105 1
9539351 9539362 15
8404202 8404219 76
9554780 9554787 9
9579809 9579816 8
9585182 9585188 91
9591580 9591588 6
9601251 9601260 82
9602869 9602879 61
5320190 5320307 96
9620113 9620120 68
9626475 9626482 17
9660895 9660903 63
9664465 9664476 67
9771396 9771414 85
9789068 9789081 51
9810517 9810534 14
5434981 5435001 19
9831357 9831363 84
9831846 9831853 74
5434626 5434682 80
9837676 9837682 91
9904854 9904862 55
9987849 9987872 42
10001777 10001787 41
10002389 10002395 60
2125087 2873234 61
9950064 9950076 92
10026729 10026737 67
10290272 10290296 46
10430068 10430083 39
10670806 10670817 39
8407385 8407418 12
10760031 10760036 77
5482305 5482447 60
10764487 10764496 86
10766470 10766480 95
6247557 6247575 45
10868906 10868916 92
10869209 10869214 71
7074598 7074626 47
10920181 10920186 4
10929601 10929610 27
1316246 2187316 71
11050317 11050328 38
11050538 11050543 36
11056660 11056668 62
11059644 11059655 65
11061209 11061225 51
11065288 11065293 11
11075421 11075429 79
11081243 11081250 50
11085988 11086000 48
5708388 5708426 91
11097162 11097166 70
11071748 11071761 56
11154627 11154634 45
3354028 3764702 68
11220199 11220208 38
11226489 11226495 57
11226835 11226845 48
4484732 4516279 45
6139270 6139311 89
11271511 11271526 62
11283248 11283254 1
11300203 11300210 12
11348164 11348173 78
11398340 11398344 62
11433488 11433497 91
11485572 11485576 93
11527525 11527531 39
2475787 3150731 54
11557675 11557680 99
11563189 11563194 1
11607124 11607132 99
11661384 11661392 62
11662872 11662877 66
11663088 11663093 80
11663927 11663929 86
11664533 11664536 6
11664880 11664883 50
11664932 11664934 10
11665339 11665345 64
11667135 11667140 36
11669509 11669514 29
11672099 11672105 84
11672493 11672496 57
11672952 11672955 72
8502035 8502044 38
5961813 5961855 68
11675509 11675512 10
7102845 7102863 33
11677064 11677068 62
11677725 11677728 76
11679524 11679530 96
381546 990622 57
11683339 11683346 49
11685550 11685557 63
11686581 11686585 90
11692482 11692486 27
11713244 11713250 84
11730531 11730534 72
11736263 11736269 67
11747402 11747405 55
11749388 11749392 58
11750027 11750031 58
11756293 11756298 17
11757826 11757829 30
11771522 11771527 6
11778350 11778352 93
3736949 4011427 57
11802317 11802320 1
7942950 7942960 87
11807275 11807278 38
11808806 11808809 9
11809195 11809199 73
11811111 11811115 15
11813580 11813585 21
11815924 11815927 69
11816634 11816637 92
11824589 11824595 7
11836298 11836304 11
11836317 11836322 37
11839408 11839411 49
11840867 11840872 33
7883233 7883270 81
11841776 11841779 73
11856509 11856512 6
11859297 11859300 98
11860147 11860151 3
11865707 11865710 50
11872685 11872688 94
11897175 11897178 27
11901232 11901236 86
11908546 11908549 40
11909978 11909981 40
11918489 11918493 80
11920063 11920066 70
11936349 11936352 58
11936658 11936663 37
11936666 11936672 3
11936934 11936938 6
8264207 8264229 20
11942185 11942190 30
11944351 11944354 91
11945788 11945792 42
11945804 11945808 76
11946770 11946773 30
11948122 11948126 15
11948252 11948255 86
11949173 11949178 46
11949186 11949188 36
11949844 11949848 39
11949995 11950000 28
11951565 11951568 94
11951570 11951573 84
11951579 11951582 43
11956168 11956177 12
11956879 11956883 52
11961850 11961853 25
11964273 11964276 78
7222336 7222355 27
11982830 11982832 88
11992668 11992673 84
12017183 12017186 23
12031854 12031860 47
12032437 12032442 12
12034645 12034648 87
12035435 12035437 57
12036465 12036470 20
12037411 12037417 9
12037536 12037539 3
12037904 12037920 58
12038862 12038865 35
12040407 12040410 8
12044213 12044216 14
3953003 4151958 22
12173999 12174003 21
12190803 12190809 25
12219562 12219564 20
12233196 12233205 48
8601884 8601905 34
8803148 8803203 87
12354816 12354821 10
4230843 4338622 100
3772347 4031801 84
12359696 12359700 94
12361262 12361265 67
12362201 12362205 16
12362428 12362431 93
12363590 12363593 68
8479418 8479432 12
12367774 12367781 24
12368630 12368633 40
12368829 12368835 16
12371673 12371676 70
12372963 12372966 92
12373449 12373452 74
12373786 12373789 6
6863023 6863040 60
12377055 12377059 13
12378969 12378978 72
12379081 12379084 64
12380260 12380263 10
12380843 12380847 13
12381587 12381591 80
12383311 12383314 47
12385066 12385072 75
12386136 12386139 34
6067769 6067801 9
12390299 12390302 79
12390450 12390453 26
12391142 12391154 24
5903899 5903923 76
12394213 12394217 77
12394814 12394819 35
12395096 12395099 94
12395571 12395574 31
12396565 12396568 51
12397687 12397694 66
12398803 12398809 86
12400942 12400945 42
12401043 12401048 71
12402377 12402380 37
12402480 12402486 80
12402805 12402811 18
12403371 12403377 71
12403515 12403520 55
12405936 12405938 28
12407645 12407647 11
5786444 5786449 44
12409556 12409559 27
12410103 12410106 58
12410397 12410401 20
12410446 12410452 2
12410549 12410556 8
12410872 12410876 59
12412343 12412349 12
12412386 12412394 49
12413098 12413103 16
12415700 12415703 30
12415720 12415723 4
12416659 12416661 92
12416805 12416808 55
12416957 12416960 24
5069692 5069723 83
12418314 12418317 28
12419705 12419708 74
12420154 12420157 99
11756370 11756383 55
12422312 12422315 11
12422828 12422832 14
3914087 4126530 46
12423674 12423678 50
12424105 12424111 70
12427404 12427407 33
10044105 10044114 13
12429697 12429702 19
12429905 12429909 18
12429964 12429966 27
12431418 12431426 25
12431469 12431472 89
12432022 12432031 30
12432838 12432840 3
12432923 12432933 4
12434745 12434748 55
12435336 12435338 5
5252750 5252769 45
5103597 5103661 91
12438086 12438089 33
9529695 9529710 66
12439875 12439883 6
12440147 12440150 68
12441589 12441596 59
12441665 12441670 58
12442378 12442392 97
12443148 12443152 5
12443293 12443297 98
12443401 12443405 36
12444069 12444073 56
8093814 8093828 16
12447023 12447026 37
12447457 12447462 69
12449241 12449244 44
12449827 12449830 70
12450440 12450455 34
12450861 12450866 17
7091103 7091110 90
12452286 12452290 92
2750313 3341081 81
2750313 3341082 68
12453951 12453955 62
12454956 12454960 31
12455568 12455572 84
12457107 12457110 71
12461000 12461004 35
12461917 12461922 62
12463792 12463795 36
12464409 12464413 85
12465384 12465388 54
2718589 3310245 99
12467708 12467710 64
2844103 3402888 77
12474452 12474458 16
12475814 12475818 56
2844104 3402903 28
12477232 12477236 6
12477704 12477711 2
12478294 12478298 96
12478595 12478597 16
12491665 12491667 33
12498509 12498512 57
12506981 12506983 22
12507352 12507355 47
12516650 12516655 91
12520273 12520278 55
12523089 12523096 65
12524230 12524233 96
12524577 12524584 20
12525113 12525115 64
12525572 12525575 88
12529035 12529038 3
12529289 12529292 54
12529558 12529562 60
12532771 12532775 79
12542450 12542453 60
12545744 12545747 33
12546939 12546943 98
12548069 12548072 26
12550506 12550509 29
12551184 12551187 2
9123974 9123990 23
12559225 12559231 34
12559785 12559790 61
12562977 12562980 79
12563711 12563714 12
12584897 12584905 24
9514370 9514382 53
12587173 12587177 13
12590826 12590830 40
12594180 12594189 90
12595340 12595346 26
12596179 12596184 19
12623935 12623940 96
12625873 12625877 36
12627425 12627432 3
12628222 12628227 37
12633158 12633165 63
12635265 12635267 45
12639580 12639583 23
5934928 5934948 8
12652800 12652802 90
12656115 12656120 74
12656898 12656901 24
12661018 12661020 71
12366366 12366387 5
12673945 12673952 97
12675836 12675840 99
12677921 12677924 96
12678677 12678682 47
12679989 12679995 39
12682491 12682500 88
12683022 12683028 29
12684315 12684319 74
12687879 12687885 83
12690811 12690814 76
12698358 12698362 3
12716703 12716710 17
12729065 12729068 69
12734743 12734748 20
7515882 7515927 11
12765591 12765602 46
1533012 2391497 60
12784802 12784804 7
12796992 12796996 83
12797580 12797583 93
12808487 12808490 48
12913341 12913350 76
6175072 6175112 20
12966168 12966173 12
12366729 12366735 27
13001003 13001008 54
5416764 5416844 82
13032248 13032252 15
13033971 13033981 17
13055158 13055162 18
13063339 13063346 8
13070863 13070866 25
13082131 13082134 60
13091644 13091647 6
13097243 13097246 100
13101299 13101304 76
13106416 13106421 75
13119999 13120003 79
13137802 13137805 87
13183381 13183389 72
8924867 8924873 66
13191516 13191524 37
13192107 13192109 26
13192314 13192317 70
14409209 14409211 10
14453671 14453674 6
14456580 14456582 18
6498636 6498655 36
14639730 14639740 45
14755084 14755094 58
15275357 15275359 92
15275665 15275668 35
15305663 15305668 37
15330790 15330794 98
4165443 4294585 45
15581479 15581481 44
15600717 15600722 73
15604929 15604933 12
15611193 15611197 82
4300992 4383237 71
15634379 15634383 68
6448786 6448806 91
15657410 15657414 38
15658099 15658101 10
15668229 15668231 93
15669882 15669884 7
15669885 15669889 45
15670500 15670504 84
7951714 7951776 15
7023935 7023962 52
24381692 24381696 69
8738735 8738743 51
24391163 24391165 28
24392877 24392881 50
24394300 24394304 15
24395797 24395800 1
24395866 24395870 73
25433709 25433712 52
8875322 8875330 30
28301205 28301207 55
1836095 2642248 34
30310361 30310362 6
30391837 30391838 9
32876665 32876667 100
33116192 33116193 70
33241869 33241870 92
34785601 34785602 33
35512841 35512844 36
36263442 36263444 2
36720601 36720602 29
36759821 36759822 47
38631673 38631675 24
38631680 38631682 61
39431121 39431123 77
39431292 39431293 28
39432931 39432933 73
39432965 39432967 98
39437166 39437168 1
39601217 39601218 73
39601219 39601220 27
39601221 39601222 10
39601223 39601224 90
39601225 39601226 27
39601227 39601228 96
39601229 39601230 46
39601231 39601232 41
39601233 39601234 62
39601235 39601236 38
39601237 39601238 93
39601239 39601240 62
39601241 39601242 46
39601243 39601244 35
39601245 39601246 71
39601247 39601248 89
39601250 39601251 93
39601252 39601253 31
39601254 39601255 40
39601256 39601257 58
39601258 39601259 47
39601260 39601261 51
39601262 39601263 73
39601264 39601265 85
39601266 39601267 37
39601268 39601269 66
39601270 39601271 59
39601272 39601273 32
39601274 39601275 43
39601276 39601277 36
39601278 39601279 30
39601280 39601281 85
39601282 39601283 55
39601284 39601285 84
39601286 39601287 94
39601288 39601289 15
39601290 39601291 48
39601292 39601293 82
39601294 39601295 17
39601296 39601297 92
39601298 39601299 67
39601300 39601301 78
39601302 39601303 27
39601304 39601305 85
39601306 39601307 32
39601308 39601309 43
39601310 39601311 91
39601312 39601313 84
39601314 39601315 34
39601316 39601317 21
39601318 39601319 12
39601320 39601321 54
39601322 39601323 13
39601324 39601325 71
39601326 39601327 34
39601328 39601329 43
39601330 39601331 51
39601332 39601333 23
39601334 39601335 8
39601336 39601337 85
39601338 39601339 23
39601340 39601341 43
39601342 39601343 11
39601344 39601345 53
39601346 39601347 94
39601348 39601349 52
39601350 39601351 47
39601352 39601353 94
39601354 39601355 44
39601356 39601357 65
39601358 39601359 65
39601360 39601361 22
39601362 39601363 88
39601364 39601365 12
39601366 39601367 28
39601368 39601369 40
39601370 39601371 43
39601372 39601373 23
39601374 39601375 92
39601376 39601377 46
39601378 39601379 34
39601380 39601381 47
39601382 39601383 83
39601385 39601386 10
39601387 39601388 32
39601389 39601390 48
39601391 39601392 60
39601393 39601394 10
39601395 39601396 46
39601397 39601398 49
39601399 39601400 46
39601401 39601402 20
39601403 39601404 2
39601405 39601406 14
39601407 39601408 88
39601409 39601410 84
39601411 39601412 62
39601413 39601414 79
39601415 39601416 26
39601417 39601418 86
39601419 39601420 63
39601421 39601422 20
39601423 39601424 67
39601425 39601426 76
39601427 39601428 76
39601429 39601430 83
39601431 39601432 23
39601433 39601434 39
39601435 39601436 11
39601437 39601438 10
39601439 39601440 3
39601441 39601442 93
39601443 39601444 80
39601445 39601446 95
39601447 39601448 73
39601449 39601450 57
39601451 39601452 40
39601453 39601454 1
39601455 39601456 13
39601457 39601458 12
39601459 39601460 4
39601461 39601462 8
39601463 39601464 2
39601465 39601466 48
39601467 39601468 64
39601469 39601470 17
39601471 39601472 48
39601473 39601474 18
39601475 39601476 11
39601477 39601478 57
39601479 39601480 5
39601481 39601482 13
39601483 39601484 12
39601485 39601486 31
39601487 39601488 89
39601489 39601490 57
39601491 39601492 27
39601493 39601494 60
39601495 39601496 53
39601497 39601498 36
39601499 39601500 29
39601501 39601502 21
39601503 39601504 13
39601505 39601506 65
39601507 39601508 86
39601509 39601510 67
39601511 39601512 47
39601513 39601514 12
39601515 39601516 17
39601517 39601518 27
39601519 39601520 7
39601521 39601522 43
39601523 39601524 7
39601525 39601526 50
39601527 39601528 76
39601529 39601530 37
39601531 39601532 23
39601533 39601534 100
39601535 39601536 59
39601537 39601538 36
39601539 39601540 54
39601541 39601542 1
39601543 39601544 9
39601545 39601546 46
39601547 39601548 96
39601549 39601550 79
39601551 39601552 42
39601553 39601554 85
39601555 39601556 67
39601557 39601558 46
39601559 39601560 44
39601561 39601562 49
39601563 39601564 22
39601565 39601566 43
39601567 39601568 14
39601569 39601570 58
39601571 39601572 1
39601573 39601574 95
39601575 39601576 95
39601577 39601578 93
39601579 39601580 36
39601581 39601582 93
39601583 39601584 31
39601585 39601586 61
39601587 39601588 58
39601589 39601590 23
39601591 39601592 13
39601593 39601594 25
39601595 39601596 63
39601597 39601598 19
39601599 39601600 9
39601601 39601602 72
39601603 39601604 6
39601605 39601606 56
39601607 39601608 83
39601609 39601610 39
39601611 39601612 66
39601613 39601614 23
39601615 39601616 33
39601617 39601618 30
39601619 39601620 55
39601621 39601622 20
39601623 39601624 94
39601625 39601626 20
39601627 39601628 59
39601629 39601630 34
39601631 39601632 35
39601633 39601634 53
39601635 39601636 63
39601637 39601638 60
39601639 39601640 60
39601641 39601642 25
39601643 39601644 22
39601645 39601646 10
39601647 39601648 21
39601649 39601650 75
39601651 39601652 94
39601653 39601654 90
39601655 39601656 89
39601657 39601658 15
39601659 39601660 76
39601661 39601662 88
39601663 39601664 82
39601665 39601666 3
39601667 39601668 15
39601669 39601670 85
39601671 39601672 34
39601673 39601674 85
39601675 39601676 28
39601677 39601678 11
39601679 39601680 77
39601681 39601682 2
39601683 39601684 13
39601685 39601686 14
39601687 39601688 5
39601689 39601690 3
39601691 39601692 11
39601693 39601694 3
39601695 39601696 59
39601697 39601698 26
39601699 39601700 83
39601701 39601702 62
39601703 39601704 59
39601705 39601706 64
39601707 39601708 46
39601709 39601710 5
39601711 39601712 49
39601713 39601714 82
39601715 39601716 97
39601717 39601718 85
39601719 39601720 5
39601721 39601722 13
39601723 39601724 15
39601725 39601726 63
39601727 39601728 15
39601729 39601730 91
39601731 39601732 60
39601733 39601734 2
39601735 39601736 70
39601737 39601738 82
39601739 39601740 50
39601741 39601742 86
39601743 39601744 94
39601745 39601746 24
39601747 39601748 13
39601749 39601750 70
39601751 39601752 34
39601753 39601754 14
39601755 39601756 67
39601757 39601758 8
39601759 39601760 78
39601761 39601762 76
39601763 39601764 31
39601765 39601766 3
39601767 39601768 43
39601769 39601770 70
39601771 39601772 99
39601773 39601774 86
39601775 39601776 29
39601777 39601778 49
39601779 39601780 82
39601781 39601782 75
39601783 39601784 96
39601785 39601786 83
39601787 39601788 43
39601789 39601790 14
39601791 39601792 47
39601793 39601794 79
39601795 39601796 7
39601797 39601798 13
39601799 39601800 1
39601801 39601802 30
39601803 39601804 82
39601805 39601806 34
39601807 39601808 30
39601809 39601810 19
39601811 39601812 24
39601813 39601814 17
39601815 39601816 43
39601817 39601818 44
39601819 39601820 57
39601821 39601822 57
39601823 39601824 27
39601825 39601826 83
39601827 39601828 98
39601829 39601830 66
39601831 39601832 64
39601833 39601834 95
39601835 39601836 62
39601837 39601838 75
39601839 39601840 52
39601841 39601842 85
39601843 39601844 41
39601845 39601846 79
39601847 39601848 11
39601849 39601850 31
39601851 39601852 3
39601853 39601854 95
39601855 39601856 38
39601857 39601858 82
39601859 39601860 47
39601861 39601862 59
39601863 39601864 24
39601865 39601866 76
39601867 39601868 12
39601869 39601870 4
39601871 39601872 54
39601873 39601874 8
39601875 39601876 28
39601877 39601878 16
39601879 39601880 33
39601881 39601882 24
39601883 39601884 11
39601885 39601886 31
39601887 39601888 38
39601889 39601890 15
39601891 39601892 96
39601893 39601894 73
39601895 39601896 40
39601897 39601898 100
39601899 39601900 18
39601901 39601902 100
39601903 39601904 63
39601905 39601906 43
39601907 39601908 20
39601909 39601910 21
39601911 39601912 86
39601913 39601914 42
39601915 39601916 43
39601917 39601918 46
39601919 39601920 66
39601921 39601922 91
39601923 39601924 95
39601925 39601926 89
39601927 39601928 11
39601929 39601930 75
39601931 39601932 47
39601933 39601934 15
39601935 39601936 85
39601937 39601938 13
39601939 39601940 78
39601941 39601942 54
39601943 39601944 64
39601945 39601946 68
39601947 39601948 84
39601949 39601950 15
39601951 39601952 21
39601953 39601954 71
39601955 39601956 50
39601957 39601958 90
39601959 39601960 59
39601961 39601962 55
39601963 39601964 43
39601965 39601966 4
39601967 39601968 70
39601969 39601970 58
39601971 39601972 73
39601973 39601974 84
39601975 39601976 96
39601977 39601978 40
39601979 39601980 17
39601981 39601982 87
39601983 39601984 36
39601985 39601986 90
39601987 39601988 33
39601989 39601990 70
39601991 39601992 17
39601993 39601994 75
39601995 39601996 61
39601997 39601998 54
39601999 39602000 16
39602001 39602002 44
39602003 39602004 80
39602005 39602006 11
39602007 39602008 61
39602009 39602010 12
39602011 39602012 30
39602013 39602014 25
39602015 39602016 84
39602017 39602018 15
39602019 39602020 70
39602021 39602022 50
39602023 39602024 32
39602025 39602026 60
39602027 39602028 64
39602029 39602030 56
39602031 39602032 86
39602033 39602034 37
39602035 39602036 6
39602037 39602038 50
39602039 39602040 5
39602041 39602042 25
39602043 39602044 92
39602045 39602046 50
39602047 39602048 14
39602049 39602050 68
39602051 39602052 43
39602053 39602054 75
39602055 39602056 93
39602057 39602058 50
39602059 39602060 35
39602061 39602062 59
39602063 39602064 58
39602065 39602066 85
39602067 39602068 91
39602069 39602070 88
39602071 39602072 88
39602073 39602074 84
39602075 39602076 44
39602077 39602078 67
39602079 39602080 29
39602081 39602082 53
39602083 39602084 52
39602085 39602086 83
39602087 39602088 80
39602089 39602090 46
39602091 39602092 80
39602093 39602094 67
39602095 39602096 67
39602097 39602098 53
39602099 39602100 2
39602101 39602102 15
39602103 39602104 8
39602105 39602106 31
39602107 39602108 93
39602109 39602110 62
39602111 39602112 32
39602113 39602114 81
39602115 39602116 94
39602117 39602118 57
39602119 39602120 34
39602121 39602122 85
39602123 39602124 84
39602125 39602126 20
39602127 39602128 33
39602129 39602130 66
39602131 39602132 89
39602133 39602134 26
39602135 39602136 14
39602137 39602138 85
39602139 39602140 27
39602141 39602142 39
39602143 39602144 17
39602145 39602146 47
39602147 39602148 28
39602149 39602150 48
39602151 39602152 77
39602153 39602154 81
39602155 39602156 57
39602157 39602158 42
39602159 39602160 49
39602161 39602162 81
39602163 39602164 82
39602165 39602166 40
39602167 39602168 10
39602169 39602170 43
39602171 39602172 25
39602173 39602174 68
39602175 39602176 76
39602177 39602178 39
39602179 39602180 15
39602181 39602182 99
39602183 39602184 98
39602185 39602186 26
39602187 39602188 27
39602189 39602190 27
39602191 39602192 29
39602193 39602194 67
39602195 39602196 8
39602197 39602198 94
39602199 39602200 19
39602201 39602202 83
39602203 39602204 32
39602205 39602206 63
39602207 39602208 13
39602209 39602210 30
39602211 39602212 25
39602213 39602214 89
39602215 39602216 61
39602217 39602218 74
39602219 39602220 30
39602221 39602222 4
39602223 39602224 68
39602225 39602226 44
39602227 39602228 69
39602229 39602230 92
39602231 39602232 25
39602233 39602234 29
39602235 39602236 9
39602237 39602238 93
39602239 39602240 6
39602241 39602242 54
39602243 39602244 23
