142903 449749 94
142903 415368 44
368406 2543 5
4146040 483517 62
9672366 514575 42
4932313 738421 13
236747 722051 53
804675 788407 47
5003152 1126955 71
57781 11482 4
1988468 704874 97
406097 466335 88
9672438 473660 92
9672479 9979 94
57901 237035 10
4973415 537891 43
245796 734394 48
245796 734395 17
2370054 738411 22
9674494 739600 67
9674523 310172 9
4052519 187630 72
9674559 749425 45
507151 531224 55
507151 1200038 23
796202 357073 13
2235789 726269 68
9674623 269073 93
1096955 980753 53
3893104 127940 34
2565256 550560 97
4113455 4259353 4
24892 127338 37
3791328 126 33
4921822 89370 36
236972 42258 86
1933470 186053 58
1933470 531592 51
5005317 7267 58
1360260 254181 81
3892944 304947 19
3892944 282841 7
3892944 4112575 77
1846868 2650134 98
506733 310441 39
9678092 2519 51
9678200 481245 4
2349665 4879 4
4997890 4997905 47
9679102 2620403 10
9679451 162936 86
5710 48790 81
9679862 89601 22
9679862 73697 23
9679981 531334 82
209589 306830 62
209589 632940 9
2082221 460404 78
4918680 460404 88
3552434 616547 83
9680153 236134 2
9680249 713288 32
9680310 179825 25
9680359 142817 75
9680411 616547 35
9680442 616547 59
9680476 705980 45
9680476 9680489 61
9680516 236134 29
9680543 1333416 89
9680593 76427 12
3892727 460404 61
9680633 76427 24
9680675 2882166 63
9680711 553168 17
9680777 245959 27
9677296 3350327 82
9697081 130491 1
5003118 552724 51
5003270 483296 68
9700012 76427 51
502888 310012 18
9701574 4885 86
506734 179825 97
1043898 1907010 17
9701710 211935 63
9701858 551317 42
406754 2543 69
406754 552836 8
9709374 9035 31
9709374 56444 53
9709708 9709715 32
9709768 9709782 10
1360179 2234853 28
9711163 179916 51
9716001 188328 65
9718080 6856 66
2307091 771230 39
9723747 2894922 15
1360308 469652 6
9730085 435115 5
1360262 1114533 11
9740687 420640 6
510744 733130 46
9741068 1214472 91
1868366 249607 78
9741215 2518 74
1373601 2250808 32
4919725 125598 59
9741430 521413 95
9741896 1291548 48
216015 655326 67
9671943 740378 58
9742421 1075501 77
3892792 377803 92
9742854 399526 90
721460 92072 31
9743295 531224 57
9743704 420640 38
9743789 713288 58
9743844 9743859 38
9743915 1910003 34
506735 1199041 84
9744509 551317 20
9744536 230689 67
9744602 1993150 54
9744802 1122674 14
3893164 4113115 43
9744886 76427 10
9745001 1037617 3
9745166 922474 84
9745307 2230936 94
9745307 9745325 2
9745476 2915185 14
1488514 236134 21
9746122 1164525 94
9746328 2544 36
9746368 457162 14
9746498 736685 67
1311945 778899 9
9746882 9746889 2
9747098 9747111 51
1902454 2682885 71
2369193 269073 57
9747957 1333416 69
9748255 6537 28
4235502 24221 25
4235502 740381 42
9754776 64673 91
9755083 9755095 48
9755109 457162 85
9756687 245974 88
9757002 596561 99
540 4618 66
44298 187913 19
4544 44424 1
187813 579483 95
187867 579592 31
187890 579701 14
4550 44493 72
4558 2528 63
188043 579950 41
188045 126 15
10669069 56444 18
10682120 365336 61
10686324 186053 89
10978068 481188 15
160263 455356 86
4961695 4961716 65
13255595 450062 80
533675 738462 93
42229 173977 91
13261083 1159606 74
4235503 2004548 26
13268179 458450 82
127323 413243 2
127323 413244 37
127323 413245 81
127323 413246 49
127323 413247 63
127323 413248 34
127323 413249 26
127323 413250 33
127323 413251 64
127323 413252 79
127323 413253 47
127323 413254 5
127323 413255 54
127323 413256 94
127323 413257 100
127323 413258 48
127323 413259 39
127323 413260 13
127323 413261 25
127323 413262 25
127323 413263 95
127323 413264 35
127323 413265 23
127323 413266 33
127323 413267 14
127323 413268 79
13270475 197668 79
322704 872035 37
149377 471297 27
13283902 7600 8
13284904 1464845 17
13285635 188116 23
4377718 239548 80
160301 249607 3
13288722 179964 47
13288866 2518 90
722617 1483319 68
751873 1532867 53
1360263 460404 28
13294088 247322 69
1482016 2349715 68
1373602 2524 6
1373602 1001963 47
13294211 2518 32
1716341 78371 50
1371954 14810 52
13295557 719763 56
4940384 726269 96
13296080 508136 52
13296301 13296312 84
13296354 13218217 8
13296354 13296366 96
3893085 4112933 55
13297075 469651 31
13297430 76427 72
9671945 248586 59
13297953 458642 96
13297970 740381 31
13297970 481967 97
13297989 188712 12
13298008 13298014 8
216017 576076 42
1244830 552724 72
13298296 206183 15
13298730 247322 53
13299002 254181 62
13299340 717111 83
13299394 457162 98
13299524 1315390 33
13300230 126 80
13300230 474972 22
13300230 579482 59
13300973 1315390 16
13301004 1333416 29
13301038 245959 93
4900549 3131319 52
13302236 786588 98
13302928 13302937 33
13302928 13302938 63
13304054 1263606 47
1193312 2068978 35
2698139 3295814 21
2816664 25890 58
404780 551317 6
13305225 538061 43
13305251 1256679 63
13305828 738462 50
13305912 13305922 67
13306547 4326476 71
3673518 258804 32
13308990 1159606 72
3804492 4051074 47
13309407 471297 9
13309437 13309446 87
13309589 726269 50
1373603 188116 41
13311285 2412961 3
1373604 2250917 60
9745352 180034 79
13312533 2412961 97
13312533 310012 13
2987506 254181 2
13313432 13313442 44
13313466 13313476 72
13314222 475791 1
721846 142817 94
13314792 2294320 91
402929 521413 93
3580504 3914920 96
13316962 1065922 62
13317196 418620 15
13317211 513984 90
13317234 1164525 72
13317821 466706 95
13317952 1037617 78
13317986 810106 18
13318235 354057 35
13318526 474972 82
408497 1044822 42
2987507 420640 64
13319742 1333416 70
13319773 43619 89
1907158 2685848 53
4547421 729450 19
13325806 236134 39
13327495 142817 6
13329367 717111 81
13330625 553168 23
13330680 162936 7
2075603 717111 46
13331406 13331412 3
13331983 924777 78
13334302 206183 75
13334369 154842 13
13334543 713288 15
13336103 3350327 14
13336536 188116 40
13337520 1173027 94
796206 741346 18
13340832 1277551 71
4931190 1464845 19
13341872 400408 51
796207 180012 77
13342235 739997 84
13342812 842036 85
13343847 2023821 78
13346185 13346195 58
13346185 13346196 20
13346185 13346197 1
13346753 2230936 16
13347002 48790 90
13347347 1173027 98
13347850 842036 66
13348399 239571 18
13350038 532518 63
13350278 479297 76
13350311 463067 54
187656 579225 47
13352073 188116 21
13352575 460404 61
13353045 713288 15
13353759 1263606 59
13353818 1263606 16
13354871 365336 10
13355401 13355407 5
13355873 571347 97
13355950 1166625 53
13357132 4780417 42
13357191 14345 81
13357354 221581 77
13357723 2882166 87
13357752 76427 21
13358018 13358027 8
13359482 2023821 44
13360011 13313442 5
13361584 705980 74
13361979 531224 86
13362822 2518 96
13364591 13364598 66
13366361 154842 80
406718 1037617 68
13367385 13367394 49
13367385 13367395 47
13368215 13368228 88
13369746 2412961 65
13369773 474972 66
13371367 292255 84
13371409 3350327 21
13372565 786588 50
13374492 457162 5
13374828 740359 41
187751 579393 29
13376347 739997 72
13377246 280047 22
13377447 420640 51
1395026 2268807 57
13381061 13381066 75
13383367 1315390 4
13390020 13390029 13
13390549 188588 36
13394334 24918 63
13396479 221581 52
13396745 292759 16
13396745 13396754 54
13397070 1815374 85
13397427 778899 73
1902440 2682732 93
13403840 13403848 33
1377316 2255141 46
13405712 13405720 91
13407066 13407076 42
13407578 1001963 84
13407629 13407641 87
13411440 247322 44
4956187 740001 42
13415041 239548 55
13416580 484923 20
44304 188147 49
13426309 230077 3
188136 580106 65
187623 1018 99
188137 2543 12
580125 2546 54
13437522 4288254 19
1902455 334943 31
13443947 705980 11
14766888 1993150 27
1567590 179997 14
14769244 553168 65
1042678 269073 29
14772799 2494340 35
14772799 579482 34
2075605 121476 64
14998011 280013 26
15027295 15027297 81
15037777 7814 31
15167127 4823442 17
15828327 1315390 84
3892955 249607 67
15830865 862498 6
15831307 1164525 16
15835146 206183 37
15837620 1993150 17
15838172 7456 96
22324697 258804 91
22325829 1173027 6
1373607 206183 78
22327417 258804 92
22327697 1246031 16
22329328 188116 46
22329366 740264 85
22329494 22329500 40
22331185 22331194 69
22331480 22331489 6
22331555 739997 39
22332278 153633 20
22332366 1037617 25
22333299 2023821 62
22334338 1978392 96
22334452 22334458 43
22334698 357073 58
22334720 713288 17
22334989 258804 70
506771 1199234 100
22337948 2023821 17
22338981 420640 59
1373608 469651 72
22340823 1167078 20
1193716 788790 39
22341399 126 77
22341559 22341566 19
22342383 221581 64
22343098 1070302 6
22345083 269073 69
22345550 6711 31
22345970 726269 57
22346330 531334 40
22347037 2412961 39
1687976 2523814 52
1687976 2523817 54
22350125 1036 76
22350830 174467 92
22350918 22350924 79
22356140 180012 3
22357263 178165 14
22372375 249607 38
1373609 105647 96
406763 126 76
22406774 206183 89
48987 76427 29
22410668 48790 36
22413653 521413 53
506774 553168 90
22415889 531224 39
22416130 481888 19
22416372 269073 70
22416522 179964 57
1037018 2518 84
1373610 206183 51
22422550 1263606 17
1373611 531224 57
22422841 537541 96
22422959 74404 14
4928844 254181 62
326031 880711 46
994171 1246031 36
22424089 1173027 44
22424667 269075 25
22424740 435115 20
22426027 862498 25
22426067 616614 22
1184721 579482 76
22426558 162936 2
22428459 221581 86
22430473 2023821 16
22432571 105647 23
22434085 4879 37
22434708 2373449 57
22438660 179997 73
22440323 732851 65
2075609 616495 52
22440367 537541 83
22440454 76427 96
22441995 689 74
22442989 357073 79
22444516 1130304 43
22447459 739997 31
22448043 22448048 97
22449859 435115 73
22451196 22451204 19
1365260 553168 78
22452762 162936 96
1956663 2727894 25
22453912 738462 62
22454682 22454691 38
22457399 73697 62
22457495 2230936 94
22457809 2511 13
22457954 732851 87
22458713 249607 65
1037019 73697 84
22462622 1263606 93
22462852 357073 97
22462908 64961 83
796237 1587406 30
5002903 121476 21
377161 980753 85
22491140 76427 72
506743 1199142 10
2975753 732851 83
22499155 22499166 91
23664905 707870 22
4913380 6523 60
23667538 73697 97
4901782 738411 55
23667675 280047 19
23668613 1273357 39
23668980 849321 93
23669154 23669162 40
23670160 847237 80
15757971 78371 90
23775823 23775830 10
23778842 4826442 81
23780094 739997 12
23780117 1700990 34
23785546 22078579 14
23788484 741346 81
23789558 2023821 64
23791886 23791892 11
23802047 78371 77
23805180 15148065 5
23805437 23805445 15
23810995 1333416 85
23814732 23814738 62
23819561 1001963 84
23823413 23823419 40
3368252 3772309 30
23847092 245959 58
23847388 1166625 50
23847943 571381 86
23848654 13411652 27
23848840 292255 88
23849311 23849317 73
23851311 23851318 95
23856049 357073 38
23863003 162936 93
23867215 178165 34
23873813 23873821 98
23874740 1173027 66
23880000 713288 45
23880160 705980 78
23880468 537541 22
23883259 748012 67
23886833 3350327 43
23888105 3131319 75
23888460 186053 52
23894679 1050720 79
23897046 717111 56
23897819 23897825 66
23901994 180012 61
23902658 726269 13
23902658 738462 36
23903140 3350327 74
23904738 531592 96
23911164 357073 36
23916531 2023821 52
23917194 650632 29
23917571 292759 67
23918357 2882166 57
23918463 1333416 40
23918498 245959 54
23920016 1001963 44
23923759 842036 22
23926784 1263606 31
23928142 179997 75
23929815 254181 87
23929970 1263606 92
23930844 2023821 82
23932409 1464845 96
23933704 713288 2
23937143 23937149 24
23943244 162936 5
23943244 249607 17
23945782 236134 34
23948453 44486 93
23949595 249607 6
23951490 3910929 83
1360274 99543 68
23962722 469651 66
23964731 924777 44
23969860 254181 96
23983492 462305 85
23987435 14682 72
23987494 1315390 50
23987605 1037617 70
23987630 616547 68
23987750 23987756 49
23998112 76427 1
24000497 43619 17
24001971 249607 63
24002751 748035 79
24003366 739997 13
24003945 180012 14
24004794 748035 24
4922533 76427 33
24008844 126 12
24009201 1263606 63
24009925 221581 19
24020079 1333416 97
24020376 24020381 78
24033853 24033858 50
24035586 738462 5
24044194 180012 17
24062796 179825 3
24082217 303665 3
24084562 292759 74
24089524 420640 99
24101274 24101279 89
24108317 24108322 42
24109791 8490 49
24111510 1993150 28
24116680 1333416 33
24135167 740811 69
24135535 3350327 13
24142750 254181 41
24146417 24146422 59
24147057 1060590 1
24150185 3350327 10
24150374 3350327 93
24152720 726269 24
24153243 748035 74
24153506 145303 57
24154116 1256679 88
24155366 1037617 21
24155742 1001963 58
24166367 3350327 67
24167077 2412961 33
24168195 420640 51
24168271 1001963 96
24168271 705980 35
24168678 188270 3
24168766 740984 5
24168796 76427 100
24169026 236134 56
24169026 24169031 93
24169804 2412961 32
24171178 118823 20
24171612 748035 36
24171640 180034 98
24172065 73697 22
24173036 24173040 62
24174628 2882166 59
24175035 78371 63
24175235 76427 99
24175980 738462 97
24176051 1291548 24
24177242 763975 52
24177273 2412961 24
24177396 24177403 52
24178598 531224 46
3821689 4062664 21
24179884 1114533 28
24179944 357073 13
24180531 479297 73
24180882 2373431 14
24181066 1166625 5
24181913 206183 38
24182108 3350327 10
24182460 2412961 20
24183393 7451 68
24183393 188116 91
5005400 4753176 23
24183522 531224 20
24184625 73697 63
24184834 236134 98
24186845 1333416 17
24187024 705980 35
24187957 357073 83
24188029 537541 16
24188892 1333416 97
24188911 713288 25
24189171 6711 93
24189791 245974 26
24191348 737005 64
24191493 2882166 91
24193031 188116 73
22078569 22078579 70
24207178 239905 69
24211090 186053 10
24212987 6529 58
24217183 239563 37
24217207 1114533 92
796244 1587537 36
796244 1587538 59
24217902 458407 47
24218117 95917 77
24225148 6711 23
24228429 705980 62
24237909 2862614 9
24239364 236134 9
24239439 188116 18
24239751 76427 31
24243081 24243086 3
4974979 739997 12
24248155 1511413 69
24253645 236134 52
24256050 24256058 47
24257706 521413 96
4921743 14808 53
4921743 180012 92
4921743 4921758 10
24259061 24259068 89
24259412 733130 22
24260198 24260204 77
24260457 269075 80
24260920 739997 69
24262276 1001963 65
15885479 76427 22
24263224 616547 90
24263285 239581 57
24263754 179964 88
24264756 552705 71
24265283 76427 48
4918388 76427 60
24265636 76427 35
24265725 1256679 15
24266531 732851 8
24270076 24270081 47
24276336 531224 100
24276873 236134 100
24277149 739997 30
24280632 179774 13
24287988 738462 60
24291352 1277551 63
24295608 726269 32
24306602 245974 84
24309420 24309426 29
24314921 579482 18
24317656 1315390 57
24318725 531224 84
24332176 521413 81
24428885 249607 89
24445684 24445687 86
24446538 1065922 36
24448191 15141892 74
24449308 175017 8
24452716 2373440 82
24454123 231063 54
24457530 2023821 93
24458428 481908 89
24458452 1156989 70
24459628 709445 47
24459971 596481 40
24461681 1495464 69
24466582 610886 3
24468028 7813 45
24468143 188588 36
24475203 236134 72
24476510 24476517 11
24476590 4872 86
24478035 3640550 60
24481076 1650338 23
24488069 179406 1
24490115 6537 20
24492883 3483357 29
24498938 1034 38
24499853 2023821 27
24499942 269073 51
24500156 2518 67
24502224 24502228 34
24504868 2267217 85
24505358 538061 40
24505659 760693 28
24505701 24505707 70
24505744 1050 23
24505885 188514 69
24507502 335717 39
4997716 238922 3
24514407 1105026 91
24515870 479225 73
24517003 6843 61
24517198 1001963 28
24527865 24527870 96
24529885 3914920 100
24529996 1263606 17
24537982 4406883 54
24542869 1587537 3
24544433 479297 69
23780309 336885 22
24555260 24555263 16
24555970 7150 15
24556519 709415 60
24569230 24569233 39
24570802 24570806 8
24577105 726269 45
24577203 551317 84
24577429 1020 53
24583019 531224 75
24588908 24588911 48
24592044 83584 9
24592131 522011 74
24592167 1587537 1
24592850 571347 91
24498978 24221 27
24602083 420640 14
24602392 24602396 57
24610305 24610309 25
24625811 179825 9
24626547 515459 74
24626606 1700990 37
24626813 24626818 36
24629309 239563 68
24629802 247358 3
24630515 24630521 37
24630532 1122931 4
24633903 709385 25
24635036 118823 37
24639133 95917 28
24639447 335631 92
24646962 2528 33
24646962 255188 6
24648423 1114533 79
24648608 8499 49
24651153 739620 98
24652337 24652341 34
24654918 2713458 54
24684419 24684423 36
24723183 2518 78
24726267 714337 38
24726703 24726709 55
24727042 200294 95
24735614 6537 30
24756786 733130 24
24919503 179964 39
24919696 24919699 46
24921974 43619 40
24923576 482772 12
24990521 24990526 70
24992864 2532 28
24996377 2682732 28
25007749 2528 84
25008078 1031 73
25009008 707870 12
25016970 78371 55
25017939 6711 91
25019591 25019595 28
25056768 25056772 40
25070727 4487987 63
25072582 455410 15
25072597 552705 82
25073616 25073622 72
25077131 1001963 67
25077225 44468 90
25077518 459771 52
25077626 1495464 85
25077787 25077790 34
25077931 247322 36
25081600 6537 76
722337 460404 92
25082543 457182 96
25086986 25086990 64
25087228 25087233 7
25091745 3914920 59
25092907 73697 82
25110865 25110868 67
25114781 1020 2
25115142 162936 2
25115862 481204 57
25115916 3350327 65
25116005 471179 70
25116253 38530 81
25117018 733130 5
25118525 471865 39
25118743 2023821 22
1372457 2249290 65
1372457 61221 68
25120483 3350327 63
25121119 76427 75
25121818 1001963 92
25139468 7148 95
25159790 616614 6
25160612 2527 44
25161169 153633 12
1256086 2004548 94
25182003 553168 76
25192391 783236 67
25196245 786588 77
25196718 3067469 24
25198631 6842 78
25199430 2530 53
25200201 924777 83
25207328 179964 80
25208174 254653 64
25220148 4869 21
25222922 453119 38
25223397 7448 33
25226282 726270 59
25226499 25226502 48
25227933 25227936 17
25227966 717111 90
25266616 736883 96
25382243 551317 36
25385222 10213780 63
27963644 410883 14
27963644 250987 18
27963644 188831 41
29839079 6696 100
30005691 30005693 52
4604006 266 79
4229061 453895 42
4546617 4879 80
3831414 855579 71
4806040 266 93
3455486 1495464 95
2914564 783236 93
4494310 844078 89
4457114 2530 34
4688136 266 88
4564405 1120015 57
2175479 7814 40
4337277 188270 31
4768455 2543 16
4623582 266 45
4407483 552391 52
4337470 266 98
4579770 6537 9
4770381 2543 85
4564654 266 99
4523276 737005 26
4074014 266 37
4737039 266 35
1297118 481888 96
4523696 266 49
4592852 266 74
4797322 266 2
4826483 2518 41
4807049 266 39
44402 266 62
30482558 2528 75
30885396 7148 24
30885781 29668063 2
30886530 280013 63
1198469 2075361 76
795725 1585620 91
33162362 232643 95
33241326 65482 55
33241328 44088 8
33241329 65482 15
33241330 65482 86
4992301 7612 61
34386837 453276 75
34405312 312256 22
14963682 14963686 96
35774123 1001963 61
35774132 206183 46
35774144 456217 58
35774154 245974 47
35774172 180012 99
35774178 733130 36
35774190 479297 20
35774207 922474 10
35774219 247322 7
35774242 531224 12
35774248 1700990 22
35774270 1037617 23
35774293 357073 62
35855550 35855551 50
4999212 7813 100
37927622 488905 34
40010331 1333416 98
40010333 6534 21
40010336 8909 43
40010337 748035 11
40010338 40010339 67
40010344 1029 11
40010347 1029 40
40010350 1029 42
40010353 1263606 13
40010355 6838 78
40010357 2526 84
40010361 6711 24
40010363 10688 52
40010366 9166 18
40010370 8620 1
40010373 8620 40
40010376 540842 77
40010380 1016 92
40010385 162304 22
40010387 8737 37
40010389 8737 69
40010391 1512106 65
40010395 7145 7
40010398 4883 14
40010402 2945886 73
40010406 29634257 50
40010411 126 11
40010413 7146 65
40010415 29622892 85
40010419 467151 86
40010421 10807 84
40010425 30253669 34
40010427 95917 21
40010428 27894 54
40010431 2518 94
40010433 118823 30
40010438 7617 81
40010442 7617 79
40010445 11833 15
40010449 133064 68
40010451 538061 35
40010454 6712 51
40010459 7605 85
40010461 1135876 89
40010464 1291548 92
40010466 455410 69
40010469 4885 31
40010474 738414 49
40010477 29675038 83
40010481 1050 47
40010484 1050 85
40010486 40010487 23
40010492 7273 37
40010495 1031 77
40010497 1031 76
40010498 29699552 32
40010501 29617047 100
40010504 418620 70
40010506 2532 24
40010511 2532 43
40010514 1051 46
40010520 6538 17
40010522 4887 18
40010524 4887 3
40010526 40010527 93
40010530 9167 95
40010532 177548 74
40010536 7147 21
40010539 1352825 49
40010542 9304 34
40010545 382235 95
40010547 1240413 33
40010549 1036 18
40010553 855601 11
40010556 6843 56
40010560 7149 10
40010563 6531 30
40010565 6531 62
40010569 29618713 4
40010572 256601 35
40010575 1108407 59
40010576 40010577 49
40010581 6844 63
40010585 1021 47
40010588 40010589 20
40010591 6698 9
40010593 1510616 83
40010596 40010597 56
40010598 10559 5
40010602 7817 55
40010606 7132 12
40010610 1041 61
40010613 1042 40
40010614 1043 35
40010616 8739 45
