224804 189254 95
3395007 308646 59
5074517 285537 59
5101504 224129 15
219431 216074 87
1393472 10100 29
5199934 330651 97
961125 5455 32
5206514 505114 13
2171802 392221 20
650869 999248 2
650869 675852 83
5082457 479401 36
5273524 79015 68
700217 269202 60
5294888 222733 52
5325412 1007114 26
225402 365385 47
110439 52724 78
110439 355111 76
1116596 768270 82
5369643 207674 7
1948239 218719 65
110272 219826 61
1391370 376169 10
1215332 327133 50
676138 325281 57
2390162 99522 42
5403418 128627 40
335711 612424 34
1500199 213166 90
327794 79168 57
5438044 330373 25
893050 72968 51
1340234 901983 92
685129 53973 7
141006 324083 98
1780709 396954 42
2947189 233106 23
262333 80182 86
219378 671051 49
5557382 5655 33
723292 197711 13
5561734 339200 82
5564609 1056552 86
995950 312584 4
5565298 14804 14
520338 5458 77
84076 288721 89
213038 213584 58
3022741 662349 24
187580 578945 93
5604475 393647 58
950114 189402 3
2292744 96826 22
790286 242452 61
1776751 385570 92
5651930 468523 2
288462 803747 16
685134 469385 58
685135 502911 19
5677876 102869 49
137061 428797 44
958665 893149 11
1748280 609149 53
1748280 95192 9
4826030 179292 74
45105 72832 1
45105 190417 87
222444 51909 19
5736973 56375 73
1604372 100131 75
5762789 106407 28
5772441 181694 63
2913121 19588 27
5798322 367549 7
5799060 393696 16
5808856 198583 38
5810989 10546 23
435797 251768 18
137156 132378 47
137156 148093 9
2121899 121957 80
2539462 52723 23
3010198 529455 76
5853266 99707 67
5854314 142684 52
4538537 105379 7
288464 133512 95
1605 19417 68
435799 1083423 53
2436638 227444 44
3809936 450818 40
3975953 99993 68
3011436 224513 72
141061 443467 24
6013732 48889 51
6013842 204038 59
1604339 24713 59
1358310 842019 90
1084094 456341 40
6030742 1256735 8
2596242 377298 27
2596242 821099 14
1756477 95477 11
1756477 11038 22
426769 98597 89
426769 277764 37
4273560 108226 6
4273560 178988 38
609461 829997 66
2382794 7445 2
3454977 907401 23
3454977 340672 24
3933980 295527 77
1295039 105526 88
6058369 95949 57
958332 215891 84
2122372 201181 79
6079439 1587533 31
1784660 417344 80
2455305 248910 20
6091969 76166 82
3611055 273294 52
1851404 196550 1
960182 242203 30
140233 217288 92
3226111 566875 90
4860195 272734 11
6131828 44313 74
3706079 170566 81
164855 339069 7
6138305 94890 34
2094418 452906 2
803694 397290 87
6171601 1306675 10
3093086 291760 21
6178320 579095 8
6181045 187505 29
2638977 580551 93
6185534 186118 38
4848572 136677 4
1707055 142312 45
6195818 101824 42
2454069 810813 43
2293068 35265 52
6200881 147398 98
3231915 97744 20
3532848 626416 83
3532848 1022412 16
1777043 1625 76
2099700 243663 5
6227324 98992 18
2608585 324801 49
1945041 610262 92
3118682 343902 31
6236333 352883 84
6237954 930893 47
2692217 370216 63
6251788 142932 57
6251788 224514 42
6252611 48370 3
1580505 100775 78
3530939 831 43
6273573 627895 67
6275745 65974 84
6285172 96046 2
1000881 344215 33
2723134 330444 32
6297314 503159 74
4996060 53189 27
3947256 105860 69
4139337 85577 71
6314786 612428 27
2953907 127811 85
2311758 215408 85
950974 25768 87
2440709 419472 53
2440709 160353 13
6339926 52147 4
3156803 5619 38
3156803 98276 6
1418103 92465 20
1418103 612721 81
5134888 14013 41
6353241 43216 92
4566224 161412 22
2642779 223272 61
3977413 108414 71
6369071 101550 92
1604485 253352 74
219384 275751 92
6381647 40838 70
6388991 25666 27
6390794 27993 36
6402837 30991 64
435593 362114 16
6410387 1607 62
2455306 51075 54
4429069 10791 50
226859 286404 39
6437928 200829 13
4351230 640539 88
1401204 115637 85
6455296 138390 17
6455773 142624 76
577254 214201 63
3503775 347382 66
35323 52073 2
3529776 126066 34
6477185 218184 11
6477185 325375 49
1954700 416660 72
4666945 107100 11
2440697 109522 99
999357 397136 39
6511681 240514 65
6536326 943223 77
1793379 859873 73
3100278 1312143 41
6551591 218110 7
6560145 438817 99
1316759 104822 83
696361 1247375 51
696361 877895 22
486190 877515 18
501915 82828 95
3106863 293444 88
3106863 165657 42
6627454 445147 59
6636858 297361 28
3271812 153674 72
6674642 322954 12
6676257 1029148 94
3926262 312861 25
3853879 352650 16
6705749 350302 31
6705749 1336664 61
6705749 534577 36
6705810 782486 31
6721488 51594 11
6721488 142976 86
6721488 187665 87
6721488 621725 98
6721488 339068 2
6721526 124796 9
6721526 19585 14
6721526 367687 89
6721526 30439 24
6721526 45502 53
1405774 145543 7
6749576 37295 76
3570483 321462 22
6758466 346219 66
3697761 2048 28
3697761 832043 36
6115615 567167 85
4783545 325206 51
224700 189037 71
6837724 394368 23
6850655 407822 55
6858954 89007 94
219389 75158 87
219389 396561 100
6861664 841674 22
6876782 512855 54
6879753 521136 87
4429008 179257 48
6885749 99583 60
2439565 94515 18
3198924 1372345 88
6889461 230921 54
1293833 316575 24
5134613 366606 25
6954132 121844 52
4668981 1198727 83
1582078 842555 66
6980885 49225 82
6986622 95479 26
6986934 148599 49
6988283 664125 63
7005529 349145 68
7005529 344643 94
7005529 341303 30
4650554 166626 90
4728211 7712 33
7020691 131815 36
7038766 48931 26
7045077 1213020 67
7051924 217287 21
219357 395221 10
18780 103863 2
18780 103865 83
7057974 107618 45
336137 390788 86
1848070 249882 72
7094061 325920 33
7101442 37582 59
7101442 212375 99
7102280 363836 77
7108256 573858 21
7108283 33674 29
7108283 194302 62
7109163 226287 5
3682385 243827 58
7109403 881533 18
5101001 324239 56
7111303 45423 4
435802 668046 71
435802 251886 82
7120205 7261 80
7127030 1621 69
7147382 95716 85
6522627 49652 43
7154390 754170 92
2719660 112151 11
1707186 141781 22
1707186 677828 13
4076142 50516 84
7160202 867236 1
7160265 18047 8
7186847 252281 68
4859788 102968 7
7216646 196319 64
7216646 338373 13
6988765 8726 47
7236495 388374 44
3944075 54865 31
2449178 295494 71
7259263 200826 5
7262778 478401 24
957880 163738 68
3211396 764554 41
7293676 76047 70
3977492 276324 81
7324511 28385 25
7328988 168953 41
7330042 328873 65
440204 20727 46
40457 18419 19
7360420 369353 28
7366063 5795 17
7367150 104405 27
7367220 635180 72
7367323 19586 77
7367464 208721 70
7372152 869911 43
7374686 144350 28
7376604 947047 24
1344381 814008 38
3271966 98091 43
7381965 156267 71
7381965 306883 97
3920579 95423 76
7391609 101898 78
7404784 261141 40
7404880 316440 48
1780922 243994 98
1947873 53047 98
7481090 135609 20
7486599 353551 17
6013734 507894 45
4715208 307464 78
7519605 104947 88
1452608 36475 88
2649528 104318 41
2649528 29254 52
7538794 275905 40
140292 331651 72
804009 104470 96
7237327 8207 39
7554196 249794 81
4538538 701563 98
4690276 86902 91
877480 86208 83
2474990 612418 42
2474990 215089 65
1780388 194959 17
2866615 225048 89
2866615 363943 30
7597059 162578 100
4641774 195704 79
4755614 295622 51
7600760 847871 54
2481371 441528 38
7600999 41919 52
7600999 181769 14
3454903 503779 91
7601728 99900 84
58014 237700 71
4107273 192368 95
7606746 100358 24
7607729 79956 18
7607944 532831 77
7607944 172689 30
7610377 395771 12
7610437 618068 90
7612793 339256 43
7612793 554198 52
6906101 674243 48
7615636 51830 100
7615636 282591 10
7615636 53242 22
7615636 3205 83
7616214 149406 99
7616359 83794 36
2597665 612884 50
3133155 423315 70
7620182 36247 10
6074721 36472 64
2814559 202586 98
7622624 36005 6
7622624 100354 86
7622624 390357 13
7622624 52400 91
7622624 401993 90
950404 312631 90
950460 353308 59
4535180 10254 18
3104755 224122 65
7631367 21657 65
7631367 226497 13
7631460 329221 10
7632021 103059 71
7632225 342138 91
7640134 343827 22
7640134 831345 24
7640134 306906 4
7642802 547869 22
995983 951868 76
335873 72229 10
7652125 86005 21
7652331 333634 11
7658933 72997 74
1417951 274404 50
3271823 340671 49
7680734 214743 49
7680784 321235 77
2436666 96398 26
7689400 54948 24
7694612 504872 53
7698670 627231 35
7699120 280588 70
3472473 402706 12
7703677 169560 64
7705223 8614 16
7707160 383859 87
1945393 329680 42
2926548 33574 88
959240 100868 6
4106657 285250 100
7733234 867739 18
7764859 158897 83
7783551 753936 90
7787258 105187 39
3645347 316068 64
7794708 345149 32
7794708 189086 15
7807117 497616 81
7831699 306065 1
7831751 345851 52
7855288 102351 32
7868781 178964 72
7868841 36765 86
7868841 93717 12
7868841 621384 62
326202 328475 40
326202 884273 1
7884662 219933 18
7884662 12343 61
7885733 31536 58
7885733 998484 37
7917724 261455 9
662950 332420 8
1086605 346399 13
7931130 390358 80
436953 93767 96
7932317 220092 39
6311258 316790 82
7972234 308695 95
4847766 101773 32
4847766 230335 93
8000347 904413 79
7300577 104402 41
4512686 336222 17
8073757 143461 41
4894244 932625 33
3977537 14342 47
8115277 542064 46
1792395 340670 21
8144945 227038 88
8147361 401505 33
385413 303222 71
8161621 905409 24
8161701 288535 2
8162918 358948 85
8162918 52287 88
4465088 96933 12
1347015 267323 90
5097303 159589 34
8173296 1075563 48
1851408 234242 90
5579435 276393 70
8188369 193147 44
2924588 186884 48
8197185 328944 58
8198566 551125 20
7703713 362661 28
8228141 146506 30
8229753 9726 32
8244490 120406 53
8244722 8078 59
335874 335325 49
8266179 152776 8
1418031 219723 64
8270595 52331 81
8280931 337484 93
8280931 110235 76
8293637 371900 44
8295690 190650 65
8302366 147111 6
8302395 629850 45
3711969 104321 29
3711969 333948 36
3711969 154372 60
4010354 93818 68
8312829 125276 86
8317327 381140 39
3074347 332550 37
8320034 79928 15
2983661 27279 73
8323018 831767 3
8329220 364995 11
8329220 118496 11
8329220 1183336 22
8329220 107939 37
8329220 27790 39
8335020 263435 99
8335020 235856 21
8350224 35289 18
8350272 336869 87
8360494 577422 50
8375651 101549 53
8375651 293980 13
8385175 52773 75
8385175 634544 51
8395933 163884 72
8400511 542367 22
8402690 1020463 62
4643802 227346 69
4635740 783138 62
8403192 1114870 33
8417684 229972 4
8431031 474443 46
6032227 94507 82
8453893 356721 77
8457316 358953 15
8457316 50959 95
8461941 284144 33
8471627 351208 79
3692043 865878 47
8488378 53373 55
8503258 104743 37
8506231 218066 99
4345065 19422 6
8516391 18440 48
3659628 441526 17
8524427 21819 72
4345066 131166 39
4715674 1199481 22
8525301 1004276 25
1780926 250169 52
8553873 901117 31
5557656 243347 74
1603806 320153 53
8575266 237080 30
2537202 353426 57
8606306 330067 65
8611316 15333 1
8615707 332288 88
8618982 353125 8
8629920 77422 64
8631041 1672833 19
999358 92349 41
8634484 24916 93
8637847 303181 51
8652452 1198618 34
8239978 157292 26
4352088 343327 82
8670269 346817 97
8679290 408242 89
8679290 117205 2
8683641 219889 16
8684423 338528 78
3220908 460589 55
8705476 530058 75
8705514 11938 45
8720959 139146 67
8720959 431325 69
8724341 365530 37
8725685 295773 77
4087728 102296 78
1646960 121380 71
2037151 84856 59
8744180 365475 87
8760395 30022 55
8765787 42616 20
4512687 252908 89
4512687 185092 87
8779935 506676 38
18784 104065 27
8790017 479884 71
8812704 226290 31
8814070 249565 43
8839788 51275 70
8839884 49351 19
8850695 841506 1
8850695 128541 25
2718906 260369 81
8867983 70133 38
8870150 85430 59
8885446 323991 40
8897043 218112 11
8897043 341133 18
8897043 785189 33
8918139 52865 15
8931047 410386 87
8939840 118312 78
8941077 501440 15
8947548 352627 93
4115760 262045 74
8963560 374496 7
5807241 111874 17
5807241 356974 83
8977055 700276 73
8971081 95249 98
2330561 135453 84
2424833 580708 64
8999199 393093 53
8999199 279335 41
8999199 319586 88
8999199 1423072 75
1781275 221026 63
9004347 93721 36
9012109 93763 25
1347016 284143 50
9021070 672838 63
9021070 461723 81
4154341 288304 46
9048975 320383 33
9060759 674154 53
9064266 204698 50
9064266 263476 21
9078079 549880 9
9083359 51778 76
9085925 689208 63
9085925 446952 86
9091391 361465 2
9116023 77324 33
4010026 313440 70
9125814 319683 2
9131098 330581 96
9134729 857513 40
3232124 328943 8
9149909 396332 88
9149937 220615 75
7906611 317342 42
9157950 110041 35
9158005 142724 4
9158005 562511 29
9182451 409740 74
9185123 893990 59
9197702 698589 65
4417922 151559 40
9199571 330183 67
9203082 142296 98
9203082 98275 48
2454525 1170136 79
9209634 119698 59
9224417 430714 70
9224417 387913 84
4720353 188490 11
9229462 5464 18
9229541 259950 83
9231072 36476 78
3231971 648351 92
9233579 370109 9
9233579 142424 62
9238243 67229 26
9242445 100091 61
7382207 4144 2
9285539 220265 45
9292948 122928 12
4476910 462925 26
2436669 53914 43
2436669 1596559 19
2436669 28720 36
9304564 328874 19
9308101 10099 44
2649529 248635 32
2649529 161376 2
2649529 149278 82
9314456 94688 63
9316119 323170 61
9330421 134384 80
1391918 201295 36
9334117 1207230 75
9338443 333688 83
9341200 50958 35
9341258 696794 83
9344726 397001 27
9344816 26270 3
9345018 485086 19
9345018 325374 82
9345954 110659 21
9346814 931498 26
9346814 267484 14
2880689 118064 75
5807085 186085 60
4295602 58044 42
9358917 52837 20
9365145 347275 93
9365961 346667 20
9365961 585411 34
9368011 80423 19
1841203 54406 88
9376875 131887 3
9381989 397573 72
9393915 392050 80
9394582 52401 34
9395087 56166 50
2609340 16118 1
9396391 532895 89
9398068 320267 34
9401328 109422 19
9401328 208220 4
9401328 107041 91
8315566 226406 24
9406739 41409 69
9406739 816702 93
9406996 110236 95
9407166 622839 94
9419425 119640 25
9425108 325650 21
4643791 552679 78
9431660 53190 19
9439438 278712 77
9439438 340412 10
9442222 246474 52
9450763 109599 58
683912 45819 12
9472599 223003 17
9482269 251698 30
9482269 506948 79
9490587 23549 82
9502676 742240 52
9521954 450824 70
9531909 102720 52
9540142 230461 59
9542016 100825 56
9543712 226965 22
9544456 342009 41
1947948 171963 79
9555747 602274 96
9555747 78211 62
9567596 392054 99
9571817 660211 22
9574956 98796 56
9574956 345588 26
9574956 509560 16
9592966 627204 54
9592966 92931 59
9601138 328586 6
895411 215491 71
9610806 266066 58
9617695 673148 54
9618205 9519 40
9636683 424245 55
9636687 135509 30
9782262 252943 73
9782262 14556 59
9782262 52509 16
1857525 606519 33
9797637 340923 95
9798800 238233 46
9798942 100906 35
9435566 109691 77
9812657 332004 72
9818632 179103 28
4657062 347381 17
9834989 407821 75
9835276 336503 25
9835295 321609 7
9819744 208417 32
9837094 216027 77
9837116 132026 88
9839073 447082 60
9839992 95248 49
9843622 244265 43
9843622 108174 94
9846303 117045 30
9847812 334912 16
9847812 185081 100
9847890 606763 67
9847890 433230 84
9849526 181952 84
9850930 736687 90
4690255 344954 68
9856038 256121 80
9856038 1042145 68
9856038 598161 88
9860346 992887 39
9864165 243050 68
9864268 325865 64
9865702 213505 92
7127753 98442 46
7127753 8485 1
7127753 19587 78
7127753 433184 70
9866137 983731 19
9869509 51424 27
9869509 326270 56
9871843 99116 89
9871843 424319 6
9873172 642477 85
9873433 58968 13
9873471 365696 33
9873471 216889 14
9873471 339342 42
9873471 177132 79
9873471 528922 50
9873471 94892 76
9873471 49228 23
9873471 84327 63
9873490 324931 3
9873490 1009967 100
9873490 604775 38
9873490 97812 81
4278317 97203 14
9875054 1684046 66
9877339 449794 21
9877371 45299 4
9877371 11470 83
9877652 739595 6
9879850 328877 16
2377463 8483 90
9896959 49653 61
9896959 13086 12
9900946 268806 65
9901538 173058 7
9901538 213724 57
9901564 148382 57
6755197 137994 24
9906564 18112 61
9917208 288036 57
9918588 243060 69
9918704 22249 81
9918825 107816 34
9919162 797617 79
4295631 640304 4
9930341 98512 52
5378377 101380 16
4015562 79375 98
9935104 48009 4
9935104 178743 15
4717261 190194 4
10125738 56781 38
10270066 798178 78
10270066 1047617 86
10270066 1412 90
10307302 790120 13
10307302 678490 31
953716 164775 59
10333016 489184 97
10342517 279574 19
10342517 467800 97
10345209 507859 38
10345209 112083 22
10345209 500310 73
10345209 620537 38
10345653 335602 7
4704868 295676 62
4704868 636921 6
10347313 101934 92
10348431 100173 37
10352243 102227 29
10352653 25885 87
10352653 86014 44
10352653 882909 61
4154335 505714 67
3998381 338572 46
10363137 582798 62
10413521 186180 11
10414012 2202661 19
10414630 5544 68
10414920 85355 64
10417168 164479 7
10417168 220616 39
10417510 538729 50
3677182 334562 46
10421106 363721 94
10421236 396697 34
10421342 206621 31
10421342 12866 54
10421384 152291 41
10421394 166204 87
10421394 26375 81
10421407 93320 24
10421466 70251 33
10421466 1089756 77
10421466 445276 62
10421514 142277 43
10421514 252045 90
10421517 95480 74
10422488 308655 19
10422674 46551 28
10423814 882825 21
10423814 600966 3
10423814 200831 47
10423814 38525 90
10426332 64154 75
10428541 222331 68
10428541 339008 35
10428572 110095 28
10433047 337888 19
10433047 697261 90
10433047 99329 100
10433047 196363 2
3530940 39812 20
10436948 51905 80
3633969 130414 87
7253300 98894 83
10661087 126765 84
10661847 309828 79
10667584 13587 35
10667679 512556 28
10675163 142606 75
10705116 109290 67
5044661 224060 52
10713864 182040 45
10716058 467681 9
10717854 322284 91
10719060 51361 27
1794241 1017561 30
10727301 316966 84
9315799 11107 14
9315799 1142152 11
10731415 137740 89
10732094 329134 49
10734910 11469 73
10734910 62882 23
10736793 58042 25
10736793 318425 11
10740980 157926 14
10741758 336722 29
4267598 647808 2
18342 92865 41
7322956 211889 82
7322956 33783 58
10755482 459910 40
10755482 18135 98
10759701 53974 59
10759701 428960 34
10764891 440314 64
10765183 223608 40
10765569 100475 90
4919212 97967 70
10773043 709454 6
10774488 177083 14
10777100 195775 12
10778325 868372 15
10781659 292923 52
10783181 23656 21
10784682 770671 6
10787793 788576 8
10788395 177027 15
10788395 463421 90
10788395 343903 29
10788395 562297 45
10789309 530842 10
10789935 340530 67
10791065 628418 3
10792351 1101642 68
10792351 262703 31
10799739 261556 30
7620185 71836 4
7620185 1110234 53
10803447 12989 14
3952461 418104 37
3952461 346531 25
10806215 347120 35
10807311 211832 19
10812600 230076 50
10813802 361168 65
10814414 322955 66
10815808 137091 56
10817117 939247 66
10817353 1017587 61
10817353 101168 61
10817353 963507 69
10822242 64945 78
10822242 542638 36
10822242 131420 18
10822996 194015 67
10830060 618178 28
10831981 108620 27
10831981 110131 63
10832726 633997 7
996955 106431 83
996955 101651 36
10834163 430299 41
10835826 193101 84
10835893 333015 56
10835893 523692 90
10837526 199191 95
10840829 342455 94
10841432 225966 96
10851173 94380 70
10853123 550642 33
10855481 229318 89
10857432 485770 13
10858212 660149 12
10885315 1628 84
10891247 64126 3
10913572 332058 53
10864480 33128 25
10927651 10927660 71
10930874 740841 4
10941945 2142 83
10747928 209912 10
10982492 341364 80
10982492 29551 98
10982492 149167 74
10990118 316339 40
10995164 31259 69
11004790 343709 95
2189606 53403 10
2189606 761292 14
11009348 723155 10
11013568 53112 89
4704474 17967 88
7127735 49103 47
7127735 18305 68
7127735 6968 76
7127735 155437 48
11023396 88039 25
11023396 622838 72
11023396 346740 64
11026997 729910 53
4130196 482325 20
11046721 51078 70
11087378 188506 92
11089070 687344 19
11092330 332287 64
11096641 120696 47
11096653 199936 32
11107244 35775 62
2991191 127306 20
11114484 100733 52
11116567 99036 7
11116567 146128 76
2312807 221973 95
5022444 669886 80
2892678 325410 63
11148313 963957 77
10440902 232110 33
11150625 96241 55
7990015 51081 50
11159006 120745 49
11159897 102350 82
11163107 191088 36
11163107 47455 45
367515 78186 44
11169786 325611 29
4153177 112011 5
11178631 218292 35
11179715 110952 13
11182009 54866 72
11183316 619437 26
11188074 396255 99
11188107 328730 60
11188799 189374 100
11189839 461308 100
11190742 20035 67
2649140 359418 31
11193045 221741 10
11193257 171404 59
11195881 246536 19
11196910 259815 22
11202394 91906 60
11202551 108873 96
11204843 231234 45
11204843 540362 100
877494 99470 47
11209192 624852 58
11210843 22824 93
11213104 361646 69
18788 104193 82
11221731 46802 65
11223311 131310 33
11223311 110887 13
11226523 226288 79
11226523 627521 86
11232777 551462 15
11232777 43323 84
11234856 610285 14
11235551 113362 71
11235551 159430 9
11235551 257942 30
11249583 376113 34
11249701 220090 38
996921 1100853 72
11254073 50034 41
11254814 1156662 43
11254814 1042842 51
3567418 5545 96
11263619 216359 60
11264918 214916 40
11267287 283933 1
11273816 338367 28
11279425 338946 47
11279425 86011 87
11280726 451865 29
5294893 240303 7
11282715 218794 31
11282715 96479 60
11282715 174481 3
11282807 338371 47
11288833 363402 79
11289314 203469 90
8431035 222629 12
8431035 83928 34
8431035 322359 20
4076144 1029416 51
11293070 55626 76
11293070 96194 14
11294064 56113 18
11294276 99171 28
3906014 280820 38
11296475 511955 29
11296475 161076 34
11296475 1634 81
11297754 613374 28
11298320 124032 32
11299407 1532903 29
1007460 680987 14
7227340 13925 96
11308438 109872 99
11309125 7121 92
11309125 643666 90
11312883 832 34
11317107 321766 10
11318427 76048 99
11318427 112012 24
11318427 170727 86
11319095 842872 86
11320166 18455 6
11324018 1385639 65
11325553 281986 12
11325576 160736 67
11325576 6067 52
11325576 220049 76
11329676 577267 32
11329676 152410 53
4130197 90159 68
11334588 796912 41
11335559 142164 78
11120390 736958 83
11339933 341365 4
8531820 35423 96
11342221 1054482 97
11342661 991790 79
11342661 394768 28
11345324 201582 78
11347810 345113 83
11348202 864661 22
11348202 87884 89
11359055 57569 45
11359055 1199515 21
11364604 143678 24
11364604 323374 84
11364604 333206 26
11364604 946529 89
11365004 568564 25
11365748 119348 66
11368337 559444 50
11386906 5748 40
11388752 333384 93
4704869 53776 21
11393980 145765 5
11395936 225049 56
11398268 99776 18
11404282 142031 6
11409258 373264 48
11425456 87924 34
11425456 593390 68
11428278 110130 96
11428278 360806 15
11428469 76395 50
11436158 31258 2
11436386 2731 34
11436550 28648 24
10793528 340407 5
11444320 27591 97
11444744 354664 64
11450040 334561 37
11450040 213280 64
11451337 100512 22
11451337 1032757 2
11451337 82873 88
10793529 639225 12
11453254 208330 37
11456892 221494 44
11458817 550312 7
11465468 29919 9
11465564 913811 45
11466879 27490 47
11467125 98041 26
11467576 146381 80
11475072 100132 16
11481767 43950 60
11482449 100905 8
11496034 188743 13
11497092 34680 65
5027951 721268 8
11507881 160827 35
11510887 34561 17
11518191 403793 7
11525007 418169 9
11526803 371901 71
11535197 325607 87
10831983 41925 73
11541174 576491 6
11543789 192778 88
11543789 96767 12
11548554 287467 89
11551076 698348 22
11556551 267807 74
7242826 390686 31
10782699 60295 7
11571216 93662 16
11572808 135510 74
11575898 913451 99
11590507 27884 93
11590507 190418 75
11601467 264889 35
11601655 346487 29
11603945 334563 74
4465131 126598 48
11618915 52285 14
11618915 215785 60
120218 2051 99
11627774 87060 27
4500570 22248 46
11638341 441525 62
11640571 93596 97
11642661 94748 57
11643039 344859 34
11643118 358425 28
11646614 170776 92
8773125 190414 11
11653701 96156 47
11342315 112766 48
8852729 21817 34
11655119 99703 1
11655528 32818 41
11655874 336224 96
11689328 98553 25
11693605 435450 38
11739064 67747 27
11740209 249884 81
11776437 651802 65
11791519 395955 74
11791519 33675 40
11874182 189562 55
11930016 97305 74
802200 220047 95
11935293 346250 74
11935293 4861 50
11967459 245324 16
11982689 447165 99
11984320 453068 41
11985147 288413 99
11994112 11210 40
10769764 118656 96
12016830 222998 84
12019090 96155 59
12020168 160656 65
12053558 117044 32
3926172 537970 75
12064555 681797 87
12066514 13326 66
12066665 922188 25
12074114 1245806 93
12077958 118192 83
12094954 329915 58
12149788 461364 99
12178435 14801 9
12180214 309048 55
12206124 1071981 26
12207230 141979 86
12212752 355492 60
12230588 240274 17
12230588 622225 45
12232058 696399 81
12232216 325105 21
12264554 1650288 53
12281872 52404 21
336017 364583 66
336017 307997 86
336017 97411 78
12292049 390188 100
12292158 606981 52
12293092 218398 5
12300846 468936 22
12317761 52557 6
12343277 154403 90
12352789 678930 90
12368052 331732 9
12388005 248043 55
12411330 121216 65
12413073 420343 92
12414859 55339 31
12416366 661681 61
12423208 125484 18
12424011 102870 68
12428118 100270 7
12437776 1041232 26
12543035 440444 64
12546383 500717 6
12546396 117470 18
12550733 642557 72
5009712 112617 19
1531508 118038 96
12677766 332490 3
12683955 72379 66
12714138 660797 12
12738662 93661 45
12767829 276251 54
12768408 740388 84
12785561 289058 94
12785633 346161 73
12797812 101384 20
3609542 222336 87
12817102 77299 64
12819753 95476 47
12821915 1248774 20
12822176 224341 37
3313458 349982 73
12831136 756056 7
12831136 288913 58
12832090 209081 3
12836996 117685 53
12836996 554805 14
9954791 330879 1
12848522 272747 10
12852640 41541 60
12856998 110313 7
12859770 93116 23
12864843 389829 70
12865289 1182548 91
12865706 339004 2
12865713 72776 57
12866098 52045 45
12866098 484438 44
12871009 893059 69
12892463 275803 7
12895149 1193911 90
12677768 324174 84
12914318 346530 12
3907988 440773 80
3907988 165501 41
13062368 138263 18
13064448 126770 38
2171760 5543 28
13091705 94164 96
13108208 779386 44
13120522 99252 50
13127986 776658 73
13128031 305250 83
13189960 572071 97
13203313 216388 8
1484746 70616 45
14206934 888454 14
14213018 109361 88
14225571 233078 12
14226337 387077 39
14226347 360804 97
14226981 157929 17
14227545 38215 50
14266392 575650 9
14268117 51272 56
14284645 54111 84
14296778 92391 94
14308552 352017 35
13348973 537814 53
14330739 376226 35
14332300 573868 45
14332300 935609 16
14332308 27374 69
14345870 34013 11
7622629 52666 94
7622629 37051 6
7622629 50087 6
7622629 98444 97
7622629 479285 46
14355822 43717 61
11778061 351808 24
14374498 53548 79
14384351 348443 65
14389846 218351 79
14395167 668477 73
14395167 616581 98
14395167 530808 98
14396230 435420 94
14396230 49392 92
14397187 604127 54
14397312 270136 23
14397978 319014 16
14408198 455493 15
14408286 69002 97
14408286 351922 75
14408412 339672 43
14408412 5457 75
14408412 859986 48
14408412 790896 11
14408412 867300 9
14408655 330019 58
14409477 447805 87
14409589 250003 1
14411010 106657 97
14053768 122927 32
14053768 146672 53
14411806 35462 68
14416506 26574 34
14416506 389103 76
14416985 132182 11
14416985 49352 46
10807795 26677 45
14434007 111506 87
14434513 35781 31
14434575 511271 12
14436252 27489 99
14436270 515193 69
14436697 249930 17
12999231 124729 79
14440465 51065 49
14444386 105724 21
14444386 332248 48
14469214 530843 16
14470606 153672 48
7235340 200060 84
14477897 367611 75
14477897 1693731 28
14479306 56237 85
14480012 312042 63
14487659 946442 70
14488722 333951 88
10793541 122644 96
14495961 14677 45
14497412 6967 24
14498315 493364 16
14499026 67999 1
14507151 328945 8
14512124 790488 10
14512438 285669 48
14513262 79784 51
14206889 346092 17
6073604 6243 97
14516981 147255 79
14518385 335128 55
4378924 16994 28
14520197 36248 21
14520845 321066 67
14527568 48890 1
14527892 36178 41
14531136 361649 60
14531625 276154 25
14542655 584285 79
14542655 552824 58
14543238 377344 34
14547054 674365 41
4130201 945921 44
14550342 112008 81
14559685 388373 3
14569678 216351 27
14577649 319013 92
14583140 278825 36
14583749 500374 66
14627328 5828 45
14633015 345956 86
10793531 21168 54
14680970 6832 50
14681030 189077 63
14681815 339199 79
14681972 429253 16
14682401 196791 20
14683695 50954 42
14686493 566228 56
14689431 35463 35
11002632 94102 39
14690153 365103 39
14690687 11587 64
14699799 102231 40
14701078 987693 38
14114230 361706 10
14703029 36067 3
14104592 278626 99
14104592 338437 56
14705103 800326 48
14705485 348489 80
14705485 155956 36
14705485 68705 97
14707765 218353 16
14708658 30283 59
14709024 221303 97
11178666 97603 71
14710427 98038 96
14710427 50963 85
14710427 893060 17
14711967 818933 81
14721441 98663 46
14729162 84325 30
14729162 358958 47
14729762 441933 47
14736698 23007 79
14753517 19418 92
12207578 5463 60
1077917 52568 50
15268979 52667 57
15379360 218906 91
15379448 96889 89
15379744 51593 44
14105988 219573 9
15381671 5656 3
2892688 111082 43
15391866 705385 60
15393111 671677 25
15393116 189083 56
15393122 132493 54
15393327 449374 69
15393546 249951 100
15393663 16634 35
15394246 1124000 99
15394246 362235 19
15394346 83930 2
15395535 126905 100
15399553 161171 61
15402140 219988 68
15403262 100176 79
15405172 104320 68
15408695 225051 2
15416431 21101 21
15419838 384163 84
15419838 317464 27
7874388 123885 94
10793533 452264 94
15432614 226083 45
15432614 331073 22
919011 227537 99
15464628 127229 18
15464998 299142 50
15464998 1238824 7
15465891 322104 80
15465891 340190 15
15466884 271951 14
15467996 336757 69
15469003 345650 18
15469256 51067 68
15469383 677910 48
15469383 284185 40
15469394 552813 63
15469425 30905 16
11287264 204475 97
3025972 916073 81
3025972 99398 82
3849742 553440 90
3849742 324799 31
3650123 336682 81
3650123 90671 91
4727294 132200 53
15547710 213789 99
15566679 98895 75
15569675 765060 70
14472420 300385 33
15649344 665442 10
15655495 504253 51
15659221 173144 15
15669716 299764 89
21609261 547933 33
21609382 16017 94
21609382 979102 26
21609388 866523 75
21609426 343622 66
21609447 181815 64
21609527 513057 25
21609527 268636 6
21609557 91464 37
21609557 145801 44
21609557 94749 72
4154926 551080 43
21610500 192467 63
21611098 47365 93
21611226 94516 13
21627369 225326 68
21645827 997779 86
21665099 828439 53
21665099 363757 40
21665099 17968 60
21689750 2150656 54
21689750 6373 36
21690893 506635 47
21701722 17051 12
21706545 442421 25
5074543 180836 75
21725084 405085 44
21725281 180837 64
21740952 348874 14
21740952 228656 53
21741463 626250 59
21741463 49227 61
21787023 305870 14
21797022 59892 35
21803597 339675 71
21804106 54483 38
21809396 2052 9
21811494 802336 28
21826920 381562 35
21833079 217868 87
21836377 572787 36
21836377 782927 25
21838156 339737 97
21840272 519106 89
21852608 144989 64
21861198 36477 35
21862137 172287 53
21881058 102299 47
21900434 212966 94
21910374 119697 58
21913513 51079 20
21934729 86786 85
21934729 20945 31
21934729 139280 50
13958355 137566 70
21951426 402991 46
21954466 791219 51
21957578 108841 92
4304181 657159 49
4304181 354943 22
23761072 198350 48
23761678 507190 58
23763601 408278 12
24347221 280821 33
24352727 66755 14
24378741 48929 35
24395124 52726 25
13959142 108524 18
13959142 538545 41
24400362 109651 11
24405436 301077 97
24420831 582428 31
24423126 255429 62
24423126 399147 43
25408800 665283 50
25421285 93544 95
25421612 498756 89
25430772 1141971 73
21984395 503682 92
25434279 16633 95
25434279 865698 50
25438292 831730 26
25441355 17122 80
372686 974441 34
25457256 349661 17
25461690 25483 85
5618426 249861 30
5618426 222734 94
28806073 347252 14
11319579 237605 91
30317176 130089 16
30317176 23136 7
30317176 665107 2
30317176 14449 67
30317176 311447 64
30317176 100870 32
30317176 780144 71
30317176 96161 99
30407328 635103 59
31110136 103482 70
31113452 160657 22
31114744 1998408 30
31131335 363286 51
31167957 96104 58
31183543 550698 96
31761510 171524 6
31761923 111083 1
31762331 236712 16
31762331 534426 40
31762331 146127 36
31762331 295899 85
31762351 340478 7
31762485 582470 91
31762703 6683 41
31762714 50388 16
31756479 448276 81
31762775 1088397 36
31764476 154866 70
22198415 568165 51
31764750 1305231 61
11930092 43099 47
31766152 176955 43
31756221 344394 61
31766685 48578 96
32877486 285039 14
32961661 78335 24
32963323 120910 5
32964363 125325 10
32965336 821737 93
32965926 59891 18
32966063 14555 35
32966375 21167 70
32966375 520888 67
32966428 119556 89
32967267 385817 85
32967283 98935 54
32975401 483012 3
28945048 1246100 71
32982614 79062 19
32983034 328733 67
32984281 150832 16
32984954 573977 98
32985430 83737 48
28943512 668654 81
28943512 340189 4
28943512 33575 98
32989078 100437 60
32990560 363837 41
32990560 1095688 68
32995446 90543 62
33006292 274265 50
33006292 355723 28
33013549 149960 29
33013550 101649 20
33013563 351861 38
33013627 393094 26
33124743 705436 33
33165682 31171 64
33359023 153107 54
33383127 101893 9
33653930 23770 28
33776438 224308 36
33776438 394898 87
31762332 764555 50
31762332 449352 93
31762332 146129 74
33965565 144278 72
34080289 360550 12
34821335 341033 60
34897798 276180 46
34952122 396055 35
34956051 67461 63
34976165 42551 56
34995497 43403 85
34995497 407823 75
35043524 764327 60
35537284 62962 44
35696937 660888 26
37823804 66148 7
15075498 207414 99
30798385 109197 27
30798385 399695 47
39116467 275723 34
39227689 464493 83
39227889 651676 66
39605146 97966 44
39605146 43894 78
40050347 142065 37
40050348 299643 83
40050349 62372 10
40050350 471927 4
40050351 128023 89
40050352 226588 76
40050353 524081 77
40050354 96101 31
40050355 100050 9
40050356 537634 32
40050357 94441 10
40050359 41577 71
40050359 285779 21
40050360 52443 80
40050361 312773 60
40050362 144659 34
40050363 2765 1
40050364 539310 79
40050366 95844 61
40050367 56614 26
40050370 100174 57
40050371 192468 48
40050372 39645 90
40050373 48180 56
40050374 100560 96
40050376 276691 41
40050377 235254 70
40050378 204497 66
40050379 158181 58
40050380 159311 85
40050381 432714 1
40050382 48888 27
40050383 272199 68
40050384 328833 56
40050384 175111 53
40050385 44865 69
37893719 203404 91
40050386 104229 99
40050387 200961 92
40050388 43405 100
40050389 107878 32
40050391 114870 52
40050392 110315 42
40050393 100561 87
40050394 313191 88
40050395 758388 84
40050396 160826 25
40050397 353350 19
40050399 249892 31
40050400 323526 30
40050401 53645 8
40050402 276592 51
40050403 94107 72
40050404 225330 85
40050405 20887 13
40050406 32598 48
40050407 42504 99
40050408 858785 97
40050409 136773 77
40050409 385818 43
40050410 629990 51
40050411 509559 91
40050412 53110 83
40050412 97459 81
40050413 752434 15
40050414 870863 8
40050415 399541 70
40050416 363670 32
40050417 224633 74
40050418 221974 15
40050419 144131 92
40050420 91514 41
40050421 1200558 69
40050422 511270 52
40050423 97536 13
40050425 1630 57
40050426 96397 18
40050427 228367 100
40050428 42386 56
40050428 907811 81
40050429 1017534 1
40050430 361650 35
40050431 350213 91
40050433 657006 58
40050434 418853 61
40050435 235082 36
40050436 448219 18
40050437 275722 11
40050438 1513485 27
40050439 688942 22
40050440 654859 78
40050441 615218 6
40050442 94381 44
40050443 498130 85
40050445 117483 37
40050446 72775 3
40050448 457201 22
40050449 224302 79
40050450 333749 82
40050451 332945 32
40050452 586536 29
40050453 335755 57
40050453 1031032 26
40050453 41923 85
40050454 299825 48
40050455 941948 60
40050456 1089535 75
40050457 522083 41
40050458 781320 28
40050459 895931 16
40050463 28936 5
40050464 28285 22
40050465 392486 13
40050466 360992 17
40050467 26982 37
40050468 154625 99
40050469 104745 25
40050470 102721 34
40050471 859277 58
40050472 241643 53
7622641 95060 42
40050473 358959 58
40050474 366894 29
40050475 173633 17
40050476 195751 1
40050477 92200 90
3886976 884019 24
40050478 138492 97
40050479 1683582 71
40050480 325204 55
40050481 338717 98
40050482 138391 93
40050483 297209 14
40050484 312624 85
40050485 51522 42
40050486 22252 10
40050488 43952 53
40050490 135883 99
