9680940 9680942 9
9680951 9680954 72
214691 653414 23
101688 333316 24
2618392 3247500 69
445250 1096214 32
1674618 2512496 73
1441431 2309901 24
303938 833460 42
9686383 9686386 63
9686395 9686397 43
9686404 9686408 61
5753624 5753646 50
50922 215381 17
9686416 9686420 20
1552337 2412253 71
2136496 2882726 83
910733 1721068 83
381707 990733 92
821540 1628757 59
8178037 8178041 1
723314 1484866 39
9686448 9686452 35
9686465 9686469 91
732 6019 22
9686480 9686483 75
9686518 9686524 24
9686537 9686541 91
9686553 9686557 1
9686572 9686577 77
9686596 9686599 26
220840 680984 25
1593893 2451025 83
9686653 9686657 99
9686676 9686681 8
9686704 9686708 64
2573445 3213536 80
2568282 3207811 3
2838462 3398768 35
9686720 9686724 45
9686782 9686786 78
9686806 9686812 99
9686918 9686926 40
9686998 9687005 20
9687107 9687109 10
9687116 9687118 37
1096433 1962243 34
9687202 9687204 98
9687207 9687208 92
1600558 2452970 36
9687239 9687243 84
816822 1622037 55
9687257 9687261 13
9687269 9687273 67
9687336 9687339 25
9687354 9687359 21
3204149 3661606 19
9687368 9687371 14
9687548 9687551 74
9687560 9687563 75
4995140 4995152 39
9687716 9687719 20
1787975 2604134 34
1533722 2392152 27
2741580 3333721 3
3333738 3751069 13
81517 283026 79
9687800 9687803 91
9687808 9687812 42
9687818 9687822 75
9687845 9687847 66
9687851 9687853 71
9687858 9687864 98
9687879 9687883 77
9687895 9687899 56
4982795 4982803 87
9687917 9687920 44
9687939 9687943 45
9687956 9687959 10
9687964 9687967 39
3790498 4042112 94
2769290 3354066 33
9688162 9688166 75
9691355 9691357 56
9691362 9691364 16
285462 796669 42
9692195 9692201 81
444928 1095785 17
5246492 5246521 18
9694544 9694546 53
45729 197068 83
1925640 2701806 5
2731886 3322514 86
1672496 2511118 6
94230 319644 54
613 5283 75
50464 213686 33
5021111 5021136 72
614 5312 47
1457795 2328659 7
9695073 9695076 46
9697541 9697546 39
34953 138488 70
9698928 9698931 47
218226 669937 67
159367 500153 7
214117 650652 94
3051586 3550494 25
9702260 9702263 87
9702260 9702264 44
348300 935635 81
142826 449551 26
9705620 9705623 12
9705632 9705636 69
9705707 9705711 64
2310694 3021184 5
9705962 9705965 41
9705971 9705974 54
169996 524351 76
18960 106504 94
9705987 9705992 87
4889742 4889756 38
50923 215404 10
9706844 9706846 52
9707165 9707167 100
67320 255820 5
4442917 4484163 33
9715711 9715716 29
9716048 9716052 25
1616 19696 7
1393484 2267062 1
1424966 2300200 74
2769291 3354081 18
497521 1182742 71
390528 1001028 61
9718172 9718175 89
302530 827172 27
9719405 9719408 79
9719572 9719576 29
2369242 3063513 42
443433 1092578 94
2440944 3122845 39
2947776 3478042 23
9720143 9720146 62
125587 409439 51
669627 1413342 19
9720417 9720419 43
1721022 2556861 44
9720558 9720560 81
323546 875300 22
936356 1766858 92
4279107 4368793 82
4368789 4430795 7
9720564 9720566 62
2215307 2949233 40
9720577 9720580 61
1326390 2197903 41
3034213 3539412 88
9720590 9720592 86
2157896 2899209 44
9720625 9720629 44
1290418 2167479 88
4479063 4512085 50
9721819 9721824 89
5731851 5731915 91
9722310 9722315 86
9722676 9722678 75
863295 1676584 24
808102 1610231 29
9723117 9723121 86
8427794 8427810 16
438065 1085245 64
2716 35262 11
686475 1440547 94
3963299 4158187 61
1342159 2215162 9
1342159 2215163 76
677252 1420035 60
2311566 3021526 68
9730350 9730353 12
9730475 9730482 53
1366 17194 49
299 2241 98
216928 660989 79
92259 313631 60
92259 313632 68
6643084 6643101 82
5160868 5160899 24
4394272 4448118 93
46659 201553 43
1000980 1850004 62
3507452 3862645 47
81670 283275 75
931415 1754695 14
9756531 9756533 100
390503 1000867 36
5804400 5804442 14
299198 824066 21
9757946 9757948 35
654044 1396860 4
3531481 3883071 22
2722877 3314553 80
2722877 3314554 2
2221785 2953791 74
10096586 10096591 93
10096743 10096745 16
10096770 10096774 88
10096770 10096775 18
82327 284689 75
620 5390 57
106422 350581 27
18925 106428 44
15636 81073 5
2322131 3026513 30
2322131 3026514 66
118303 379094 98
3018251 3528090 30
10660446 10660451 67
4163638 4293404 96
2481373 3155820 76
10663614 10663619 88
10667523 10667528 99
10667643 10667646 67
83397 287089 37
10672874 10672882 53
10672898 10672903 23
10674639 10674646 5
10675518 10675524 90
10679199 10679203 65
2361132 3057042 13
10682657 10682663 4
10682657 10682664 74
3005648 3520295 60
405398 1034743 60
1712360 2542361 77
9786499 9786511 87
11131912 11131918 17
8364885 8364896 56
11132446 11132450 79
11132446 11132451 30
998821 1847785 55
11638189 11638195 18
11640135 11640141 98
967965 1807092 92
983578 1826211 43
11645886 11645893 14
11648687 11648693 32
4514167 4539584 23
84087 289356 42
12552674 12552676 56
1342605 2217305 81
961799 1799379 53
19830 112273 70
1598578 2452461 65
1092078 1956476 86
438320 1085370 84
220083 677701 26
2550620 3198733 52
577435 1294086 64
13263245 13263248 30
83671 287574 92
13264949 13264951 18
13264989 13264991 15
13265449 13265452 3
1672243 2510838 92
3531499 3883096 86
1390657 2264060 9
878722 1695403 31
18928 106454 56
13267423 13267426 12
2578676 3218088 3
4771278 4771989 96
13269066 13269070 65
2435963 3118115 79
16879 87057 29
822220 1629582 23
13270778 13270783 71
222876 688879 66
13271914 13271918 42
10633092 10633098 37
3135920 3611091 97
2101 22448 81
1399412 2274265 53
13281358 13281363 56
3057316 3553967 95
4995988 4995994 35
2963365 3488225 90
207293 618308 17
92425 314237 49
1615723 2465572 59
7372827 7372845 33
674685 1416506 92
13288155 13288158 100
1955033 2726500 13
1090173 1954721 93
13173440 13173445 7
2102 22467 37
688921 1443815 70
220259 677884 46
13289657 13289659 74
13289755 13289757 74
1807086 2618744 45
13290657 13290659 87
7494396 7494411 45
2127098 2874950 15
1443557 2311451 99
438321 1085385 64
21967 120785 97
10609864 10609872 71
13292214 13292216 37
22075 121110 78
13292882 13292886 11
1948172 2721754 41
46893 202264 31
13294055 13294057 33
13294701 13294704 84
3380834 3778960 55
173199 534566 92
805255 1605249 20
4392136 4446752 63
13300832 13300836 73
220084 677712 6
22697 123839 49
125590 409472 45
13301748 13301751 30
116939 376379 28
4945832 4945844 23
13302196 13302200 9
13302272 13302274 93
1635370 2480698 45
805256 1605259 85
328723 892306 59
13303722 13303725 56
696556 1451327 86
10615603 10615619 34
11042462 11042475 69
92188 313497 25
2458680 3137063 81
13306276 13306279 98
805257 1605272 15
13306927 13306931 19
13307475 13307479 67
220085 677720 46
13307911 13307914 79
13308277 13308279 87
13308290 13308296 24
3011466 3524227 92
13309960 13309962 100
2651187 3270177 40
304 2706 98
2481377 3155850 93
13311835 13311839 39
6170309 6170327 15
13311992 13311995 70
302012 826891 29
13313736 13313740 21
355360 951005 35
13314429 13314432 74
13314739 13314741 22
2363178 3058701 99
50935 215693 64
13315099 13315101 4
13315244 13315246 6
13315292 13315294 46
13315309 13315311 22
13315889 13315893 65
13315900 13315903 26
1086085 1948192 38
1638108 2482097 77
2105 22507 50
334608 912411 13
1248416 2126793 56
2266418 2986251 95
10555093 10555100 39
1748760 2573245 72
1748760 2573246 46
312753 849024 39
218175 669838 65
13318700 13318703 7
805854 1605791 78
298318 822231 95
1388800 2262665 96
1593894 2451037 94
893693 1706850 95
10439445 10439449 16
688654 1443541 15
13322534 13322538 95
3155848 3627086 23
84089 289374 89
2107 22528 91
121170 398128 89
2289004 3009637 56
13326168 13326170 81
13326740 13326742 52
13327113 13327117 77
13327666 13327669 84
7035873 7035891 2
13327954 13327956 69
216880 660846 31
13330007 13330009 60
13330041 13330043 41
6541897 6541907 22
1868063 2667362 19
354170 949044 94
6348187 6348195 75
13337788 13337790 20
13338540 13338543 8
605138 1341881 42
1378 18336 35
13340647 13340650 72
1591617 2448393 68
120887 397937 31
660923 1402268 69
13342485 13342487 38
13343006 13343009 43
2566907 3206974 75
520515 1223034 57
790829 1579563 43
84030 288437 62
223844 694318 57
791821 1582582 95
3191751 3649768 1
122726 402462 13
13349684 13349689 77
13352361 13352364 40
13357117 13357120 2
2458382 3136592 78
13359385 13359389 48
13361376 13361378 52
13245131 13245138 6
13364339 13364341 56
13364402 13364404 76
13364431 13364433 41
4734525 4735957 14
300205 824908 49
6426 58126 5
3156410 3627698 83
13367685 13367687 4
110640 356048 89
1845274 2649623 45
13369305 13369307 33
13369312 13369313 41
3650884 3960636 93
289386 806879 46
21799 120323 68
4393940 4447902 96
302657 827387 7
13384862 13384865 50
3931068 4138091 27
1382 18411 48
13400644 13400647 81
13407899 13407901 64
13410580 13410583 60
3627085 3946101 46
11433615 11433621 74
2626824 3253918 63
4656504 4662885 41
580271 1297331 70
13445189 13445191 18
10634685 10634759 58
409984 1046694 32
13475796 13475800 55
2995399 3510932 89
8741731 8741755 33
13495213 13495216 83
3340559 3756529 6
3440669 3816591 80
13507601 13507604 78
2502491 3171446 74
13522104 13522107 2
697189 1453187 79
295420 817079 87
9340099 9340125 57
436669 1084332 24
3057052 3553583 95
116942 376400 41
219929 677426 53
2587771 3224087 69
3134664 3610426 59
11035030 11035044 88
14762453 14762455 22
1072685 1934471 12
1759393 2579695 77
331647 903313 53
14762761 14762764 57
14762769 14762771 33
14762897 14762899 72
10711156 10711199 89
14762921 14762923 25
14762927 14762929 36
384933 996602 19
1068930 1931913 47
227635 702555 10
10575601 10575607 97
288458 803614 59
2438551 3120654 77
1682097 2517229 22
1016519 1868033 83
14763176 14763178 76
12338656 12338659 81
218177 669852 6
9071649 9071662 66
14763334 14763336 60
3311538 3734616 61
14763406 14763408 10
14763452 14763454 74
314316 850373 56
14244262 14244266 39
1511545 2373598 67
885845 1701468 18
14763646 14763648 52
967966 1807100 11
14763692 14763694 53
14704718 14704731 39
2297998 3014205 16
497612 1183133 19
14503876 14503883 69
3275622 3713006 69
14763868 14763870 80
83558 287414 85
14763907 14763909 100
4643570 4651278 6
3220333 3672750 55
4646078 4653343 74
4646078 4653344 70
14763956 14763958 38
2619100 3247981 42
14763961 14763963 61
2314532 3023134 34
14763992 14763994 12
790032 1577299 65
790483 1578721 54
14764123 14764125 3
14764204 14764206 1
14764230 14764232 2
324837 877981 52
14764315 14764317 46
14764334 14764336 3
14764334 14764337 50
14764352 14764354 41
10821840 10821846 54
10623109 10623115 74
223846 694330 57
14764607 14764609 31
1772342 2587316 83
188187 580262 67
14764710 14764712 94
14764733 14764735 85
290112 808275 96
14764759 14764761 35
331526 902986 65
1413717 2286604 85
14764775 14764777 66
14764780 14764782 81
3188498 3647905 88
1638610 2482417 32
14764836 14764838 89
4179996 4303565 82
886738 1701868 1
1636753 2481060 37
4646742 4654023 92
14764921 14764923 85
14764990 14764992 50
14765001 14765003 28
14765006 14765008 80
2647411 3267619 27
14765026 14765028 84
14765031 14765033 41
3424513 3807075 17
806627 1606680 64
226711 701301 34
288197 803349 24
2176153 2914695 59
2481181 3155379 91
14765226 14765228 24
826950 1639928 75
14765595 14765598 88
649978 1391646 22
14765735 14765737 80
14765767 14765769 40
14766147 14766149 59
14766288 14766290 50
14766319 14766321 3
20719 117004 38
13503528 13503532 83
385617 997133 52
388776 999590 22
14766793 14766795 9
14766831 14766833 89
335894 918800 74
14767294 14767296 77
14767306 14767308 40
14767336 14767338 21
1725603 2561556 60
14768039 14768041 97
14768096 14768098 41
324838 877988 18
14768208 14768210 50
110228 354402 79
14768350 14768352 39
237729 724304 4
14768374 14768376 58
14768491 14768493 54
14768498 14768500 52
14768515 14768517 16
14768535 14768537 62
1407031 2281808 34
1973189 2745546 84
8741733 8741762 29
6511055 6511066 38
14768686 14768689 91
14768706 14768709 26
5787042 5787070 64
14768884 14768886 100
14769041 14769043 33
218178 669861 77
14769112 14769114 35
14769417 14769419 54
14769434 14769436 30
14011194 14011196 56
14769623 14769625 51
4514035 4539488 50
14769717 14769719 26
14770042 14770044 5
14770087 14770090 12
14770104 14770106 84
952683 1783891 71
11248733 11248736 18
3622617 3943856 94
14771071 14771073 84
289203 806812 68
300370 825074 23
16242 83346 28
816 6412 20
14771348 14771350 1
524350 1230118 62
14771514 14771516 36
14771520 14771522 91
14771531 14771533 95
14771536 14771538 60
14771615 14771617 92
14771693 14771695 24
14771719 14771721 21
14771739 14771741 75
7363349 7363579 35
370293 970284 82
14771931 14771933 97
14772013 14772015 91
216466 657384 60
4747235 4748399 77
14772129 14772132 28
14772140 14772142 77
14772181 14772183 82
123559 405149 65
1188905 2063222 32
14772236 14772238 49
2113 22625 41
1576985 2436011 34
910103 1720708 99
14772425 14772427 21
894304 1707119 26
14772513 14772515 33
14772544 14772546 38
14772617 14772620 6
1248704 2127286 9
14772632 14772634 44
14772668 14772671 22
14772708 14772710 71
14772708 14772711 70
8948519 8948523 48
14772835 14772837 72
14772866 14772868 91
220087 677729 91
14773128 14773130 65
14773216 14773219 16
14773223 14773225 30
14775219 14775221 59
330177 899980 58
14775530 14775533 55
14775530 14775534 38
14775663 14775665 72
9819980 9820058 7
10444955 10444959 71
14775908 14775911 66
1600844 2453029 43
2650067 3269735 10
2539573 3194788 6
14776046 14776048 84
14776052 14776054 57
14776057 14776059 67
1344266 2218606 15
385906 997466 33
3138156 3613434 2
14776625 14776627 15
14776817 14776819 39
14776871 14776874 92
662881 1405355 75
4510880 4537027 42
409471 1046059 71
6433726 6433750 65
14777473 14777477 79
19353 110265 58
218233 670032 95
14777587 14777589 45
9462572 9462580 80
14777763 14777765 61
8275629 8275644 15
4386167 4442611 13
14777904 14777906 45
7663224 7663248 57
14778064 14778066 30
1868065 2667372 75
1460492 2330781 40
14778318 14778320 57
325241 879013 22
14778367 14778370 100
1606619 2456486 97
8515743 8515757 4
2482599 3157021 14
11513966 11513969 12
10450626 10450631 11
827347 1640397 84
14778607 14778609 93
3136194 3611524 38
2635391 3259034 32
2461035 3140350 13
929507 1748834 61
14778706 14778708 87
14778719 14778721 88
14778724 14778728 49
14778733 14778737 45
14778842 14778844 75
9703824 9703831 37
3135582 3610884 87
3131283 3607765 29
4113339 4259284 88
14778862 14778865 86
14778873 14778875 94
548115 1271280 20
83733 287860 66
6722011 6722019 36
14883641 14883645 3
14886464 14886468 59
201656 602694 38
301337 826127 97
81521 283098 47
698999 1455582 29
218106 669699 62
15000922 15000924 12
15011870 15011872 9
219341 673924 51
54515 223979 63
15120027 15120030 50
15125514 15125516 93
2156211 2898018 58
14080360 14080363 67
83734 287865 30
604185 1341459 65
216883 660877 63
15157437 15157439 64
11865948 11865956 39
1422443 2297642 38
10822781 10822794 14
1731743 2565726 27
15509860 15509866 83
11965605 11965617 96
15830914 15830916 93
3453971 3830536 37
15830971 15830973 41
15833106 15833108 61
15834555 15834557 50
15836658 15836660 39
1393602 2267163 63
15893236 15893238 90
13303589 13303600 83
9124871 9124875 63
237199 723042 56
3878520 4104611 80
9068707 9068720 93
22466282 22466284 75
22473845 22473847 85
22477095 22477097 49
22500008 22500009 26
22500011 22500012 24
22500015 22500016 41
22500018 22500019 45
22500021 22500022 49
22500024 22500025 6
22500027 22500028 84
22500030 22500031 86
22500033 22500034 25
22500036 22500037 29
22500040 22500041 44
22500044 22500045 55
22500047 22500048 38
22500050 22500051 27
22500055 22500056 60
22500058 22500059 91
22500061 22500062 74
22500065 22500066 32
13360994 13360998 67
14762596 14762633 98
893194 1706444 61
216930 661017 56
1188906 2063227 92
22500068 22500069 73
328829 892537 92
22500072 22500073 15
22500075 22500076 47
22500078 22500079 59
13559335 13559341 42
669726 1413416 33
22500081 22500082 33
10711159 10711205 48
10711159 10711206 37
22500084 22500085 5
22500087 22500088 71
22500091 22500092 67
22500094 22500095 67
22500098 22500099 51
13405884 13405904 7
22500102 22500103 42
22500105 22500106 90
22500108 22500109 33
22500111 22500112 84
21695508 21695515 53
22500114 22500115 26
22500117 22500118 4
22500121 22500122 66
1770829 2585096 71
22500124 22500125 19
22500127 22500128 16
22500130 22500131 61
22500134 22500135 57
22500137 22500138 39
3317770 3739475 39
22500140 22500141 20
22500143 22500144 85
22500146 22500147 10
22500149 22500150 15
22500152 22500153 15
22500156 22500157 29
308 2761 81
22500159 22500160 2
22500162 22500163 29
1533727 2392170 73
22500169 22500170 84
22500172 22500173 84
3956873 4154096 83
11169124 11169126 50
22500175 22500176 32
22500179 22500180 86
3667544 3969355 23
22500182 22500183 30
22500185 22500186 69
22500188 22500189 33
8004346 8004350 88
22500194 22500195 78
8004211 8004214 39
22500198 22500199 41
22500201 22500202 37
22500204 22500205 61
22500207 22500208 58
22500212 22500213 97
5905607 5905614 90
3078116 3567760 80
22500215 22500216 22
15464580 15464587 30
22500221 22500222 61
213050 649032 2
22500224 22500225 94
2323544 3027297 59
22500228 22500229 11
22500233 22500234 93
22500236 22500237 36
20252071 20252078 16
22500239 22500240 74
4397101 4450251 25
5003623 5003655 59
1342737 2217538 60
22500245 22500246 15
22500249 22500250 36
1764245 2581918 59
22500252 22500253 40
22500255 22500256 77
7753345 7753347 69
22500258 22500259 88
681115 1434415 63
1397085 2271558 59
22500261 22500262 33
1898249 2680394 49
22500265 22500266 90
22500272 22500273 17
22500279 22500280 89
2323198 3027115 62
2612722 3242773 60
22500283 22500284 83
22500286 22500287 82
54655 224324 37
5538 48465 86
22500289 22500290 27
22500295 22500296 16
22500299 22500300 9
22500306 22500307 32
2212427 2947720 97
22500309 22500310 37
22500312 22500313 12
22500317 22500318 61
22500317 22500319 89
22500322 22500323 59
6932084 6932090 29
10672881 10672895 15
22500325 22500326 34
22500329 22500330 24
2271559 2993652 25
8675771 8675778 9
6836352 6836365 53
22500332 22500333 76
949864 1780205 61
22500335 22500336 74
22500339 22500340 77
5466758 5466789 43
1705170 2535807 4
930399 1750981 23
237293 723354 46
22500343 22500344 78
13892258 13892260 97
5415364 5415368 50
22500346 22500347 75
1953434 2724995 67
22500349 22500350 44
22500352 22500353 91
22500355 22500356 30
686452 1440527 9
22500360 22500361 45
22500364 22500365 47
9597991 9597999 28
6353962 6354004 18
1575489 2434798 69
9703819 9703825 44
22500368 22500369 39
351916 940713 47
4213219 4324600 93
22500371 22500372 69
52182 217697 36
22500374 22500375 18
22500378 22500379 57
1293336 2170972 14
22500384 22500385 96
10532016 10532027 82
22500387 22500388 5
949790 1780111 74
22500391 22500392 72
9665262 9665273 29
22500395 22500396 18
22500398 22500399 7
1341442 2214532 98
22500402 22500403 80
22500408 22500409 33
22500411 22500412 73
827351 1640406 93
83535 287324 77
22500414 22500415 67
3048782 3548800 96
735154 1506600 91
4768682 4769353 63
1707499 2537880 86
385470 997027 41
22500419 22500420 13
22500422 22500423 54
22500426 22500427 89
22500426 22500428 55
7613274 7613279 95
7133844 7133865 82
22500437 22500438 34
21867311 21867314 17
22500441 22500442 75
8224516 8224541 26
120894 397949 4
22500444 22500445 53
22500447 22500448 30
22500451 22500452 35
21976 120818 100
22500456 22500457 29
15668330 15668334 10
22500460 22500461 84
22500463 22500464 92
162573 512471 3
14966534 14966537 74
21617946 21617950 1
4654072 4660783 20
2533213 3189730 59
22500467 22500468 44
3417727 3803339 34
22500470 22500471 56
22500474 22500475 45
22500479 22500480 58
3134587 3610416 90
22500483 22500484 94
15432258 15432260 88
6170310 6170333 89
22500486 22500487 49
22500490 22500491 27
2482152 3156809 61
3048783 3548804 99
9046507 9046535 84
10330265 10330282 21
3468506 3841902 34
22500493 22500494 92
11454640 11454651 34
22500498 22500499 36
22500501 22500502 73
290116 808287 83
22500505 22500506 21
22500508 22500509 92
2667221 3280951 17
22500511 22500512 82
22500516 22500517 74
4106233 4255194 64
21614525 21614530 42
22500519 22500520 59
4574740 4588395 65
22500523 22500524 71
22500526 22500527 18
22500532 22500533 11
2455330 3134129 66
498504 1184764 95
123779 405310 79
22500536 22500537 27
1720691 2556469 29
22500539 22500540 41
22500542 22500543 44
384941 996614 41
300620 825274 47
7007038 7007052 58
22500545 22500546 6
10803612 10803631 46
22500548 22500549 2
22500551 22500552 39
15179806 15179808 85
7133845 7133868 77
22500554 22500555 61
22500558 22500559 92
22500561 22500562 73
22500564 22500565 68
22500567 22500568 63
22500570 22500571 85
22500574 22500575 37
22500577 22500578 54
12895110 12895120 58
22500581 22500582 77
899907 1710473 3
22500585 22500586 47
216371 656975 50
22500588 22500589 86
700986 1458862 13
22500592 22500593 94
22500595 22500596 87
4342948 4411132 31
12856689 12856695 30
22500598 22500599 63
22500601 22500602 90
22500604 22500605 58
22500608 22500609 51
22500611 22500612 60
22500614 22500615 3
22500618 22500619 8
22500621 22500622 9
22500624 22500625 91
22500627 22500628 53
22500630 22500631 43
22500634 22500635 51
22500638 22500639 16
22500644 22500645 62
22500647 22500648 95
22500650 22500651 73
14526388 14526398 89
2728650 3319520 78
22500654 22500655 59
10565932 10565955 94
6858321 6858346 8
22500658 22500659 37
2667056 3280767 41
10492338 10492352 69
22500661 22500662 72
4287890 4373477 61
22500665 22500666 45
22500669 22500670 30
376656 980119 4
22500672 22500673 43
995210 1841909 24
22500675 22500676 15
1582070 2440598 40
22500678 22500679 94
22500681 22500682 64
355366 951014 20
