5029839 5029855 49
5031149 5031173 17
5036604 5036617 1
959285 1794516 59
5045731 5045761 92
5054960 5054975 78
5056596 5056625 92
216774 658935 59
5062988 5063012 66
5069421 5069437 29
4782473 4782888 61
700445 1458256 81
5077939 5077955 41
5085694 5085710 15
5090925 5090945 41
5093111 5093131 11
832454 1643113 22
5105186 5105202 58
5105449 5105460 62
655952 1398258 22
5109720 5109737 59
5112046 5112060 84
5116357 5116381 86
5117946 5117961 87
5119503 5119518 1
5122311 5122323 60
5133189 5133208 32
5133734 5133742 83
5135921 5135931 37
223567 693389 42
5161858 5161875 48
5162030 5162059 12
1525108 2382156 4
5178157 5178175 93
5194478 5194512 62
5197221 5197228 81
5204080 5204092 54
5211372 5211389 64
5214011 5214027 55
5214239 5214249 33
5220420 5220436 82
5098409 5098419 15
5221713 5221727 80
5222589 5222602 38
5224557 5224566 53
1634633 2480132 4
2314694 3023155 81
222039 685053 75
5245416 5245433 60
5253173 5253186 83
227390 702164 28
223568 693406 54
690256 1445044 8
222967 688961 18
5265904 5265930 7
5269641 5269656 15
4789771 4790201 35
5271406 5271422 91
5276280 5276293 14
5279080 5279093 58
5283313 5283335 70
5284697 5284706 26
5286275 5286296 5
5287622 5287638 30
5291839 5291850 86
223438 690016 61
5301436 5301450 75
342382 932187 73
746717 1526137 22
214142 650770 62
699153 1455676 69
5319703 5319710 51
1715283 2546666 37
4487642 4518528 47
5322936 5322962 91
332185 905563 90
1444072 2312337 31
5326943 5326955 15
353971 946822 32
4175306 4301825 80
222439 686636 72
2390495 3083275 71
214673 653297 68
5331840 5331869 81
5332482 5332503 45
225402 697833 77
120063 383735 60
54688 224443 74
364350 962840 29
5342892 5342909 94
676888 1419831 58
369146 968557 60
2608170 3239723 62
5345580 5345598 72
1458238 2329058 8
19363 110353 7
298530 822686 27
5351960 5351982 34
1543176 2403467 25
5353013 5353051 63
50453 213002 91
1282790 2160354 20
5357523 5357548 1
222145 685638 42
3127962 3604868 68
5360000 5360014 66
2388451 3080884 7
1116596 1988401 22
222661 687378 83
223594 693866 98
2171602 2912442 4
3104712 3587627 99
50454 213091 56
5373358 5373376 99
1102449 1973229 6
5376195 5376212 36
2356875 3053524 17
5377366 5377409 98
46657 201513 82
3672798 3972051 100
54917 226342 75
312616 848623 46
4670987 4676407 73
5334917 5334979 54
893089 1705935 16
2600857 3234554 85
676138 1418197 66
5385901 5385936 100
5386397 5386427 84
5387038 5387065 48
225404 698030 94
1911813 2689245 44
5388190 5388216 96
54689 224552 91
125207 408611 32
4169086 4297169 8
1961987 2732680 98
54918 226421 100
5392889 5392905 13
959287 1794580 19
1734841 2568780 32
3677775 3975203 55
5394427 5394451 54
676139 1418287 9
5395625 5395666 50
4854137 4854185 86
5395981 5396012 28
605706 1342642 48
1710856 2541333 46
213119 649108 8
1105992 1977991 70
383677 995000 49
1842524 2648044 72
959288 1794628 6
690627 1445609 11
213120 649224 8
1015359 1866781 24
45146 191048 48
995037 1841528 28
931856 1756268 71
5404127 5404152 7
5404329 5404341 99
684945 1437838 14
110979 356994 52
2264081 2984123 77
5406525 5406565 24
3343757 3759204 32
685122 1438158 31
141344 445192 69
5412874 5412895 45
5413327 5413343 24
5414242 5414260 59
685125 1438289 1
5414867 5414881 35
332812 908021 14
524377 1230213 3
959289 1794678 19
5415251 5415268 18
1392019 2265646 21
4356972 4421091 23
5416528 5416547 62
959290 1794704 52
5416969 5416995 84
312572 848420 14
105990 339155 46
4051886 4213180 13
54690 224663 59
225405 698113 90
2417618 3104448 74
54920 226520 37
332153 904145 15
52750 218841 57
425014 1067830 37
5426747 5426765 5
223492 691246 95
690361 1445248 94
995038 1841640 81
4902625 4902650 29
5429671 5429695 46
222440 686745 62
676140 1418358 57
5431517 5431550 86
5431986 5432011 65
5432226 5432241 38
5433217 5433239 32
1551965 2411798 11
327794 888494 33
223495 691408 45
54921 226648 26
2383040 3074739 89
5440647 5440660 17
50455 213206 89
1398283 2272695 88
282355 792955 81
5444795 5444823 100
959291 1794734 78
3074243 3564272 63
5448390 5448401 53
223986 694469 86
657430 1400079 20
111284 358443 46
5450440 5450473 29
5451928 5451950 99
500930 1189440 22
5452295 5452322 54
959294 1794804 87
5222849 5222896 3
1242899 2121490 43
936272 1766694 77
955893 1786961 19
5454436 5454465 4
657786 1400345 80
5456769 5456796 58
5457086 5457107 46
5459405 5459429 70
5459526 5459572 40
5459853 5459879 52
225406 698185 56
692798 1447904 54
693571 1448436 66
5461869 5461886 41
5462131 5462145 65
959275 1794361 49
5258023 5258056 50
5153140 5153180 4
3106429 3588736 97
54692 224866 11
5463911 5463933 74
5464767 5464780 34
5465369 5465378 67
723798 1485673 55
676142 1418520 83
5317734 5317775 23
1051443 1914087 21
5467829 5467857 84
995251 1842159 62
223498 691591 6
223795 694116 92
225574 699034 4
5469259 5469285 61
5186389 5186440 51
5469913 5469941 36
332157 904459 67
219432 676216 31
5470980 5471010 92
959297 1794876 5
333731 910301 10
4259 41976 52
54363 222210 49
863841 1677661 13
5472383 5472401 24
54693 224980 82
356510 952448 38
213123 649447 84
5474704 5474740 53
5475048 5475100 91
50456 213311 79
54364 222379 7
5476331 5476370 52
676144 1418606 12
957828 1790451 29
3308217 3732696 84
332186 905690 48
5477439 5477470 33
215056 654209 12
4883913 4883992 15
1722248 2557222 99
1340007 2211934 22
442159 1090808 16
5482639 5482671 39
54922 226778 70
54694 225088 35
216775 658982 49
676145 1418678 20
3321728 3742426 30
237238 723196 17
5881 50422 44
141006 443003 52
2534270 3190708 50
5494837 5494888 19
5479649 5479682 57
111288 358715 42
223501 691712 72
1715788 2550763 67
353973 946977 41
3250577 3694747 90
351731 940162 91
5882 50559 71
2949201 3478990 96
5508552 5508575 91
3903799 4119323 49
5969 54222 18
605598 1342442 39
216159 655783 49
699167 1455894 40
2619896 3248636 59
5516868 5516893 72
3019789 3529514 37
2753378 3344081 45
2420450 3106397 49
2114256 2862817 42
5518407 5518422 99
604137 1341008 73
696606 1451457 86
5338261 5338321 10
2329884 3032445 58
849547 1663491 17
5523466 5523495 14
222043 685319 57
2723126 3314915 67
5528010 5528034 66
5528104 5528128 51
4835966 4836061 80
1457364 2327949 45
5529872 5529914 50
1965393 2735304 54
5534710 5534725 80
5534743 5534761 100
1188901 2063096 6
201658 602738 89
5883 50678 74
5536533 5536563 78
216521 657963 80
1525213 2382438 49
4993906 4993960 67
676146 1418739 33
5539298 5539319 7
3530842 3882682 60
5540409 5540432 42
692093 1447339 48
676147 1418811 55
400153 1011048 65
692341 1447521 93
54641 224165 89
110273 354697 18
1339908 2211497 96
803085 1598742 75
5545046 5545072 52
695683 1450457 10
3114764 3595256 43
849548 1663546 49
5548131 5548143 55
997627 1847126 40
218390 670249 21
223503 691810 24
3387747 3785351 65
201719 604231 49
5553821 5553855 5
957507 1789770 14
1774460 2589873 1
2947189 3477728 43
299133 823985 1
219378 674500 67
5557954 5557982 48
723292 1484826 9
4582901 4595016 88
909499 1720330 77
5560866 5560881 58
803087 1598843 5
5563233 5563253 43
5563272 5563281 98
225711 699220 94
952380 1783451 15
5565298 5565322 68
5566930 5566945 77
2307983 3018364 77
1046876 1909063 59
216495 657412 53
1787886 2604086 89
1340663 2212652 32
524929 1231528 24
50915 215121 60
1393060 2266516 44
5573202 5573221 10
5573686 5573704 15
106008 340231 89
5575352 5575371 7
4379746 4438106 81
219876 677118 67
50458 213394 62
1790330 2607426 100
222668 688111 77
225408 698381 61
5582550 5582577 69
336548 921770 62
1715790 2550895 94
5586147 5586164 66
2555262 3201858 87
5586784 5586808 74
74 692 27
5587308 5587330 26
927833 1734897 87
959302 1794987 19
5589467 5589499 75
3046398 3547221 50
5591264 5591283 31
5591406 5591414 30
1663457 2503696 83
201781 605471 80
213038 648959 17
5593026 5593057 92
4856510 4856558 51
694397 1449315 58
1342494 2215418 9
697756 1453974 61
5597226 5597267 35
216160 655827 11
222670 688225 80
5598577 5598585 22
113499 370250 57
5600095 5600149 90
5601642 5601666 12
54696 225264 60
223504 691877 31
5603704 5603724 59
5603848 5603880 68
54505 223711 43
5604167 5604204 81
5604808 5604835 91
3197793 3654459 25
1436472 2305871 22
54697 225366 27
602701 1339798 56
201659 602785 41
54698 225477 50
201660 602839 37
5612358 5612367 48
5612587 5612610 17
3821044 4062216 90
1256871 2134463 67
2724557 3316057 41
1340664 2212690 30
5615618 5615638 77
5616195 5616214 1
1734843 2568838 68
5619453 5619465 27
5621094 5621115 83
648893 1390397 76
2217737 2950662 98
1296898 2174389 2
5622749 5622773 85
5623085 5623101 81
3026689 3534450 51
1776640 2593215 62
790286 1578319 57
2163188 2904068 91
849549 1663615 69
226146 700034 25
216496 657465 11
5627852 5627876 91
728463 1498668 78
947021 1776936 25
5629601 5629626 10
332163 904805 34
50459 213455 6
216161 655863 79
5631185 5631208 100
216162 655896 14
2891736 3435056 90
2630156 3255801 89
223506 692030 91
1715264 2546399 28
5632510 5632538 14
4109644 4257655 62
2323124 3027058 83
5636842 5636865 36
3210444 3665337 41
54699 225551 36
111296 359188 94
5640296 5640319 93
224379 695903 16
1842562 2648115 89
5646510 5646525 65
3195174 3651912 71
54370 223037 17
221795 684132 97
2604695 3238145 36
223407 689689 28
5651722 5651745 28
3742393 4014979 74
54700 225611 7
2742447 3335177 26
4120806 4263906 72
5656835 5656846 2
5970 54281 100
5657401 5657428 45
5657455 5657477 17
5657499 5657524 35
5658102 5658130 84
2710951 3305426 80
5660603 5660625 92
5660760 5660788 88
5661072 5661096 71
54923 226842 30
3385746 3784177 99
5662791 5662796 6
690767 1445917 65
54701 225681 1
5664067 5664083 3
5665524 5665549 28
54924 226918 6
5666002 5666017 64
695168 1450072 13
1617057 2466717 44
216529 658162 43
691837 1446825 64
1340667 2212827 35
5669364 5669375 52
4385480 4442091 55
1342495 2215472 39
2309657 3019975 3
5670585 5670610 10
201734 604581 3
849554 1663804 87
5671162 5671176 44
2215445 2949317 9
376054 979505 32
1443515 2311377 55
5671746 5671777 7
5671302 5671329 62
225130 697492 25
5672657 5672680 55
5672940 5672954 86
54925 226990 29
5673443 5673466 37
3696782 3988571 8
5673889 5673900 24
5673919 5673935 91
5887 50881 27
5675915 5675929 66
609403 1346633 34
3759174 4025745 85
5681114 5681127 27
4920830 4920951 16
1248648 2127186 57
1457338 2327327 63
849556 1663901 75
5888 50998 59
54371 223095 6
225412 698609 28
91883 312809 73
958335 1792866 71
5688069 5688091 88
5688421 5688431 23
5971 54337 6
5690364 5690375 74
5690689 5690704 34
5691357 5691386 77
216530 658190 89
995256 1842427 11
5694344 5694362 30
1722438 2558247 98
5694686 5694702 74
5695269 5695305 6
5699872 5699888 31
216163 655937 8
5703483 5703511 85
695169 1450152 29
775857 1560667 16
2215579 2949403 77
222444 687093 43
5712801 5712813 50
5712986 5713022 74
921731 1729901 54
223987 694509 58
983765 1827119 20
5718229 5718244 27
201661 602893 60
3751621 4021095 62
2214405 2948749 55
5720856 5720880 19
5721246 5721256 91
5721861 5721882 68
5726086 5726099 16
1449558 2319180 79
92180 313264 52
3619126 3941527 44
5729106 5729111 66
223838 694224 94
5734468 5734499 67
2613677 3244052 23
5741219 5741232 64
3975227 4165787 29
1458151 2328909 49
216164 656013 85
201696 603692 82
2691611 3290943 90
803095 1599129 7
426413 1069654 48
5749169 5749203 29
5750091 5750102 23
5750251 5750264 52
5750284 5750295 56
5889 51124 11
5751999 5752026 20
5754932 5754943 35
1342496 2215516 33
5757841 5757860 16
5757887 5757903 24
5757922 5757939 17
5758509 5758522 100
5760096 5760116 77
5760499 5760517 83
655954 1398361 49
5760829 5760854 32
5762284 5762307 33
4119506 4263069 21
5890 51208 37
5764969 5764982 4
5765122 5765154 80
5768904 5768913 25
4789523 4789933 73
4769089 4769807 9
5770719 5770739 97
4043668 4208167 36
1643180 2486147 84
4195961 4313409 83
216497 657512 59
688167 1443257 87
5781712 5781730 1
5782871 5782889 20
5783232 5783254 69
5789177 5789216 73
123929 405476 18
4937745 4937785 5
691838 1446898 97
5791481 5791489 42
959307 1795182 61
5793063 5793078 60
5793461 5793489 64
5794571 5794581 33
5798201 5798225 79
5798894 5798925 18
214146 651099 68
3019790 3529570 14
225576 699096 13
5808586 5808620 79
4385481 4442127 22
4131974 4271739 76
5972 54442 92
5817248 5817261 24
5817990 5818008 42
959308 1795216 60
1708818 2539401 46
333994 911064 34
221796 684154 21
54703 225769 13
4793565 4793832 40
5824688 5824696 24
5825595 5825622 29
5827227 5827246 98
216531 658213 32
4810585 4810751 60
1790906 2608343 8
45166 192407 48
5831631 5831653 81
5262181 5262200 84
353848 944820 5
799385 1590553 16
201662 602923 24
5839880 5839908 54
2607653 3239595 37
5840420 5840439 92
1790332 2607503 98
5842293 5842317 48
512605 1207965 10
4793800 4794127 44
5845071 5845088 59
3010198 3523316 64
54704 225814 67
3436888 3814578 80
5893 51376 40
442944 1091925 20
5270241 5270375 84
4956714 4956752 36
5859593 5859604 87
201697 603729 25
5862803 5862811 11
5868499 5868527 90
5868631 5868661 9
5869641 5869673 1
3041327 3544206 35
5872364 5872387 23
5894 51467 21
1776144 2592470 51
959309 1795246 42
4538537 4558243 87
5879598 5879623 31
5879697 5879709 87
5973 54489 43
5884163 5884192 14
5889279 5889305 73
216548 658510 12
4993907 4994019 70
5891366 5891377 64
5895 51548 40
5892087 5892100 22
5892804 5892815 83
5894441 5894464 100
5894586 5894602 40
5894702 5894723 96
5897 51673 85
201782 605559 6
5896009 5896017 18
957836 1790781 51
3015119 3526216 17
5899469 5899479 94
696360 1451030 2
5904517 5904536 11
5904573 5904605 3
5904811 5904833 18
4789097 4789451 95
5912829 5912847 8
5914181 5914209 90
5914657 5914692 61
5924590 5924617 64
5924938 5924957 64
5926842 5926888 19
657732 1400268 92
955909 1787344 56
5931914 5931936 13
216522 658000 10
224361 695538 36
5933467 5933487 43
5934061 5934080 14
5934166 5934197 93
5935057 5935080 93
111374 362610 4
5938242 5938257 13
2265531 2985674 74
1854817 2656335 69
5946842 5946849 88
5946935 5946949 93
216147 655648 82
5951036 5951065 58
5951108 5951125 38
297 2068 97
5956578 5956591 63
5960577 5960594 11
5961228 5961242 54
5961741 5961769 13
5963860 5963887 81
5966321 5966343 42
4979209 4979256 95
201698 603761 2
5975074 5975104 74
928867 1742394 70
96467 324011 37
848577 1662609 93
5980756 5980773 72
5980969 5980994 27
687511 1442386 62
5985443 5985466 46
3876705 4103529 16
3665314 3968078 38
1579786 2438648 72
5987943 5987952 22
332171 905095 10
5990982 5991010 57
822437 1629817 45
201699 603795 80
221824 684505 9
52171 217652 43
6005855 6005880 14
224388 696070 93
959311 1795340 18
201664 602965 100
6012461 6012485 96
1448764 2317788 98
54927 227105 91
6018660 6018672 28
6021807 6021826 25
6025053 6025059 11
5900 51862 54
201792 605906 20
3974020 4164998 98
6038514 6038534 80
4843275 4843319 13
4883746 4883792 83
6047630 6047638 21
1340675 2213031 16
6057452 6057470 38
6057851 6057868 6
6059857 6059886 22
1726552 2562071 44
5901 51927 29
6066939 6066951 26
6068094 6068108 63
6069240 6069261 55
6069901 6069916 13
6070949 6070972 70
5189 46709 44
6073614 6073631 14
6074079 6074100 24
201771 605147 48
217777 664878 53
5705517 5705571 3
6082051 6082067 49
5278840 5278947 27
4759624 4760394 81
6094877 6094898 69
1736631 2569765 72
6098678 6098708 17
1455728 2325389 4
6103613 6103628 74
6108769 6108784 79
6108964 6108993 96
1150775 2021794 93
1436474 2305916 73
532146 1243390 46
1398555 2272923 93
6121975 6121981 96
6122010 6122026 62
2217282 2950213 95
6125215 6125228 10
6126757 6126769 70
959313 1795395 78
6133865 6133879 27
849560 1664082 47
4261565 4355370 32
2493609 3165505 47
6135515 6135531 99
4268484 4359695 45
959314 1795436 51
959315 1795481 50
6146664 6146689 17
6146729 6146746 13
5407270 5407334 16
6149227 6149248 41
6150821 6150835 67
223420 689764 11
6154339 6154369 49
6155629 6155650 70
6155905 6155929 4
6157458 6157463 60
6158130 6158154 63
6163986 6164009 15
890486 1704191 29
6167200 6167216 88
6168615 6168639 77
6171601 6171628 68
6173552 6173569 40
6177361 6177374 5
6177882 6177908 69
221797 684189 4
201735 604616 18
2320622 3025637 8
6186823 6186840 46
201772 605183 75
6189007 6189018 31
6189759 6189776 83
216532 658240 8
6191181 6191200 42
1780795 2596903 1
6194594 6194598 26
6195212 6195219 93
6196752 6196761 77
6197133 6197144 89
6200131 6200156 32
3019791 3529620 97
6204737 6204747 32
409124 1045801 74
6210976 6210992 23
5606804 5606834 17
6226921 6226938 96
6227114 6227135 31
6227324 6227354 33
6228366 6228381 73
6232441 6232450 46
4779232 4779806 21
685365 1439940 1
222446 687176 100
4270158 4361031 52
814354 1617027 59
6247764 6247783 95
6252944 6252952 37
791722 1582200 37
6255730 6255745 86
6258985 6259002 31
5997812 5997850 14
6263410 6263422 48
6267392 6267405 70
332480 906441 87
6281628 6281659 64
6288431 6288450 54
6288592 6288619 55
6289820 6289839 74
700220 1457936 79
849561 1664122 40
6291767 6291783 54
6296565 6296581 46
214213 651694 84
220665 680725 64
216498 657547 9
6301273 6301286 26
6301653 6301665 98
6302649 6302673 98
4214893 4325831 38
6306297 6306316 93
6306423 6306445 83
6307226 6307238 21
6307658 6307678 46
6308334 6308342 81
5639470 5639533 58
218958 672271 9
6320792 6320805 57
6321967 6321987 91
6322017 6322034 4
6322044 6322064 56
223461 690680 87
1340681 2213216 62
6324518 6324541 21
3179062 3642948 16
6328832 6328857 81
6328986 6329007 89
6330860 6330881 8
226858 701392 42
1342530 2216210 69
201773 605236 37
6337611 6337625 6
439188 1086274 50
6341130 6341148 97
6342504 6342522 51
6345065 6345079 26
6347273 6347286 65
6348789 6348801 86
6349324 6349337 61
6352132 6352148 56
6354170 6354182 87
6354674 6354693 77
6366217 6366224 7
6369264 6369284 77
1491210 2357936 97
6373487 6373498 36
6373857 6373888 76
6374946 6374959 51
120487 391930 84
6378599 6378610 94
2437415 3119520 17
54929 227208 89
6381047 6381053 24
6385083 6385102 89
6385966 6385989 44
6388354 6388365 40
6391676 6391686 23
6393806 6393815 17
6396374 6396391 64
957841 1790938 98
6397165 6397179 84
6399399 6399405 91
6399470 6399484 93
6401566 6401576 31
1715291 2546811 45
6404064 6404088 54
4823963 4824052 48
1341828 2214898 35
1341829 2214930 62
6409528 6409535 75
6413708 6413719 53
1090632 1955176 73
6414731 6414759 19
221595 683643 4
4634388 4642306 75
6418268 6418287 63
6418431 6418440 3
6419236 6419242 24
6421958 6421963 25
6422168 6422181 65
3122573 3599897 94
6426681 6426696 4
6426799 6426810 62
6427836 6427847 68
4594599 4605585 28
2592537 3227722 42
4989694 4989749 17
226859 701437 100
201746 604855 42
959321 1795635 80
6439640 6439649 74
6439764 6439777 30
1340683 2213285 1
605709 1342826 12
5910 52198 93
1340460 2212301 33
6445048 6445066 41
6445622 6445632 5
1455506 2324928 76
959322 1795655 65
6448717 6448723 68
824600 1633382 65
4833065 4833124 92
934893 1761811 69
6462140 6462149 4
6462672 6462691 36
5135818 5135841 64
2516403 3182027 82
201665 602983 49
216165 656059 85
6466827 6466843 13
201666 603016 84
534434 1248894 44
216172 656166 57
6477310 6477324 82
6478218 6478228 68
6478771 6478778 94
6480680 6480712 64
201700 603840 92
593429 1328255 61
6487462 6487471 86
6492660 6492675 21
6494708 6494722 68
6495085 6495097 77
6495279 6495286 82
6496243 6496246 80
201701 603870 42
6499992 6500004 41
390401 1000786 21
1436475 2305936 71
6502659 6502667 98
6502862 6502871 79
670192 1414019 15
934896 1761890 24
6504579 6504595 6
5974 54533 71
6506223 6506238 39
2326954 3030048 43
3658794 3963887 82
6512226 6512239 92
6514216 6514225 4
6515520 6515536 71
221596 683666 17
6518082 6518089 33
6518291 6518304 67
6518626 6518640 57
6520388 6520392 34
1342532 2216284 56
6523518 6523527 51
6523841 6523857 2
6524435 6524449 75
6527578 6527583 72
1422482 2297697 47
6531530 6531535 45
223441 690100 50
6533275 6533292 84
6534878 6534888 52
5975 54565 43
6536954 6536971 11
2295081 3012847 51
6416547 6416587 83
2611523 3241862 22
6542921 6542932 79
6552233 6552245 10
223442 690142 21
6555960 6555967 33
1720977 2556837 89
216148 655665 73
201667 603075 41
5976 54592 28
6565265 6565282 24
6569246 6569258 72
55121 227545 79
3742672 4015160 28
1643097 2486109 46
6575671 6575677 2
6579335 6579347 49
4615936 4625344 49
6580190 6580201 66
849562 1664165 57
6581923 6581939 49
6582738 6582754 42
6584508 6584518 8
201774 605282 48
6586253 6586265 62
2993759 3509531 38
4436712 4479370 30
6592406 6592415 56
1695631 2529379 73
6597265 6597277 78
6352772 6352800 67
6601241 6601252 54
6602155 6602160 30
1249469 2127515 48
2577412 3216751 73
6605606 6605610 51
6605953 6605968 3
6611943 6611969 64
6613270 6613285 44
201668 603109 80
2502388 3171349 64
6615559 6615566 5
1340580 2212538 37
2326955 3030074 91
6619017 6619031 1
6620652 6620658 14
6623202 6623210 19
2875446 3424625 92
6626556 6626566 33
6628794 6628807 22
6631917 6631923 98
6634742 6634759 77
724706 1490386 28
224363 695572 82
201669 603144 49
221825 684526 18
6640307 6640321 47
223423 689837 34
6643757 6643765 63
223579 693626 99
6651439 6651448 30
657980 1400417 55
6654315 6654327 66
55122 227584 56
4778565 4779156 73
6657954 6657974 8
3708461 3996321 99
1448123 2316483 52
6665673 6665691 83
2438094 3120247 34
6670306 6670328 9
6672251 6672260 95
6675973 6675987 19
6681313 6681321 74
6681330 6681341 26
6685427 6685438 73
6685884 6685905 91
6686397 6686423 84
6686630 6686651 27
6686769 6686783 62
6687053 6687062 64
6688175 6688188 96
223581 693684 44
6689206 6689216 80
6696715 6696727 52
120518 393134 74
216534 658269 51
216500 657599 36
6705426 6705438 64
6710233 6710253 90
6711096 6711107 17
216149 655688 4
224380 695948 3
995259 1842599 5
6716712 6716718 68
6717753 6717770 58
6719301 6719315 4
1342505 2215729 3
4887276 4887357 74
6737385 6737400 36
699154 1455698 72
201720 604276 9
216535 658295 57
6742257 6742267 30
4960521 4960544 61
6743301 6743316 86
6744316 6744332 1
54708 225996 92
6746554 6746570 47
995260 1842656 98
6747851 6747858 77
1459606 2330038 78
6749696 6749717 52
6750607 6750622 96
6751175 6751196 9
6751644 6751653 51
6681623 6681645 96
6753427 6753441 73
332872 908233 29
6756214 6756223 96
6756488 6756503 56
6757443 6757463 57
1422548 2297873 73
6763727 6763739 2
6296670 6296693 99
6765913 6765926 9
223444 690179 57
605710 1342877 83
223523 692627 58
201670 603180 90
3113029 3593879 47
6772768 6772790 59
6772856 6772886 89
6773304 6773313 22
5919 52616 20
6781695 6781707 70
6782729 6782747 51
6785486 6785498 57
201736 604658 49
6790205 6790211 19
701897 1459865 88
6801837 6801858 45
6804322 6804333 64
6804938 6804953 97
6806439 6806453 26
1046073 1908218 25
6812595 6812626 68
50461 213593 78
6816751 6816762 5
6816915 6816926 5
6820309 6820326 9
5920 52689 49
5922 52798 46
6834845 6834853 99
6836180 6836191 97
6836807 6836817 52
6836935 6836939 69
6837891 6837902 75
6838145 6838171 59
6839173 6839184 57
6840867 6840885 23
3270817 3709768 56
679414 1421926 65
201747 604872 26
604142 1341074 42
6848899 6848917 31
6850020 6850033 34
6851878 6851894 2
6852191 6852200 62
5977 54626 63
201748 604903 94
6870775 6870789 96
6870777 6870816 72
701884 1459648 13
6874677 6874690 31
6875298 6875339 83
201737 604684 18
16686 86042 81
201671 603230 47
201783 605591 22
216174 656211 86
201702 603888 28
2271014 2992682 94
5233971 5234237 98
223583 693712 64
329864 897208 7
6892743 6892773 64
1340694 2213501 39
6907950 6907963 44
2326957 3030127 88
849566 1664292 46
6910982 6911004 55
2214406 2948781 54
6912026 6912033 69
6913641 6913655 79
6914618 6914635 42
6915305 6915315 37
6916314 6916327 70
6916359 6916376 83
6916673 6916685 43
6916796 6916806 60
701886 1459697 89
201738 604708 51
216536 658333 86
6919762 6919774 68
216166 656094 25
4944694 4944766 71
6924080 6924089 31
6925240 6925244 3
6925539 6925544 87
6928963 6928981 27
6934691 6934696 18
224034 694745 45
6940359 6940374 65
6944875 6944889 89
2388529 3081007 17
2388529 3081008 64
6945945 6945959 96
50462 213642 2
6956468 6956483 99
201672 603269 82
6959261 6959268 49
6962503 6962516 2
6963450 6963466 81
6965972 6965981 31
1340697 2213582 79
1340698 2213624 28
6975906 6975922 55
6978733 6978745 79
201673 603307 15
1722420 2557976 84
6980069 6980088 71
6983299 6983308 50
6983333 6983351 49
6984315 6984336 19
2177828 2916302 46
6991581 6991589 69
6991657 6991664 33
6992600 6992614 89
6993592 6993614 99
6997612 6997628 74
1365 17163 7
859425 1674219 64
6998072 6998090 20
448138 1103217 89
2006363 2773687 25
7007807 7007814 37
7012263 7012279 65
5978 54672 23
7015890 7015913 91
201703 603909 49
1800851 2614451 16
7020755 7020766 2
695684 1450500 21
1340700 2213689 7
1543412 2403760 38
7029805 7029819 29
7030453 7030461 57
7031039 7031056 76
332672 906724 44
7034594 7034602 58
7037719 7037737 24
959328 1795851 28
7038599 7038608 98
7041656 7041661 66
201750 604952 84
7042308 7042314 29
7042374 7042383 47
7045153 7045162 83
7046521 7046527 37
7046571 7046583 21
7047098 7047110 66
7050213 7050223 90
7051490 7051506 74
223543 693143 61
7054451 7054456 28
7055225 7055239 55
201674 603341 17
699053 1455599 5
7058243 7058268 28
7058503 7058515 21
7059153 7059164 4
7062728 7062735 32
7063909 7063929 44
6413985 6414023 24
7064798 7064801 38
5979 54741 54
7066835 7066847 84
201739 604731 5
224366 695639 92
7078011 7078020 6
7081038 7081045 39
2270938 2992069 33
217751 663995 67
328465 891963 25
7088744 7088767 1
532980 1245588 89
7090019 7090033 40
224330 695081 17
333166 909568 51
201721 604300 96
7094655 7094676 6
7100023 7100031 46
7100513 7100535 40
7106802 7106812 28
1440298 2308715 35
7112467 7112474 56
5980 54771 18
201751 604981 85
223989 694581 54
333095 908789 31
7124855 7124865 68
7126175 7126187 61
2384376 3076507 22
7133284 7133296 63
201784 605634 43
5928 53083 14
7140366 7140383 59
7143315 7143327 43
7144546 7144551 35
7144661 7144682 46
7146635 7146646 51
224367 695671 10
224368 695703 33
1599451 2452688 72
7154795 7154826 71
4466836 4501546 19
201676 603391 98
223545 693205 33
7170440 7170455 74
939815 1771057 2
7174688 7174699 38
7175078 7175082 76
607704 1344307 91
201785 605676 42
7178517 7178530 37
111390 363506 88
7184034 7184058 87
7186496 7186503 75
7187838 7187859 66
7193832 7193841 59
224369 695730 51
7195288 7195297 56
216523 658041 70
216537 658364 94
7202785 7202791 76
7206281 7206287 65
7207544 7207565 53
7208663 7208671 97
7210785 7210796 28
7212830 7212846 36
7216664 7216677 21
4044647 4208843 19
2326959 3030203 42
7218770 7218785 63
7221736 7221752 46
696620 1451925 72
7224336 7224346 7
7224725 7224744 77
221600 683774 9
7226880 7226904 8
7227463 7227486 45
54931 227257 98
919128 1726190 93
7232746 7232761 47
7233493 7233501 10
7234108 7234123 37
7236243 7236251 14
7239845 7239857 13
7245546 7245562 84
7247490 7247504 84
4842018 4842091 51
7247621 7247637 31
1430355 2302155 53
3902397 4118548 29
7250422 7250444 92
7255011 7255024 43
55123 227617 51
7262600 7262608 52
7265093 7265100 90
7273883 7273897 90
3197816 3654590 99
7285345 7285360 67
7289482 7289502 18
2270962 2992270 23
7294435 7294449 24
7297013 7297020 46
7300502 7300511 54
7301044 7301060 54
7309350 7309380 35
7310163 7310175 71
7314673 7314686 45
223531 692888 37
5696190 5696481 81
7332042 7332050 67
7332455 7332468 20
7338476 7338485 49
5981 54797 43
7343238 7343251 3
201677 603450 31
3197449 3654011 38
7367740 7367775 12
223447 690311 56
5982 54836 9
201704 603934 36
216699 658785 42
701898 1459895 48
959333 1795988 32
972855 1812654 71
7380811 7380815 58
7386748 7386764 50
701899 1459925 2
3256401 3698726 47
216503 657661 67
224381 695979 86
4564600 4579728 99
216538 658383 54
7403963 7403976 31
605329 1342101 11
54508 223823 29
54509 223882 23
201727 604397 2
2215274 2949222 10
7415511 7415528 93
7429211 7429225 52
1010986 1861324 4
7434790 7434799 18
7438670 7438687 59
7440505 7440521 50
1790340 2607753 52
7456767 7456778 50
5630192 5630259 53
7462752 7462763 88
7468521 7468538 93
201775 605313 12
7485230 7485233 57
7485234 7485239 79
7494152 7494159 72
7499272 7499280 27
7503989 7504012 14
218964 672463 10
7507365 7507379 76
7509531 7509546 58
7511814 7511823 18
7521870 7521886 6
7527297 7527310 32
605258 1341978 71
224343 695339 85
6415742 6415809 64
7538732 7538741 6
7544134 7544144 51
7546481 7546490 28
7546793 7546823 3
7548853 7548876 99
2264888 2985067 11
7563916 7563949 79
7579848 7579858 61
7590772 7590781 32
7590933 7590947 37
216176 656247 62
7606776 7606798 68
7627237 7627245 2
7636878 7636883 100
7648521 7648540 19
5218432 5218467 71
7656437 7656446 42
226154 700343 86
201705 603958 91
7667993 7668000 21
7670748 7670759 90
7674462 7674469 6
5983 54873 45
701889 1459755 68
7690266 7690309 100
7694083 7694105 47
227391 702193 94
7697691 7697703 38
2329829 3032377 39
7714260 7714268 61
4261376 4355144 45
7719284 7719292 17
7725019 7725028 55
7743187 7743201 88
7745481 7745490 63
7748220 7748234 46
1046884 1909291 87
7757301 7757324 46
7764297 7764306 69
7764611 7764618 4
7773923 7773930 60
934981 1763478 21
1342543 2216544 5
7782586 7782599 5
201706 603984 62
7796812 7796820 28
5984 54902 57
7802826 7802835 14
201728 604425 57
7806531 7806539 85
7808668 7808677 81
7815831 7815844 18
7815851 7815862 54
7829358 7829369 5
96182 323593 88
7849503 7849519 42
7849833 7849860 8
7849897 7849912 3
7855273 7855282 64
7857614 7857632 41
7226046 7226086 2
7858629 7858632 46
7862999 7863011 92
1432921 2303551 28
7868165 7868172 50
220039 677606 64
7899630 7899642 20
7900324 7900338 36
7901438 7901446 80
7903864 7903879 66
329822 896069 71
7905244 7905252 51
7908482 7908494 19
4407831 4457401 18
7920463 7920474 96
7953537 7953552 32
7955744 7955752 49
7958966 7958974 28
7965007 7965013 23
7965409 7965421 84
7966486 7966498 71
7968537 7968547 63
7975136 7975144 27
7978538 7978554 1
7982579 7982594 90
7984699 7984703 95
7984886 7984899 27
8006188 8006196 20
8008855 8008872 32
8009213 8009219 38
8012908 8012920 76
8022863 8022885 67
8024653 8024662 63
8027490 8027498 89
701890 1459772 69
8040026 8040043 8
8049883 8049897 80
8059894 8059912 22
8082773 8082778 55
8112394 8112398 87
8113390 8113404 16
8114295 8114308 95
919135 1726382 29
8128288 8128291 74
8128292 8128299 87
8129906 8129918 88
1249886 2127750 84
8132679 8132703 71
8143791 8143796 30
8150331 8150352 13
8158939 8158951 3
329823 896108 80
5696463 5696736 78
8166638 8166649 20
8169316 8169327 34
8169739 8169749 6
8173094 8173104 91
903363 1713737 14
8176486 8176495 88
216539 658404 71
8185661 8185677 95
8185696 8185710 80
8185899 8185910 33
8190696 8190705 92
6306299 6306337 47
2991530 3506902 85
8198381 8198389 35
8202420 8202441 15
218613 670733 28
8205850 8205861 40
224088 694787 66
6406164 6406178 98
534441 1249136 36
8217724 8217744 7
8219888 8219908 52
8223357 8223364 88
8224059 8224067 72
8225683 8225693 73
8225699 8225714 16
8227632 8227649 42
8227946 8227961 34
216003 655276 72
8242257 8242264 25
8245167 8245176 6
7233495 7233515 33
8248950 8248967 19
8253296 8253306 100
329825 896184 55
8279419 8279430 89
808386 1610589 93
8280206 8280219 80
8287088 8287097 100
6544679 6544718 28
2592310 3227509 78
8292474 8292494 4
8296043 8296053 57
8301775 8301780 89
201752 605014 52
8308012 8308028 29
8309024 8309031 2
8311618 8311630 88
8313448 8313456 99
8314008 8314014 70
8315007 8315017 92
8315486 8315507 46
3472556 3845013 42
1342514 2215888 56
2552360 3199805 57
8339614 8339623 57
3256905 3699151 50
3859074 4090492 40
8343815 8343825 85
8350728 8350738 3
8352467 8352483 22
8365733 8365739 83
8373854 8373865 20
2994129 3509859 87
8390298 8390317 56
8393727 8393742 39
8402777 8402789 95
216505 657696 86
6670309 6670372 63
8445687 8445694 35
1423674 2299151 32
1340861 2214273 13
8459742 8459750 8
8464323 8464338 58
201679 603511 71
8466770 8466784 91
1340713 2213956 37
8473779 8473792 12
8474880 8474892 11
605259 1342013 62
8482112 8482128 86
8482594 8482623 78
1579571 2438125 22
8485186 8485192 33
201740 604750 5
8389007 8389031 59
8510320 8510343 22
216700 658804 96
8513893 8513897 25
224344 695354 29
8524915 8524921 55
8527570 8527582 25
8529663 8529676 80
8531934 8531952 82
8535013 8535031 28
8541744 8541754 19
5985 54952 91
8007969 8007985 77
8551436 8551445 89
8551465 8551488 67
201787 605775 36
8556634 8556643 3
8558497 8558507 90
8558589 8558602 46
8563321 8563329 86
8563932 8563944 81
223426 689871 23
216506 657720 12
8573730 8573743 53
6781818 6781849 61
8577643 8577656 98
8583258 8583266 1
8587011 8587019 41
8591145 8591156 10
8592790 8592801 88
216507 657749 5
958377 1793162 89
8602753 8602760 63
3640113 3953791 95
223546 693225 21
8612206 8612213 67
1340461 2212335 69
8620270 8620282 55
8620872 8620883 62
5469915 5469978 21
223449 690390 49
701900 1459950 31
8643485 8643499 80
8645571 8645584 93
8648115 8648125 89
1450674 2320759 2
8668382 8668392 40
7788574 7788587 7
8686557 8686566 36
8689228 8689236 3
2320047 3025214 40
201741 604782 3
8709038 8709054 15
8711796 8711804 68
201707 604013 32
216508 657776 7
8717442 8717445 72
8728463 8728474 31
8732898 8732903 61
8734917 8734926 30
3243032 3689416 45
8753750 8753768 62
224333 695192 31
8760208 8760222 90
8760939 8760950 12
8007849 8007868 27
8762787 8762798 25
8765659 8765675 43
8767105 8767110 43
8767393 8767398 96
8772693 8772699 100
8780578 8780587 42
8781680 8781694 88
1450688 2321086 84
8793575 8793597 28
8803437 8803463 69
8805653 8805663 39
1436479 2305989 76
4653427 4660221 98
8808943 8808950 64
8812781 8812787 1
2741793 3334273 42
959339 1796106 100
8822297 8822302 51
8838248 8838256 7
8842771 8842785 23
8847809 8847825 36
224345 695366 10
8851788 8851798 59
8859291 8859301 44
8869283 8869294 86
8869399 8869410 91
216510 657817 99
8881028 8881043 22
8882703 8882719 75
8883449 8883457 50
1398197 2272404 88
54150 221341 50
8892498 8892509 35
8896615 8896627 32
221602 683802 5
216701 658825 18
54933 227279 89
2994130 3509879 2
5944 53661 59
223548 693249 3
8919788 8919799 36
8926485 8926496 38
8929712 8929720 61
224346 695382 83
8960512 8960521 59
8966789 8966797 36
8970554 8970559 71
8972198 8972219 82
8977971 8977986 86
8985248 8985257 1
1398198 2272430 69
1450676 2320801 75
9000438 9000444 96
9000447 9000453 46
9000488 9000496 62
402053 1015899 15
216138 655623 80
216511 657849 63
9010007 9010011 66
9015258 9015283 93
9023990 9023994 77
9026285 9026305 96
9033655 9033682 88
9036552 9036563 39
9040725 9040737 82
9056833 9056846 46
216702 658853 54
5986 54979 62
9065079 9065091 74
9067623 9067640 82
9071553 9071571 38
9077275 9077285 25
9087142 9087151 14
216524 658079 43
9107254 9107272 52
9117400 9117406 35
9118942 9118950 80
9124073 9124088 97
9135257 9135265 88
9142587 9142598 32
9144713 9144725 53
9147616 9147631 22
227392 702206 5
975837 1818780 50
224335 695242 84
216550 658563 67
201789 605840 71
9178139 9178153 27
9189095 9189106 86
9190175 9190188 32
8155339 8155367 30
9193828 9193837 51
9200602 9200613 24
9201765 9201780 79
9204956 9204972 5
9206524 9206528 90
9206651 9206659 94
9214163 9214170 21
9219798 9219813 67
9229339 9229345 8
213124 649505 84
1342164 2215188 62
9241783 9241796 57
9242580 9242585 83
2983826 3500644 87
1444867 2314091 76
9248424 9248436 25
353852 944966 46
201709 604051 70
221804 684323 15
9279295 9279307 41
9282333 9282343 51
9285519 9285524 40
201794 605946 52
9287905 9287912 33
9289081 9289093 78
1250276 2128073 60
9291656 9291668 81
9292847 9292855 6
6643446 6643466 56
9310000 9310010 98
9329230 9329242 47
9333295 9333316 33
7863166 7863263 6
9347764 9347777 29
1341568 2214671 81
9356918 9356931 25
9356939 9356950 86
9358358 9358371 49
9365500 9365512 98
201730 604500 55
9375120 9375132 28
224384 696037 82
1407595 2282105 37
9385756 9385765 56
9392066 9392085 44
9409699 9409708 85
8924587 8924610 30
223429 689937 92
3573453 3909214 8
9434788 9434803 56
9435504 9435534 81
9442361 9442368 1
201722 604331 79
9478147 9478157 21
9483658 9483663 92
9494598 9494608 37
9495665 9495678 58
9501659 9501663 48
9271961 9271981 8
9544755 9544765 72
9544862 9544871 13
9545328 9545335 90
1422512 2297791 46
223549 693277 58
52895 219223 97
9576770 9576780 51
9580872 9580884 100
9586111 9586117 71
9587776 9587791 28
9593454 9593468 55
9593601 9593607 38
223452 690457 77
9611288 9611295 78
216512 657873 32
9629926 9629935 45
201682 603561 36
9642810 9642827 85
9647402 9647407 51
9659720 9659735 96
9659873 9659880 32
9659941 9659944 36
201683 603584 50
9773477 9773485 8
9774868 9774879 76
224373 695837 49
8373535 8373562 40
9795205 9795214 79
9796618 9796623 36
9799121 9799127 4
9801109 9801117 18
1436483 2306029 42
9801759 9801766 28
9805340 9805351 12
9806915 9806923 95
9807026 9807031 35
9809171 9809178 32
9811337 9811342 44
9812104 9812111 58
9830805 9830812 13
7191111 7191179 28
9887839 9887847 72
1423741 2299216 44
9922249 9922255 79
1342169 2215235 34
9954104 9954109 54
216526 658132 52
9967404 9967411 4
3930652 4137862 28
9994102 9994118 11
9994454 9994461 11
10015952 10015959 45
10021191 10021211 18
10026320 10026329 74
10031297 10031311 2
2114258 2862848 80
10107459 10107463 68
10111297 10111302 66
10112423 10112428 47
10113072 10113076 46
10118158 10118160 17
10287524 10287526 16
337412 926375 31
1782656 2598919 70
10413911 10413918 59
10414509 10414518 43
10414617 10414620 94
10414872 10414881 90
605260 1342043 13
10414977 10414984 2
10415169 10415177 65
10415541 10415544 69
10415675 10415685 82
10415697 10415705 49
10416078 10416082 54
10416373 10416375 59
10416786 10416788 68
10417341 10417349 68
5270281 5270454 62
10418394 10418396 39
10418529 10418532 92
10418649 10418660 49
10418682 10418686 80
10418704 10418708 86
10418914 10418921 73
10419184 10419190 81
10419402 10419407 61
10419582 10419586 44
10419636 10419644 69
10420518 10420528 39
10420536 10420540 38
10420565 10420570 88
10420640 10420645 47
10420727 10420735 26
10420750 10420757 19
224337 695289 39
10420980 10420986 34
201755 605056 19
10421729 10421732 59
10421842 10421846 37
10421922 10421929 56
10422136 10422139 91
4394425 4448259 87
699155 1455712 67
1341935 2215065 71
216527 658145 67
10422849 10422855 90
10422860 10422864 12
10422997 10422999 72
10423008 10423015 10
10424550 10424557 67
10425416 10425425 48
10426431 10426433 80
10429506 10429509 100
10431685 10431687 49
10432029 10432034 18
216167 656125 66
10432090 10432094 37
10432142 10432144 73
4679904 4684427 54
7928653 7928670 33
10432858 10432867 90
10434085 10434094 62
3107037 3589555 40
10435765 10435774 100
10436565 10436572 85
10436916 10436924 56
10437048 10437057 34
10437344 10437347 22
201712 604100 43
10668418 10668424 68
10674815 10674825 51
10684287 10684295 64
10686145 10686148 93
10690355 10690358 85
10699360 10699368 2
10719745 10719756 92
10719918 10719931 100
10720266 10720270 37
10722274 10722287 1
10722716 10722727 42
10736410 10736415 18
2989447 3504591 16
10740383 10740387 55
82047 283765 40
10748637 10748645 74
201732 604549 67
10757770 10757777 15
10764099 10764104 9
10771102 10771107 29
10791637 10791643 59
10801258 10801264 61
10847827 10847833 32
10859132 10859138 54
10860500 10860504 12
10894574 10894583 67
10906472 10906484 46
223454 690486 49
10964299 10964305 77
10975401 10975406 100
10978275 10978280 72
10984309 10984315 40
11007976 11007982 73
11039596 11039600 72
11082305 11082316 83
11091969 11091977 62
11112338 11112348 65
201756 605068 79
11170961 11170969 79
11172154 11172164 79
11172212 11172216 30
11235078 11235092 5
11247319 11247328 50
223430 689956 69
11284805 11284815 33
223552 693309 5
11321280 11321286 54
11322835 11322847 82
11332835 11332847 38
11351470 11351479 95
11404852 11404861 66
11413245 11413253 78
2270976 2992400 35
4474465 4507958 89
1801636 2614872 81
224351 695467 90
11501713 11501716 84
5956 54039 66
11529530 11529537 96
11536778 11536783 98
11543700 11543705 95
11551832 11551836 43
11555314 11555320 19
11556815 11556819 36
11557966 11557972 24
11582690 11582698 54
1424769 2300109 97
11607282 11607289 50
11608073 11608080 96
11608472 11608475 40
11610948 11610954 14
11628630 11628635 48
11628639 11628643 74
4988716 4988746 2
3185617 3646344 19
11658593 11658602 89
11692491 11692496 18
11730438 11730445 45
11764916 11764919 13
11808402 11808411 58
11829497 11829503 19
11854601 11854605 20
4212687 4324387 35
11861268 11861277 62
11865358 11865364 12
11970805 11970812 19
12044927 12044929 60
12147239 12147243 2
12149765 12149773 38
12159941 12159948 19
12165104 12165111 36
12236339 12236345 43
12236439 12236441 47
223800 694144 55
12264817 12264823 77
12296007 12296013 22
12319390 12319394 96
12320514 12320518 98
12324290 12324294 89
12339766 12339769 28
12498738 12498745 19
12500258 12500264 8
12509145 12509151 38
12510580 12510584 47
12511366 12511372 33
12512761 12512765 31
12515498 12515500 81
12515514 12515517 85
12518629 12518637 80
12533611 12533614 4
4923031 4923069 71
1267039 2143994 55
12579227 12579229 13
12579496 12579502 54
12579912 12579919 3
201714 604118 3
4962100 4962135 76
221812 684437 53
216513 657887 58
12613958 12613967 35
216153 655743 69
12621422 12621428 37
12639071 12639081 34
12688043 12688046 20
3410659 3799664 20
12741320 12741327 57
12766411 12766416 73
5673837 5673861 96
12912959 12912963 3
12960482 12960489 13
12960887 12960893 15
12960901 12960906 79
12989776 12989781 64
13024181 13024190 1
13033192 13033198 15
13051919 13051924 94
13054885 13054893 58
201685 603606 22
2993153 3508642 29
13067790 13067795 64
2875549 3424749 8
846292 1659841 32
13097252 13097258 13
13119131 13119133 3
13119252 13119261 17
13137316 13137321 6
13182729 13182738 90
13185196 13185201 52
13209648 13209654 27
14205155 14205157 39
10529153 10529164 42
14215812 14215817 59
14216357 14216359 45
14220714 14220717 61
9558528 9558541 20
14225074 14225079 46
224353 695487 29
14235078 14235082 12
14235125 14235127 60
14237836 14237840 56
14276542 14276545 98
14297133 14297136 76
227567 702472 39
14298056 14298059 37
14300638 14300645 48
14300997 14301000 56
14304449 14304451 34
14323628 14323631 9
14326158 14326161 11
14327395 14327397 19
14328517 14328522 93
14330263 14330268 15
14333328 14333332 98
14339237 14339239 82
14357680 14357684 20
14359169 14359172 15
14361822 14361824 60
14369529 14369532 34
10440361 10440377 13
14373445 14373450 1
14375622 14375627 100
14378274 14378278 54
14381414 14381416 76
14384657 14384662 68
14389806 14389810 98
14391714 14391720 38
14392257 14392260 81
14394570 14394572 90
14395893 14395899 31
4671365 4676813 51
201688 603628 93
14417732 14417736 68
14418215 14418217 31
216516 657924 52
701901 1459958 78
14423722 14423724 38
14425117 14425121 45
14467413 14467418 38
14472703 14472707 36
1398205 2272549 72
14477259 14477263 22
14477502 14477507 11
14489416 14489421 13
14516200 14516202 55
13447032 13447063 43
14558633 14558649 45
14570646 14570650 90
14573750 14573752 66
908218 1719084 99
1708371 2538777 66
1425086 2300289 63
14693824 14693827 35
14695817 14695820 32
14696549 14696552 98
227399 702272 78
14698846 14698848 86
14698954 14698956 16
14704105 14704107 8
14709701 14709704 54
14711179 14711181 59
701894 1459811 4
14720022 14720024 91
14791343 14791346 5
14808623 14808627 75
15262135 15262137 41
15284472 15284474 32
15292330 15292334 37
8113136 8113140 41
3229196 3678899 34
15294504 15294507 19
15297083 15297087 36
15297911 15297914 85
15310752 15310756 47
13093185 13093196 87
15316865 15316869 23
15326699 15326704 16
10616820 10616825 80
15339047 15339054 12
15342295 15342298 70
15342433 15342435 26
15343170 15343174 14
15351815 15351818 70
15352394 15352397 5
15370937 15370940 56
15375309 15375312 42
15418509 15418516 41
13394738 13394763 26
1249894 2127810 67
15435990 15435995 85
15437201 15437204 94
15441158 15441161 24
15477462 15477464 100
15479905 15479907 15
15492384 15492387 54
15493901 15493904 31
15516886 15516888 39
15538916 15538921 38
15569603 15569605 53
10463996 10464009 28
15603574 15603576 64
15603578 15603580 26
15606701 15606704 88
15611603 15611605 10
15614202 15614204 42
2114261 2862858 33
15629200 15629202 1
15632136 15632138 95
15667305 15667307 71
15669369 15669371 54
15868537 15868542 47
23735471 23735475 14
23735732 23735736 88
23735951 23735953 3
23736046 23736048 24
10650203 10650213 89
23759256 23759260 85
24339970 24339975 68
24340383 24340386 88
24343042 24343044 52
24346612 24346615 87
24351843 24351845 62
24388146 24388148 77
24388228 24388230 10
4270365 4361276 12
24391800 24391802 4
24395630 24395632 29
699156 1455720 86
24426110 24426113 92
25407295 25407299 17
25408070 25408074 91
25408405 25408407 17
25408708 25408710 77
25411356 25411360 41
25412218 25412222 79
7320769 7320787 28
25417751 25417753 65
25418295 25418298 94
25431213 25431215 21
25440775 25440777 12
25442379 25442382 69
25442690 25442692 71
25454661 25454663 65
25459202 25459204 91
28360886 28360887 60
28385002 28385003 52
28678433 28678434 88
1437178 2306583 96
28994543 28994545 71
7162855 7162866 51
30595793 30595794 58
30755951 30755952 69
10119371 10119372 76
30762085 30762086 69
30774309 30774311 26
30863278 30863280 100
31083896 31083897 71
31181928 31181931 15
31774015 31774016 40
31774084 31774085 14
31774231 31774232 86
31774259 31774260 68
31774262 31774263 86
31774282 31774283 39
31774291 31774292 96
31774306 31774307 14
31774314 31774315 17
31774391 31774392 80
31774426 31774427 19
31774457 31774458 74
31774528 31774529 98
6478226 6478234 34
31774605 31774606 69
31774686 31774687 70
31774693 31774695 16
31774699 31774700 6
31774703 31774704 8
31774705 31774706 28
31774707 31774708 26
31774710 31774711 9
31774713 31774714 54
31774715 31774716 69
31774723 31774724 37
31774768 31774769 52
31774824 31774825 46
31774921 31774922 21
31775010 31775011 59
31775033 31775034 99
31775163 31775164 72
31775178 31775180 61
31775188 31775189 88
31775249 31775250 7
31775324 31775325 15
31775365 31775366 38
1436488 2306053 25
31775400 31775401 3
31775405 31775406 61
31775429 31775430 36
31775454 31775455 86
31775479 31775480 18
31775537 31775538 29
31775565 31775566 70
31775804 31775805 79
31775813 31775814 30
31775842 31775843 31
31775887 31775888 59
31775951 31775952 95
31776117 31776118 26
31776136 31776137 80
31776156 31776157 99
31776416 31776417 63
31776446 31776448 29
31776458 31776459 24
31776475 31776476 14
31776481 31776482 81
31776531 31776532 19
31011065 31011072 97
31776740 31776741 10
31776896 31776897 74
31777004 31777005 100
31777013 31777014 79
31777055 31777056 2
31777058 31777059 45
31777068 31777069 6
31777118 31777119 90
31777141 31777142 41
31777215 31777216 25
31777283 31777284 58
31777291 31777292 27
31777344 31777345 86
31777368 31777369 57
31777372 31777373 77
31777391 31777392 55
31777396 31777397 1
31777429 31777431 61
31777473 31777475 29
31777501 31777502 35
605461 1342196 100
31777554 31777555 87
31777590 31777591 91
28898513 28898520 3
31948884 31948891 62
32874108 32874110 75
32878539 32878541 46
32073834 32073839 91
33442075 33442077 87
34894782 34894783 39
34894918 34894919 78
9610297 9610302 41
34948277 34948278 45
34948944 34948945 16
34949010 34949011 34
34949150 34949151 28
34949301 34949302 59
34949586 34949587 72
34949698 34949699 100
34949827 34949828 35
34949829 34949830 15
34949849 34949850 47
34949859 34949860 22
34949873 34949874 44
34949879 34949880 1
34949889 34949890 71
34949907 34949908 49
34950128 34950129 90
34950131 34950132 47
34950201 34950202 90
34950260 34950261 13
33926111 33926114 49
34951582 34951583 69
34951793 34951794 30
34951829 34951830 4
34951992 34951993 87
34952082 34952083 33
34952148 34952149 22
34952536 34952537 70
34952855 34952856 23
34952863 34952864 31
34953040 34953041 10
34953111 34953112 48
34953174 34953175 17
34953945 34953946 41
34954347 34954348 65
34954366 34954367 58
34954473 34954475 49
34954707 34954708 76
34954953 34954955 49
34955053 34955054 69
34955063 34955064 92
1720272 2556064 41
34955608 34955609 67
33708720 33708723 81
32033018 32033022 25
34956579 34956580 24
34956687 34956688 1
34957033 34957034 70
34957242 34957243 26
34957919 34957920 7
34958176 34958177 20
34958379 34958380 89
34958995 34958996 38
35366652 35366653 86
36115192 36115194 56
36460084 36460085 38
36764836 36764837 45
39432696 39432698 25
39646014 39646016 1
39948816 39948817 74
40186932 40186933 76
40189160 40189161 33
40591629 40591630 37
40591631 40591632 31
40591633 40591634 92
40591635 40591636 19
40591638 40591639 52
40591640 40591641 79
40591642 40591643 57
40591644 40591645 6
40591646 40591647 51
40591648 40591649 1
40591650 40591651 72
40591652 40591653 86
40591654 40591655 76
40591656 40591657 95
40591658 40591659 58
40591661 40591662 50
40591663 40591664 28
40591665 40591666 100
40591667 40591668 38
40591669 40591670 19
40591671 40591672 73
40591673 40591674 29
40591675 40591676 39
40591677 40591678 100
40591679 40591680 61
40591681 40591682 70
40591683 40591684 98
40591686 40591687 87
40591688 40591689 98
40591690 40591691 5
40591692 40591693 100
40591694 40591695 42
40591696 40591697 71
40591698 40591699 31
40591702 40591703 24
40591704 40591705 14
40591706 40591707 79
40591708 40591709 73
40591710 40591711 18
40591712 40591713 41
40591714 40591715 1
40591717 40591718 48
40591719 40591720 21
40591721 40591722 53
40591724 40591725 95
40591726 40591727 91
40591728 40591729 13
40591730 40591731 68
40591732 40591733 63
40591735 40591736 10
40591737 40591738 39
40591739 40591740 26
40591741 40591742 73
40591743 40591744 3
40591745 40591746 47
40591747 40591748 24
40591749 40591750 81
40591751 40591752 17
40591753 40591754 44
40591755 40591756 63
40591757 40591758 5
40591759 40591760 8
40591761 40591762 100
40591763 40591764 45
40591765 40591766 83
40591768 40591769 28
40591771 40591772 83
40591773 40591774 19
40591775 40591776 23
40591777 40591778 69
40591780 40591781 6
40591783 40591784 34
40591785 40591786 93
40591787 40591788 80
40591789 40591790 52
40591791 40591792 52
40591793 40591794 56
40591795 40591796 35
40591797 40591798 46
40591799 40591800 62
40591801 40591802 3
40591803 40591804 72
40591806 40591807 58
40591809 40591810 18
40591811 40591812 40
40591813 40591814 97
40591815 40591816 71
40591817 40591818 68
40591819 40591820 4
40591821 40591822 30
40591823 40591824 77
40591825 40591826 46
40591827 40591828 44
40591829 40591830 66
40591832 40591833 8
40591834 40591835 17
40591836 40591837 3
40591838 40591839 45
40591840 40591841 34
40591842 40591843 70
40591844 40591845 96
40591847 40591848 53
40591849 40591850 64
40591851 40591852 17
40591853 40591854 15
40591855 40591856 78
40591857 40591858 37
40591859 40591860 73
40591861 40591862 76
40591863 40591864 39
40591865 40591866 89
40591867 40591868 77
40591869 40591870 55
40591871 40591872 99
40591873 40591874 83
40591875 40591876 4
40591877 40591878 74
40591879 40591880 65
40591881 40591882 75
40591883 40591884 76
40591885 40591886 69
40591888 40591889 70
40591890 40591891 15
40591892 40591893 100
40591894 40591895 56
40591896 40591897 14
40591898 40591899 37
40591900 40591901 92
40591902 40591903 54
40591904 40591905 9
40591906 40591907 80
40591909 40591910 66
40591912 40591913 71
40591915 40591916 60
40591918 40591919 63
40591920 40591921 69
40591922 40591923 99
40591924 40591925 25
40591926 40591927 18
40591928 40591929 26
40591930 40591931 1
40591932 40591933 52
40591934 40591935 28
40591936 40591937 30
40591938 40591939 43
40591940 40591941 27
40591942 40591943 11
40591944 40591945 66
40591946 40591947 14
40591949 40591950 100
40591951 40591952 41
40591953 40591954 40
40591955 40591956 66
40591957 40591958 36
40591959 40591960 61
40591961 40591962 30
40591963 40591964 46
40591965 40591966 5
40591967 40591968 81
40591969 40591970 26
40591971 40591972 49
40591973 40591974 3
40591975 40591976 2
40591977 40591978 34
40591979 40591980 13
40591981 40591982 16
40591983 40591984 99
40591985 40591986 51
