44293 187640 75
540 4648 51
44298 187949 9
44298 187950 1
7696 62912 27
187890 579705 72
4548 44471 11
4550 44487 48
4603 44746 45
4801738 1022 75
3456595 3832042 83
62866 245347 77
442042 1090643 15
44304 188156 48
188136 580113 24
187623 579199 23
188137 580137 18
580125 1297127 15
1325724 247343 61
4080850 6836 38
4978426 158589 56
14903628 89590 39
1551545 47286 33
2404664 9417 46
2726485 753003 41
2404692 230007 23
1544383 259083 50
2369054 3063311 3
3717883 259179 73
3317639 14811 9
1955231 2726741 6
2726634 28302 33
2411385 47462 24
3211090 89712 50
2709152 238822 25
3468170 95105 85
4800366 4800532 65
3098958 241860 72
3717807 231180 54
3557574 492276 53
442046 249804 25
4340536 4409714 51
15094875 154431 39
2726573 42186 2
2384227 78120 77
1934586 181778 15
262900 761214 42
1544376 419147 21
2404592 611473 42
3093907 16761 61
1544377 485753 5
2368964 89728 42
2620305 231180 89
1544361 250212 17
1551565 37460 90
2369032 472354 98
2368995 64908 96
2411332 419147 95
2709243 128427 20
2709172 58834 23
2368999 273796 81
2411463 73612 13
15128120 258823 81
1505143 263781 7
4013042 34877 58
2681887 3284493 32
3063102 2738198 7
3284449 89497 89
2681841 20276 93
2681855 84577 13
3284400 273796 3
3099256 73501 42
3099257 242084 13
1072871 89738 20
1955125 259083 19
3211021 241110 64
3211022 104610 13
1544420 62835 47
2709177 89501 39
1933845 78120 70
1544430 273778 9
2404753 254320 12
1505129 37460 27
2726616 7621 91
1090635 1355844 30
1955016 258752 70
2726617 458584 62
2709162 148270 92
2369001 84577 71
2197221 56558 9
1090663 89675 55
1955250 259083 32
1955161 219250 50
1525856 259747 31
2411320 244566 27
1808518 239407 40
1808519 157428 49
2368965 88171 49
1808520 89758 11
2404593 466694 43
1934572 239407 90
1544431 157082 79
2404552 157745 34
1072872 175236 75
3717902 248188 90
2726550 239509 74
1525857 204625 97
2709169 89733 66
2709163 89501 55
1071159 62835 32
2709164 42186 59
2368966 89501 59
2404620 247479 74
1933818 247576 75
3284422 244899 66
2681880 3284480 25
2404566 78387 48
3063043 30528 24
2620294 86586 76
3093686 89749 24
2709189 246938 41
2411326 80274 22
2404611 174372 63
2404645 247576 49
1933805 1417 56
2404567 421483 34
2411411 78630 46
1071160 78630 35
1071161 64839 11
1071162 62835 8
2368984 247213 10
2404553 239420 99
2368967 457218 15
761207 1544407 5
2411471 259179 21
2369055 244566 75
2197201 64908 71
1544363 258494 100
1544364 42186 23
2369047 239407 41
2933794 268912 95
2404703 485431 30
1933806 90338 41
2709245 617321 48
1808521 239597 13
1544388 75841 7
2411327 230007 7
2871549 492276 29
1544365 482245 30
2404538 62835 44
1551580 20276 18
2404754 611473 44
761208 181778 62
2404785 518926 9
1544389 89501 20
1544366 16761 32
1090570 34014 61
3284376 157745 6
1900270 229992 68
3739321 82876 11
3211098 63983 34
2710038 466694 39
1090664 258492 97
3717928 2738198 8
768369 259747 40
768370 1551570 55
768371 200609 52
2369002 88939 61
2726727 27894 59
1325710 20276 9
1955003 20276 2
2404632 239585 64
1071106 43770 26
733770 30628 60
1544400 37460 25
1933820 485753 27
2404577 13590 66
2369057 148748 75
1576828 89706 32
3093687 284487 80
2411466 89497 24
2435842 89706 31
1090636 1955215 34
2726701 595460 91
2726702 121155 12
3063182 84577 51
2709253 248188 91
2411476 468476 3
2369007 241972 26
3063332 3557765 1
2369058 3063336 97
3211050 3665672 54
2197202 89675 19
3304161 1135 70
3557750 284487 46
1576829 89564 24
2197236 132686 84
3069070 89740 55
28409919 147839 22
1325711 72287 46
2368996 158571 76
3063158 258497 20
2384242 47645 95
1551581 148250 35
1934587 518926 17
3117980 199192 58
2709254 250212 5
2384243 241199 42
2411418 206278 56
2197237 89570 96
2709921 84577 31
1072873 738870 77
4001576 205880 19
3284464 89054 77
3717826 2434470 97
2411459 50056 12
1551546 2411407 72
2710000 239597 81
2368997 89748 64
2681875 38440 31
2681876 89538 58
1955200 259788 52
2369010 303356 1
2681842 157082 2
2709238 241199 75
2368968 284487 46
3063096 411249 90
3583535 254329 50
1955063 97075 57
3303988 75380 50
3717873 239515 88
3665677 169106 25
2709255 58834 25
2709256 1417 92
3284385 169106 55
3063104 1921993 35
2710041 133446 56
2709984 119276 48
2197192 20276 11
3284419 248188 78
3063197 199461 99
3093826 249167 35
3063248 253827 87
3076245 174372 10
1036136 133143 47
1036137 248188 3
1933778 154431 6
3098960 371597 16
733771 20276 29
2369013 244842 39
733772 89706 87
3211035 75380 23
3557498 89538 89
3583598 89054 8
2411357 3099065 87
3063122 306881 87
2933665 3468064 38
3063346 30528 81
2411419 371717 26
2411322 131583 58
3899691 254084 34
2681843 714734 61
3284491 2738072 45
3063348 241972 55
1505154 20276 93
3557646 64839 73
3284386 2145267 36
2411472 1495116 8
2933697 258497 50
3665649 34014 58
3665658 138116 72
2404774 89741 37
1544378 77650 2
3063282 250212 79
4001584 78387 52
1544390 86586 61
3284401 259179 65
2681871 157082 18
3665678 246938 4
3717837 3238783 44
2197238 259781 19
3284437 45401 55
3968238 58554 89
3284470 231180 67
3284438 2434470 35
3284439 3099065 30
3099184 3583601 19
3739256 89590 94
3099258 244566 44
2411473 58554 94
2369065 20276 81
2681862 169106 18
1900278 259040 70
3284471 242084 71
3063262 9635 100
3284440 244899 54
2681865 3284423 66
2709201 371717 40
3099230 73526 99
441932 82592 6
4745500 4746601 55
30457371 259801 53
30457405 135884 49
4804183 4804462 64
30457435 89590 50
44315 188210 48
187668 169106 83
4678987 4683488 16
4579577 4592680 82
44316 188232 39
4805660 4805882 3
4662314 4668326 73
4592702 4603878 38
4800524 4800694 2
4678971 4683472 79
44317 188252 24
4742114 4743406 43
4766096 4766844 61
4768436 4769019 58
4699978 4703226 63
4799281 4799460 25
4764027 4764728 15
4762333 4763326 36
4756552 4757384 10
30460437 30460444 16
44318 188275 37
4604089 4614164 87
4746612 4747691 33
4546598 4564648 78
4727148 4729182 75
4978444 89423 2
4696310 4699985 76
4592672 4603849 75
4786168 4786486 12
4790739 4791060 16
4748887 4750001 84
4799344 4799519 77
4767828 4768389 82
4786770 4787178 40
4229232 4337519 96
4407700 4457301 13
4614049 4623801 33
188240 580384 88
4734194 4735596 48
4719233 4721633 38
4714513 4716960 48
4613897 4623589 80
4592691 4603868 99
30461630 30461634 10
4993340 4993382 22
4745306 4746369 32
4337490 4407707 9
30461649 30461652 69
4741060 4742121 14
4705980 4709190 8
4795569 4795781 48
4603842 4613905 9
4711897 4714409 81
4783920 4784333 90
4799897 4800086 38
4734067 4735484 69
4742276 4743494 59
4803560 4803711 45
188460 580656 56
4773604 4774234 91
4337945 4408088 26
4773563 4774169 29
4803164 4803333 31
4619 44783 28
4730851 4732536 75
4760362 4761194 57
4782278 4782693 66
3831566 4074116 58
4804271 4804539 89
4794490 4794700 2
4725474 4727169 56
4679180 4683630 99
4797673 4797866 87
4760601 4761468 74
4457470 4494567 26
4786230 4786549 4
4755736 4756594 99
4683467 4688023 95
44320 188293 47
4808085 4808283 13
4809675 4809879 74
4799638 4799824 17
4705967 4709179 52
4723728 4725516 99
44321 188303 28
4337717 4407876 83
1297464 2176500 64
4762220 4763263 91
30459402 30459411 8
4655775 4662182 6
4797992 4798249 4
4743461 4744492 64
4592834 4604003 30
4798909 4799098 49
4809135 4809303 86
4623610 4632598 52
44325 188333 72
4784019 4784393 10
3455966 3831723 37
4787204 4787598 72
4778610 4779242 77
4603860 4613923 54
4799453 4799645 32
4731017 4732693 52
4457321 4494445 57
4808931 4809142 24
188461 580668 62
4746379 4747518 67
4632561 4640827 83
4761187 4762111 100
4770924 4771579 100
4791054 4791354 95
4564447 4579584 42
4768941 4769661 59
4785066 4785426 68
4407890 4457478 34
4739781 4741068 17
4800252 4800427 64
4772992 4773693 74
4494393 4523402 47
4768978 4769709 4
4781361 4781770 38
4735603 4737046 2
4729204 4731025 35
4802830 4803066 2
4742047 4743358 64
4760542 4761382 84
4592660 4603837 95
4807202 4807386 92
30467179 30467184 74
4785853 4786202 90
4791983 4792323 3
4746411 4747549 74
4745468 4746581 58
4802276 4802472 51
4579664 4592791 17
4730988 4732664 71
4725333 4727061 58
4783136 4783575 80
4655867 4662281 14
4751012 4752105 30
4732686 4734234 64
4725462 4727156 49
2916329 3456605 75
2916362 3456648 28
4719210 4721616 40
4730839 4732524 54
4794170 4794497 92
4774825 4775371 80
4802617 4802838 57
4688031 4692078 60
4792316 4792596 63
1298489 2178099 49
4679148 4683619 71
4641020 4648889 62
4796735 4796940 28
4778088 4778652 33
4777491 4778096 76
4744328 4745313 5
4775907 4776399 72
188778 581106 78
4782688 4783123 93
1297720 2176800 99
4803418 4803568 88
4688081 4692130 46
4655739 4662150 58
4798074 4798314 94
4564686 4579832 82
4797125 4797329 24
4795001 4795308 76
4725303 4727031 75
4074302 4229411 1
4774708 4775309 91
4779930 4780456 77
4767794 4768359 29
4809977 4810166 35
4719330 4721801 47
4801924 4802107 69
4754830 4755690 76
4767258 4767802 72
4749862 4751020 3
4766055 4766721 74
4758162 4758925 52
4337956 4408102 93
4805438 4805668 10
4754780 4755635 6
4632790 4640969 78
4735589 4737028 24
4738437 4739827 47
581111 1298498 51
30468481 30468485 67
4696189 4699877 57
4744379 4745373 1
4788002 4788319 83
4770349 4771005 2
4640961 4648812 9
4803221 4803426 62
4745366 4746419 29
4783158 4783598 61
4806907 4807044 86
4801638 4801871 19
4790160 4790651 43
4785825 4786174 98
30468972 30468978 29
4789327 4789767 62
4673830 4678967 29
4783470 4783927 57
4749823 4750978 23
4787555 4787949 15
44335 188371 89
4803326 4803526 66
4579756 4592842 37
4679017 4683533 93
4074516 4229627 88
4679196 4683648 57
4786831 4787243 86
188746 581065 50
4604006 4614072 79
4758111 4758850 93
4764871 4765485 21
4787171 4787563 48
4494437 4523447 22
4719198 4721603 46
4229061 4337284 59
4810090 4810288 69
4756503 4757303 65
4783146 4783587 9
4699948 4703199 5
4747488 4748664 46
4523440 4546442 36
4725510 4727202 41
4753112 4754010 51
4799101 4799290 89
4785169 4785558 16
4752162 4753120 61
4782317 4782732 47
4408003 4457535 81
4793922 4794264 70
30470517 30470522 39
4546664 4564693 29
3455744 3831623 57
4730867 4732554 47
4807447 4807646 80
4564554 4579683 50
4807737 4807919 90
4795917 4796123 81
4808455 4808600 28
4783950 4784363 38
4785895 4786237 57
4074563 4229672 60
44336 188389 97
4789387 4789865 86
4764854 4765469 79
30460923 30460932 50
4789870 4790383 50
4772271 4772967 13
4798242 4798458 94
4781395 4781829 5
4784035 4784407 64
4764763 4765418 23
4074533 4229641 40
4632549 4640814 32
4779949 4780480 6
4785507 4785859 60
4648881 4655914 62
4699804 4703078 45
4775364 4775941 100
4791900 4792224 57
4673932 4679025 28
4546617 4564662 59
4808178 4808374 3
4761390 4762360 74
4711978 4714521 79
4809198 4809375 53
4739903 4741164 93
4863619 4863634 6
4788342 4788759 22
4803985 4804191 75
4808845 4809048 34
4807912 4808093 28
4779265 4779902 22
4760447 4761260 66
4784386 4784760 97
4727177 4729212 22
4767347 4767909 43
4632721 4640903 33
4769011 4769736 5
4795974 4796163 28
4546548 4564561 19
4706053 4709316 14
4785146 4785515 66
4804455 4804705 18
4805148 4805447 51
4337729 4407899 92
4978431 726905 51
4523707 4546686 4
581098 1298477 26
4613992 4623672 47
4775337 4775914 49
4794693 4794962 52
4592636 4603820 68
4773686 4774262 75
4809296 4809488 52
4738501 4739899 61
4774177 4774733 50
4802220 4802412 13
4768383 4768986 13
3831414 4074020 47
4793311 4793576 70
4760561 4761399 99
4764198 4764863 21
4736885 4738361 28
4564434 4579573 33
4747683 4748895 42
4457591 4494745 42
4784357 4784733 54
4790389 4790746 77
4778056 4778617 37
4640820 4648598 49
4777504 4778105 83
4801068 4801246 73
4736927 4738402 26
4785472 4785832 28
4623598 4632587 70
4794955 4795228 17
30472665 30472672 40
4592783 4603949 74
4592883 4604097 26
4229619 4337836 93
4800420 4800590 49
4337841 4408021 11
580376 1297458 76
2176377 2914830 5
4683455 4688011 7
4750972 4752069 94
4494405 4523414 58
4782240 4782639 12
4579676 4592802 96
4784726 4785123 54
4785117 4785479 91
4648806 4655875 86
4787236 4787646 17
4761376 4762340 40
4807082 4807275 36
4809368 4809571 19
4408015 4457547 22
4783580 4784051 95
4668318 4674078 23
4778671 4779327 32
4716952 4719367 84
4803059 4803228 23
4732516 4734019 27
4744485 4745477 23
4696228 4699912 38
4721626 4723494 5
4800081 4800260 39
4494546 4523564 22
2914885 3455752 80
4808367 4808500 30
2176468 2914879 1
4769654 4770309 8
4805875 4806048 89
4806040 4806277 68
3832077 4074559 91
4795732 4795924 54
4758917 4759661 86
4802032 4802230 35
2176792 2915204 3
4709361 4711969 90
4758843 4759607 29
4795775 4795981 97
4978440 82876 86
4770303 4770932 54
4749995 4751135 60
4734227 4735610 2
2178092 2916409 52
3831615 4074165 12
4789404 4789880 71
4727054 4729011 74
4751128 4752188 85
4790970 4791282 21
4764719 4765372 29
4781452 4781916 65
4744501 4745509 37
4792217 4792535 15
4703060 4705976 96
4728988 4730857 13
4727164 4729194 6
4789730 4790109 5
3455486 3831423 62
4769730 4770386 12
4789051 4789395 68
4739732 4741001 33
4778122 4778680 5
4721847 4723736 74
3832100 4074570 24
4743487 4744509 50
4603872 4613934 91
4709310 4711905 14
44344 188438 29
4723486 4725341 57
3455692 3831574 5
4793569 4793866 52
4797056 4797245 87
4795300 4795576 56
3831579 4074129 37
44345 188453 80
4754878 4755743 90
4797494 4797681 17
4692183 4696290 79
4798969 4799173 80
4623793 4632799 68
4783510 4783957 4
44346 188474 22
580661 1297729 3
4772235 4772934 59
4723689 4725482 88
4408080 4457600 68
4759633 4760429 74
4788993 4789333 2
4759002 4759720 93
4623882 4632873 88
4407731 4457317 15
4800582 4800761 64
4683624 4688157 56
4790930 4791252 32
4546399 4564456 13
4792873 4793166 22
4770999 4771665 4
4776392 4776963 76
4747512 4748682 4
188779 581119 86
2914564 3455493 51
4791033 4791333 4
4800950 4801146 58
44350 188500 34
4796116 4796294 2
4662176 4668158 99
4780875 4781402 2
4774162 4774716 30
4753037 4753922 75
4734139 4735540 94
4662274 4668252 95
4613875 4623573 29
4732657 4734201 80
4735478 4736893 97
4752098 4753085 54
4711962 4714493 14
4662142 4668114 14
4804041 4804278 93
4801239 4801410 69
3456681 3832108 61
4714486 4716942 27
44351 188519 34
4771032 4771697 37
4788956 4789297 72
4337828 4408011 9
4788312 4788740 15
4748676 4749831 77
4785419 4785791 68
3455954 3831713 24
4787593 4787979 60
4782598 4783037 85
4716771 4719216 6
4723554 4725381 69
4807037 4807210 79
4732624 4734147 30
4891212 4891219 97
4792527 4792792 57
4655888 4662295 100
4743350 4744335 29
1298470 2178067 59
4757438 4758266 77
2914822 3455701 100
4740995 4742054 32
4674072 4679204 33
4494310 4523282 88
4725375 4727091 51
4723457 4725310 60
4655908 4662323 98
4792589 4792860 57
4655754 4662163 42
4603995 4614057 24
4716922 4719337 56
4774227 4774803 52
4800899 4801076 54
4744519 4745527 66
4798737 4798975 70
4729004 4730874 50
4766677 4767267 48
4074157 4229252 50
4457528 4494671 77
4683481 4688039 62
4457114 4494316 55
30475157 30475164 62
4751108 4752170 46
4546678 4564705 48
4408095 4457612 79
4765411 4766063 71
4746574 4747617 100
4759713 4760569 80
4767903 4768445 60
4229653 4337953 92
4688136 4692191 44
4407868 4457465 1
4755756 4756611 26
188241 580398 79
4797817 4798000 35
4765997 4766685 37
4747541 4748714 57
4768352 4768951 7
3456611 3832068 90
4781449 4781906 11
4457281 4494401 39
4737021 4738444 100
4523427 4546431 86
4775855 4776361 46
4494560 4523578 68
4805990 4806196 65
188747 581078 99
4796933 4797132 23
4807268 4807454 50
4229635 4337850 59
4716968 4719383 58
4793143 4793383 60
4523656 4546608 96
4799507 4799680 27
4761254 4762228 67
4731001 4732676 50
4786522 4786838 40
4736871 4738343 55
4741128 4742284 4
4564405 4579542 53
4725491 4727185 60
4780952 4781460 76
2915197 3455974 6
30475977 30475983 56
4771705 4772330 67
4613928 4623618 87
4723677 4725471 42
4780358 4780835 20
30475992 30475997 22
4769702 4770357 74
30476002 30476008 48
4789083 4789411 68
4806189 4806421 78
4801523 4801745 19
4744344 4745329 89
4714332 4716817 83
4457294 4494414 16
4778146 4778718 17
4784401 4784776 40
4727085 4729142 80
4784326 4784696 32
44360 188560 85
4683641 4688176 72
4789761 4790167 59
4804698 4805051 32
4457457 4494554 95
4716760 4719206 61
4790723 4791041 9
44361 188570 90
4783117 4783558 24
4714315 4716778 96
4787973 4788290 78
4776997 4777526 91
4781910 4782325 26
4795221 4795522 78
4789875 4790396 49
4748780 4749934 30
4579835 4592891 97
4662232 4668190 42
4800688 4800907 51
4523557 4546544 90
4729135 4730958 12
4739836 4741136 93
4523394 4546379 46
4790646 4790977 9
4648574 4655747 57
4774796 4775344 92
4797439 4797632 99
4780449 4780916 29
3832061 4074541 40
4776429 4777005 24
4785552 4785902 46
4783568 4784041 70
3831704 4074311 40
4795517 4795740 61
4759600 4760369 59
4791957 4792277 30
580390 1297473 18
4802100 4802284 11
4797625 4797824 65
4788248 4788582 70
4764083 4764770 26
4809482 4809683 9
4699794 4703067 92
4745322 4746387 61
581056 1298434 4
4494749 4523715 50
2914872 3455739 99
2175479 2914573 82
4780909 4781433 79
4783591 4784062 8
4783551 4784027 63
4767299 4767835 18
4790102 4790611 45
4727195 4729230 1
4769030 4769751 61
4746594 4747673 68
4546300 4564411 26
4752062 4753045 72
4808651 4808853 1
4808276 4808463 96
4775933 4776437 63
4794257 4794549 45
3831602 4074153 25
4758985 4759694 89
4791276 4791607 57
4614157 4623890 22
4723704 4725499 57
4753132 4754028 5
4784770 4785176 14
4765461 4766105 69
4721723 4723562 18
4523408 4546407 61
4786135 4786460 24
4793859 4794177 88
4808593 4808767 4
4706149 4709356 11
4787278 4787723 96
4564641 4579765 1
4790363 4790729 3
4632867 4641027 66
4788753 4789090 63
4772322 4773021 79
4770395 4771057 68
4673844 4678980 99
4523669 4546625 16
4692121 4696237 61
4407744 4457329 41
4579536 4592644 28
4780828 4781369 93
4727036 4728994 41
4457541 4494692 59
4074314 4229424 8
4779334 4779957 44
4603942 4614000 58
4662288 4668305 10
4703072 4705987 38
4762353 4763341 43
4337277 4407489 14
4734025 4735470 15
4774256 4774834 30
2177981 2916338 2
4755683 4756560 88
4784687 4785074 89
4719342 4721816 41
4791530 4791908 47
4719377 4721855 46
4779895 4780422 31
581070 1298449 78
4756604 4757446 35
4797238 4797447 92
4714302 4716767 34
4798691 4798918 73
4749973 4751116 93
4683526 4688088 15
4337513 4407741 34
4703086 4706004 15
4802978 4803172 8
4801291 4801530 91
4706162 4709368 7
4696294 4699968 34
4791326 4791636 80
4709198 4711840 48
4716936 4719349 92
4782296 4782711 95
4721596 4723464 70
4774270 4774853 25
4766837 4767355 27
4721830 4723713 44
4766853 4767372 72
4640807 4648582 95
4787638 4788009 22
4753917 4754789 7
2915182 3455963 100
4789858 4790371 74
4768455 4769038 77
4613916 4623606 78
4696159 4699801 98
4688150 4692211 47
4804857 4805155 38
4782632 4783069 47
4801403 4801645 17
4807380 4807589 27
4546374 4564442 63
4806638 4806808 15
4776925 4777467 58
4623582 4632571 40
4782705 4783143 87
4803705 4803883 30
4799818 4800018 86
4709350 4711957 45
4775399 4775962 22
4805544 4805819 31
4807582 4807744 21
44369 188612 4
4772961 4773612 26
4748857 4749982 26
4775954 4776460 87
4777541 4778154 98
1298428 2177989 6
4523571 4546556 73
4709184 4711823 25
4781426 4781889 75
4759654 4760454 40
4786543 4786862 32
4783062 4783517 13
4747610 4748818 89
4800754 4800957 89
4640896 4648748 100
4662157 4668129 84
4805813 4805998 60
4806469 4806646 47
4892289 4892303 21
44371 188632 77
4791246 4791537 87
4802572 4802738 98
4753962 4754838 66
4747665 4748866 34
4648590 4655762 66
4782725 4783166 97
4457310 4494433 98
4796566 4796743 90
4692205 4696301 67
4778646 4779273 79
4714531 4716976 46
4784045 4784419 35
4494685 4523677 98
4721809 4723696 42
4738355 4739758 36
30478700 3331290 7
4729174 4730997 62
4796695 4796887 43
4703203 4706169 10
4755628 4756511 78
4723469 4725322 72
4655828 4662240 68
44372 188647 35
2177996 2916352 24
4788734 4789060 96
4802223 4802424 55
4764214 4764879 89
4337522 4407753 17
4804532 4804865 30
4748708 4749870 78
4699961 4703211 16
4407483 4457121 31
4792607 4792880 28
2176778 2915192 13
4810159 4810339 53
4803662 4803821 39
4782714 4783154 18
4759687 4760550 20
4757296 4758119 53
4805988 4806185 23
4579824 4592878 57
4767365 4767927 78
4641056 4648936 78
4337470 4407696 49
30479241 30479249 86
4786480 4786809 31
4748812 4749966 99
4640974 4648870 22
4703089 4706015 35
4494664 4523664 85
4803814 4803992 71
4791648 4792008 34
4738460 4739844 46
4769744 4770403 47
4808760 4808939 92
4753077 4753970 72
4803876 4804049 45
4074552 4229661 10
4784413 4784785 21
4742063 4743375 96
4579770 4592858 10
4787943 4788256 86
4692072 4696196 28
4770381 4771041 21
4786803 4787212 23
4741009 4742070 10
2176492 2914893 21
4774846 4775407 35
4776453 4777027 5
4229245 4337531 29
4742197 4743468 1
1298440 2178005 23
4788575 4788963 38
4673863 4678995 93
4579593 4592698 48
4730951 4732633 75
4784055 4784430 95
4827232 4827295 41
4800011 4800195 48
4738503 4739911 85
4808493 4808659 65
44374 188672 51
4732670 4734219 1
4776354 4776933 11
4793090 4793357 96
4796157 4796372 3
4787716 4788047 90
4784754 4785154 52
4780415 4780883 46
4632805 4640981 63
4564474 4579611 47
4668152 4673870 89
4743399 4744387 15
4782307 4782721 97
4735620 4737113 1
4771659 4772278 17
4743506 4744529 6
4229155 4337477 84
4725315 4727044 91
30462930 30462935 10
4791347 4791655 98
4742292 4743513 82
4754899 4755765 90
2916403 3456691 1
4703219 4706186 11
4706178 4709384 23
30479778 30479786 62
4766714 4767307 19
4807800 4807995 33
4765478 4766121 31
4494739 4523703 10
4738337 4739740 76
4734013 4735458 43
4546538 4564551 59
4792562 4792828 97
4692220 4696320 78
4807989 4808185 54
4783030 4783478 27
4623805 4632811 12
4648864 4655896 32
4696283 4699956 26
4806944 4807089 98
4674028 4679156 9
4648741 4655837 99
4776958 4777499 66
4719293 4721729 55
4564654 4579778 92
4798452 4798699 77
4668245 4674036 33
4746361 4747496 14
4809564 4809757 28
4761266 4762242 58
4763256 4764091 43
4773709 4774277 4
4711995 4714540 37
4743368 4744352 31
4564699 4579843 7
4229665 4337965 54
4781881 4782286 87
4806414 4806566 92
4781898 4782303 88
4714474 4716930 99
4782202 4782606 41
4799687 4799905 81
4729223 4731042 52
4711950 4714481 11
4703192 4706158 72
2178060 2916371 11
4716810 4719241 15
4777020 4777549 28
4754002 4754886 85
4805252 4805552 96
4809872 4810097 78
4648608 4655783 31
4614062 4623813 9
4778712 4779342 36
4523276 4546308 89
4763335 4764222 13
4798497 4798745 57
4603954 4614011 8
4800188 4800373 10
4788283 4788618 97
4775303 4775863 68
30479662 30479669 62
4807639 4807808 76
4074014 4229068 69
4786856 4787284 97
4688167 4692229 34
4229404 4337725 14
4668108 4673838 2
4711805 4714311 96
4786453 4786777 8
4737039 4738470 58
4796288 4796503 84
3455705 3831588 63
4794794 4795009 63
4806559 4806752 28
4791602 4791964 31
4793617 4793930 14
4688005 4692045 72
4780473 4780959 31
4703139 4706061 57
4741108 4742205 96
4727025 4728985 48
4763161 4764035 28
4798912 4799109 99
4802417 4802580 23
4668122 4673852 65
4771689 4772308 77
4711834 4714340 64
4714402 4716894 91
4494424 4523435 31
1297118 2175489 96
4732546 4734075 94
4809041 4809206 82
4564545 4579672 56
44384 188717 43
4735463 4736878 51
4785784 4786144 24
4793047 4793319 86
44385 188730 64
4762171 4763236 90
4741157 4742299 89
4745519 4746619 42
4523696 4546672 18
4721794 4723686 76
4752182 4753140 67
4699870 4703098 73
4734247 4735627 94
4732704 4734254 29
4603813 4613882 71
4781899 4782314 73
4796880 4797064 1
4592852 4604013 53
4791629 4791992 65
4806801 4806952 20
4729187 4731008 93
4779322 4779938 29
4732530 4734033 51
4706009 4709206 41
4688017 4692061 26
580648 1297717 2
4719360 4721838 73
4789290 4789738 15
4674045 4679187 52
4711818 4714323 97
4797322 4797504 3
4765366 4766003 91
4716887 4719301 93
4407687 4457289 34
4796364 4796574 98
3456641 3832085 20
4790604 4790937 90
4762104 4763169 75
3831717 4074322 45
4794542 4794802 46
4579566 4592667 45
4696170 4699811 3
4805043 4805261 12
4756587 4757429 62
4767920 4768463 32
4779826 4780366 21
4668184 4673940 99
4802465 4802625 18
4777460 4778064 85
4614005 4623683 96
4699905 4703146 14
4771050 4771713 45
4229177 4337500 89
4731035 4732713 53
3455733 3831610 52
4799166 4799352 17
30481399 30481404 43
4763319 4764206 23
44389 188755 38
4803519 4803669 47
2916345 3456618 22
4623567 4632556 42
4801139 4801300 3
4709378 4711986 48
4772927 4773570 49
4771572 4772243 24
4796497 4796703 8
2914823 3455713 34
4786195 4786530 1
4546435 4564481 74
4074109 4229163 7
4788611 4789000 80
44391 188772 45
44392 188788 11
4792822 4793096 87
4792333 4792614 14
4457605 4494756 74
4564464 4579601 33
4754020 4754907 92
4546423 4564471 3
4802731 4802986 68
4781822 4782247 85
4709173 4711812 18
4792785 4793055 29
4739752 4741017 63
4737106 4738512 7
4739820 4741115 13
4799512 4799693 56
4801865 4802040 58
4758259 4759010 17
4623665 4632730 26
4592795 4603961 91
4728980 4730847 72
4766115 4766861 11
4711975 4714509 81
4756580 4757415 86
4779236 4779834 47
4806270 4806477 61
4632581 4640847 68
4735534 4736934 92
4692055 4696177 62
3832035 4074525 61
4806745 4806914 87
4757422 4758246 61
4798307 4798505 95
4692039 4696166 40
4792854 4793149 7
4668298 4674053 79
44397 188822 81
4757376 4758170 26
4074122 4229185 77
4640840 4648616 80
4772301 4773000 24
4738395 4739789 73
30473974 30473983 12
3831630 4074176 85
4229416 4337737 27
4792271 4792569 71
4074145 4229240 44
4777519 4778130 89
4826483 4826596 94
4793376 4793625 84
30482144 30482146 48
4678961 4683462 27
4758238 4758992 33
1297710 2176787 47
4797859 4798082 100
4748659 4749809 82
4721609 4723476 52
4781763 4782210 29
4727017 4728965 59
4788040 4788349 6
4809750 4809984 1
44400 188840 69
4683611 4688144 64
1297451 2176476 16
4863970 4863984 4
4824353 4824411 100
30482486 30482493 52
4807049 4807223 7
44402 188869 37
4579605 4592709 63
30482558 30482564 90
4792002 4792340 37
44403 188884 60
30482692 1275602 59
4773013 4773718 15
30482883 30482886 52
30482889 24428 89
30482908 30482913 82
32950679 304724 59
34251831 7458 51
30492319 174372 66
30492300 246938 79
34261285 981603 90
34261331 34261333 40
62894 245404 51
2933784 18254 11
3841712 259788 74
34261844 199461 98
34261844 249821 32
34261848 249821 54
3739355 128427 65
34283509 2496531 58
34305608 34305609 47
62895 245422 19
34311157 34311159 83
34311354 1417 33
34311362 38293 60
34311371 219250 69
34311374 38440 9
34311379 242084 86
34311382 7809 73
34311386 93930 50
3968210 89564 11
34311388 89590 81
4978448 13590 60
34311390 89706 92
4978452 97075 18
35081529 35081532 69
4978456 65481 40
35349888 258693 1
35351857 572271 19
35400512 2203558 79
40602254 29647890 44
40602256 3066725 69
