336004 39729 64
5941200 54530 13
6135878 6135891 95
6283794 96781 11
7113361 7113369 43
7135755 7135774 84
2335 23208 32
7151856 7151873 72
7318555 7318575 55
7355238 7355249 17
6294367 6294399 4
995592 1843345 35
173886 537098 88
585668 1316033 71
7817504 7817509 86
7933817 7933835 25
8032558 8032576 73
8066503 8066520 85
8176828 8176841 94
8182858 8182864 24
8393115 8393135 3
585670 1316101 9
8463943 8463953 32
173868 536923 57
8914822 8914834 48
8958755 8958772 95
536595 1255296 44
9110669 9110682 16
9145876 9145894 49
9145923 9145943 89
42197 173707 23
9232454 9232459 21
5345238 5345300 88
3230626 3680321 82
9415744 9415759 77
9503261 9503276 58
536624 1255563 53
9544246 9544276 96
9562476 1093890 82
9658118 9658132 22
9659784 9659823 72
9801938 9801956 43
9924330 9924341 51
426 4103 75
17027 87845 89
21475 119380 24
203275 610133 26
16687 86123 36
13794 13869 68
111992 367490 42
54511 223952 69
76331 271689 38
40877 169153 72
1369 6516 40
51892 6516 31
85420 292614 17
111601 366788 76
162154 511707 29
19713 111836 48
80168 279108 47
47354 203381 84
6192 56404 4
42248 174121 46
94875 321437 39
2090 22267 32
1627938 2475059 91
10279363 50414 76
10283845 10283861 6
10302182 10302197 4
428732 1072503 57
10316711 10316723 85
10333202 10333224 73
10353944 58071 73
10359276 10359288 63
10362029 10362045 15
21065 117947 22
431873 2505 58
10667425 10667436 72
10688279 10688293 99
10762754 10762765 33
10782947 10782957 64
5281271 5281305 30
10797891 10797902 90
10800269 10800281 100
10803075 10803084 90
2724885 3316254 73
536625 23177 37
10839330 10839339 22
10844923 10844937 17
10847850 10847864 93
4914868 4914887 57
10871736 10871750 45
10917541 10917551 67
10936107 10936119 9
10957422 10957433 46
10960402 10960413 26
10967072 10967083 91
10970756 10970765 8
11000724 11000738 15
11027180 11027193 45
10982325 10982345 32
11122123 11122132 18
11124335 11124346 34
11124519 11124530 29
141063 443650 68
11128347 11128360 3
11157690 11157701 8
11167225 11167231 12
11181581 1779683 84
429722 1073967 39
11323771 11323782 3
11382129 11382141 30
1073938 1935438 79
11506398 11506408 25
11522184 11522196 48
11522204 11522217 31
11554654 11554669 9
11560039 11560049 24
11592778 11592787 47
11599786 11599798 55
11603491 11603499 92
592246 1326646 18
112389 368020 34
11655445 11655456 11
11703711 11703721 98
11783084 11783090 61
9951065 9951118 86
46664 201601 48
12287742 12287746 43
12291910 12291923 35
137158 429311 24
12311712 12311721 30
12336882 12336894 29
22199 121489 17
12377478 12377486 41
588147 1320123 50
12645037 12645041 43
1838441 2643950 5
12658434 12658438 27
12688957 12688969 94
3246455 11826 73
11566403 11566409 60
12732784 12732788 70
12741273 12741277 50
13059708 13059712 59
13113712 13113727 99
13144142 13144147 94
13154909 13154912 54
13157371 13157378 33
13176108 13176118 98
5683030 5683057 80
3057844 3554089 44
13197120 13197135 33
2466 34571 1
13235053 13235057 30
13235059 13235063 40
13235099 13235103 54
13235114 13235118 54
13235128 13235132 32
13235134 13235138 3
13235145 13235149 26
13235151 13235155 40
13235172 13235176 90
10714253 10714267 5
11526142 11526152 72
13235244 13235248 73
10295821 10295833 6
196948 2505 57
592585 1327166 32
13254424 1071273 47
13254433 13254438 81
973087 1813497 12
2472 34888 83
19715 111893 88
35145 139169 81
21866 120455 89
13319251 41030 43
13386738 11611695 88
366743 964769 5
5548104 6516 37
13471330 13471334 57
8844715 601478 20
3104854 3587847 4
5026051 5026093 94
10964412 10964428 78
14221980 14221991 58
14222069 14222079 54
14226555 14226566 77
14237853 14237861 3
14241233 14241242 76
14245102 14245110 19
14249664 14249673 96
14252626 14252637 60
14254898 14254909 12
14260578 14260587 20
14261771 14261780 11
11110309 11110314 100
14264924 14264934 81
14265436 14265438 12
14266612 14266620 94
11993442 11993459 81
7822157 7822175 21
14274077 14274086 79
14274291 14274302 7
14275481 14275489 43
14287636 14287642 10
14295531 14295533 33
14306250 20834 81
14310744 3135334 82
14311955 14311957 1
321404 869623 3
77355 274601 97
14327453 14327455 26
274388 779559 21
14337394 11826 70
14358631 14358640 12
8389249 8389290 27
3304623 3729750 93
14218290 14218306 79
14386977 14386979 28
14388009 14388011 55
14397124 14397134 19
3503905 201002 19
14412125 14412135 32
14414262 14414271 75
271713 775493 31
1227565 2106087 12
14437800 14437808 54
14439228 14439236 8
14439566 14439577 52
14444342 14444352 84
14444360 14444363 96
14465628 14465634 61
14481116 14481126 56
14481352 14481362 61
14484891 14484902 8
14485783 14485792 95
14493146 14493155 92
14495522 14495524 19
14500198 14500208 21
14503335 14503346 79
14504378 14504389 7
14511607 14511619 9
14520414 14520420 36
14525444 14525454 35
14529476 14529486 87
14536531 14536539 81
14537953 158931 94
14548799 14548802 48
14551046 14551057 86
14559908 14559910 26
14563141 14563152 99
14564044 14564046 50
14564454 14564457 34
14566561 14566568 9
14568661 14568672 19
14568825 14568827 8
14572247 14572249 71
14573577 14573579 30
14576592 14576602 4
14577575 14577577 12
14579044 14579046 52
14583145 14583147 5
3028791 3535231 77
14588144 14588146 83
14590812 14590825 23
14591602 14591605 58
14594807 14594809 73
14594830 14594832 86
14595195 14595197 53
14595199 14595201 89
14595203 14595206 32
14595223 14595225 91
14595227 14595229 78
14595600 14595608 23
14599118 14599120 65
14599480 14599482 38
14601246 14601252 66
14602628 14602630 80
14602632 14602634 12
14602650 14602652 39
14604179 14604190 65
14605511 14605513 19
14605515 14605517 8
14605524 14605526 17
14590852 14590870 89
14606402 14606404 99
14606406 14606408 65
14606410 14606412 16
14606414 14606416 46
14606418 14606420 17
14606423 14606425 93
14608208 14608218 61
14612417 14612419 91
14612421 14612423 83
14612428 14612430 12
14612439 14612441 98
14612893 14612902 2
366745 964784 37
14622024 14622032 30
14622737 14622746 80
14623354 14623356 24
14623942 14623951 16
14624308 14624318 85
14624519 14624521 21
14624560 14624562 43
14624769 14624771 80
14624777 14624779 19
14624978 14624980 88
14626587 14626591 57
14627113 14627115 58
14627117 14627119 17
14627178 14627190 34
14627229 14627231 40
14627233 14627243 94
14627727 14627729 54
14627735 14627737 58
14627830 14627832 86
14627834 14627836 94
14627838 14627840 32
14627945 14627947 15
14628843 14628853 22
14629892 14629900 66
14630020 14630023 80
14630160 14630162 15
14630164 14630166 60
14630168 14630170 83
8359531 8359537 74
14630172 14630174 33
14631039 14631044 98
14633345 14633357 65
14590853 14590884 6
14633526 14633539 82
14637557 14637559 24
14637691 14637699 15
4192206 3250221 65
14648991 14648998 7
14650962 14650972 19
14652623 14652629 4
14656436 14656438 45
14660026 14660028 93
14660055 14660058 15
14660785 14660794 92
14664196 14664207 3
14665126 14665132 9
125646 409788 44
14679386 14679395 3
14685586 1610812 64
1348067 2222955 44
14696418 14696429 68
14701391 14701401 28
3236047 3684962 43
485131 1162793 97
14888409 14888416 45
1082040 1943777 24
2717189 3309171 19
15055699 15055702 60
4062 41049 26
15146487 15146490 14
15194908 15194910 94
15198472 15198477 82
15203612 15203614 17
15204279 15204281 47
15206958 15206960 81
15207567 15207569 38
15207684 15207686 75
15207810 15207812 66
15208972 15208976 54
409898 1046585 44
15210275 15210280 82
125648 409806 49
125649 409813 38
15217238 15217247 42
15218003 15218006 96
15218056 15218058 15
15218464 15218469 69
15218473 15218475 61
15218718 15218721 2
15219406 15219410 20
15219681 15219683 75
15219711 15219713 66
15220140 15220146 56
15220421 15220423 77
15220812 15220816 21
15223889 15223891 14
15223900 15223902 14
15225772 15225774 8
15225776 15225779 4
15225789 15225791 11
15225793 15225795 91
196882 592039 56
15231384 15231388 29
15232744 15232746 7
15232893 15232898 84
15233210 15233214 100
15233987 15233990 96
15234082 15234087 96
15234090 15234097 75
15234771 15234773 18
15236502 15236505 36
15237690 15237692 42
15237710 15237716 90
15238872 15238879 82
15238983 15238985 26
15241342 15241347 88
15242053 15242059 90
15242121 15242127 74
15242200 15242209 44
15242381 15242386 39
15242439 15242441 8
15242443 15242449 33
15242936 15242941 64
15244509 15244513 58
15244628 15244632 48
15245549 15245555 92
15245690 15245693 43
15245726 15245731 54
10889588 10889602 13
15246813 15246820 37
15246842 15246847 78
15630494 15630497 57
28188292 28188295 82
1554839 2414950 80
2227823 2957960 95
28188322 28188323 95
366756 433341 98
2616997 3246457 84
28190924 4030741 21
28201053 271801 79
162311 511923 50
274324 274352 68
28306064 28306071 29
28375865 28375869 91
28375870 28375877 14
28378808 28378813 44
28383701 28383708 44
28486411 28486417 32
28486431 28486437 14
28486484 28486491 48
28494540 28494541 12
28518955 28518960 9
28520613 28520621 78
28520628 28520634 21
28520918 28520928 55
28520945 28520951 47
28520977 28520984 7
28521045 28521052 89
28521065 28521074 59
9102294 9102314 42
12351546 12351563 54
28521628 28521635 73
28521827 28521832 29
28521834 28521843 44
28521920 28521928 8
9139999 9140021 49
28521934 28521942 21
28522012 28522019 50
14620554 14620566 29
28522670 159802 89
28522804 28522810 12
588159 1320145 90
28524053 28524054 5
28524350 28524354 92
28524488 28524492 32
28524534 28524535 83
28524564 28524569 84
28524627 28524628 69
28524755 28524758 46
28524869 28524875 22
28525013 28525018 80
28525215 28525219 27
28525247 28525251 2
28525265 28525268 3
28525513 28525518 84
28525579 28525582 56
28525641 28525645 91
28525755 28525758 65
28525798 28525802 44
28525820 28525821 100
28525856 28525860 11
28525964 28525968 40
28526031 28526034 5
28526269 28526276 64
28526674 28526676 33
28526693 28526694 98
28526722 28526724 65
28526793 28526801 74
1687648 2523670 74
28527016 28527024 55
28527196 28527197 54
28527416 28527420 37
28527448 28527451 72
28527578 28527586 95
28527634 28527641 92
28527735 28527742 91
28527812 28527821 6
28527920 28527928 84
28528703 28528704 31
28528793 28528801 87
28528856 28528860 86
28528985 28528988 34
28529056 28529062 54
28529105 28529111 79
28529138 28529142 29
28529193 28529201 98
28529273 28529277 26
28529325 28529326 82
28529339 28529342 45
28529531 28529540 82
28529553 28529560 90
28529832 28529840 64
28530244 28530248 23
28530265 28530269 63
28530273 28530276 3
28530488 28530491 63
28530494 28530496 77
28531016 28531017 68
28531049 28531054 27
28531089 28531094 80
28531100 28531107 32
28531117 28531126 63
28531135 28531140 86
28531359 28531368 41
28531498 28531501 96
28531595 28531599 7
28531626 28531634 88
28531674 28531681 87
28531717 28531726 67
28531739 28531747 68
28532265 28532273 87
28532376 28532384 10
28532420 28532424 15
28532450 28532456 69
28532465 28532474 71
28532516 28532523 65
28532562 28532572 78
28532643 28532654 30
28532669 28532676 53
28532786 28532794 92
3740694 4013904 65
28527066 28527086 31
28533509 28533512 25
3684998 3980712 62
28533671 28533677 22
28533700 28533706 100
28533711 28533720 65
28533751 28533757 37
28533788 28533796 32
28533807 28533814 50
28533823 28533830 38
28533840 28533848 93
28533939 28533940 55
28533946 28533947 61
28533948 28533949 52
28533950 28533951 81
14590854 14590898 78
28534017 28534027 33
28534057 28534065 70
28534092 28534093 45
28534094 28534095 54
28534111 28534118 68
28534156 28534162 41
28534200 28534207 71
28534301 28534309 65
28534342 28534348 30
28534466 28534472 93
28534510 28534511 38
28534532 28534539 27
28534553 28534561 86
28534574 28534581 71
28534585 28534592 58
28534597 28534603 43
28534607 28534613 29
28534637 28534646 51
28534662 28534671 90
28534676 28534682 79
28534809 28534810 12
28534828 28534829 55
28534839 28534840 96
28534877 28534882 4
28534934 28534940 15
28534948 28534949 27
28534950 28534951 57
28535001 28535002 93
28535112 28535119 15
28535159 28535169 82
11094578 11094594 96
28535255 28535263 76
28535269 28535276 84
28535378 28535379 46
28535384 28535385 91
28535386 28535387 80
28535548 28535549 24
28535632 28535643 62
28535788 28535789 18
28535902 28535906 52
28535980 28535985 87
28536110 28536113 3
28536331 28536332 58
28536469 28536477 22
28536510 28536514 96
28536886 28536892 93
28536902 28536903 78
28536984 28536989 55
28537010 28537014 33
28537081 28537084 79
28537220 28537221 98
28537235 28537236 88
55860 230099 34
9613828 9613838 40
1280155 2156919 26
28537412 28537419 48
28537427 28537435 91
15242224 15242234 78
28537877 28537884 42
28537909 28537914 84
28538003 28538006 21
11372661 11372675 69
28538196 28538197 8
28538217 28538218 87
28538229 28538230 65
28538369 28538377 22
1934134 2709485 9
28538625 28538626 58
28538636 28538642 73
11126121 11126149 72
28538856 28538861 21
28538945 28538948 14
28538961 28538969 32
28539096 28539100 90
28539166 28539170 87
28539269 28539278 49
28539355 28539360 61
28539461 28539462 72
28539633 28539640 66
28540154 28540161 43
28534608 28534626 45
28540184 28540191 99
28540203 28540212 48
28540255 28540263 47
28540358 28540364 18
28540404 28540411 8
28540663 28540670 61
511680 1206748 40
28541281 28541285 78
28541315 28541322 21
28541337 28541341 14
28541383 28541389 54
28541631 28541643 69
28542265 28542268 25
28542366 28542372 26
28542403 28542411 5
28542715 28542721 52
28543042 28543049 56
28543092 28543101 82
28543396 28543400 74
28543572 28543576 92
28543600 28543602 1
28543787 28543791 59
28544026 28544033 17
28544251 28544255 2
28544580 28544581 83
274326 779542 2
28544979 28544981 7
28545137 28545142 23
28545471 28545477 60
28545526 28545534 75
28545556 28545562 75
28545587 28545590 63
28545603 28545606 54
28545725 28545726 50
28545740 28545741 44
28545797 28545802 38
28546014 28546019 14
28546077 28546082 87
28546135 28546138 16
28546174 28546175 29
28546256 28546260 72
28546303 28546306 58
28546469 28546477 39
28546526 28546529 49
28546907 28546911 46
28547192 28547195 68
28547530 28547534 10
28547768 28547773 59
28547936 28547937 82
28548692 28548700 25
28548833 28548834 3
28548871 28548878 73
28549123 28549131 33
28549200 28549202 67
28549689 28549690 98
28549804 28549806 7
28549841 28549849 44
28549905 28549906 12
28550085 28550089 24
12255682 12255720 65
28551076 28551083 27
28551098 28551106 69
28551356 28551365 46
15242225 15242245 35
28551455 28551462 34
28551489 28551496 5
28551551 28551557 98
28551569 28551576 93
28551637 28551644 72
28551649 28551656 87
28551682 28551690 41
28551697 28551706 72
28551722 28551728 73
28551742 28551750 88
28552091 28552098 26
28552248 28552253 3
28552327 28552330 24
416606 1056233 39
28552547 28552553 40
28552964 28552966 74
15688317 15688326 49
28553283 28553292 51
28553687 28553697 1
28555490 28555492 80
28555600 28555601 92
28555603 28555607 86
12377480 12377488 12
28555775 28555776 94
28555830 28555833 64
28556046 28556051 14
28556086 28556088 87
11165775 11165796 13
28556334 28556338 17
28556409 28556412 79
28556430 28556431 39
28556551 28556555 59
28556592 28556593 40
28556645 28556648 33
28556657 28556662 32
28556664 28556667 35
28556954 28556963 63
28557099 28557101 59
28557137 28557140 79
28557184 28557188 57
28557326 28557327 86
28558023 28558033 6
28558039 28558040 67
28558129 28558132 100
1561744 2421328 57
28558601 28558603 90
28558642 28558643 21
28558653 28558654 70
28558737 28558741 70
28558970 28558978 24
28559237 28559245 23
28559431 28559436 96
28559451 28559452 76
28559575 28559576 1
28559899 28559905 55
28560677 28560682 28
28560719 28560725 13
28561169 28561173 95
28561295 28561302 86
169132 522604 81
7066748 7066768 27
28561517 28561519 12
28561522 28561530 22
28561597 28561601 18
28561671 28561677 87
409899 1046592 48
28562070 28562079 31
28562132 28562140 94
28562187 28562189 80
201263 602072 22
28562577 28562584 83
28562615 28562621 84
28562761 28562767 36
28562783 28562786 81
7920601 7920612 89
28562855 28562862 4
28562869 28562873 45
28534725 28534732 80
28562917 28562922 47
28562976 28562982 49
28563044 28563051 93
28563061 28563066 55
28563089 28563095 43
28563138 28563143 30
28563186 28563191 76
28563225 28563230 96
28563307 28563313 60
28563336 28563341 41
14241398 14241416 20
28563384 28563388 15
28563448 28563453 17
28563488 28563493 24
28563501 28563507 89
28563530 28563535 45
28563545 28563551 37
28563597 28563602 77
28563610 28563615 52
28563617 28563623 66
28563632 28563637 20
28563715 28563716 46
120743 397786 65
28563741 28563742 30
28563769 28563770 45
28563791 28563797 13
3863014 4092896 28
28563818 28563825 71
28563853 28563859 9
28563870 28563871 63
8116709 8116724 6
28563880 28563881 13
28564031 28564039 52
1843343 2648407 75
28564048 28564056 16
28564064 28564071 96
28564086 28564092 87
28564096 28564106 80
28564111 28564115 60
28564137 28564145 70
28564149 28564156 17
28564163 28564170 99
28564205 28564213 16
28564254 28564260 77
28564358 28564359 66
28564364 28564365 72
28564367 28564368 86
28564369 28564370 50
449241 1105253 90
28564411 28564413 89
15151546 15151553 2
28564664 28564665 56
28564666 28564667 79
28564676 28564680 56
28564688 28564693 100
28564842 28564845 11
174403 538320 72
28565531 28565537 68
28565572 28565573 2
28565575 28565579 11
28565612 28565615 74
28565955 28565963 44
28565973 28565981 14
610106 1348075 5
13504702 13504716 80
2080713 2835331 34
28566401 28566406 69
776554 1561783 47
28566667 28566670 69
28566674 28566682 11
28566875 28566879 27
28567013 28567015 96
28567062 28567063 88
28567335 28567339 35
28567354 28567355 60
28567442 28567447 41
28567564 28567571 2
28567605 28567609 39
28567633 28567635 73
28567654 28567657 29
28567729 28567734 5
28568616 28568619 65
28568731 28568739 74
4873501 4873514 59
28568769 28568771 91
28568818 28568823 35
28388167 28388179 17
28275092 28275101 86
28569169 28569173 72
28569193 28569199 40
28569269 28569270 65
28569274 28569275 82
28569301 28569306 100
28569375 28569381 85
28569466 28569468 31
28569761 28569763 40
28569769 28569771 26
28569777 28569779 20
28569787 28569789 30
28569791 28569793 22
28569795 28569797 1
28569799 28569800 77
2085087 2838890 49
28570191 28570194 26
174070 537470 5
28570746 28570749 36
28572087 28572090 88
28572098 28572103 54
28572142 28572146 21
28572198 28572202 23
28572311 28572315 14
28572318 28572319 74
28572343 28572347 1
28572382 28572387 89
28572594 28572598 26
28572919 28572924 95
28573320 28573324 58
28573515 28573520 17
28573674 28573678 38
28573851 28573855 93
28573963 28573964 97
28573966 28573973 12
9130929 9130943 8
28574352 28574355 24
28574468 28574476 39
28574502 28574506 69
28574577 28574582 88
28574740 28574741 87
28574829 28574830 6
28574921 28574924 89
28575118 28575119 79
28575287 28575288 26
274402 779592 51
28575418 28575419 66
10942095 10942103 61
28575719 28575720 21
28575741 28575745 96
28575782 28575789 61
28575838 28575844 61
28576073 28576074 69
28576172 28576176 30
28576180 28576181 8
28576242 28576243 77
28576310 28576317 100
28576370 28576375 46
28576769 28576772 97
28577212 28577215 35
28577725 28577726 49
28578058 28578064 23
28578071 28578080 10
28578211 28578219 57
28578223 28578230 55
28578253 28578259 12
15576314 15576324 85
28578346 28578356 77
15242226 15242257 74
28578431 28578440 63
2227825 2957966 83
28612017 28612022 20
28619097 28619101 77
28619118 28619122 44
28619141 28619147 71
28633849 28633850 22
28639813 28639817 47
11127870 11127879 36
14645977 3151279 51
30295974 30295975 80
30297049 30297050 8
30297269 30297270 4
30298448 30298449 70
30301079 30301080 6
30306209 30306211 72
30310024 30310025 35
30311948 30311949 92
30312360 30312362 68
30317922 30317926 1
30319796 30319797 59
30325602 30325603 85
30329007 30329009 90
23140 125654 43
30339726 30339727 2
30341945 30341946 63
30344892 30344893 13
5345291 2505 36
30357423 30357424 68
30366925 30366927 79
30388374 30388375 24
30390670 30390671 95
30392581 30392582 92
30395696 30395697 10
30397354 30397356 69
30397376 30397378 19
30397394 30397395 81
30397436 30397437 32
30778896 30778900 22
30811652 30811655 51
30862571 28231669 72
31771979 3990736 2
32552617 32552619 98
32555428 32555430 98
32556754 32556756 16
1327164 35088 51
537052 537068 76
42206 173893 64
32955962 32955964 77
32957858 32957860 27
33015115 33015116 57
34899129 34899132 16
34900965 34900966 82
34903263 34903264 34
264895 763681 70
34911432 34911433 86
35085822 35085824 25
4260942 4354911 1
35938460 35938462 14
35940756 35940757 36
35941178 35941180 39
28539683 28539685 39
28564689 28564697 16
35938461 35938464 22
36065358 36065361 13
36687084 36687085 79
36736551 36736552 99
36768506 36768507 40
36768508 36768509 2
37659303 2619076 60
37695692 37695693 87
37695865 37695866 51
37695871 37695872 7
37695892 37695893 16
37695894 37695895 26
37695910 37695911 30
37695912 37695913 52
37695915 37695916 51
37695917 37695918 67
37695925 37695926 63
37695929 37695930 53
37695931 37695932 43
37695937 37695938 63
37695940 37695941 82
37695980 37695981 67
37696000 37696001 16
37696002 37696003 76
37696155 37696156 23
37696197 37696198 58
37696335 37696336 6
37696452 37696453 70
37696457 37696458 70
37696534 37696535 51
37696738 37696739 52
37696977 37696978 91
37698201 37698202 79
37698304 37698305 48
37698324 37698325 83
37698456 37698457 70
37698573 37698575 21
37698581 37698582 78
37698668 37698669 9
37698693 37698694 16
37699278 37699279 63
37699363 37699364 23
37699541 37699542 12
37699552 37699553 23
37699623 37699624 91
37700127 37700128 73
37700167 37700168 46
37700256 37700257 1
37700345 37700346 73
37700448 37700449 51
37700568 37700569 28
37700643 37700644 7
37700835 37700836 73
37700934 37700935 46
37701065 37701066 49
37701181 37701182 71
37701200 37701202 58
37852438 378592 50
7822145 7822161 90
87841 299112 61
39473958 39473961 10
39490975 39490977 62
39503014 39503018 100
39517782 39517786 9
39529319 39529322 36
39531777 39531781 96
39638740 39638742 41
40616399 40616401 45
40616442 40616444 57
40616457 40616459 58
40616643 40616645 13
40779367 40779368 71
40779369 40779370 100
40779371 40779372 37
40779373 40779374 11
40779375 40779376 54
40779377 40779378 58
40779379 40779380 59
40779381 40779382 83
40779383 40779384 39
40779386 40779387 72
40779388 40779389 92
40779390 40779391 1
40779392 40779393 79
40779394 40779395 77
40779396 40779397 84
40779398 40779399 69
40779400 40779401 86
40779402 40779403 36
40779404 40779405 82
40779406 40779407 82
40779408 40779409 56
40779410 40779411 9
14888417 14888424 52
40779412 40779413 80
2227856 2957969 1
40779414 40779415 7
40779416 40779417 58
40779418 40779419 35
40779420 40779421 80
40779422 40779423 17
40779424 40779425 48
40779426 40779427 74
40779428 19753 35
40779430 320533 14
40779431 28235331 59
40779432 40779433 5
40779434 40779435 57
40779436 40779437 99
40779438 40779439 65
40779440 40779441 6
40779442 40779443 34
40779444 40779445 95
40779446 40779447 55
40779448 40779449 16
40779450 40779451 53
40779452 40779453 16
40779454 40779455 100
40779456 40779457 23
40779458 40779459 55
40779460 40779461 42
40779462 40779463 79
40779464 40779465 3
40779466 40779467 19
40779468 40779469 40
40779470 40779471 99
40779472 40779473 47
40779474 40779475 23
40779476 40779477 9
40779478 40779479 95
40779480 40779481 19
40779482 40779483 96
40779484 40779485 30
40779486 40779487 34
40779488 40779489 7
40779490 40779491 18
40779492 433076 56
40779493 40779494 80
40779495 40779496 73
40779497 165702 21
40779498 588185 66
40779500 36065361 9
40779502 294551 24
40779503 40779504 6
40779505 366717 60
40779506 40779507 67
40779508 40779509 91
40779510 40779511 97
40779512 40779513 88
40779514 40779515 36
40779516 40779517 99
40779518 40779519 54
40779520 40779521 33
40779522 40779523 54
40779524 40779525 2
40779526 40779527 42
40779528 40779529 34
40779530 40779531 86
40779532 40779533 21
40779534 40779535 10
40779536 40779537 49
40779538 40779539 57
40779540 40779541 9
40779542 40779543 17
40779544 40779545 65
40779546 40779547 11
40779548 40779549 59
40779551 40779552 3
40779553 40779554 76
40779556 40779557 60
40779558 40779559 2
40779560 40779561 54
40779562 40779563 70
40779564 40779565 77
40779566 40779567 29
40779568 40779569 7
40779570 40779571 21
40779572 40779573 34
40779574 40779575 25
40779576 40779577 40
40779578 40779579 2
40779580 40779581 54
40779582 40779583 76
40779584 40779585 6
40779586 40779587 50
40779588 40779589 22
40779590 40779591 99
40779592 40779593 92
40779594 28232504 67
40779596 40779597 30
40779598 111577 68
40779599 40779600 37
40779601 40779602 64
40779603 40779604 20
40779605 40779606 68
40779607 40779608 99
40779609 40779610 38
40779611 40779612 85
40779613 40779614 26
40779615 40779616 79
40779617 40779618 91
40779619 40779620 90
40779621 40779622 53
40779623 40779624 13
40779626 40779627 60
40779628 40779629 96
40779630 40779631 12
40779632 40779633 86
40779634 433294 43
40779636 40779637 34
40779638 40779639 54
40779640 40779641 35
40779642 40779643 10
40779644 40779645 13
40779646 40779647 2
40779648 40779649 68
40779650 40779651 48
40779652 40779653 41
40779654 40779655 72
40779656 40779657 65
40779658 40779659 12
40779660 40779661 50
40779662 40779663 63
40779664 40779665 69
40779666 40779667 68
40779668 40779669 89
40779670 40779671 85
40779672 40779673 22
40779674 40779675 97
40779676 40779677 30
40779678 40779679 5
40779680 40779681 21
40779682 40779683 60
40779684 40779685 5
40779686 40779687 18
40779688 40779689 14
40779690 271623 71
40779691 40779692 18
40779693 779492 95
40779694 366582 58
40779695 40779696 8
40779697 40779698 80
40779699 40779700 61
40779701 40779702 94
40779703 40779704 65
40779705 165760 95
40779706 40779707 19
40779708 40779709 24
40779711 40779712 41
5187489 6516 44
40779713 40779714 58
40779715 40779716 36
40779717 176241 20
40779718 111769 30
40779719 381279 16
40779720 40779721 32
40779722 40779723 46
40779724 40779725 98
40779726 40779727 15
40779728 40779729 19
40779730 40779731 36
40779732 40779733 7
40779734 40779735 28
40779736 40779737 40
40779738 40779739 2
40779740 40779741 15
40779742 40779743 46
40779744 40779745 7
40779746 40779747 81
40779749 40779750 34
40779751 40779752 74
40779754 40779755 30
40779756 40779757 96
40779758 40779759 49
40779760 40779761 60
40779762 40779763 58
40779764 40779765 37
40779766 40779767 96
40779768 40779769 29
40779770 40779771 64
40779772 40779773 74
40779774 40779775 9
40779776 40779777 72
40779778 40779779 47
40779780 40779781 37
40779782 40779783 9
40779784 40779785 66
40779786 40779787 76
40779788 40779789 14
40779790 40779791 71
40779792 40779793 49
40779794 40779795 24
40779796 40779797 14
40779798 40779799 5
40779800 40779801 76
40779802 40779803 44
40779804 40779805 90
28528909 28528911 49
40779806 40779807 64
40779808 40779809 66
40779810 40779811 86
40779812 274556 80
40779813 40779814 18
40779815 40779816 27
40779817 40779818 69
40779819 139069 41
40779820 40779821 92
40779822 40779823 7
40779824 40779825 94
40779826 40779827 42
40779828 40779829 66
40779830 40779831 38
40779832 40779833 41
40779834 40779835 55
40779836 40384 72
40779837 40779838 16
40779839 40779840 75
40779841 321033 54
40779843 169220 4
40779844 40779845 75
40779846 40779847 66
40779848 40779849 18
40779850 40779851 50
40779852 40779853 67
40779854 40779855 30
40779856 40779857 71
