1185039 686581 86
10280202 434300 70
10306843 355405 55
10309015 798178 6
10354953 587007 4
10755835 299644 91
10890520 1653516 53
12000712 841506 24
12000907 441933 53
1185037 115189 50
12305964 87925 68
12345589 95334 92
12365367 1720214 9
12571279 922189 16
12576495 29638 82
12616828 328908 32
12761744 532928 61
12926489 503778 34
182935 562297 100
15224430 2181714 40
15613064 300336 84
15890404 32217 26
28444692 31536 42
28487356 639184 81
2057925 2321545 80
28644444 384486 63
28733093 328785 53
15475090 49534 88
28736865 284693 1
28736866 228337 3
28764359 261853 77
28768036 387151 90
28776259 344138 68
2057979 48844 85
30391439 24215 100
30832048 1163441 77
31084305 325372 78
1185035 356722 60
32751380 392054 20
32917659 83427 69
32918010 27884 5
32918046 764554 68
32918052 756479 15
4126137 96157 59
33257214 538729 50
33258823 1199515 80
33258830 80273 54
2900461 153438 83
2900443 1191188 55
33265015 2507514 72
33265354 15210 47
33265356 913929 2
2057995 159635 73
2057873 604099 34
33265367 1429481 34
33265369 32027 48
33265371 191143 16
33265375 328517 58
33265382 52142 98
33265385 674090 56
33265387 694272 6
33265389 95762 46
33265372 330744 48
33265391 1620063 5
33265394 234445 65
33265397 255307 16
33265400 110888 1
33265402 155202 71
33265404 384484 23
33265408 1007114 21
33265413 26781 51
33265415 349251 2
33265417 146084 42
141515 446268 85
33265419 201210 100
33266865 947906 26
33267200 547606 63
33270383 351964 88
33274153 1877809 87
33281507 308367 20
33283515 242209 76
33283517 1358017 4
33284067 52331 13
33286196 243744 39
33287197 783205 60
33287198 409740 64
33287199 722714 21
33287200 107819 85
33287202 677226 59
33287203 602719 29
33287204 4040294 25
33287205 401242 47
33287206 281055 7
33287207 353127 29
33287208 507686 76
33287209 1188227 51
33287211 859787 1
33287212 512855 20
33297854 628649 98
33321590 616416 93
33321713 98794 40
33321722 82487 7
33321757 233845 71
33321759 931319 40
33321761 62807 7
33321775 473670 82
33321777 1221850 58
33321779 905668 4
33321789 339827 100
33321791 90600 49
33321962 98036 27
33321964 798196 7
33321966 914341 47
33321968 431951 38
33321970 710237 84
33322114 95945 99
33322343 330474 95
33322374 132287 98
33322412 874197 81
33322485 923747 94
33322505 2591103 28
33322574 494397 14
33322735 500751 55
33322793 1690784 16
33323039 1628848 18
33323069 385008 15
33323072 285669 54
33323094 141641 88
33323098 10790 66
33323102 1692580 89
2058009 333953 96
33323105 1309248 41
33323137 2962542 6
33323663 1587135 46
33323766 348516 40
33323794 897469 40
33323831 363583 42
33323947 110045 27
33324267 337754 91
33324269 346299 50
33324311 179104 50
33324541 546855 43
33324589 1034791 67
33325304 2921814 30
33325309 278948 52
33325313 1353124 40
33325317 111618 98
33325323 120919 56
33325327 468524 37
2900444 442426 66
33325337 772273 5
33325340 724097 47
33325349 116218 66
33325351 510683 77
33325356 1250007 2
33325354 200832 25
12365377 376018 10
33325575 201484 30
33325577 299824 99
33325587 612721 77
33325590 669704 56
33325592 144990 85
33325595 238540 4
33325598 624095 38
33325627 7256 5
33325639 44053 64
33325643 330183 29
33325665 392485 100
33325674 97378 6
33325682 1170865 27
33325682 2028031 58
33325684 1547131 28
33325687 637492 9
33325728 504872 40
33325731 1005695 38
33325328 138858 68
30706338 359419 31
33326790 177217 53
33325578 98275 18
33326795 598953 61
33326798 598161 84
33326801 655233 89
33326804 1568889 59
33326807 858163 88
33326810 10440 26
30843416 669425 68
33326815 2746134 49
33326817 408692 86
33326819 342526 62
33326822 7593 54
33326827 10677 7
33326830 325206 85
33326832 640881 25
33326834 124157 82
33326836 118496 56
33326839 83127 86
33326842 343709 97
33326844 2054 55
33326848 181769 68
33326850 101652 68
33332311 323170 56
33332368 654268 46
33332370 97167 86
33332469 511856 28
33332540 1855105 78
33332626 208771 84
33332893 274624 26
33332894 716151 2
33332912 335647 83
33332948 437122 77
33333014 364886 91
33333032 406785 70
33333210 675375 8
33333253 59434 53
33333271 643477 98
33333350 537636 45
33333436 381140 94
33333460 392221 21
33333468 72231 78
33333514 363485 89
33337245 1006526 81
33337249 196791 9
33337253 313514 91
33337262 365739 73
1154652 320674 16
33338204 313440 66
33338207 109826 6
33338211 624852 14
33338214 1632846 21
33338218 339070 14
33338221 78465 52
33338224 80126 50
33338234 83930 11
33338237 96158 55
33338240 365530 35
33338243 775717 94
33338247 297987 100
33338251 32598 40
33344696 923438 13
33344891 52288 90
33344921 1096852 24
33344923 142684 15
33344956 432758 8
33344959 101274 51
33345017 279335 64
33345152 55086 2
33345167 322551 45
33345169 376224 51
33346403 240413 50
33350748 287247 31
33352926 1147897 1
33354121 99705 21
33354493 333687 57
33354495 1249425 90
33354497 206276 61
33354501 2328949 96
33357926 206468 13
33357984 321148 13
33358504 374070 70
33418364 94966 67
33424141 154866 81
33434445 64173 6
33436629 96933 84
33438777 873855 64
33439143 252393 88
33443569 412243 93
33443612 323169 65
33444523 315301 35
33446407 46272 24
33449110 225965 4
33449569 232110 98
32031404 889947 34
3442007 323694 42
33450990 114870 25
33451162 92465 23
33451178 1313666 9
33452053 243050 17
33453519 922380 90
33453755 518683 41
33455119 364584 100
33456321 313042 5
33456358 338373 88
33456444 722492 100
33457419 1089237 42
33457679 297208 47
33457687 594808 90
33457707 336759 33
33457789 329195 97
33457844 108201 67
33457933 457201 22
33458031 104473 67
33458049 566039 52
33458051 200060 35
33458465 394860 4
33458941 8726 10
33459116 976074 18
33459986 2555144 42
33460507 318375 72
33461285 342010 100
33462704 479165 100
33463647 684482 90
33463921 147077 77
33463927 116956 86
33461965 447601 30
33463936 622225 24
33463948 698165 48
33464311 109097 44
10286623 678930 17
33465007 94886 28
33465069 586535 90
33465176 222908 66
33465186 2419628 67
33465237 98709 86
33465260 48578 12
33465373 1559689 99
33465391 97670 89
33465393 331580 65
33465737 403059 8
33465991 305870 39
33466012 96283 49
33466056 579808 4
33466485 21102 75
33466577 323778 79
33466583 63684 99
33457845 144517 75
33466793 86786 52
33467568 78076 46
33467612 1405656 27
33467725 370216 47
33468747 355881 3
33468949 111082 71
33469391 272199 91
33469399 2336668 36
33469886 194339 74
33469912 713846 42
33469916 2502588 68
33470104 1096074 20
33471111 41133 29
33471492 30223 97
33472498 98713 54
33472574 117045 75
33472684 23910 63
33472772 52148 48
33472822 364373 41
33472826 85577 86
33472850 246686 73
33472858 1249230 66
33472869 164896 8
33472912 101654 20
33473062 323633 34
33473111 244265 46
33473130 89895 6
33473185 1118073 69
33473314 534426 15
33473335 2038870 13
33473513 863654 47
33473615 388993 86
33473932 2448137 97
33473944 330001 3
33473968 52149 13
33474468 527714 42
33474601 333384 48
33474846 220615 85
33474916 93764 45
33475014 82236 88
33475166 387542 14
33475232 1004276 30
33475295 606980 16
33475325 8074 82
33475347 56113 80
33475436 118064 85
33475518 26981 34
33475724 170726 22
33475847 409200 94
33475901 1210526 47
33475933 237825 21
30828906 43099 59
33476228 97127 43
33476397 881183 27
33476483 699507 62
33476895 101828 45
33476995 348387 54
33477249 627895 60
33259207 218346 63
33477317 361988 34
33477320 291421 24
33477322 44866 17
33477519 41927 55
33477698 149752 35
33477762 339201 14
33477799 51424 62
33477985 130089 90
33478129 704057 3
33478131 229318 70
33478134 99117 52
33438145 641730 11
33478139 915733 18
33478161 337956 1
33350697 673148 44
189522 342138 77
33480183 290980 15
33325628 11038 16
33480245 110989 95
33480300 331075 38
33480321 141781 7
33480595 267546 50
33480698 659758 28
33480723 171524 39
33481043 99994 76
33481052 1124000 55
33481054 5464 62
33481091 226084 30
33481095 333206 65
33481101 398806 81
33481109 43217 73
33481137 288090 92
33481174 185065 86
33481198 93719 22
33481206 79336 5
33481210 162539 35
33481218 376076 100
33481246 126761 77
33481255 212059 91
33481263 26882 1
33481272 1513485 19
33481290 1412 60
33481300 91965 7
33481302 27082 23
33481487 597194 54
33481723 312898 70
33481748 341132 53
33481756 1314048 66
33481790 160243 28
33481818 1678845 46
33482073 358958 10
33482169 161406 66
33325629 28807 64
33482685 200828 28
33482831 377298 93
33482944 278791 98
33482965 3169233 98
33483100 344643 42
33483111 97507 40
33483194 344329 23
33483212 35627 34
33483346 391104 60
33483360 494274 8
33483375 1014628 96
33483656 103289 53
33483712 35361 10
33483807 489772 42
33483811 237024 9
33483928 93715 69
33453890 2915293 3
33449364 2376858 59
33484717 52555 98
33484734 97744 66
33484951 501573 79
33485238 862889 3
33485240 146428 98
33485242 77739 6
33485244 142031 27
28444901 61429 63
33485583 848379 81
33485594 961052 34
33469917 95005 71
33485596 139046 71
33485599 883239 92
33485726 216389 27
33485747 191023 78
33485749 684500 70
33485906 108681 80
33485966 567050 87
33485980 38741 55
33486733 117685 62
33487025 54016 71
33487055 235332 56
33487140 32818 12
33338244 534731 32
33487278 390789 31
33487685 98553 46
33487866 817711 21
33487909 1208063 95
33417220 602019 16
2816761 188442 27
33488629 459674 60
33488686 551012 7
33488795 384164 38
33489181 349966 87
33489183 100867 8
33489498 397290 90
33489549 590689 33
33489654 1124473 78
33489695 126770 37
33489709 347151 79
33490055 105232 37
33490439 341833 53
33490586 702189 98
33491025 358948 28
33491038 93511 95
14028022 902354 54
33491158 926937 90
33491272 344395 75
33491327 1050143 70
33491349 101071 19
33491357 479815 52
33491370 84824 28
33491607 333573 82
33491726 1852039 53
33337254 345110 80
33491815 2535983 97
33491850 1047617 35
33492078 2039403 60
33492081 345618 11
33492084 858357 47
33492086 2789738 14
33492088 649391 70
33492170 18418 19
33492319 744438 36
33492321 1387720 86
33492323 110682 100
33492325 1213808 3
33492328 544440 18
33492331 632731 81
33492336 327566 39
33492338 7260 15
33492340 236431 15
33492342 829943 43
33492345 208772 54
33492347 893481 86
33492349 249370 20
33492352 728612 31
33492358 662539 63
33492360 1532012 28
33492362 877108 80
33492364 632009 55
33492366 200870 16
33492368 830340 53
33492372 19421 36
33492563 448649 32
33492565 309828 62
33492567 1202934 55
33492570 353528 82
33492572 3283765 83
12365370 596879 26
33492574 472352 16
33492577 552468 33
33492579 5459 77
33492581 884233 64
33492585 670318 53
33492587 308517 79
33492589 1618192 88
33492591 437554 35
33492593 332287 72
2817292 82942 8
33492747 949666 43
33491350 791981 39
33492753 363757 39
33492755 98721 3
33492887 138490 27
33492890 688669 55
33492893 478767 84
33492895 1741926 52
33492897 431567 97
33492899 296950 100
33492901 741794 98
33492904 710540 34
33338225 35776 50
33492369 670794 89
33492906 31451 16
33492909 168953 1
33492911 166167 11
33492913 662888 47
33492924 52509 38
33492928 487466 64
33492930 2032829 96
33492933 507388 33
33493038 336503 14
33494052 666063 14
33494380 321577 97
33494628 1429131 70
33494869 39566 79
33494921 162238 21
33494985 625970 71
33495293 634253 98
33495295 36276 80
33495309 612526 13
33495447 316696 94
33495452 331651 71
33495483 2028125 82
33495586 1689980 80
28444902 28571 65
33495696 325509 65
33496029 2314649 62
33496146 3129832 10
33496494 363449 85
33496506 230076 74
33492353 277709 44
33497014 1860677 83
33497070 2576535 99
33497120 346196 60
33497508 875632 74
33497628 388846 81
33497721 633065 100
33497926 1753310 92
33498131 392117 81
33498139 99172 41
33498565 1426846 86
33498687 617739 94
33498691 669886 81
33498828 731515 33
33498830 3591531 36
33498943 913449 92
33499013 35569 86
28764360 2462548 6
33499051 1566802 98
33499069 2434847 71
33499078 2658171 78
33499096 623006 62
33499099 669513 26
33499116 691665 12
33499132 914544 44
33499140 339585 30
33499145 3274215 38
33499154 907778 81
33499163 663253 22
33499166 1002443 57
33499170 652418 82
33499241 2092128 98
33499246 2899351 15
33499355 301159 17
33499373 301015 69
33499414 314379 12
2058108 818932 32
33499416 663457 29
33499420 503159 94
33499435 4884803 90
33499417 1026761 97
33499625 217720 38
33499768 1514 95
33499778 703882 50
33499780 2426412 11
33499782 917437 90
33499797 275156 45
33499815 366087 40
33499837 2004517 43
33499899 1197507 38
33499928 884099 13
33499933 53119 13
33499946 544472 17
33499984 3005352 19
33499991 314101 17
33500086 903698 68
33500115 830918 90
33500255 356934 19
33500263 221590 56
33500371 780258 35
33500444 145392 85
33500560 941158 99
33500607 332521 80
28472753 2001755 59
33473315 449352 80
33500626 199883 57
33500630 462345 15
33500635 2743754 51
33500643 2278948 22
33499052 213626 65
33500652 405527 18
33500655 94507 27
33500669 340057 61
2900462 110094 86
33500684 918041 87
33500689 137888 58
33500700 106837 26
33500727 427541 84
33501130 1469945 45
33501131 845301 86
30798831 396382 94
34864836 973768 84
34865524 1986816 92
34960107 1022300 15
35394336 611938 42
35396752 932753 77
35405258 4087753 100
35863244 392674 36
36742403 1690822 90
36745243 193419 45
36745250 869425 84
38788190 27186 100
11730003 79375 56
38819221 1815204 4
39193754 1104331 13
39459710 534281 43
33492915 2838191 42
39494122 358695 1
39501501 1166258 57
39505781 2941835 37
39534608 4552476 69
39535857 284150 99
39535860 901446 100
39539469 889479 10
39580656 788147 59
39587630 364295 86
39636924 2150265 6
39638852 800247 33
39935463 96105 9
39935514 175995 71
39936211 788822 36
39936255 112147 7
39936547 318932 46
39936781 622095 42
39936817 1413648 48
39936955 642169 28
39936989 14676 100
39937614 933001 71
39937698 318540 93
39937772 607515 17
39937844 2209134 1
39937990 111083 42
39938019 859051 79
39938065 1469987 39
39938829 49458 46
39938862 230573 77
39938916 2293672 77
39938918 277415 68
39938928 16216 65
39938936 901312 82
39938944 15330 2
39939024 96929 51
39939086 28284 72
39939288 1471977 38
39939289 3035198 22
39940115 103941 72
39940171 348489 54
39940838 312780 28
39940911 999248 82
39941044 362518 22
39941082 45423 45
39942893 670220 13
39943054 289224 36
39943247 1843944 70
39943459 376014 9
39944092 494208 26
39944171 674365 10
39944172 228367 45
39944223 276659 54
39944262 630507 49
39944263 1632 9
39944866 1998143 55
39945379 875619 32
39946781 52144 7
39947911 1247532 98
39949156 3604778 22
39949169 603098 71
39950037 433117 22
39950090 64902 11
39950208 907083 12
39950366 29551 27
39951350 828685 94
39952923 788295 58
39954653 505962 35
39954792 1341330 95
39954935 36180 9
39955195 1717386 8
39956144 488275 43
39956948 434201 56
39957592 117507 79
39957614 14342 57
39957781 502287 52
39957861 186884 18
39959065 21988 7
39960088 406147 97
39960099 146672 88
39961386 498756 10
39962004 2177627 87
39963458 116923 27
39963486 860293 72
39964363 1648689 40
39964770 598804 78
39965038 624560 35
39965253 1755533 66
39965718 954925 97
40035730 2876296 30
40037425 149298 42
33447977 933554 85
33451188 3810265 45
33465239 1213989 13
40633705 2035753 15
40633707 2606870 51
12347153 11713 33
40754768 379832 44
41192862 1042261 90
41192863 477159 91
41192864 1707767 31
41192865 342672 63
41195726 1813742 84
41195727 939215 15
41195728 53518 87
41195729 2658526 80
41195730 55863 13
41195732 2143591 16
41195733 1005660 51
41204449 391907 18
41204450 890447 14
41204451 2073764 59
41204452 937565 75
33491353 856 10
41204453 1124020 95
41204454 519960 12
41204455 344422 14
33490588 890402 89
41204456 82529 92
41204457 222328 28
41204458 829060 65
41204459 786350 12
41204460 395918 2
41204461 137513 56
41204462 629554 79
41204463 671234 41
41204465 792149 72
41204467 1345277 1
41204468 1744875 18
41204469 2613726 90
41204470 300255 90
41204471 573523 12
41204472 79527 65
41204473 1315866 93
41204474 293985 78
41204475 962014 98
41204476 726456 68
41204477 320455 61
41204478 857730 22
41204479 1760153 63
41204480 333998 7
41204481 76980 2
41204482 911949 1
41204483 488309 86
41204484 1009217 1
41204485 37872 33
41204486 344215 75
41204487 830217 98
41204488 712300 49
41204489 110043 93
41204490 316556 43
41204491 316743 25
41204492 852067 76
41204493 2621949 100
41204494 922231 4
41204495 2580031 25
41204496 134253 96
33354500 1026026 43
41204497 1822287 13
41204499 357528 24
41204500 883511 11
41204501 551499 65
41204502 180247 99
41204503 1400250 99
41204504 93143 89
41204505 2992354 84
41204506 1304674 52
41204507 3129944 22
41204508 774899 72
41204510 1569659 35
41204511 717785 21
41204513 1958340 69
41204514 83939 97
41204515 824428 89
41204516 2611360 94
41204517 2405550 63
41204518 788525 25
41204519 878765 53
41204520 1192640 81
41204521 673151 91
41204523 98393 4
41204524 251883 92
41204525 2034118 32
41204526 698344 47
41204527 669401 81
41204528 851258 48
41204529 447326 43
41204530 937543 5
41204531 791230 35
41204532 3312799 34
41204533 2024406 43
41204534 1851005 5
41204535 1450832 27
41204537 1810343 77
41204538 602409 57
41204539 2011012 46
41204540 568165 51
41204541 824670 76
41204542 1848615 17
41204543 688209 62
41204544 2982414 89
41204545 1155048 58
41204546 1840310 12
41204547 579146 55
41204548 49103 36
41204550 99640 84
41204552 1797760 27
41204553 35922 62
41204555 1529352 41
41204556 1020753 99
41204558 2111998 29
41204559 95373 89
41204561 1604970 18
41204562 219933 80
41204563 870470 3
41204564 130414 58
41204565 3546694 92
41204566 4370767 36
41204567 171548 63
41204568 141789 99
41204569 650219 8
41204570 58228 47
41204571 740025 67
41204572 2435836 34
41204573 293980 97
41204574 705121 40
41204575 77366 22
41204576 240274 73
41204577 1740093 39
41204578 809851 86
41204579 467867 24
41204580 2194829 88
41204581 53114 29
41204582 94107 7
41204584 505394 80
41204585 2308898 17
41204586 1612013 20
41204587 2741240 55
41204588 3441742 44
41204589 1289191 54
33491354 2016737 30
41204590 1375281 36
41204591 2506926 47
41204592 12343 56
41204593 2144359 13
41204594 1105213 16
41204595 10923 64
41204596 2797883 39
41204597 1162765 77
41204598 5754 88
41204599 928682 6
41204600 1342820 89
41204601 2459462 61
41204602 909470 26
41204603 145641 48
41204604 3461926 7
41204605 4850861 30
41204606 1228080 40
41204607 31259 68
41204608 695536 19
41204609 11470 14
41204610 1980788 89
41204612 27993 24
41204613 103025 47
41204614 2199439 21
41204615 500884 85
41204616 493247 98
41204617 102104 35
41204618 218906 43
41204619 219249 12
41204620 146323 56
41204621 620595 81
41204622 947047 36
41204623 103865 3
41204624 97411 81
41204625 529455 50
41204626 5090 38
41204627 440314 77
41204628 2202661 45
33484736 542064 85
41204629 753936 13
41204630 142976 24
41204631 96437 60
41204632 514838 21
41204633 172044 38
41204634 257150 63
41204635 334005 56
41204636 682014 100
41204637 725489 7
41204638 1287516 89
41204639 332573 13
41204640 783658 8
41204641 815750 54
41204642 525783 62
41204643 342402 84
41204644 155012 54
41204645 432469 12
41204646 396611 17
41204647 317464 61
41204648 419472 88
41204649 332391 55
41204650 108526 31
41204651 1040876 60
41204652 194575 43
41204653 108438 35
41204654 722687 47
41204655 1382004 75
41204656 675852 99
41204657 225594 82
41204658 235082 75
41204659 471248 10
41204660 1755510 12
41204661 502221 81
41204663 339828 4
41204664 1206102 40
41204665 757886 43
41204666 668654 37
41204667 347252 27
33326792 139280 23
41204668 268861 81
41204669 306883 60
41204670 127811 38
41204671 309782 98
41204672 435833 79
41204673 66793 8
41204674 86699 93
41204675 324638 57
41204676 397573 77
41204677 489102 84
41204678 656319 56
41204679 463127 58
41204680 360658 3
41204681 1359303 53
41204682 110952 1
41204683 634973 3
41204684 19588 55
41204685 232685 91
41204686 424746 40
41204687 1246100 98
41204688 328909 91
41204689 828223 67
41204690 149999 92
41204691 32502 27
41204692 28285 41
41204693 513008 82
41204694 880706 72
41204695 746804 68
41204696 112986 67
41204697 311 87
41204698 659934 7
41204699 339009 40
41204700 884019 60
41204701 2274 85
41204702 53778 54
41204703 342947 40
41204704 503233 90
41204705 366156 4
41204706 20036 56
41204707 93769 52
41204708 638246 79
41204709 676796 88
41204710 175652 5
41204711 819147 39
41204712 109600 45
41204713 306435 41
41204714 360993 82
41204715 378673 97
41204716 665940 51
33467570 508258 7
41204717 506452 55
41204718 1692887 26
41204719 343435 58
41204720 732718 85
41204721 186059 61
41204722 904794 7
