6878897 2042514 64
754868 1536060 58
1538690 2397926 7
9496328 2080922 67
1733986 2568056 64
9758468 9758471 43
3086197 3573851 71
9921127 101288 37
9972723 53523 8
9782771 1447250 76
10271147 10271151 83
10271637 740598 4
10273578 743699 3
10274515 1704618 32
10274562 358962 30
10274702 10274704 93
3615653 2181983 28
10278483 10278487 74
10280604 10280610 22
10280618 4500147 92
10280794 10280800 10
10282735 10282740 96
10283373 878136 75
10285851 10285856 47
10286162 10286166 84
10290561 10290564 25
10290792 10290794 64
10293039 10293041 8
10293294 2653214 66
10295024 10295042 14
10297550 10297557 33
10302284 10302286 22
10302681 10302684 100
10304157 2144359 31
10304311 10304315 99
10304575 47246 16
10307366 2705470 32
10307938 1218590 68
10307991 10307993 5
10309773 4422259 63
10310418 10310420 24
10310851 10310855 71
10310950 10310952 89
10311019 10311021 43
10311034 10311037 14
10311363 10311365 91
10311440 10311447 46
10311598 10311603 34
10311744 10311748 58
10312044 10312049 62
10314483 10314486 65
2902757 3443801 40
10315534 10315540 1
10315557 10315563 62
10316673 10316675 34
10316673 5692694 29
10316988 10316991 13
10317232 10317234 4
10317358 10317360 37
10317431 10317435 97
10317471 909094 4
10317759 10317761 83
10317774 10317778 64
10318240 10318242 96
10318287 10318289 37
10318294 10318299 79
10318452 10318458 65
10318499 10318503 22
10318651 4865566 48
10318666 10318670 97
10319183 10319187 42
10319192 10319196 30
10319357 1079036 44
10319576 10319580 70
10319627 10319629 22
10319730 10319738 60
10319961 10319967 6
10320764 10320768 95
10321247 10321249 12
10321572 10321577 34
10323165 10323169 47
10324240 10324244 21
10324286 3903756 41
10324292 10324297 34
10325262 10325264 97
10325301 10325303 32
3910797 4123951 86
10325362 7145439 3
10326297 10326303 37
10326312 10326320 21
10326510 349002 54
10326618 6399284 97
10327235 10327240 99
10327242 10327244 18
10327657 10327659 31
10327717 10327724 36
10327804 10327807 27
754899 1536232 15
10328554 6649393 48
10328797 10328802 3
10328821 3006304 37
10329286 10329291 64
10329429 8596080 31
10329452 10329457 56
10329481 2692893 80
10330047 10330051 91
10330077 4456986 69
10330115 10330121 76
10330195 10330199 56
10330334 10330338 32
10331528 10331533 43
10332963 10332968 15
10332976 10332979 99
10333254 10333258 98
10333254 10333260 10
10333271 10333275 90
10333987 10333992 79
10335861 10335863 39
10351376 10273469 69
10351419 10351422 85
10353810 10353814 39
10354312 10354316 36
10354319 918228 27
10354898 665219 93
10355107 10355113 54
10355483 685282 61
10355866 10355870 10
10356495 10356500 55
755696 1537948 8
8570808 2279314 77
10359120 10359122 80
10361555 10361557 15
10362987 9225285 75
10363675 10363680 83
10364162 10364168 26
10364395 10364399 17
10365925 885194 23
10881826 10881830 29
2899534 3441510 4
12066475 12066477 99
12422317 12422319 58
12479593 878307 80
12608680 97543 15
12687800 12687807 77
12687802 900272 56
260437 756258 37
13195119 1626647 57
14291309 14291313 76
14455674 106630 7
4265183 934670 18
14570588 1855017 74
14648513 3210727 26
14661272 14661274 13
14676350 1853302 73
14966808 2283477 88
14991569 12591719 74
15264328 945872 69
15512181 15512184 49
15645159 15645161 38
15865643 15865650 77
15886100 15886103 49
21877249 962560 87
23750965 3211755 52
2398591 3090158 94
28366747 28366748 88
28369587 1721972 19
28446029 961559 34
28458008 1253944 81
28483801 913530 7
28484900 20651673 47
28511294 515421 29
28733939 28733942 53
28734107 28734112 7
11593847 11593867 51
28417104 3658480 12
28760340 9924422 4
28763498 28763499 7
28775536 28775537 2
10355485 896796 33
30371262 30371266 91
30374285 9776710 36
30483509 30483511 38
30486555 2734464 71
30754773 30754781 93
30939578 30939581 7
30603007 6939749 7
30940672 25565476 18
30941092 887963 96
30941111 2306532 93
30941201 30941205 6
30941330 9536989 31
30941363 10959554 5
30941429 30941432 51
30941501 103449 49
1609636 2459935 36
30941793 30941796 90
30941824 293906 28
30941841 30941844 75
30941887 30941888 39
30941959 1028772 19
30941967 30941970 26
30942257 30942261 36
30942263 1482883 17
30942443 888116 17
30942492 11069337 48
30942579 19155719 70
30942643 660276 69
30942678 7355094 52
30942682 30942684 78
30942804 11195810 44
30875685 1060330 5
30943094 30943097 76
30943157 18688399 91
30943312 30943315 37
30943614 544961 45
30943694 18317936 93
30943918 18325666 89
30944266 18042215 39
30944341 30944345 95
30944546 30944550 10
30944801 30944805 33
30945092 1040784 2
30945155 477243 32
30945410 30945413 59
30945710 100863 35
30945877 898834 42
30946065 30946069 53
30946118 506336 90
30946161 30946164 19
30946273 30946276 48
30602185 30602188 53
30947098 883601 80
30947270 30947273 99
11854744 11854758 99
30947539 13193930 81
30948424 30948427 83
30948708 4866399 25
30948711 30948712 59
30949003 30949006 30
30949049 23772265 5
30949298 883398 91
30949458 20527379 98
30949667 20705469 8
13453837 13453843 14
30949735 30949738 49
30949928 3296141 6
30950034 16550517 81
30950104 10959619 86
30950141 16216450 19
15774066 11071646 17
30950184 1465062 74
30950213 7555028 61
30950221 1706852 35
30950223 21143266 93
30950280 18575910 83
30950286 1409026 1
30950333 21632500 84
30950371 21155130 94
30950399 30950400 8
30950497 30950498 100
30950561 30950562 84
30950673 346123 29
30950675 4866482 15
30950678 856847 4
30950853 16017919 30
30950860 759705 88
30950910 19495491 87
30950932 30950936 62
30875680 391179 91
30950938 4325228 99
30950944 13250573 75
30950997 17164174 68
30951004 20915727 68
30951011 658916 85
4143885 4280547 28
30951096 30951097 93
30951103 659377 86
30951112 2828957 21
30951388 30951391 49
30951393 27735360 26
30951410 19112969 32
30951422 10393982 20
30951472 922681 71
30951474 8456258 84
2393672 1978152 29
30951583 6544565 44
30943919 18325657 62
30951603 939254 55
30951647 30951648 72
30951658 2094511 62
30951664 30951668 94
30952071 17605780 1
30952074 30952078 57
30952096 4868101 96
30952245 8400183 12
30952245 30952249 23
30952275 30952276 99
30952419 740188 80
30952504 19997555 93
30952646 180450 36
30952836 30952837 10
30952907 24472666 40
30952919 10788385 20
30952949 20857638 25
30953064 226205 78
30869127 100960 55
30953178 395468 1
30953181 30953184 95
30953187 14469492 82
30953390 30953391 85
30953429 95487 12
30953520 1024940 53
30953532 20396592 54
30953533 20857059 66
30953567 1786403 15
30953590 1394704 79
30953623 23935069 13
30953731 301956 72
30953746 11071961 90
30953768 8522740 9
30600864 3095143 16
30953845 816084 79
30953957 17159075 45
30954042 2173546 9
30219384 1458590 71
30954084 21075497 53
30954089 30954093 1
30954095 16527988 45
30954141 30954142 33
30954445 14560119 73
30954450 545982 82
30954455 874268 76
30954548 19468099 44
30954562 2463199 24
30954653 623599 47
30954716 3848498 64
30954719 30954725 40
30954745 602087 82
30954748 19161195 14
30954840 1436831 88
30954889 1196479 57
30954893 30954896 27
30954898 1946360 68
10325232 925981 15
30954928 20453791 91
30954932 30954935 43
30954961 7263682 95
30955003 30955006 12
30955063 30955064 46
30955117 5155997 18
30955221 697169 30
30955227 18325853 81
30955231 18325740 84
30955264 9066495 39
30955345 11892478 41
30955364 30955368 60
30955416 19467549 8
30955419 19525760 17
30955423 25817469 4
30955431 30955432 30
30955431 23775421 35
30955448 30955449 65
30955457 19831370 66
30955522 30955525 10
30955553 30955556 20
30955593 4359312 16
30955732 3448163 29
30955741 1096670 42
30955767 1004554 8
30955983 21142994 36
30955995 30955998 82
30956085 30956088 87
30956162 18330953 14
30956186 30956189 16
30956224 553496 47
30956243 1432381 21
30956277 6798501 28
30956296 30956299 76
30956332 30956333 91
30956437 30956440 76
30956486 3185579 28
30956753 23948158 19
30956790 30956794 54
30956818 2533252 2
30956848 422198 91
30956860 16753123 21
30223093 30223103 38
30956922 30956924 86
30956926 30956927 60
30956930 30956931 61
30956973 30956976 99
30957057 1308419 13
30957142 20528782 81
30957329 10874091 1
30957565 30957567 74
30957685 10786570 7
30957710 10956169 6
30957947 16059795 15
30958075 10336289 24
30958075 13793565 43
30958187 30958191 72
30958240 7732635 34
30958375 30958376 27
30958455 10774187 32
30958476 30958480 56
30958700 30958704 85
30958925 20496548 25
30958934 21125185 3
30959021 30959023 65
30959182 4744321 21
30959239 4277942 97
30959285 16248043 11
30959503 9610983 11
30959512 20226191 19
30959517 28019864 78
30959562 8512419 31
30959631 21243374 61
2397611 3089629 16
30959844 20396280 94
30959883 30959884 49
30959889 20887291 26
30959892 18304044 94
30960016 30960019 57
30960104 18325903 83
30960109 30960113 16
30960143 28892510 57
30960180 30960183 46
30960249 30960250 18
30960297 3332510 71
30960310 30960314 58
30960317 30960320 56
30966181 30966185 53
30966408 28326685 60
30966521 19808222 38
30967258 29546339 1
30973421 10668648 20
30973834 28330288 3
30979467 1091077 62
30979493 28822787 47
30979531 20185248 14
30979592 1255249 77
30979666 27717530 73
30979767 390742 87
30979869 6473237 45
30979935 18325057 17
12770613 12770632 42
30980511 631619 54
30980682 18324551 47
2926957 3463692 65
1281085 2158553 20
30980819 30980820 38
30981123 30981124 39
30981193 1144480 19
30981397 889712 85
30951965 19523484 51
30981562 18879794 27
30981582 30981585 86
30981610 18325212 16
2393895 1214253 87
30981801 3554444 22
30981901 30981906 43
30981955 7169016 38
30982012 30982017 94
30982261 1976073 45
30982366 30982370 8
30982491 30982494 43
30982520 30982521 72
30982527 30982533 37
30982604 6630117 49
30723231 18349957 34
30982778 20351599 96
30982780 6346649 66
30982845 30982849 74
30222766 30222772 79
30982853 20864571 51
30982911 30982912 23
30982943 30982946 35
30982993 30982997 75
30983001 30983005 38
30983060 30983063 63
30983073 8921754 77
30983077 1643278 40
30983078 322786 96
30983102 28325664 41
30983106 30983107 1
30983126 20241987 34
30983280 2637420 27
30983330 30983331 93
21645578 21645589 77
30983542 8366234 3
30983551 30983554 11
30983556 13851451 51
30983724 30983725 66
30983764 16312149 51
30983822 30983825 34
30983881 323129 91
30983952 8396189 50
2396985 1600712 90
30984019 30984023 11
30984027 3843024 6
30984276 11066878 31
30984312 3775592 48
30984343 5903002 93
30984410 30984412 57
30984468 7286645 73
30984478 744565 51
30984482 18325997 61
30984553 30984558 65
30984582 30984584 37
30984685 30984688 34
30984751 22299768 3
30984769 949998 66
30984846 607519 61
30984860 25661920 43
30984876 3245874 88
30984914 30984918 24
30984924 5731938 95
30984934 30984936 8
30984937 19579714 87
30984989 6188432 38
30984998 918584 57
30985031 10910039 40
30985047 19686640 43
30985111 331500 42
30985175 4678196 29
30985202 941125 39
30985230 30985232 25
30985237 18321058 71
30985241 226973 62
30985434 18311490 81
30985438 22302298 4
30985498 10419068 14
30985512 20864720 47
30985537 30985538 29
30985543 30985546 47
30985576 30985579 8
30986526 17760619 25
30986536 30986540 76
30798078 30798083 52
30986756 30986759 57
30986793 2479062 6
30986864 20864265 92
30986888 9402234 96
30986912 30986913 22
30987043 30987046 66
30987173 20651803 31
30987241 9015210 25
30987248 9453419 57
30987291 10348644 73
30987495 25662197 55
30987558 10789417 91
30987662 30987665 86
30987667 30987670 60
30987809 20823705 52
30987813 81424 3
30987827 1940650 88
30987846 30987849 56
30987881 30987882 83
30987923 30987926 17
30987986 66262 49
30988038 30988041 10
30988057 30988060 15
30988108 893126 6
30988122 30988126 31
30988130 17632305 33
30988169 1992554 3
30988239 3734924 91
30988310 30988314 42
30790358 6265035 15
30988464 16766630 67
3909555 4122847 59
30988552 30988553 32
30988594 65645 85
30795924 30795927 79
30232648 2200919 31
30988904 30988905 53
30988917 20651826 42
30988930 1764478 2
3086207 3573891 94
30989030 19521644 62
30989034 30989037 36
30989067 16579499 8
30989070 24467624 15
30989212 30989217 10
30989247 30989250 75
30989269 14480097 88
30601058 17401588 78
30989342 30989344 30
30989382 18743781 43
30989396 30989399 17
30989421 30989425 76
30989427 30989430 76
30989495 30989497 49
30989528 30989531 35
30989548 25457371 18
30989561 30989562 19
30989567 10845562 73
30989655 30989660 21
30989768 20485056 2
30989777 1740646 75
30989800 97346 35
30989803 16176793 53
30989924 30989927 97
30989934 2978674 6
30989961 12657648 53
30989967 30989970 18
30990002 21132669 97
30990042 20350564 92
30990049 20351656 79
30990068 30990069 29
30990110 26114463 43
30990260 26437664 21
30990552 30990553 18
30990578 30990579 25
30990586 16581173 13
30990641 30990644 4
30990693 30990696 41
30990721 3970410 75
30990819 21142458 89
3909556 4122855 25
30990844 20366068 75
30990867 30990869 44
30990953 30990954 40
30990960 30990963 24
3615867 140185 49
30990993 26183049 14
30991070 1884470 13
30991361 30991364 20
30991387 2035177 59
30991444 19779620 46
30991684 18331075 61
3909531 4122818 96
30991958 30991960 67
30992019 19997200 98
30992056 26302351 42
30992062 21388320 58
30992097 30992101 16
31072197 206177 73
31081687 992242 57
31082948 28842306 44
31083598 2127476 2
31084714 20651916 92
31085786 31085787 22
31085833 3475989 31
31085903 18325187 55
31089953 18314501 69
31090090 3098478 23
31090225 95197 65
31090304 458081 77
31091785 417494 93
31092837 18315766 39
31095461 19337299 9
31098342 2090130 38
31098378 20652127 9
31099993 299651 5
31101700 1710091 74
31102071 18329061 3
31103243 17627886 78
31127996 18326692 82
31128044 18314891 5
31145970 18315340 48
31145981 20651367 25
31145983 18314298 12
31145997 18326964 46
31146003 8793728 87
31146056 31146057 2
31146166 17157008 26
31146203 31146204 38
31146261 18324586 88
31146270 9236292 76
31146290 9125707 17
31155527 20650533 76
31155626 18326955 19
31159864 828914 92
31160117 18330841 3
31160365 3930374 23
31160618 18314977 24
31160621 18315322 92
31164774 18325203 92
31164776 18326570 93
31164791 18324842 98
31164863 6609975 42
31164903 20651214 37
31164918 18324366 23
31164921 18315520 78
31164980 18330850 10
31164995 18320830 96
31165052 18315693 77
31165054 18320972 67
31165059 20189737 47
31165076 9101437 87
31165096 20651049 25
31165109 18324498 17
31165689 18315349 97
31171397 18331092 85
4084507 378508 30
31818728 15572106 34
31818784 2161713 29
31818797 912006 35
31818842 31818845 81
31818916 31818920 30
31818926 11067286 69
31818965 31818968 62
31819113 31663414 56
31819206 19489933 77
31819236 31487402 1
31819321 1217379 77
31819433 31819436 89
31819470 31819473 55
31819486 31667711 37
31819654 10298225 61
31819676 18698486 69
31819715 31819719 39
31819738 31819741 55
31819827 31819830 17
31819839 31819842 68
31819898 31819902 75
31820051 31820054 26
31820133 2089317 67
31820416 6891008 24
31820779 31820782 54
31820799 28342313 44
31820934 31820938 57
31820953 31738260 99
31820977 10989908 59
31821002 18872078 31
31821006 12627264 28
31821098 8658103 21
31821399 1074557 98
31821425 31821429 77
31821438 31821441 35
31821507 4393438 27
31821585 20984807 86
31821622 31821625 89
31821644 31821647 68
31821727 31821731 58
31821826 31821829 74
31821898 11942839 96
31822103 31822106 22
31822267 1610974 92
32879028 2880635 3
4156981 3810266 63
33238354 2975470 47
33255454 931931 45
33255485 1996866 43
3820016 313866 54
33255508 665804 4
33255544 141657 20
33255624 4877381 16
33255635 99262 78
33255671 769272 2
33255722 1932248 36
33255734 1540526 40
33255738 4352346 39
33255814 2538909 1
33255822 20864874 34
33255910 2265164 66
33255923 2886623 6
33255951 668307 98
30597536 361860 99
33255978 71446 23
33255980 2011464 24
33256036 1666025 87
33256044 5873168 40
33256160 931319 81
754756 249559 10
30793610 4865768 66
33256725 344184 14
33256746 189094 41
33256915 31663444 1
33256926 350156 93
33256960 324564 13
33257030 21063428 19
30799594 3174728 31
33267573 33267577 77
33267618 16445043 87
33268110 33268116 38
33268339 33268342 27
33268489 20116753 19
33268632 20350597 43
33268704 33268707 69
32091156 28324898 64
33277134 18326080 53
33277205 18326727 9
33277270 6002350 63
33277274 18326336 69
33277275 31279079 41
33277300 16074812 94
33277313 31279075 26
33277315 2428417 14
33277406 18314581 37
33277471 18313573 69
33277487 17376035 76
33277557 18324419 1
33277561 7358414 18
33277589 2596641 51
32849867 362069 20
30219987 908631 74
33277602 1120978 77
2398592 597516 34
33277635 4388641 18
33277637 2290098 9
33277647 631423 27
33277662 385740 35
33277664 3161685 92
33277684 2329209 91
33277692 961624 78
2393742 663962 5
33277698 681162 80
30963430 373652 88
2398563 3090098 13
33278236 30462321 92
33278253 10988495 8
33278261 28355453 49
33278270 21414163 64
33278357 33278361 40
33278386 16237010 8
33278470 33278473 71
33278483 33278487 36
33278709 20811378 22
33278726 16441917 16
33278758 33278761 96
33278774 33278777 9
33278823 33278825 61
33278848 33278851 90
33278854 33278857 72
33278880 17786432 2
33278927 19013497 39
33278938 28329799 8
33278972 33278976 78
30600867 30600879 68
33279001 6477561 87
33279004 29568989 98
33279043 33279046 59
33279069 10993595 29
33279085 10954134 66
33282463 33282466 74
33282504 28355384 68
33282559 17519851 60
33282575 17252026 23
33282718 21309938 49
33282723 6384719 2
33282855 21685722 9
33282884 10990236 99
33282900 388792 63
33282917 5358712 45
33282922 33282926 25
33282932 11067995 41
33282938 20593511 51
33282965 21279998 41
33282968 33282971 57
33283048 33283051 85
33283062 31743008 77
30221674 597699 55
33290146 4496242 61
33290453 6550238 75
33290489 33290493 97
33290508 30474101 98
33290692 11939414 85
33290774 6209507 26
33290778 33290782 73
33290826 33290829 85
4648835 4655881 1
33291185 16758019 18
33293838 18553120 30
33293849 33293854 39
33293887 16774428 88
33293920 9521266 26
30797823 30797826 78
33293937 20864347 8
33293964 33293967 84
33293969 11707045 16
33293993 33293996 7
28738497 28738511 11
33294107 33294110 35
33294153 22441127 49
33294164 33294168 46
33294193 11416459 81
33294265 10612334 7
33294290 16657600 91
33294296 23925209 59
33294343 18330184 46
33294359 33294362 42
33294397 28024432 81
33294623 31486120 24
33295990 718176 66
30938264 1285997 83
33296001 1304925 16
33296006 518683 21
33296010 827452 61
30232119 620074 53
33296037 135611 15
33296042 1584493 70
30220457 633180 46
33296058 2497798 70
33296074 1189187 13
33296078 850194 34
1538716 2398106 3
33298743 18777923 46
33298747 2682440 67
33298750 31258343 27
33298795 12094739 5
33303904 33303908 24
33304503 837863 59
33304455 28344860 24
33304504 7394543 2
30600765 30600772 2
33304460 27576970 95
33304612 5391352 8
33304461 3531907 77
33304648 31738987 40
33310677 16433084 77
33310694 28945745 27
33310716 4281686 95
33310722 1758705 13
33310755 31539315 88
33310805 17518875 74
33310806 22286498 5
3086210 3573902 29
33310902 33310906 32
33310921 33310923 53
33310985 664753 26
33310997 29245572 68
33311001 14351365 97
33311005 21954152 38
33311009 31663452 17
33311028 18970654 59
33311062 33311065 59
33311077 31663199 77
33311081 33311084 98
33311094 34371 96
33311115 31663192 41
33311124 19056970 41
33311137 20483136 66
33312114 33312118 72
33312119 33312124 30
33304463 31420181 93
33312147 33312151 60
3910174 4123473 36
33312173 6558143 61
33312197 20636855 59
33312237 10718436 32
33321370 17605194 3
33321382 4581045 72
33321386 1275661 37
33321390 6787371 93
33321394 27585334 5
33321412 10906058 8
33321436 11564693 36
33321441 24943669 70
33321446 31539319 18
33321453 2753489 64
33321462 4654194 60
33321475 33321477 14
33321480 5428725 28
3939556 4143958 36
33321499 12592621 66
33321514 2134519 54
33327324 3751692 68
33327411 10199261 21
33327421 21142979 86
33327476 31289970 13
33327505 33327507 53
33327517 31361012 9
33327549 19274722 30
33327564 21835749 35
33327579 19525158 54
33327607 264434 18
33336205 33336208 16
33336252 21063621 25
33336312 21143014 99
33336392 13258200 24
33336452 33336454 9
33336461 831512 89
33336488 4867597 1
33336491 30716380 42
2394417 3087199 76
33336607 1289087 8
33342993 316430 10
33343090 408577 71
33343133 30702537 62
33343170 1754452 54
33343205 31663156 55
33343282 10224792 1
2903491 425375 14
33348012 2403279 19
33348027 2777878 72
33348049 715541 60
33348079 1310713 6
33348103 3531806 1
33348107 4868303 7
3938945 288383 67
33348113 1520269 29
33348120 3046836 24
33348134 340415 73
33348138 3374375 96
33348139 394315 94
33348155 1516705 95
33352143 2995742 33
33352149 888466 82
33352187 2068325 4
33352246 1332862 53
33352275 2222046 90
33352279 422615 66
33352281 217567 49
33352450 115214 37
33352793 660800 10
33352803 1901970 94
33352836 281004 94
33352848 668599 54
33353293 220186 36
33356093 4468782 74
33356176 33356179 15
33356183 33356186 19
33356243 21960192 69
33356270 18912399 43
33356274 31663448 66
33357220 2868806 89
33357242 133451 16
33357257 33357258 45
33357263 1016180 68
33357267 1298059 89
30799333 672723 75
33357286 2338969 42
33357300 1798858 6
33357302 2773100 35
33357306 1289610 66
33357342 465149 84
33357391 722827 45
33357397 512534 24
33364816 1310574 39
33366604 26760688 22
33366604 20226377 1
33366730 32580517 1
33366818 33366821 64
33366914 33366918 36
33366927 33366929 46
33366932 31426369 3
33366971 31667679 8
33367005 17106499 57
33367011 1497850 100
33367021 33367024 14
33367050 33367053 25
33367071 33367074 14
33384339 18314734 81
33385946 18315685 19
33386080 18320838 45
33389282 20651681 20
33389289 18324627 77
33392232 10208071 63
33392277 10208141 82
33395431 20652151 28
30228295 3742698 69
33396723 1572125 51
33396725 2308262 67
33401984 18330631 64
33402537 18314612 65
33403962 18314827 30
33413576 220544 13
33413880 18328057 80
33450558 655260 15
33454047 594562 20
33461371 344824 77
33461527 2521848 71
33461609 509037 59
33463753 884436 16
33465043 912721 70
33468184 2424591 20
33470285 3472708 89
33474246 3696120 56
33475119 33475123 24
33475174 12808584 45
33475612 31361091 82
33477631 2923078 46
33481111 2340552 40
33481707 19752518 31
33487158 33487162 26
33487651 15109846 74
33487928 33487931 61
33488938 29090083 14
33490752 8830973 6
33491706 17625566 65
33494502 33494506 94
33495313 33495317 78
33495321 33495325 7
33496760 10794775 27
33501758 18060293 31
34745207 1374032 46
34746192 33682262 60
34747208 1060826 95
34747370 34747373 69
34747748 34747751 35
34748308 16068730 87
34748343 21901615 54
2902853 3443866 64
34750768 2567402 89
34751349 6298815 86
34751368 17540282 3
34809343 34809346 84
34809386 436329 11
34809900 9682833 9
34812417 16055878 80
34812703 21140028 13
34812772 28320701 37
34812798 9841428 58
34812846 31663424 68
34812904 34812907 90
3615821 3939414 46
34812974 21591310 81
34813536 34813538 63
34814570 18668166 64
34825927 31663412 70
34826155 660377 12
34826688 16247590 72
34826750 2473796 69
34827019 10292866 17
34827144 31663601 36
34827413 20981209 9
34827859 19260095 69
34827884 34827887 10
34830201 34830204 21
34830378 263264 63
34831819 34831822 93
34833825 34833828 49
34834660 31731490 31
34836370 34836373 33
34837082 34837086 33
34837260 34837263 11
34837916 20226224 66
34842566 34842568 83
34844578 10422672 20
34845010 34845013 71
34849844 34849847 95
34851529 7610865 65
34852205 12017873 88
34852788 31086635 95
34852848 19779604 48
34853106 16455634 18
34853237 34853240 63
34853482 325405 91
34855396 31533193 85
34855518 32878518 22
34855589 25777017 99
34863495 34863497 32
34868341 28335740 53
34868460 16127647 45
34873633 20951445 96
34893773 34893777 19
34909718 31279566 9
34916103 34916106 57
34916107 34916109 37
34916707 18507388 12
34916714 34916715 49
34916820 28837763 9
34916840 31625771 2
34916953 1687262 72
34917089 31739697 93
34917502 10790542 54
34917578 34917580 81
34917723 34917725 96
34917910 34917914 21
34918085 29446185 46
34918329 323803 65
34918420 2778313 85
34918429 12268647 96
34918511 20642935 18
34918551 34918554 82
34919153 34919155 89
34919170 22292137 77
34919334 31665815 32
34919340 34919343 15
34919363 21720202 15
34919393 2628580 99
34919465 41902 35
34920704 19341987 66
34920781 34920783 42
34921138 34921140 44
34921411 34921413 26
34921422 21240137 55
30371267 1155132 71
34921595 34921598 67
34921603 16284942 10
34921606 34921608 29
34921641 32170508 63
34921650 34921653 36
34922590 946038 66
34922684 19417048 57
34922742 31663118 4
34923112 20322229 82
34923321 20350837 20
30954749 30954757 13
34923881 4258089 30
34923955 34923957 90
34924324 34924328 98
34924433 29500868 17
34924495 5523181 9
34924752 8935582 67
34924854 28173305 88
30950035 17129499 37
34925181 7792805 36
34925285 34925288 45
34925446 296170 98
34925527 31480968 83
34925800 20890947 70
34925929 19099283 17
34925951 34925954 59
34925958 20863915 40
34926065 1341314 55
34926149 31735715 22
34926210 21143176 55
34926405 20496315 62
34926419 21231027 70
34926473 5441830 44
34926485 21804522 77
34926810 1098198 77
34927155 20649652 72
34927158 1257365 72
34927432 20974303 35
34927622 20213056 88
34927789 34927792 16
30793645 20651758 75
34927942 527375 80
34928713 21093387 50
34928930 101557 63
34928969 20863992 1
34929029 3804561 37
34929071 31497828 31
3441483 3817276 14
34929200 31419038 15
34929204 6143718 89
34929250 20070263 55
34929252 19155734 92
34929256 2879466 57
34929259 31386878 9
34929263 31740552 62
34929268 20986965 15
34929297 5633691 40
34929301 2438591 22
34929306 1345533 38
34929308 34929310 13
34929319 2039714 30
34929324 3034311 8
34929376 31422426 11
34929379 34929381 72
34930217 12880280 32
34930301 4472938 93
34930302 1113134 44
34930303 2566290 46
34930304 25620201 10
34930306 2825129 91
34930308 25843934 25
34930314 34930320 67
34930874 16531584 43
34945853 34945858 58
34989889 328486 74
34990889 4673017 5
35516381 2083052 23
35516431 1267686 63
35516459 721850 42
35516463 1018872 7
35516467 4424314 32
35516476 2916385 50
35516516 640072 70
30596564 180497 57
35516860 340345 48
35516861 962607 84
35517052 362206 33
35517061 3148963 8
35517424 415525 17
35517452 385184 52
35517490 678276 2
35517550 3192308 22
35517608 878353 97
35517627 2127178 21
35517637 342696 5
30867431 18314619 69
35517707 1454959 4
35517731 1340836 14
35517773 1354260 41
35517798 1002614 81
35517873 31735513 88
35517999 382471 68
35518141 2327253 94
35518164 3244742 85
35518282 2157806 84
35518325 4165626 95
35518466 19763539 2
35518589 21102410 48
35518663 2837918 99
35518698 18321377 86
35518737 1021881 64
30876918 1853013 61
35518937 21077730 87
35518996 31279733 80
30245581 16577166 13
35519130 1417760 43
35519151 9785108 52
35519257 31738943 80
35519411 3403968 81
35519664 544994 90
35519826 26216236 57
30798857 20420296 6
35519918 1799253 35
35520032 19142862 26
35520051 32183315 28
35520054 952966 1
35520057 2648600 37
3615819 3939407 28
30219976 2221317 69
35520188 3062293 68
35520276 2437588 91
35520321 35520324 76
35520325 349366 93
35520327 45881 6
35520353 2558861 94
35520382 498491 52
35520680 20000676 20
35520700 35520702 90
35521220 28147658 47
35521242 21193322 100
32000505 20771066 25
35521320 35521322 57
30974667 2887768 99
35521445 1286777 92
35521447 19055863 24
35521468 2488204 12
35521472 1470837 59
35521475 18048098 55
35521478 11441730 40
35521482 1533022 36
35521483 11583854 23
33304505 6525958 85
33304506 676740 81
30799713 6174504 32
35521485 4509667 13
35521579 35521582 68
35521637 2057748 42
35521649 35521651 7
30837283 30837287 59
35521896 395686 32
35521934 10991175 100
35521974 20557148 1
35521991 21455580 65
35521992 12115822 84
35522000 6561748 7
35522002 34608795 61
35522004 32208798 75
35522006 4981426 70
35522010 5312866 21
33304507 3548874 49
35522015 16122626 25
35522016 27244246 39
35522017 35522019 72
33304508 8599419 85
35522020 11872953 31
35522023 27377592 59
35522026 25615799 25
35522042 31667617 34
35522053 19808740 18
35522178 18313410 21
35522180 21754972 72
35522222 31663450 62
35522230 20850726 34
35522678 31737768 3
35522845 20770055 65
35522875 35522879 97
35522892 35522895 96
35522923 27539896 43
35522966 25175707 44
35522970 31663219 59
35522978 29250878 96
35523007 8526087 73
35523026 15720185 79
35523618 35523621 99
35523631 18313707 39
35523681 35523684 17
35523681 35523685 21
35523948 31488585 37
33304509 19064038 28
35523987 1645656 45
35523991 26771971 100
35523994 1267678 90
30963402 1401889 31
35523997 16786796 44
35524001 9190234 44
35524005 2519231 25
35524013 29449364 58
35524016 27124106 10
35524018 22098137 75
35524079 8575309 49
35524103 20850925 60
35524248 21078168 85
35524346 20841746 61
35524367 29920338 90
35524371 27630084 28
35524395 24600658 99
35524486 35158332 71
35524498 31663406 31
35524670 35524673 90
35524681 35524684 4
35524702 20796352 27
35524739 10404523 21
35524805 20158566 84
35524888 17708072 59
35524898 3861323 6
30797672 30797686 68
35525029 35525031 28
35525037 7041485 36
35525063 1144496 34
35525064 17141263 13
35525065 35525069 29
35525071 13565376 50
35525093 10718447 67
35525127 32961626 49
35525307 10959687 36
35525313 31663197 83
35525364 33003013 6
33304510 26465955 48
35525436 19552406 97
35525439 16124738 9
35525443 18325980 74
35525448 31341544 69
35525452 29246261 16
35525455 20222560 1
35525458 17392173 5
35525460 16576119 47
35525464 35525468 10
35525469 35283166 93
35525516 7199152 83
35525550 15732809 86
35525592 35525594 31
35525619 35525623 92
35525624 16223034 74
35525627 18681862 47
35525925 1595475 9
35526311 10239517 71
35526454 35526457 17
35526922 16704958 40
35526937 506268 17
35527099 35527103 58
35527381 32140249 55
35527454 17152081 47
35527458 26399480 53
35527463 10459779 26
35527467 16588150 37
33304511 6843570 52
35527520 35527524 81
35527538 14412065 66
35527579 3959574 26
35527584 10200994 92
35527587 21620449 86
35527591 35527595 88
35527597 20918679 44
35527602 20804588 80
35527650 35527653 86
34930309 34695715 20
35527776 31814415 44
35527856 7473887 73
35527860 31712162 65
35527874 21473057 91
35527920 35527924 65
35528000 200928 81
35528052 16575333 93
35528055 35528058 55
35528059 19261291 40
35528063 35528067 59
35528068 35528071 65
35528072 2973584 4
35528075 16016755 10
35528080 19154890 37
33304512 919047 71
35528088 11026906 30
35528242 28321022 8
35528310 35528313 52
35528328 35528331 57
35529239 2275687 79
35529239 35529242 60
35529708 10718594 35
35529723 18325041 69
30222047 10668658 69
30233141 10208137 99
35529823 701770 66
35529995 18330435 85
35530201 18320639 98
35530205 18326973 73
35530262 18324524 53
35530298 721982 25
35530301 13879530 10
35530388 240841 16
30223286 1214294 89
35530543 868122 52
35538835 21096112 27
35540700 3215631 50
35541838 6190079 13
35636720 35636724 87
35640106 6653125 21
35640148 35640150 84
35640405 4865921 58
35640502 31663235 84
35640506 35640509 93
35640579 13501176 2
35640665 108047 4
35640673 1024719 83
35640701 35640704 9
35640721 35640724 4
35640732 31663487 75
35640748 26733127 28
35640767 31290304 4
35640787 18330049 80
35640836 31222331 11
35640842 35640845 48
35640868 13721943 98
35640888 2132940 95
35641066 35641068 95
35641069 22299776 9
35641078 35641082 8
35641286 35641289 89
35641484 35641487 6
35641503 35641506 11
35641519 34693988 82
35641924 16228359 18
35641945 10796327 74
35641955 6472644 35
35642054 17217134 86
35642201 35642205 61
35642296 2838191 67
35642488 35642491 16
35642647 20848082 71
35642669 2585457 8
35642836 35642838 11
35643063 35643064 57
35643106 35643108 87
35643201 874196 81
35643202 220703 28
35643401 35643405 46
35643406 28320500 57
35643455 2579222 69
35643494 16238347 58
35643619 28345361 48
35643736 1006825 79
35643814 35643817 50
35643831 35643832 65
35643834 4865716 47
35643952 13414066 2
35643957 35643959 67
35644249 31490532 65
35644263 20857222 23
35644288 35644292 42
35644448 21471971 33
35644476 1799420 61
35644493 669375 98
35644620 35644623 68
35644631 21099207 56
35644662 19776800 89
35644840 19034147 88
35644889 35644892 45
35644991 16355801 8
35645797 943852 54
35645813 890115 44
35645813 72096 5
35645814 1897616 8
35645862 35645865 48
35645902 17685843 45
35645989 4515813 73
35646060 35646061 68
35646205 20213072 80
35646271 35646275 17
35646284 917158 93
35646363 1405784 32
35646401 31281509 32
35646411 698714 65
35646462 905946 40
35646483 824670 96
35646643 35646646 89
35646784 21282037 56
35646800 35646803 25
35647077 2735126 32
35647086 3368180 70
35647116 35647118 28
35647200 7001584 42
35647239 35647242 39
35647275 31537581 14
35647283 35647286 91
35647343 20853000 29
35647432 35647436 61
35647461 19060557 37
35647591 35647592 15
35647664 801283 55
35647669 31490460 95
35647674 226617 73
35647827 31667463 17
35647827 35647830 68
35647835 31279710 2
35647838 18887893 32
35647953 31280116 59
35648016 16080295 68
30974494 30974500 87
35648099 35648102 97
35648156 7767511 54
35648204 31363444 49
35648523 16356827 93
35648656 35648660 5
35648680 3520296 31
35648772 35648774 91
35648781 730166 52
35648844 35648847 10
35648944 16229672 25
35648960 16530641 34
35648985 35648988 41
35649097 35649101 75
35649135 35649137 75
35649186 817820 88
35649298 285564 86
35649300 21280764 77
35649314 2445234 64
35649355 35649358 5
35649439 9852560 31
35649441 20852952 11
35649445 2144414 84
35649450 31663238 44
35649632 10313832 57
35649676 36217 83
35649682 35649685 4
35649717 35649718 91
35649737 35649740 53
35649756 16073514 68
35649796 2649605 83
35649932 1649515 65
35650175 35650176 7
35650246 20922668 55
35650262 31290294 45
35650289 33837981 90
35650470 30468628 23
35650478 31663871 50
35650577 953724 71
35650617 2299784 88
35650628 31663227 55
35650704 31222363 90
35650910 35650913 86
35650933 21089985 60
35651316 9148547 93
35651535 31490393 32
35651561 10786780 47
35651601 35651606 2
35651635 35651638 4
35651644 17206775 92
35651693 31539322 80
35651696 11132852 13
35651712 20220675 42
35660062 4687237 16
35660239 20843695 49
35660320 35660321 3
35660322 10989820 35
35660325 35660328 53
35660514 1426146 32
35660712 2378344 48
35660757 10989597 27
35660770 34697870 3
35660797 551736 88
35660898 35660899 32
35660903 35660908 24
35660982 35660985 56
35661050 3586363 3
35661097 349559 83
35661142 31480965 86
35661289 17583669 36
35661311 8403594 16
35661312 26707530 85
35661313 31664257 93
35661411 3644119 41
35661467 2217574 29
35661505 12258637 25
35661579 1564873 51
35661668 35661671 42
35663705 19997216 7
35663919 26657797 62
33304259 33304304 50
35519100 35519104 11
3229798 3679655 57
35670494 31490882 45
35670741 18043367 34
35670780 31663401 87
35670896 442640 85
35672030 19261723 23
35672482 20071010 54
35674547 10742744 91
35729050 35729053 47
35729118 31743006 4
35729127 18224120 5
35729162 7885239 46
35729171 10794870 96
35729193 31663394 44
35729258 35729262 80
35729275 31663047 69
35729459 7782005 77
35729675 35729678 84
35729693 1320194 15
35729794 1140027 91
35730095 21918154 28
35730215 28936715 47
35730437 35730440 16
35730463 16855055 58
35730472 7472936 62
35730487 35730490 44
35730757 23783191 25
35730765 28044760 75
35730869 13390105 41
35731024 35731026 66
35731087 35731090 29
35731202 31290340 74
35731244 2378592 88
35731253 759261 76
35731262 18688244 69
35731365 31705401 39
35731597 31735323 40
35731711 31735602 72
35731774 973452 19
35731775 35731776 37
35731822 2767725 9
35731864 1233500 3
35731873 333695 1
35737092 2177806 10
35739852 20003306 8
35739885 21142885 34
30229952 2436533 24
35743321 22303640 50
36486686 10718072 29
36486730 31285552 8
36486762 29933631 32
33304513 5823092 70
36486917 17067935 68
36486973 19241266 86
36486990 36486993 63
36487135 16602850 32
36487280 15410533 39
36487379 18040 23
36487460 20905489 9
36487464 5045963 20
36487485 21038541 38
36487511 16435012 73
36487595 8181072 57
33542592 33542596 49
36487652 36487656 74
36487665 36487668 47
36487692 31664643 42
36487701 2983496 2
36488131 31663183 43
36488173 29914027 81
36488184 31973968 100
36488185 28320643 81
36488367 36488371 26
36488373 36488376 23
36488517 36488518 17
36488729 36488732 80
14616475 50055 41
36489035 36489036 75
36489107 10230334 66
36489578 31663408 9
36489592 36489596 35
36489603 20850823 11
36489675 17585722 11
36489695 20448395 62
36489714 20919753 10
36489724 3835092 4
36489729 4488104 74
36489789 929578 15
36489928 36489931 69
36490124 36490126 2
36490228 36490231 18
36490232 36490235 2
36490315 5979169 53
36490370 36490374 77
36490468 11067279 15
36490735 23920491 7
36490840 36490843 32
36490885 20026245 11
36490999 20899149 1
36491068 15326486 53
36491360 36491363 3
36491430 17160960 83
36491690 36491694 58
36491733 36491736 21
36491807 36491810 34
36492153 6377259 26
36492198 21070863 99
36492268 16774849 89
36492288 27833244 25
36492379 17694004 6
36492620 20528027 97
36492934 31398372 23
36492978 21388305 49
36493030 15236578 58
36493061 21457683 92
36493108 2415466 4
36493243 36493246 40
36493542 36493545 15
33304514 33304560 19
36493811 5539441 97
36493912 31663194 47
36494043 24464800 6
30867267 372264 90
36494229 36494232 61
36494235 36494238 2
36494269 36494270 38
36494292 33797669 46
36494360 4083684 90
36494401 36494404 39
36494657 21065931 16
36494754 36494756 44
36494836 36494839 52
36494859 20864713 54
36495035 36495039 28
36495125 14982754 58
36495135 3306431 52
36495149 31285078 15
36495187 36495191 67
36495347 3908083 83
36495420 17466749 94
33304515 7964084 63
36495476 11011126 5
36495504 16306853 56
36495504 31537000 27
36495530 32029291 65
36495575 36495579 45
36495585 36495588 20
36495706 36495710 91
36495740 36495743 96
36495934 36495937 89
36496120 20989437 70
36496263 1671204 41
36496263 6699465 100
36496279 2966839 51
36496581 31794398 41
36496680 1375281 97
36496757 36496760 86
36496898 36496901 65
36496926 36496929 10
36497026 36497030 41
36497043 31663650 15
36497257 36497260 37
36497306 16502883 31
36497310 3954960 45
36497334 16193778 23
36497380 36497383 80
36497519 31754875 18
36497790 1605917 27
36497804 36497807 79
36497865 20922899 36
33304093 7863440 49
36497973 36497976 95
36497981 1194139 57
36498208 2854849 12
36498293 26187031 41
36498333 28354962 47
36498333 28354164 17
36498357 36498360 96
36498637 36498640 39
36498648 1676274 91
36498709 18320699 92
36498794 22303457 95
36498875 31704412 73
36499029 2645066 21
36499133 353629 68
36499201 11858161 91
36499230 25643748 63
36499411 36499414 56
36499514 2723612 45
36499728 12348936 3
36499798 36499801 77
33304516 20284061 39
36500148 1335505 3
36500340 25945633 19
36500420 27381989 10
36500498 36500500 25
36500630 36500633 48
36500788 1720586 95
36501090 31280126 69
36501251 17213195 90
36501258 2434245 21
36501375 20850934 81
36501597 28044814 81
33304517 17154948 98
36501750 32752772 23
36501812 36501816 22
36501842 11277535 19
36501864 2635457 14
36501867 21348092 74
36501878 1736208 14
36501952 36501955 99
36502137 36502141 27
36502169 36502172 86
36502229 36502232 48
36502410 5033617 26
36502434 36502437 57
36502665 31663525 32
36502863 17985321 91
36502878 3939903 21
36502882 32042643 33
36502899 8137164 26
36502978 21596106 99
36503038 21082679 94
36503172 36503176 4
31127724 31127726 73
36503254 36503257 53
36503385 32581105 79
36503516 8538288 7
36503696 11067768 32
36503716 28872173 7
36503878 26866766 56
36503911 20864516 13
36504039 6579860 8
36504042 31960153 61
36504047 36504050 97
36504238 18130310 49
36504242 28836129 29
36504329 36504332 23
36504336 1420406 4
36504378 36504380 35
36504730 1712521 2
36504754 7339438 68
36504860 36504863 87
36505046 19052475 83
36505077 8086757 95
36505079 8372520 93
36505093 36505095 20
36505098 18217888 10
36505101 33650571 64
36505102 2283913 64
36505152 29850413 33
36505154 28889435 3
36505261 31739945 71
36505264 2135509 69
36505461 10003805 73
36505482 5312766 44
36505923 28320352 69
36506000 26632270 6
36506005 1206437 19
36506110 21474173 91
36506186 28885761 71
36506196 36506199 75
36506332 20396076 67
36506343 20225978 55
36506416 21865907 8
36506489 36506492 28
33304518 33304575 51
36506601 11068134 95
36507013 19522374 48
36507041 17199429 51
36507047 15932641 86
36507154 36507155 31
36507226 16308281 16
36507236 1264163 30
36507249 16288016 23
36507285 29436267 85
36507453 36507456 15
36507457 25633246 60
36507477 19160120 75
36507502 21404677 23
36507503 20280168 60
36507512 27377671 17
33303996 12616051 42
36507678 36507680 83
36507695 28321006 85
36507848 36507851 78
36507892 36507895 52
36507915 4475715 85
36508115 19274698 88
36508241 36508244 27
36508279 36508282 12
36508297 36508300 87
36508353 31420230 80
36508448 14534746 57
36508461 313251 48
36508533 36508536 9
36508603 36508606 91
36508679 7513855 78
36508911 19551063 97
36508962 36508965 33
36508998 5646524 18
36509019 21697651 83
36509053 8068394 56
36509058 4460417 91
36551042 7504986 20
28877254 1757218 85
36721773 4867709 45
36758763 28953532 59
37691314 11065854 45
37692365 6637680 18
37693616 10786983 5
37701926 31279369 90
32623517 17246080 44
7038011 7038021 60
38685798 21395368 60
38715299 1564166 11
15423485 15423488 62
1755449 202657 79
39225711 39225713 96
39457779 15213695 11
39462795 20361713 20
39464079 39464082 71
39465542 39465546 28
39466514 31754856 36
39467479 1989299 12
39473920 15505790 27
39477281 19865365 46
39518320 18329097 30
30984555 30984569 12
39532607 1607495 46
39538503 31687805 12
39581055 20226321 98
39582073 21142894 4
39585967 19614941 21
39586209 18932977 6
35649941 4857189 31
39610302 39610305 76
39610329 324316 86
39610354 7177307 56
39610360 20672847 100
39610365 859310 17
39610369 39610373 74
39610376 16509587 97
39610388 26427831 85
39610390 19906282 15
39610392 39610396 89
30247665 17231996 83
39610400 16692521 15
39610402 19264078 58
39610404 2313732 37
39610409 17771366 94
39610413 18319047 17
39610421 8504914 8
39610425 16538057 63
39610492 39610495 87
39610505 31062152 13
39610507 8297964 13
39610509 22646014 87
39610512 8087256 52
39610514 26148189 65
39610516 39610519 82
39610520 28959191 61
39610523 21928652 13
39610545 867194 80
39610581 15925532 56
39610724 28322229 1
39610748 3946352 28
39610751 17599822 61
39610755 31551275 92
39610757 31570309 84
39610763 39610765 64
39610766 22425431 48
39610770 22246011 65
39610773 2091974 56
39610775 39610777 38
39610780 31951290 33
39610785 3189971 48
39610791 28887214 20
39610797 13415118 10
39610803 33903953 38
39610805 838848 65
39610809 10982558 50
39610814 3607354 85
39610815 39610817 24
39610818 1931074 7
39610843 31570391 86
30218105 18324248 53
39610850 32039390 52
39610852 1285178 20
39611058 39611062 63
39611449 39611451 12
39611456 39611459 70
39611479 22404485 58
39611481 18324342 28
39611485 19937902 44
39611490 6717236 19
39611493 29387072 40
39611500 333037 59
39611502 27496169 44
39611507 381076 28
39611509 2184881 60
39611511 20863337 58
39611518 17688005 17
39611520 39611522 57
39611523 30077679 44
39611529 18324325 12
39611531 16595702 62
39611533 29450575 90
39611540 29249386 10
39611542 862363 96
39611554 4411437 22
39611556 17600175 33
39611566 893487 5
39611568 18512343 35
39611572 39611574 54
30225336 2605378 57
39611577 39611579 45
39611580 31353353 43
39611582 20060668 67
39611588 30082953 90
39611624 18315662 52
39611626 3244137 73
39611629 28884894 26
39611634 1054483 47
39611636 18339659 48
39611639 18050194 22
39611641 19030917 94
39611645 8309985 15
39611647 38307348 72
39611649 39611651 23
39611652 5477259 8
39611660 2661076 43
39611662 18640581 5
39611668 20241816 92
39611683 28326359 11
39611732 16672909 56
39611759 18467053 29
39611759 39611761 69
39611947 39611951 82
39612050 39612053 97
39612117 15383958 73
39612119 29389487 64
39612122 1612276 2
39612126 16262423 79
39612130 16247534 91
39612146 11067798 57
39612180 17144104 46
39612183 31486544 77
39612396 20609134 89
39612435 39612438 52
39612445 39612448 8
39612449 26435257 32
39612462 13634173 81
39612537 39612540 48
39612562 39612565 84
39612649 37873440 84
39612651 3926947 40
39612653 31659866 29
39612662 21278686 83
39612665 915660 66
39612668 20031926 14
39612670 10400169 4
39612673 20281938 48
39612685 1099121 74
39612688 4080286 4
39612737 21386896 4
39612752 31278432 83
39612756 18324568 90
39612758 1600989 90
39612760 16261377 61
39612766 10207956 40
39612768 39612770 8
39612771 308497 80
39612773 4718966 50
39612775 32915327 87
39612777 12709120 64
39612779 671399 23
39612786 4983046 100
39612788 39612790 35
39612791 2054960 11
39612793 19530019 76
39612795 39612797 27
39612798 31532287 26
39612811 39612813 38
39612816 1007146 20
39612818 18325237 39
39612859 11083615 41
39612861 1430822 30
39612863 29425447 27
39612869 1881071 19
39612881 39612884 55
39612898 14476545 71
39612911 39612913 82
39612914 21377676 32
39612925 27201940 47
39612928 38012933 34
39612937 35184508 97
39612942 1261353 35
39612947 39612949 44
39612950 15563940 42
39613026 26663770 5
39613035 20464306 54
39613039 21071231 12
39613041 12204218 98
39613044 39613046 31
39613049 8858364 24
39613053 18895140 30
39613056 19783127 16
39613077 15079888 18
30228433 172686 29
39613154 333834 8
39613161 39613163 69
39613168 21387378 32
39613170 11456204 6
39613172 32043971 29
39613186 31663420 56
39613198 20912241 84
39613202 16118069 100
39613204 39613207 49
39613272 39613275 98
39613359 21753881 5
39613377 39613380 27
39613415 39613418 66
39613436 6988270 96
39613439 6394023 62
39613446 21844690 61
39613452 2426588 2
39613484 10953774 69
39613540 946965 88
39613578 693676 80
39613580 365100 1
39613582 20164336 99
39613585 26843644 73
39613587 14891883 61
30226164 488841 6
39613591 2822459 48
39613597 10796170 60
39613603 27502092 92
39613605 2832119 11
39613607 14635289 89
39613610 31555343 97
39613612 39148129 73
39613614 1611401 4
39613618 21375831 68
39613620 9822930 51
39613622 38883809 92
39613624 10480240 38
39613627 9092664 60
39613629 1640340 14
39613631 892489 11
39613633 28901357 75
39613635 39613637 60
39613643 6414859 18
39613652 299354 38
39613654 39613656 27
39613661 219910 29
39613664 34601701 19
39613667 3961413 45
39613669 20651819 57
39613672 27532055 34
39613674 26268918 22
39613678 27569589 65
39613722 9260826 14
39613727 18324542 63
39613729 39613731 42
39613732 39613735 13
39613736 19154173 15
39613744 301971 14
39613746 26571667 13
39613748 10370990 100
39613752 6828007 84
39613755 13479103 58
39613758 3100479 85
39613765 1316528 37
39613767 18640539 82
39613846 28340187 49
39613894 39613897 46
39613980 1601456 10
39613982 39613985 86
39613986 21798067 75
39613988 4536525 83
39613990 1773102 51
39613994 18324755 5
39613996 27238696 7
39613998 31964146 61
39614001 21145613 95
39614004 1598650 72
39614006 2982414 48
39614008 31433566 5
39614010 648325 28
39614013 19267203 39
39614033 28909797 71
39614035 19050323 30
39614037 16699717 55
39614110 39614112 94
39614113 39614116 76
39614225 14670573 18
39614383 19602060 36
39614386 2944325 93
39614388 8550503 49
39614390 16615214 44
39614392 33904913 35
11866148 1457633 71
39614410 10198533 71
39614460 10221987 72
39614490 39614492 58
39614529 10385338 84
39614531 31664971 95
39614539 28333915 27
39614609 16216018 2
39614624 16606042 4
39614628 885543 25
39614665 2553733 72
39614762 39614764 44
39614765 39614768 3
39614904 39614907 70
39614947 39614950 28
39615082 39615085 1
39615090 10989589 84
39615090 20829787 35
39615278 39615280 91
39615281 20486884 70
39615292 1146719 60
39615367 39615369 14
39615406 31663214 23
39615421 3148966 5
39615427 21903827 95
39615544 28354613 52
39615602 16674080 7
39615681 27696865 32
39615683 5583511 23
39615686 39615688 69
39615689 18315357 93
39615693 8771031 95
39615795 21124308 72
39615849 31532927 52
39615947 1348610 92
39616060 1598560 99
39616062 17329613 86
39616064 26207716 45
39616067 26069197 70
39616069 19906712 93
39616072 34544575 73
39616074 4435188 52
39616076 16216982 29
39616144 31976103 3
39616149 39616151 34
39616159 12898056 89
39616184 4873370 79
39616235 39616238 94
39616288 21123499 33
39616371 28830991 52
39616379 14517030 55
39616390 31754715 2
39616403 35162391 29
39616407 29531685 44
39616409 29510576 83
39616411 495083 84
39616414 4241655 68
39616416 18743253 17
39616418 21305890 85
39616420 8785151 50
39616423 3526128 91
39616429 39616431 81
39616432 22293729 22
39616434 18886309 35
39616438 895698 58
39616441 39616444 85
39616445 25664382 25
39616451 39616453 46
39616454 9591511 24
39616457 39616461 89
39616462 31672257 58
39616466 19070220 87
39616468 608050 64
39616470 606363 15
39616472 31291262 24
39616475 9559750 86
39616477 16249865 39
39616479 5147156 97
39616482 22450237 35
39616484 19021291 83
39616487 38996793 93
39616489 20647891 25
39616493 27393298 2
39616496 39616500 51
39616501 21155200 52
39616505 11151438 39
39616507 18485096 63
39616509 288096 83
39616537 17454880 43
39616541 3334615 90
39616545 1572692 70
39616547 34625995 4
39616554 2588056 19
39616556 20770919 52
39616559 12861635 42
39616561 729286 78
39616569 11008593 82
39616626 32572190 53
39616630 27971744 59
39616632 37755397 75
39616636 108415 10
39616641 34688866 8
39616643 39143685 6
39616645 155394 72
39616647 15217949 90
39616649 19131743 91
39616651 20499952 2
39616653 877453 79
39616655 10199671 8
39616657 3662231 7
39616659 34525704 37
39616661 11511038 73
39616663 17153178 48
39616665 11284572 70
39616675 39616677 82
39616678 2395460 47
39616681 16580085 28
39616683 20646931 84
39616686 5019561 67
39616688 27213873 85
39616691 917960 94
39616693 34580293 47
39616695 18311099 27
39616700 18324833 26
39616702 2711117 28
39616704 2540485 89
39616707 26033579 28
39616709 20956909 35
39616711 16265137 28
39616713 19264279 95
39616717 5788438 39
39616719 25025076 81
39616721 1435957 91
39616723 1212180 18
39616725 19674263 50
39616728 15409572 72
39616834 1660541 32
39616836 998848 48
39616838 17271672 71
30938259 2995103 24
39616840 9872187 70
39616847 39616850 76
39616868 1573792 33
39616871 11778594 61
39616873 3919126 12
39616875 4853750 48
39616881 1275135 11
39616883 21377887 55
39616888 11913227 31
39616922 1471052 36
39616929 16987408 54
39616931 31802951 98
39616933 34491744 67
39616939 9770061 58
39616944 27599414 5
39616947 18313315 90
39616950 31278569 2
39616952 21076277 90
39616954 9881930 62
39616957 21126347 32
39616960 12088981 82
39616964 518736 73
39616987 13424677 12
39616989 18328999 56
39617002 29317520 97
39617032 1723844 91
39617079 4729818 54
39617081 10113166 31
39617084 584057 33
39617094 202650 15
39617096 8170652 89
39617098 28948461 77
39617102 915237 10
39617201 7045650 15
39617205 39617207 74
39617210 306971 59
39617214 39617217 98
39617224 39617227 92
39617231 1275192 64
39617233 11360702 55
39617235 18313347 92
39617241 18083552 51
39617243 3772256 70
39617248 20457091 66
39617250 31280232 51
39617252 39617254 35
39617255 30690832 55
39617257 34540557 80
39617259 27084202 75
39617261 16314220 55
39617263 39617265 55
39617266 39617269 86
39617270 7199312 24
39617274 39617276 11
39617277 19668858 68
39617279 296851 44
39617302 3660945 94
39617325 6206090 24
39617376 31146212 47
39617378 18444963 95
39617381 19219245 6
39617405 14464929 95
39617407 39617410 20
39617411 20517613 51
39617413 26545989 28
39617416 16220612 91
39617421 31596604 93
39617431 667659 55
39617433 19042051 97
39617464 2358013 41
39617468 9410355 98
39617470 11923350 32
30963448 284145 81
39617480 1709810 18
39617482 37774265 28
39617586 31605078 57
39617588 19937602 14
39617591 8850601 23
39617710 39617713 56
39617796 26783033 63
39617798 22459947 93
39618047 18325144 13
39618067 4796315 86
39618069 20644968 46
39618071 17642254 64
39618073 12989402 2
39618076 39618078 14
39618081 39618085 97
39618123 6363788 51
39618190 27097876 22
39618197 31353558 18
39618256 39618259 56
39618323 39618326 81
39618339 25909361 37
39618358 39618361 40
39618503 390371 35
39618534 27802805 2
39618731 3800645 25
39618733 7217581 43
39618736 21317580 9
39618738 28034225 32
39618740 19160305 97
39618745 16642285 80
39618748 3504234 12
39618750 35170845 84
39618752 3628050 23
39618754 9788556 99
39618756 924885 32
39618758 19095330 96
39618760 11448973 49
39618762 20228632 76
39618766 349482 86
39618768 39618770 85
39618771 2640307 30
39618773 28132028 40
39618775 19335496 24
39618777 10198714 22
39618781 39618784 55
39618786 6132074 88
39618788 8745719 8
39618790 1155071 3
39618792 39618794 60
39618795 35225302 88
39618812 6272295 81
39618834 39618838 26
39618854 28322672 25
39618894 3590528 96
39618901 5971213 48
39618973 39618975 54
39618976 2907387 27
39618987 21717135 99
39619035 12095842 8
39619072 39619075 13
39619097 19166014 89
39619102 10718425 15
39619105 16450594 1
39619107 1681936 59
39619111 26978096 3
39619114 11491298 61
39619116 21048369 41
39619120 37754006 79
39619124 39619127 60
39619128 18335847 83
39619130 20986903 19
39619132 822558 43
39619136 19476247 5
39619138 31969540 24
39619142 4736998 71
39619146 19060249 2
39619149 8519982 63
39619165 15648413 9
39619168 39619171 18
39619172 6982751 41
39619174 112289 84
39619176 4016243 30
39619178 12621577 32
39619181 20750128 93
39619184 13291952 95
39619186 514946 47
39619188 35580084 36
39619194 20652245 57
39619197 2090211 49
39619212 18326424 81
39619216 5177326 7
39619218 39619220 52
39619221 674477 96
39619296 3230432 14
39619354 39619357 52
39619371 20691337 37
39619373 39619376 64
39619377 18222548 69
39619379 26168420 55
39619383 13383835 66
39619386 206066 36
39619390 6283851 86
39619392 17204526 74
39619396 19157578 10
39619399 21491275 38
39619401 3063033 31
39619403 27058510 40
39619406 21359979 75
39619409 3190258 60
39619412 35093986 88
39619416 473938 16
39619418 1438573 95
39619420 25725876 50
39619424 1280996 52
39619426 8976441 24
39619428 1700685 56
39619439 4517991 17
39619443 19064754 75
39619557 39619560 11
39619680 6499109 68
39619697 6100950 90
39619740 21096434 46
39619752 10259811 11
39619754 18743245 81
39619756 5976801 22
39619760 3972700 7
39619765 521735 68
39619768 1396015 86
39619776 27741929 52
39619776 39619779 28
39619782 34598500 23
39619784 21093262 8
39619786 25910203 24
39619791 39619793 4
39619796 17240886 46
39619798 4580631 49
39619800 18326502 35
39619853 21639851 24
39619855 16535260 47
39619858 29548384 47
39619866 39619869 56
39619873 3756904 89
39619875 20190838 80
39619879 345150 89
39619884 1196959 8
39619888 39619890 6
39619891 2397890 71
39619893 1405361 37
39619895 2180766 53
39619941 39619944 62
39619945 21617856 5
39619992 39487820 85
39620017 53648 18
39620024 921965 14
39620026 28882814 77
39620029 10212326 42
39620031 39620034 54
39620035 11588283 61
39620037 200345 11
39620039 3382141 48
39620041 10959508 29
39620074 39620076 69
39620077 1426337 16
39620079 1854472 57
39620081 25007735 100
39620085 18499079 24
39620087 19070221 49
39620097 14495622 66
39620136 10745907 50
39620141 39620144 53
39620176 11837262 57
39620178 20230272 50
39620190 11319192 90
39620195 18318028 18
39620202 20831816 51
39620208 8460925 22
39620211 10208076 97
39620213 1600479 18
39620215 18326552 31
39620217 38288650 91
39620219 1495952 20
39620221 2698162 21
30227405 1195271 87
39620223 21736122 55
39620226 1373408 36
39620230 39620232 35
39620233 638621 35
39620235 19260137 59
39620237 18681827 70
39620376 34859483 37
39620418 39620422 77
39620441 39620444 72
39620493 39620496 72
39620497 31342024 66
39620499 9115861 95
39620616 31735952 42
39620904 4871186 62
39620928 19808231 24
39620942 39620945 91
39621332 25651679 63
39621673 8096401 78
39621805 1889286 11
39621820 39621824 79
39621950 12782221 64
39622081 20619351 16
39622083 18139980 10
39622085 17765514 94
30940369 664352 29
39622104 17627091 81
39622106 16781665 43
39622108 10331131 57
39622148 39622150 12
39622155 18318052 42
39622314 35317732 93
39622319 809843 1
39622322 19809959 10
39622328 11826290 18
39622345 392750 96
39622347 20652229 6
39622349 16233203 14
39622354 10350352 69
39622358 39622360 67
30223354 509803 72
39622363 35236132 32
39622365 1415350 60
39622367 17154310 45
39622370 1490412 24
39622374 21812757 51
39622376 4767011 46
39622378 39622380 14
39622381 2482499 44
39622383 39622386 60
39622387 226746 58
39622415 10792910 44
39622417 673526 24
39622419 35849810 76
39622421 20372713 6
39622469 39622471 8
39622490 9536140 55
39622518 15104454 73
39622600 16131898 57
39622602 16353988 72
39622616 915631 96
39622620 4940769 75
39622625 5757936 22
39622629 21641209 83
39622752 21472301 32
39622755 28761026 87
39622757 934546 33
39622759 16220185 32
39622764 3972107 3
39622768 2238772 67
39622770 3356291 4
39622785 39622787 71
39622831 11066562 72
39622877 20651268 80
39622961 39622964 65
39623031 17166503 60
39623046 2350369 17
39623048 1136355 83
30223289 899178 8
39623050 1186751 88
39623052 4058789 90
39623143 35265662 68
39623145 19729644 24
39623147 1406761 34
39623371 20883593 78
39623560 38948625 62
39623562 1136681 8
39623619 23956082 2
39623624 31470210 96
39623627 3766547 9
39623631 5356802 74
39623635 7345818 60
39623637 19934032 79
39623880 20864645 2
3087331 3574835 29
39623891 20864523 47
39624345 20394725 4
39624493 30609417 46
39624587 39624589 29
39624760 39624764 52
39625080 4573205 91
39625084 9544660 6
35530206 18330761 72
39625088 1433358 4
30246138 1005994 85
30246138 109830 35
39625090 11201282 98
39625092 4918021 3
39625094 39625096 12
39625097 21040878 36
39625100 31314160 68
39625102 14923093 100
39625104 3797352 96
39625108 262261 54
39625110 21627974 77
39625115 10422882 33
39625117 32033786 84
39625119 1580189 87
39625121 18313548 63
39625123 32564892 58
39625125 28889481 25
39625127 1356625 56
39625129 35149981 66
39625132 12984743 94
39625134 35173961 61
39625137 20794751 5
39625139 39625141 88
39625142 1376966 7
39625144 39625146 41
39625147 10208112 79
39625149 32114027 94
39625151 39625154 80
39625157 2449890 93
39625159 20889887 22
39625162 3367510 76
39625167 39625169 83
39625172 36072621 82
39625175 31805048 24
39625177 15428346 79
39625179 29478212 65
39625183 13746617 83
39625187 31628530 6
39625189 26271678 21
39625201 31494670 77
39625205 16214064 85
39625210 14138048 39
39625212 31395620 79
39625226 39625229 74
39625239 19158821 35
39625241 9582200 83
39625243 21263072 5
39625245 18889733 70
39625247 16062612 80
39625249 5192097 48
39625253 11489379 45
39625255 39625258 64
39625259 25778733 47
39625266 7312165 8
39625268 2790275 21
39625270 20843653 42
39625276 21221340 87
39625279 39625281 31
30866685 4575647 96
39625287 3355538 42
39625289 20229342 5
39625293 20486522 52
39625295 14341825 22
39625299 20715052 81
13745268 685619 100
30866472 1089317 9
39625301 18893057 96
39625303 5650043 60
39625306 2501494 20
39625308 32560375 17
39625311 18320749 24
39625313 39625315 37
39625316 2181176 27
39625431 20202729 57
39625514 39625517 70
39625596 31454682 35
39625600 31279716 52
39625656 21473492 70
39625699 18456901 63
39625990 11265818 13
39626034 31667677 60
39626108 39626111 77
39626114 1789277 14
39626130 5506751 45
39626137 441665 84
39626139 39626142 15
39626145 7976621 84
39626151 39626153 56
39626154 618175 65
39626156 21897502 85
39626160 31575233 26
39626162 28892807 39
39626169 16582342 19
39626173 4669235 38
39626175 39626179 20
39626180 18319025 96
39626182 39626184 12
39626185 18220260 96
39626187 39626189 100
39626192 39626195 44
39626196 12086988 26
39626198 20555739 89
39626201 21051688 61
39626203 645869 56
39626205 5097033 73
39626208 39626210 43
39626211 26466105 23
39626213 214267 15
39626217 2197946 37
39626226 12761516 52
39626229 16653460 100
39626232 11326833 29
39626234 38310955 10
39626236 697810 95
39626238 5101307 54
39626241 39626244 72
39626245 8594216 69
39626247 39626250 91
39626251 1329312 87
39626253 20962232 99
39626257 7595627 78
39626259 889529 50
39626261 34806475 12
39626263 19492417 92
39626265 333573 19
39626271 39007070 67
39626273 3273377 12
39626280 39626282 85
39626283 19812869 34
39626288 31532426 64
39626290 18670431 12
39626297 791945 20
39626301 1425338 15
39626303 39626305 82
39626306 11167249 97
39626310 231644 85
39626317 1167476 59
39626319 35158435 24
39626321 17706305 86
39626323 663146 69
39626325 39626328 63
39626331 883240 57
39626333 17227317 61
39626337 1123665 49
39626339 27839024 88
39626344 257080 99
39626349 18326701 87
39626351 7513161 100
39626362 224519 21
39626367 99845 80
39626371 18326736 76
39626428 675574 62
39626446 18330546 52
39626448 17484452 33
39626454 6094684 90
39626456 5212534 45
39626458 18330528 16
39626463 20652175 50
39626507 6076559 22
39626593 18330487 69
39626598 19624343 58
39626810 312795 38
39626868 1413680 42
39626888 11066508 78
39626919 39626922 13
39626955 1017883 83
39627019 20595376 48
39627043 1253515 7
39627045 5628970 72
39627049 39627051 70
39627052 464132 91
39627054 39627056 56
39627082 21558963 22
39627084 2403847 25
39627086 29254074 72
39627088 4588049 37
39627090 651675 17
39627094 18510363 11
39627097 32629619 42
39627099 411266 7
39627101 740813 20
39627103 20807820 47
39627105 28115425 12
39627110 12430461 63
39627112 447959 38
39627114 39627116 97
39627117 25878644 92
39627119 15367608 100
39627121 6855932 51
39627123 18326798 45
39627129 19555273 69
39627131 29246445 86
39627133 2447450 78
39627135 836308 24
39627141 19024350 77
39627143 3759699 44
39627145 2264620 60
39627148 28817799 26
39627150 20077513 93
39627152 2393192 9
39627154 20378340 33
39627157 39627160 10
39627161 39627163 82
39627166 39087754 56
39627171 39627175 52
39627176 551537 15
39627191 18318148 90
39627193 39627197 4
39627198 11893031 100
39627203 39627205 9
39627206 11547814 16
39627209 39627213 52
39627215 30935127 32
39627219 29576111 56
39627222 690102 12
39627225 20372073 42
39627229 19422297 31
39627231 20447353 32
39627233 20619959 55
39627235 26923964 71
39627237 39627239 69
39627247 20690378 60
39627250 861874 15
39627252 39627256 66
39627257 219118 17
39627260 3918400 87
39627262 39627265 57
39627266 38187226 74
39627268 15530350 72
39627271 39627273 37
39627274 34695779 91
39627307 566709 34
39627336 11815295 26
39627438 16359854 20
39627441 20284591 92
39627443 39627445 53
39627446 32103750 1
39627449 11486472 21
39627453 39627455 70
39627456 25820320 94
39627458 5149540 82
39627461 3706898 49
39627463 25693747 95
39627467 33095820 27
39627469 843748 47
39627471 4376264 55
39627473 18326869 11
39627475 17154658 92
39627477 38334383 12
39627479 4955864 74
39627481 7718981 6
39627487 12666406 11
39627494 1477551 22
39627498 1694230 17
39627500 11931572 66
39627502 1744703 67
39627506 22175423 100
39627508 22395755 19
39627514 2063289 95
39627570 16991433 29
39627573 8039359 89
39627576 2772238 17
39627580 2756569 37
39627587 1085576 58
39627589 39627591 26
39627636 39627639 27
39627647 39627649 93
39627657 1253704 28
39627677 39627679 3
39627680 27067111 40
39627683 11259058 80
39627685 31281656 54
39627688 16591686 2
39627690 10329245 39
39627780 27073332 85
39627842 39627844 79
39628334 8284221 18
39628562 39628565 33
39628639 1183368 72
39628651 2657402 39
39628653 18541650 15
39628712 23919821 76
39628714 2085834 41
39628716 3306565 48
39628718 10525013 75
39628720 39628722 61
39628723 39628727 31
39628728 2440533 25
39628730 21080589 2
39628734 39628736 52
39628737 312872 61
39628740 2958449 75
39628742 28886504 74
39628798 18330313 88
39628802 7539469 97
39628804 982885 6
39628881 36501087 95
39628885 23751681 47
39628891 39628895 53
39628897 780768 78
39628899 31672778 68
39628914 6844482 78
39628916 5276024 32
39629056 21288630 2
39629122 2884431 94
39629138 219901 97
39629140 15932149 36
39629142 10208600 55
39629144 17393729 26
39629179 11421255 58
39629183 9890111 67
39629236 39629239 89
39629308 214845 64
39629473 39629476 31
39629697 25517420 46
39629701 8987704 10
39629708 10208145 4
39629710 13438657 47
39629712 2139663 37
39629717 20652047 74
39629719 20498857 38
39629727 902063 97
39629731 291704 26
39629733 701381 55
39629735 9285654 27
39629738 2972088 13
39629742 39629744 9
30226047 614775 47
39629755 39629758 97
39629770 26737305 92
39629776 21009031 52
39629814 39629816 32
39629817 21184344 84
39629827 2275588 53
30223605 20650293 69
39629831 39629833 54
39629834 39629836 58
39629839 30658193 53
39629852 4515124 75
39629854 2554765 49
39629888 28320517 51
39629914 39629917 17
39629922 672179 38
39629974 39629977 25
39629988 39629991 8
39630069 515427 100
39630073 39630076 36
39630124 1287943 24
39630183 7230255 41
39630186 5230546 95
39630191 11239810 27
39630193 18326851 25
39630195 31224413 38
39630204 26451971 60
39630206 39630208 12
39630209 353129 2
39630211 21800593 42
39630213 20671192 10
39630215 39630217 34
39630218 850093 89
39630226 10130377 84
39630246 1477147 17
39630248 32168058 79
39630250 5034246 71
39630252 739686 31
39630254 6904480 93
39630256 3129708 69
39630261 39630263 81
39630264 39630266 69
39630267 740816 95
39630271 1457887 26
39630282 18868174 33
39630288 2000760 98
39630302 12333335 44
39630304 24241043 40
39630309 39630311 19
39630312 18326938 84
39630314 3100974 66
39630316 1534158 72
39630318 859119 96
39630333 6427 96
39630335 17557234 39
39630337 2620212 34
39630341 16263300 94
39630343 31803018 83
39630347 21282151 96
39630349 18991256 51
39630352 8951556 22
39630355 39630358 18
39630361 861647 92
39630393 39630396 28
39630451 1098809 47
39630454 476967 7
39630456 38343313 96
39630461 20679454 95
39630470 300051 73
39630472 15133197 82
39630475 18983692 91
39630480 20773804 33
39630484 1803759 15
35521994 11474989 25
39630486 3773924 38
39630488 35160195 66
39630490 28855841 92
39630492 5927515 55
39630494 31285802 6
39630496 34425605 18
39630502 20643988 64
39630506 6784419 4
39630509 16645043 10
39630514 20843905 58
39630519 10344703 48
39630521 27041808 92
39630527 4884550 55
39630713 31664873 30
39630718 39630720 62
39630721 15207413 10
39630725 16306912 57
39630727 39630729 85
39630730 31777821 97
39630732 1425561 36
39630734 862913 47
39630800 21305203 13
39630802 32025414 86
39630806 328056 83
39630808 39630810 14
33303998 5468066 12
39630823 19011018 88
39630825 51607 10
39630827 8844240 58
39630829 28835591 70
39630859 39630862 14
39630866 16248010 65
39630889 28024271 45
39631207 662917 53
39631248 39631252 35
39631282 121058 16
39631286 11912079 19
39631288 1277858 87
39631420 5071798 24
39631424 13054716 79
39631426 18932883 47
39631430 20863147 50
39631432 160176 85
39631441 18314589 29
39631447 20237879 63
3954295 1701520 75
39631461 648929 84
39631463 1159479 13
39631465 21315700 36
30940340 915016 34
39631471 21954917 62
39631473 27087134 75
30227402 1636418 23
39631484 37630679 24
39631502 5652094 8
39631504 2497722 86
39631506 39631509 72
39631510 2499600 45
39631516 5303295 46
39631538 31285304 12
39631547 2342300 11
39631565 18318139 29
39631796 10845852 44
39631821 15193352 54
39631823 9614936 45
39631827 2303974 87
39631870 3746368 32
39631880 1397789 43
39631882 657993 80
39631884 1116039 22
39631890 5200041 36
39631896 1074448 40
39631899 33777206 47
39631901 10335076 45
39631903 8741705 70
39631910 17341176 79
39631953 39631956 43
39631961 31735954 18
39631971 14096870 37
39632008 39632011 45
39632165 16721067 23
39632206 2345247 76
39632208 19725952 51
39632211 18988649 69
39632217 28771112 90
39632219 10807957 48
39632223 6402848 8
39632225 402177 95
39632227 2559249 38
39632229 18328100 63
39632231 39632233 90
39632236 2424992 35
39632238 31279645 4
39632245 21742247 73
39632249 917503 69
39632264 39632266 47
39632267 21366876 86
39632269 98393 65
39632271 1029828 79
39632273 20622810 38
39632275 20357201 48
39632278 4649112 44
39632280 16120186 3
39632282 1776739 10
30230839 914682 32
39632287 23900832 45
39632290 12631691 60
39632292 1392506 10
39632294 7403271 55
39632297 7214265 7
39632299 604221 27
39632309 17056216 20
39632312 20830285 24
39632317 39632319 74
39632320 20231179 93
39632323 15509152 4
39632326 32588363 20
39632329 35295137 20
39632332 1701668 79
39632334 593396 15
39632355 428801 40
39632365 35152240 72
39632367 2198060 15
39632369 3188126 59
39632371 39632373 59
39632417 20878177 3
39632486 10915611 9
39632549 20869087 90
39632552 756033 86
39632554 39632556 63
39632557 2945245 36
39632560 19342695 12
39632563 3944353 94
39632575 1458370 19
39632579 18901087 14
39632581 15333049 80
39632586 10198037 6
39632617 39632620 76
39632626 868434 93
39632629 996199 89
39632634 39632637 35
39632681 440190 50
39632844 31666637 88
39632933 3621525 78
39632935 1528 3
39632937 22105609 88
39632941 634500 38
39632943 5413872 88
39632945 20896962 12
39632950 5081705 83
39633026 10313997 72
39633050 39633052 53
39633183 31752977 68
39633192 11316525 35
39633195 15203699 96
39633197 31452044 88
39633243 31802343 59
39633245 26842137 84
39633247 4500373 55
39633249 39633252 89
39633253 13814893 26
39633255 27739920 26
39633257 2505624 48
39633261 21175521 48
39633263 26953877 1
39633265 10447840 54
39633267 27560760 1
39633269 35169770 19
39633283 16786161 81
39633286 332987 11
39633288 18514679 2
39633297 28795969 50
39633307 27581775 8
39633310 19470486 50
39633313 11362739 36
39633318 5825404 21
39633324 7628389 67
39633326 1186078 27
39633328 952106 68
39633330 10861666 70
39633407 3106984 82
39633411 30277378 38
39633413 20650899 32
39633415 1520193 76
39633417 13426209 3
39633421 3477653 49
39633423 31362441 43
39633425 20483315 97
39633427 16492373 35
39633440 39633442 85
39633443 9000930 95
39633445 21459446 19
30983954 740590 85
39633447 26332234 38
39633451 31206808 96
39633456 11173412 51
39633466 782767 47
39633491 26835544 18
39633503 3620423 18
39633505 7683079 9
39633508 2893037 16
39633510 613011 30
39633577 3192693 55
39633579 776820 39
39633581 3121892 34
39633587 35272483 53
39633589 285886 2
39633591 3042313 36
39633593 6684878 63
39633598 2047827 16
39633620 18319713 69
39633631 39633633 9
39633634 4192897 28
39633636 4281948 46
39633697 24881691 84
39937867 339014 43
39938566 39938568 59
39939694 39939696 16
39941072 31426372 35
39941557 20156531 58
39942185 31663229 79
39943408 2252702 66
39943531 3484446 6
39943819 21061193 11
39944003 31663404 16
39944564 3750846 100
39944762 31599440 33
39944893 372830 10
39945440 1422008 53
39946077 19055881 5
39947377 2615474 77
39947844 867596 59
39948720 388509 64
39948780 2626168 67
39948785 1425172 1
39948840 39948842 60
39950275 19466815 96
39952288 39952290 74
39952832 16242755 3
39953931 31486593 51
39954538 1450735 85
39955255 39955257 18
39955915 24341007 93
39956095 31361836 22
39956339 871797 95
39957229 874797 10
39957549 39957552 34
39958199 5219417 11
39958474 1438893 18
39958736 10789141 87
39958740 1083425 100
39960280 339646 61
39961218 5214608 24
39961924 10447055 72
39962989 770804 83
39963581 19167756 34
39964051 20064302 94
39964241 1591283 57
39964481 26631377 88
39964627 20069863 47
40035958 2513345 94
40036516 19620498 56
40036630 20867445 12
40036766 20300561 10
40037194 31396187 47
40038212 31363469 42
40038342 31578684 42
40097170 401336 91
40121949 18324158 26
40121955 1000764 52
40169391 9051007 90
40169419 18325118 47
40170589 18328048 19
40174685 1301813 44
40176778 1811590 46
40177193 20651227 67
40177227 18311173 24
40177390 18330296 92
40214595 40214596 73
40592739 1968842 39
40593582 18965968 63
40593997 21142987 31
40594874 40594875 91
40597541 31672321 27
40597747 20279965 19
40619983 32086226 15
40620292 2997741 80
40620500 27834623 90
40620812 16451747 79
40620858 12544830 52
40620955 19268563 96
40621215 20961102 7
40621281 20516281 67
40621925 40621927 47
40621978 40621980 76
40622477 20336182 51
40622624 31733137 24
40622790 26711846 69
40623030 11945943 72
40623041 40623042 95
40723314 2576543 45
40723829 31663049 19
40724752 20710959 52
40725782 13283635 35
40726413 1708714 3
40728144 20864685 74
40728148 20357731 36
40728211 40728213 87
40728419 40728421 66
40728479 899021 91
40728581 40728583 52
40729170 30476471 94
40729556 7124359 8
40729627 35114910 59
40730028 40730030 30
40730178 31535646 100
40731126 31667725 54
40734519 31289149 10
40734635 34587247 67
40735097 40735099 83
40735477 7552942 12
40735583 19962870 63
40735813 5004776 18
40735995 1209601 74
40737053 1749417 89
40737917 1986358 6
40738098 40738100 8
40738242 39036719 68
40738519 31565113 63
40739602 21471956 44
40740032 40740034 84
40742265 31426377 51
40742945 31279729 53
40743776 40743778 81
40743902 10778858 86
3615855 2219041 71
40747922 16528547 97
40748762 31664255 85
40748869 40748871 2
40748872 10356553 89
40748940 16016035 50
40748942 40748944 99
40748961 40748963 40
40749588 31738214 22
40750806 31743138 11
40750970 95109 43
40751028 26176676 25
40752728 28373232 99
40752991 335403 82
40753344 40753346 21
40753894 18800921 23
40754094 40754096 1
40754486 20779342 74
40757249 8235679 27
40757456 193907 85
40757462 40757464 96
40759100 31699791 85
40760015 1640779 13
40760019 6452870 23
40760056 1095089 75
40760569 31663446 80
40761640 40761642 2
40761868 19912344 15
40762098 35162349 96
40762106 14517772 24
41343037 947969 23
41343038 7074251 19
41343039 241524 38
41343041 27338019 19
41343042 353241 4
41343044 932128 39
41343045 1346673 72
41343059 1155796 90
41343060 593523 18
41343146 6063578 28
41343147 8665973 14
41343195 1759762 56
41343268 16242486 79
41343268 19202643 56
41343269 26924397 40
41343279 41343280 44
41343281 18127158 34
41343340 1651260 14
41343343 554015 6
41343344 1656941 82
41343346 2991061 33
41343347 2018011 90
41343351 1933037 53
41343355 633861 71
41343356 1381505 80
41343366 41343367 56
41343369 4392853 71
41343370 1314516 74
41343372 407383 81
41343374 93823 48
41343376 163240 84
41343377 945918 97
41343379 1694952 80
41343380 102675 95
41343382 1514884 48
41343384 494961 97
41343392 693776 45
41343393 910905 50
30940404 4759 9
41343394 102107 68
41343580 17601442 64
41343649 322304 57
41343659 31533967 64
41343667 21893050 13
41343748 16527393 61
41343749 21049540 55
41343758 6456869 76
41343762 21137149 87
41343764 27316138 23
41343769 41343770 36
41343771 10069246 1
41343772 8143418 54
41343784 1263138 82
41343787 30174146 20
41343812 21143282 12
41344042 20890448 98
41344043 16179851 39
41344054 26652364 44
41344116 1679353 88
41344126 19202828 57
41344196 19799779 25
41344304 21392710 68
41344364 13432635 38
41344413 41344414 81
41344422 10453952 86
41344423 15647179 88
41344425 2844698 41
41344426 534296 57
41344427 5456907 62
41344433 556263 68
41344434 11544674 12
41344441 1881365 55
41344442 18995597 62
41344443 3267473 62
41344450 2512136 57
41344460 38296675 4
41344637 1601234 37
41344654 3274166 87
41344713 1469836 33
41344847 659269 58
41344914 29891939 6
41344951 713701 98
41345013 2273156 76
41345053 2613110 57
41345061 20357806 45
41345104 31663268 11
41345109 9426837 26
41345111 31533073 80
41345112 31663426 73
41345114 41345115 52
41345161 31663240 26
41345174 20921411 17
41345180 333209 53
41345181 31664984 7
41345182 41345183 2
41345184 25834833 73
41345319 11374237 66
41345320 3590102 71
41345356 928050 90
41345357 5385779 52
41345358 6134073 89
41345360 3780964 38
41345489 13073852 25
41345491 15181242 39
41345493 561642 80
41345494 28884965 76
41345504 41345505 38
41345513 32093974 8
41345565 20837615 99
41345566 8643915 81
41345623 334372 45
41345624 199436 52
41345625 1177108 40
41345793 260610 26
41345808 7017325 39
41345809 32051275 77
41345869 32592219 5
41345891 18508305 2
41345895 21567526 29
41345910 9433410 11
41345958 41345959 82
41345960 24234693 21
41346002 31743012 73
41346009 18891962 30
41346010 866085 21
41346033 9565998 14
41346036 17275672 36
41346070 92372 60
41346134 41346135 24
41346151 226756 36
41346156 41346157 93
41346244 41346245 47
41346253 6738873 54
41346277 2658487 37
41346278 32218605 14
41346280 41346281 95
41346291 41346292 81
41346294 31213129 50
41346300 41346301 32
41346305 21837534 53
41346315 41346316 14
41346317 41346318 84
41346324 31664923 34
41346346 3087975 54
41346348 4105226 13
41346431 26281827 100
41346458 18531314 42
41346483 35270219 76
41346500 6915431 77
41346522 38854993 83
41346567 21956760 38
41346630 1413801 32
41346671 3381811 14
41346672 41346673 29
41346676 3230905 83
30963462 2205354 86
41346740 976170 15
41346745 367407 30
41346749 41346750 44
41346765 1658615 4
41346766 20599789 2
41346818 32153885 55
41346829 7030435 96
41346830 26243767 73
41346831 14556404 24
41346832 41346833 74
41346842 915629 39
41346868 41346869 53
41346871 6723593 26
41346884 41346885 42
41346887 38975207 60
41346964 41346965 37
41346983 33795550 52
41346987 19668092 69
41347044 393107 70
41347049 19740941 16
41347050 31207643 6
41347096 2510135 12
41347096 1718534 7
41347097 26500047 45
41347099 4736059 100
41347115 1634161 70
30237895 1433511 65
41347165 34583843 59
41347177 1312419 97
41347180 41347181 97
41347245 905530 23
41347246 1357974 74
41347247 826784 55
41347248 898520 5
41347249 1299390 72
41347299 21028440 39
41347346 15118208 61
41347456 12024378 32
41347470 6884677 43
41347534 41347535 13
41347587 21455643 97
41347624 31644837 34
41347777 11456348 36
41347778 9351245 83
41347866 15420773 50
41347918 41347919 40
41347927 8008417 66
41347933 607731 52
41347959 4193543 4
41347963 38304199 48
41348017 10572690 6
41348049 20981716 84
41348085 118987 37
41348087 39062882 77
41348102 8662524 89
41348345 12110613 48
41348376 31519618 56
41348460 41348461 20
41348690 41348691 91
41348744 18684325 15
41348745 20497782 82
41348769 51092 88
41348774 41348775 33
41348800 41348801 12
41348820 10251726 72
41348830 31536524 59
41348840 27414085 75
41348841 594619 44
41348842 2649107 23
41348871 4613113 51
41348872 381723 59
41348873 27702508 55
41348877 3526497 19
41348878 1492934 36
41348879 2439684 70
41348880 5515434 25
41348919 18326754 85
41348972 723159 31
41349021 216953 45
41349104 18315296 56
41349187 17157326 77
41349214 20652144 98
41349408 842869 83
41349411 16583603 31
41349506 18330512 4
41349525 31207530 20
41349560 37682331 23
41349561 26971148 100
41349562 390998 78
41349563 1511332 19
41349564 7513347 5
41349601 18696424 47
41349613 19656882 33
41349641 32038805 13
41349642 2357442 94
41349643 18898903 26
41349644 18807701 75
41349654 1489579 9
41349696 17686485 28
41349764 41349765 50
41349766 5207088 35
41349787 2985014 36
41349788 5100159 75
41349789 880864 2
41349800 3543389 82
41349807 19061124 81
41349823 2912143 53
41349827 2462575 60
41349828 15192927 29
41349920 10732356 38
41349921 41349922 57
41349976 107536 57
41349977 4338423 33
41350013 507231 43
41350014 13636159 4
41350037 15838381 31
41350078 504308 92
41350223 2463209 20
41350358 6696898 4
41350495 17206766 79
41350751 832767 7
41350752 35848494 93
41350753 13430653 30
41350784 31534693 90
41350972 41350973 96
41351049 17305624 5
41351050 7515699 1
41351052 18047782 38
41351054 9635452 33
41351060 691665 89
41351130 16976891 72
41351131 4551927 3
41351132 11282334 41
41351136 1713212 88
41351411 16581539 7
41351450 2734115 24
41351451 912396 6
41351504 18311506 89
41351510 1446716 20
41351601 12092723 47
41351603 20962146 86
41351772 18462885 44
41351797 17315675 29
41351798 28979507 72
41351800 14943570 29
41351818 17403562 66
30963456 11450724 6
41351855 32030178 53
41351866 30195125 33
41351903 20989460 66
41351907 1772996 57
41351925 5622466 19
41351926 3164897 68
41351927 536687 39
41351928 19406401 41
41351929 27377575 37
41351973 19937627 96
41352024 41352025 77
41352261 41352262 70
41352272 9373141 94
41352273 21761058 1
41352274 8645947 8
41352278 671159 74
41352336 2511742 46
41352423 568566 86
41352772 25998631 85
41352773 7632477 25
41352970 7128003 63
41352971 41352972 72
41352975 34620744 24
41352976 41352977 36
41352980 3948625 71
41352983 15208343 89
41352984 10346772 70
41352985 12334703 25
41352986 25644526 5
41352988 3114453 90
41352989 41352990 74
41352991 10806628 5
41352994 11493191 89
41352995 1003647 31
41352996 3924183 64
41352998 19602771 98
41353001 10087828 12
41353002 19100158 63
41353003 41353004 20
41353006 28085308 56
41353007 358786 28
41353008 28822719 88
41353034 20017006 7
41353121 25792270 71
41353128 28849148 56
41353244 2446946 50
41353245 32122180 35
41353430 10516139 6
41353451 409419 43
41353452 38841779 10
41353453 12590609 77
41353476 31358562 76
41353506 10507553 100
41353533 21352744 25
41353534 15470557 27
41353535 11463438 7
41353536 8889761 26
41353566 4865507 15
41353576 21299885 37
41353578 698004 35
30970321 3355506 68
41353582 4576457 37
41353648 1111433 33
41353659 41353660 96
41353662 1529352 35
41353664 2898236 33
41353676 26607197 15
41353687 909997 52
41353690 2378180 15
41353693 1391171 91
41353694 685842 78
41353701 362403 96
41353709 2466928 9
41353711 1390216 73
41353720 4312471 2
41353723 6508102 99
30875677 1640667 32
41353728 4687388 96
41353730 20090021 92
41353742 5922983 29
41353747 28798481 55
41353753 1035188 4
41353754 31059626 22
41353758 2057 30
41353761 125122 38
41353766 19227820 50
41353767 2049020 85
41353769 1054997 64
41353773 3394497 83
41353774 2179235 62
41353775 10390323 100
41353777 202693 70
41353778 10821960 13
41353779 3159091 75
41353782 823199 67
41353793 1829536 76
41353796 4281618 88
41353821 515322 64
41353844 725381 45
41353848 503497 74
41353854 8867167 98
41353856 2362132 46
41353871 22413407 96
41353872 2734348 88
41353919 3035714 45
41353924 922507 8
41353926 891126 25
41353962 14562095 67
41353988 32594390 50
41353990 27083816 92
41354025 2435454 8
41354062 12700662 91
41354063 20525411 2
41354072 5209265 50
41354133 37745548 48
41354154 26378023 42
41354200 20921642 13
41354248 974709 93
41354254 8166085 28
41354256 7261669 95
41354314 20224694 41
41354326 2008336 88
41354366 31663263 95
41354411 11172208 97
41354412 28889987 32
41354413 1221124 23
41354415 7217105 38
41354417 31343978 84
41354418 21318487 47
41354421 10663868 81
41354422 31241038 57
41354434 21622112 23
41354461 1018907 13
41354473 674548 12
41354475 757118 65
41354477 3844378 90
41354479 1893196 80
41354482 303065 64
41354494 12115575 22
41354590 11133072 43
41354595 20558584 70
41354598 21373037 44
41354603 2320558 30
41354604 866591 3
41354605 1306398 69
41354606 1425824 10
41354607 603214 31
30979061 3329824 27
41354608 1520205 4
41354609 1262778 99
41354619 16244030 57
41354620 41354621 45
41354622 1597714 92
41354626 345461 35
41354627 670757 37
30222163 18202219 53
30940345 194469 68
41354629 1801427 88
41354630 536966 7
41354631 3144518 60
41354669 8532677 74
41354730 290779 62
41354742 341757 66
41354757 26783172 99
41354760 17024959 88
41354762 41354763 88
41354791 18318753 13
30963399 120717 15
41354855 709910 35
41354887 2767798 66
41354907 364658 34
41354987 1724818 11
41355000 2171621 3
41355001 16131602 63
41355003 186593 3
41355004 14516613 64
41355005 20655983 80
41355006 20556462 46
41355007 20702481 31
41355008 20677235 63
41355009 20677261 84
41355009 18327766 72
41355010 20677765 61
41355011 31271871 97
41355012 31274774 45
41355013 1669690 86
41355014 18324221 100
41355015 18324212 42
41355016 18315677 14
41355017 16439140 28
41355018 18324454 32
41355019 18324560 51
41355020 14520915 91
41355021 15604794 23
41355022 817335 15
41355023 20651689 52
41355024 31278534 29
41355025 18324851 8
41355026 18326345 63
41355027 5329086 90
41355028 18325100 81
41355029 18331101 67
41355030 14917070 45
41355031 18317954 66
41355032 18330868 31
41355033 18314966 93
41355034 31278835 90
41355035 895580 57
41355036 18320897 57
41355037 18320873 32
41355038 18326623 97
41355039 18326666 28
41355040 20599454 1
41355041 18330649 62
41355042 18330579 51
41355043 5960785 21
41355044 2985034 72
41355045 20652167 19
41355046 18326833 1
41355047 18320680 57
41355048 20650486 73
41355049 18314716 43
41355050 18313676 16
41355051 18314677 65
41355052 18327996 79
41355053 18328108 24
41355054 18328039 18
41355055 18328152 47
41355056 18319119 55
41355057 20652662 57
41355058 18329572 50
41355059 18318928 96
41355060 18318903 83
41355061 31281549 8
41355062 31289288 15
41355063 856472 30
41355064 9582872 50
41355065 2642412 89
41355066 1423326 28
41355067 21315770 46
41355068 5230487 40
41355069 10218461 5
41355070 31354603 5
41355071 31363197 10
41355072 25561457 68
41355073 7388371 67
41355074 20851870 23
41355075 4158076 52
41355076 31495879 58
41355077 20226173 72
41355078 20709355 96
41355079 31534383 41
41355080 16252869 14
41355081 31550223 45
41355082 31563513 96
41355083 569673 39
41355084 16914716 75
41355085 15102871 84
41355086 31642136 78
41355087 19959953 96
41355088 3441460 63
41355089 13035020 83
41355090 3146508 1
41355091 31742949 43
41355092 384059 19
41355093 41355094 62
41355095 41355096 91
41355097 41355098 75
41355099 477612 16
30979043 1599346 80
41355100 580749 56
41355101 111530 89
41355102 95151 35
41355103 962350 24
41355104 325151 11
41355105 953578 1
41355106 395514 28
41355107 2726674 97
41355108 2625810 63
41355109 57932 56
41355110 488803 40
41355111 3268323 61
41355112 2069147 76
30979011 832153 72
41355113 2424354 64
41355114 520889 40
41355115 1653516 55
41355116 1719170 71
41355117 1488393 74
41355118 1305516 34
41355119 1633487 25
41355120 1807228 3
41355121 902495 54
30963417 1341330 100
41355122 3922343 91
41355123 363839 11
41355124 390414 89
41355125 2476897 74
41355126 1805887 37
41355127 1088381 49
41355128 865852 36
41355129 1687955 39
41355130 889711 10
41355131 1896117 59
41355132 1727213 29
41355133 318586 52
41355134 2921539 66
41355135 339348 43
41355136 3308290 100
41355137 1448920 58
41355138 351806 20
41355139 225233 42
41355140 1398708 87
41355141 50980 83
41355142 1658417 27
41355143 661054 15
41355144 1711974 65
41355145 1450856 18
41355146 1163834 79
41355147 437837 74
41355148 1398318 66
41355149 1333815 45
41355150 994982 59
41355151 1425125 99
41355152 212979 59
41355153 2402188 83
41355154 243352 95
41355155 651477 39
41355156 172415 18
41355157 1483614 58
41355158 175368 87
30963393 669401 49
41355159 395639 70
41355160 2768332 39
41355161 446346 71
41355162 598697 24
41355163 1592023 37
41355164 1012976 23
30875510 2084764 35
41355165 924239 94
41355166 102622 99
41355167 1735568 46
41355168 3272922 9
41355169 2090162 78
41355170 1398106 98
41355171 979239 6
41355172 477856 23
41355173 50854 11
41355174 2726065 32
41355175 517853 97
41355176 1559868 71
41355177 1754499 47
41355178 373589 41
41355179 404931 84
41355180 395961 13
41355181 1382276 60
41355182 1263604 58
41355183 717453 21
41355184 540052 27
41355185 651639 51
41355186 1046936 41
41355187 3273428 3
41355188 1208361 44
41355189 31924 21
41355190 448089 61
41355191 1393812 68
41355192 2633447 45
41355193 3122000 68
41355194 671574 39
41355195 397137 97
41355196 739927 28
41355197 106979 18
41355198 7173302 36
41355199 3254906 69
41355200 597654 24
41355201 636277 4
41355202 739602 76
41355203 898177 75
41355204 1255001 40
41355205 3148427 54
41355206 917875 69
41355207 330058 15
41355208 879304 65
41355209 342672 17
41355210 862116 58
41355211 2315259 72
41355212 4185788 19
41355213 2245921 67
41355214 861903 27
41355215 5945369 71
41355216 1641291 92
41355217 912591 13
41355218 1658238 80
41355219 1442717 56
41355220 909825 6
41355221 7382266 56
41355222 1493513 9
41355223 10338745 80
41355224 374037 17
41355225 2018957 47
41355226 3344170 44
41355227 641121 93
41355228 12165474 63
41355229 1846738 34
41355230 249842 81
41355231 324099 52
41355232 1311650 46
41355233 987636 32
41355234 1532679 58
41355235 1497632 65
41355236 389830 70
41355237 2496506 28
41355238 706748 100
41355239 2151948 66
41355240 3137415 92
41355241 15844554 78
41355242 2314649 15
41355243 665522 61
41355244 2133649 86
41355245 1247403 47
41355246 11273778 10
41355247 7523814 43
41355248 1601186 3
41355249 2279209 6
41355251 2186311 38
41355252 6705316 3
41355253 903132 61
41355254 326813 96
41355255 1635639 87
41355256 52232 61
41355257 2962896 51
30237770 5580832 14
41355258 1923202 40
41355259 2399909 9
41355260 5497024 61
41355261 3053389 41
41355262 4542742 7
41355263 665923 46
41355264 2577250 34
41355265 4864709 46
41355266 3075951 32
41355267 3418149 97
41355268 805692 94
41355269 15025109 5
41355270 2331232 41
41355271 1680683 43
41355272 6285832 22
41355273 3780070 79
41355274 1650211 57
41355275 2808910 48
41355276 1962352 48
41355277 15547528 89
41355278 19587407 95
41355279 5124089 60
41355280 466732 29
41355281 10795202 75
41355282 2810249 60
41355283 26527136 13
41355284 32631641 40
41355285 39448178 4
41355286 9235158 17
41355287 41355288 43
41355289 11568600 84
41355290 4685160 4
41355291 25583749 81
41355292 22010481 22
41355293 1420393 17
41355294 32633250 84
41355295 2817838 54
41355296 30005775 16
41355297 32095291 73
41355298 41355299 63
41355300 39445230 60
41355301 25622622 93
41355302 16249415 44
41355303 35153679 30
41355304 19476253 61
41355305 16449624 93
41355306 25774158 24
41355307 8398936 61
41355308 17715520 29
41355309 31806290 94
41355310 18332988 60
41355311 19087529 63
41355312 20241788 54
41355313 41355314 98
41355315 31969307 5
41355316 17765429 70
41355317 28146761 44
41355318 41355319 46
41355320 24101304 50
41355321 18813458 29
41355322 29388118 25
41355323 26504178 93
41355324 36546557 96
41355325 2014224 51
41355326 40775535 11
41355327 27884893 28
41355328 1634576 24
41355329 7623013 6
41355330 41355331 74
41355332 13504284 34
41355333 27977569 12
41355334 26382613 11
41355335 17393640 6
41355336 41355337 76
41355338 6517652 39
41355339 27324359 15
41355340 20165469 72
41355341 26254440 47
41355342 39130615 21
41355343 21419836 99
41355344 31793242 61
41355345 41355346 10
41355347 31976796 1
41355348 21958535 1
41355349 25522326 84
41355350 26663340 74
41355351 6656553 15
41355352 14540895 82
41355353 10087206 40
41355354 34639348 22
41355355 41355356 5
41355357 41355358 77
41355359 15219331 85
41355360 38837687 83
41355361 34515052 33
41355362 21419449 31
41355363 34095424 81
41355364 21038628 41
41355365 27864709 47
41355366 19859414 94
41355367 34595818 31
41355368 31947347 49
41355369 32915591 67
41355370 19021319 54
30979400 30979402 75
41355371 2186491 23
41355372 27939702 6
41355373 41355374 83
41355375 19936631 55
41355376 2689486 30
41355377 32635939 97
41355378 21643418 84
41355379 34527596 86
41355380 34571942 11
41355381 14664364 55
41355382 34504273 92
41355383 41355384 8
41355385 18983021 90
41355386 21594972 1
41355387 19812650 56
41355388 21560423 14
41355389 20226742 93
41355390 26237797 76
41355391 1334692 69
41355392 19906083 96
41355393 934577 92
41355394 21315483 79
41355395 16655292 48
41355396 14291490 91
41355397 41355398 27
41355399 33795437 22
41355400 8706214 24
41355401 18873833 84
41355403 21242050 69
41355404 3692846 39
