4929132 4929160 21
5185785 813268 76
5361759 95578 29
5437441 813268 54
5482000 173887 27
5677455 3619403 6
5681377 2506591 72
5819222 4509117 94
6100238 626 22
6144231 6144250 35
6220682 6220693 16
6572079 6572087 84
6602651 2199257 94
6613767 6470913 57
6994386 813268 44
7173140 626 4
7457534 7457545 73
7466367 5883156 77
7561670 2506591 28
7612856 6511 67
7757644 5883156 2
7789724 6572087 91
7856080 281666 23
7991680 813268 20
7991801 813268 71
8126170 173887 11
5495251 5495154 32
8145284 813268 27
8227591 141160 16
4352231 4417644 4
8439248 813268 24
8534107 1830674 27
8615481 2506591 40
8741863 8741876 7
8755334 813268 54
9076198 8758035 62
9188323 813268 82
9224709 813268 23
9323145 813268 87
9414978 34514 89
9469526 2506591 23
9513075 813268 61
9513209 3619403 74
9513209 813268 87
9515816 813268 71
9518628 9518637 35
9519819 813268 82
9688775 377249 63
39472 162030 63
9704480 6441 2
9749370 71694 6
9765221 141160 20
9776044 281666 11
9832383 813268 11
9108131 3835776 22
10081367 10081374 25
10143205 71694 13
10187498 1471911 43
173450 289699 71
173450 2842 45
173450 272936 15
173450 289712 68
173450 23152 63
84316 289699 60
84316 289700 46
84316 289703 44
84316 2842 40
84316 17861 66
84316 272936 72
84316 4250 15
84316 289712 48
84316 289713 8
84316 4041 59
84316 23152 30
84316 289714 50
84316 17898 74
84316 289715 27
84316 45337 17
84316 273741 64
84316 144521 1
84316 289716 36
84316 289717 88
84316 289718 18
84316 289733 78
84316 289734 30
2620081 287669 82
10402741 10402743 33
10402748 10402743 75
10402752 10402743 1
10472885 10472896 98
10499082 2780 77
10526371 936962 48
10555066 5630342 59
10616607 1093777 50
10617660 1093777 13
10620146 1093777 98
10402743 1093777 86
399242 73978 17
10745916 813268 72
10748906 813268 33
2468775 16437 7
10768924 1717110 92
10780939 651498 33
293789 813268 67
10958356 10958359 94
12058 73978 48
11031133 4217754 41
11043703 813268 57
11087486 813268 91
11142360 11142365 57
8211062 813268 49
11185368 11185372 12
11321549 1717110 50
11442855 808986 44
11487560 281666 16
11514104 10534419 88
11671414 73978 5
11675172 2476 52
11766805 11766808 79
11918505 11607191 68
11929201 813268 64
11931206 73978 99
11931206 55893 20
11931206 10568952 28
11931206 10622037 71
11931206 2841412 24
11931206 4899730 62
11931206 11931208 93
11931206 11931210 16
8409814 2839255 5
12019558 813268 3
12020656 12020659 15
150805 474980 9
12180832 12180834 26
12229371 278993 22
12306584 73978 39
12329368 569512 64
12167159 73978 54
12167159 4901967 4
12167159 12167176 71
12561925 813268 41
12572184 813268 14
12619486 474980 26
12619486 73978 65
12619486 55893 83
12619486 4977099 63
12619486 4907189 38
12619486 206916 38
12619486 2841412 50
12619486 4899730 4
12619486 12619490 94
184460 474980 83
184460 73978 22
184460 569512 39
13037727 4824077 65
13169037 2506591 1
13231498 73978 45
3085077 2392412 81
12069 74201 84
12069 74203 100
13279606 10045520 90
13283543 9841419 47
13284123 9841419 10
13286442 10045520 67
74255 268194 17
13337131 10045520 73
13388554 569512 3
13400652 1093777 55
13442021 13442024 6
1009456 73978 42
647680 500427 10
13595358 141473 11
14224029 813268 3
14244797 1717110 63
14258759 813268 57
14452408 3619403 100
14452408 143056 50
14457533 542062 94
14457533 5184457 56
14457827 813268 76
14463302 808986 34
14489286 14489289 36
14489286 14489292 10
14525461 813268 45
106347 281666 66
11574481 3619403 40
14569384 813268 78
14617470 813268 63
14632687 2822 26
10684114 813268 33
14709662 10584607 9
14735400 813268 61
14745711 14745714 88
14793823 2506526 87
14793823 2506591 57
14838892 813268 24
14876496 813268 87
15018291 45337 53
15018291 1035440 43
15018291 15018293 29
15021916 118111 32
12283044 136800 89
5345272 813268 32
535138 1251696 44
15299765 1251696 91
15299765 15299767 93
535821 1251696 73
535823 1251696 24
4941339 281666 59
15554863 2398846 23
15608893 2398846 31
15636532 2506526 28
15650389 278993 91
23698914 17960 47
24390576 813268 43
24401901 538132 63
24405138 813268 81
25267552 13700574 56
27609757 27609759 74
27646109 27646111 22
1348438 2223207 89
712949 1471911 4
28363428 6572087 21
28363432 6572087 35
28363434 6572087 45
28363435 6572087 95
28363436 6572087 1
28363438 6572087 100
28363439 6572087 92
28363440 6572087 86
28363441 6572087 11
28363442 6572087 27
28363443 6572087 23
28363444 6572087 47
28363445 6572087 12
28363446 6572087 11
28363447 6572087 83
28363448 6572087 44
28363449 6572087 41
28363451 6572087 20
28363453 6572087 25
28363454 6572087 9
28363455 6572087 3
28363456 6572087 89
28363457 6572087 94
28363458 6572087 83
28363459 6572087 38
28363460 6572087 21
28363461 6572087 72
28363462 6572087 43
28363463 6572087 51
28363464 6572087 80
28363465 6572087 28
28363466 6572087 75
28363467 6572087 12
28363468 6572087 16
28363469 6572087 68
28363470 6572087 47
28363471 6572087 28
28363472 6572087 97
28363473 6572087 7
28363474 6572087 74
28363475 6572087 96
28363476 6572087 10
28363477 6572087 87
28363478 6572087 20
28363479 6572087 81
28363480 6572087 83
28363481 6572087 77
28363482 6572087 19
28363483 6572087 99
28363484 6572087 6
28363485 6572087 95
28363486 6572087 51
28363487 6572087 72
28363488 6572087 40
28363489 6572087 39
28363490 6572087 75
28363491 6572087 84
28363492 6572087 76
28363493 6572087 94
28363494 6572087 58
28363495 6572087 56
28363496 6572087 44
28363497 6572087 51
28363498 6572087 89
28363499 6572087 17
28363500 6572087 44
28363501 6572087 44
28363502 6572087 31
28363503 6572087 90
28363504 6572087 44
28363505 6572087 87
28363506 6572087 57
28363507 6572087 47
28363508 6572087 74
28363509 6572087 63
28363510 6572087 94
28363511 6572087 44
28363512 6572087 74
28363513 6572087 6
28363514 6572087 4
28363515 6572087 17
28363517 6572087 39
28363518 6572087 63
28363520 6572087 58
28363521 6572087 90
28363522 6572087 23
28363523 6572087 89
28363524 6572087 87
28363525 6572087 12
28363526 6572087 24
28363527 6572087 58
28363528 6572087 53
28363529 6572087 11
28363530 6572087 96
28363531 6572087 1
28363532 6572087 55
28363533 6572087 51
28363534 6572087 4
28363535 6572087 60
28363536 6572087 14
28363537 6572087 32
28363538 6572087 53
28363539 6572087 66
28363540 6572087 91
28363541 6572087 89
28363542 6572087 96
28363543 6572087 8
28363544 6572087 29
28363545 6572087 99
28363546 6572087 10
28363547 6572087 81
28363549 6572087 57
28363550 6572087 52
28363551 6572087 70
28363553 6572087 16
28363554 6572087 15
28363555 6572087 42
28363556 6572087 70
28363557 6572087 30
28363558 6572087 70
28363559 6572087 90
28363560 6572087 28
28363561 6572087 55
28363562 6572087 21
28363563 6572087 44
28363564 6572087 56
28363565 6572087 64
28363566 6572087 17
28363567 6572087 62
28363569 6572087 38
28363570 6572087 99
28363571 6572087 83
28363572 6572087 60
28363573 6572087 94
28363574 6572087 18
28363575 6572087 30
28363576 6572087 95
28363577 6572087 1
28363578 6572087 83
28363579 6572087 39
28363580 6572087 73
28363581 6572087 87
28363582 6572087 37
28363583 6572087 10
28363584 6572087 5
28363585 6572087 9
28363586 6572087 100
28363587 6572087 18
28363588 6572087 76
28363590 6572087 66
28363591 6572087 21
28363592 6572087 73
28363593 6572087 10
28363594 6572087 67
28363595 6572087 47
28363596 6572087 47
28363597 6572087 63
28384995 2822 34
28388027 21248 96
28416248 10499082 26
28424407 10322916 28
28442011 14295247 89
28443978 13307 41
28443989 13307 67
150810 474980 45
28494863 747294 68
28497772 278993 70
28498523 16437 99
28509586 80124 100
28541593 381244 62
28555384 162311 3
28557965 10295821 35
28571538 10974100 27
28571655 11365163 93
28586988 28213055 2
28593513 16437 85
4613209 474980 52
150811 474980 32
28628092 808986 28
28679572 13354153 62
28679876 13354153 57
28688975 28191886 41
28696563 808986 32
28696563 1717110 60
28704114 1717110 44
28704192 1717110 18
28704343 1717110 50
28705582 1717110 9
8850164 281666 90
7279902 928601 33
28998677 4899807 87
29007662 4899807 10
29370643 6108235 80
29371428 6108235 55
29592878 25466813 70
1669519 1471911 3
30298647 95578 34
28672290 272936 6
28672290 45337 41
30333384 3947861 7
30345901 30345902 52
30352620 16437 76
30352620 281666 77
30359885 13354155 75
30371040 4970369 100
1163178 289713 100
30395524 538132 95
8271317 21256 65
14351885 21256 14
14745714 21256 14
30582720 735055 73
30733958 57831 59
29044436 422945 72
29044436 272936 29
29044436 29044440 81
29044436 45337 84
4293548 4377530 60
1556617 1251696 16
535501 1251696 4
535501 1252378 62
30804390 15299767 49
30420235 1251696 84
10012352 1251696 18
1556537 1251696 34
1556878 1251696 72
535503 1252378 83
30808733 15299767 26
30809361 1068244 1
7457545 2780 76
30854283 1097365 50
30885242 30885248 62
30886580 13771707 21
30243915 5883156 29
31000840 31000841 38
31099219 14323042 22
31101650 173887 86
31103039 3947861 31
939455 4353 86
31172267 31172268 95
31217483 9669700 24
31222647 9669700 68
4308586 5242 7
4308586 289716 15
31921393 13291442 11
32551668 5883156 51
31994938 6108235 34
32816402 446556 16
32829979 565238 70
4543085 4561793 12
32998360 80124 20
32998360 32998364 42
33003488 808986 43
33005165 80124 16
33008442 33008444 72
33008804 31904365 32
3849221 4085110 68
33042536 33042538 22
33113132 33113133 20
33113767 36288 44
33114450 813268 62
33114782 813268 90
33114810 813268 38
33114813 813268 88
33114814 813268 8
33115044 813268 93
33115057 813268 36
33115135 813268 32
33115141 813268 94
33117216 813268 62
33117220 813268 31
33120433 33120436 22
33120612 33120613 69
33124625 2506591 25
33125009 813268 51
3572943 2392412 90
33136714 5938063 64
33136714 6016204 74
33247511 33247512 64
2160216 2900837 63
3614213 3937942 19
28719212 2398846 79
33339968 2398846 45
33362381 1580880 55
33362381 4359102 89
33364395 2398846 58
33376520 2398846 40
33382208 3090309 13
33391088 2398846 96
33414508 2398846 28
33414874 2398846 95
33452802 2398846 16
8416665 2398846 37
33502260 16437 17
903213 281666 54
33655263 6595576 99
30574956 30574955 100
33779974 206916 66
33782516 266595 89
33831950 38 76
33831950 33655263 11
33872720 10516663 43
34219888 586570 63
34219927 586570 75
34219942 586570 7
34220045 586570 47
34220190 586570 15
34221324 1252378 59
34221327 1251696 3
34221327 1252378 92
34235500 586570 58
34277684 586570 29
34284183 1251696 7
34291421 1251696 68
34308310 586570 64
34314631 586570 75
34314781 586570 66
34315013 586570 95
34310104 34310109 91
30737381 1251696 23
34382965 16437 16
34387356 15299767 7
34407868 34349159 99
34409016 250701 65
34409016 1471911 66
34415649 1251696 93
34427843 34427844 91
34428728 1251696 6
23701811 23701814 33
34469146 752811 99
30741164 1251696 94
1211596 2476 71
1211596 516253 88
1211596 2087440 22
1211596 2087441 63
1211596 45337 3
1211596 144521 26
1211596 289716 68
1211596 2087442 5
1211596 289734 21
34726326 16437 93
34728454 538132 10
34761247 2822 40
34761422 752811 18
34761489 3619403 51
34762797 28728393 8
34762809 2506526 41
34762809 2506591 39
34855361 13154444 42
34856938 2361 35
34869893 13307 66
34871928 3051586 42
34874219 16437 37
34874365 278993 29
34875791 4060022 25
34903067 281666 69
34903132 4060022 79
34905934 4060022 82
11578319 4060022 18
34906197 1717110 60
34906288 4396998 82
24393536 4396998 61
4322001 4396998 16
34910726 4060022 68
34973839 6108235 51
34973840 6108235 87
34993774 33008144 46
3164198 3633413 48
34995643 3947861 39
34998544 813268 51
34998907 813268 84
35000174 813268 36
35001788 813268 28
35002211 813268 76
35006989 2822 12
35007782 813268 73
35009186 813268 51
35009648 813268 56
9357512 9357528 29
485666 272936 43
33251570 14197177 7
35353451 5926243 5
35404000 4359102 89
35404199 4359102 77
35404497 4396998 18
35404690 2506526 60
35405434 4280365 60
4929807 1471911 68
35537760 2506591 71
35537814 2506526 84
35538524 2506591 27
35538527 2506591 90
35538528 2506526 15
35538529 5883156 80
35539312 3443825 48
35541684 1097365 57
35606181 7609401 33
35607758 7609401 37
35608981 7609401 5
35661240 32851171 59
35670427 10591206 72
35671943 1535801 7
35673212 2903253 56
35673320 3443825 1
35681928 16437 77
35684556 158581 46
35692445 5883156 21
35703840 1097365 77
35713898 2398846 24
35717195 35461347 10
35718862 1097365 67
35774076 28224565 64
35868664 33580737 90
35868665 33580737 62
35868666 33580737 22
35868667 33580737 96
35868672 33580737 51
35868670 33580737 56
35868680 33580737 77
35868678 33580737 74
35868671 33580737 29
35868673 33580737 29
35868677 33580737 37
35868679 33580737 13
35868669 33580737 92
35868675 33580737 14
35987824 9317421 99
35987825 9317421 83
35987826 9317421 48
35988073 9317421 97
35988074 9317421 92
35988075 9317421 31
35987827 9317421 68
35988483 9317421 38
35988484 9317421 32
35988553 9317421 22
35988554 9317421 84
35988076 9317421 40
35987828 9317421 78
35988588 9317421 68
35988589 9317421 39
35988485 9317421 56
35988555 9317421 38
35988077 9317421 24
35988590 9317421 100
35987829 9317421 48
35988486 9317421 91
35988556 9317421 70
35988487 9317421 64
35988557 9317421 66
35988078 9317421 88
35987830 9317421 39
35988591 9317421 45
35987831 9317421 3
35988592 9317421 14
35988079 9317421 7
35987832 9317421 87
35988080 9317421 26
35988593 9317421 98
35988081 9317421 5
35987833 9317421 82
35988594 9317421 53
35989893 9317421 12
35989894 9317421 77
35989895 9317421 21
35989896 9317421 61
35988082 9317421 43
35988595 9317421 1
35987834 9317421 4
35992445 9317421 41
35992446 9317421 54
35988488 9317421 23
35988558 9317421 47
35989897 9317421 9
35988083 9317421 65
35987835 9317421 78
35988596 9317421 26
35992447 9317421 71
35989898 9317421 60
35988489 9317421 62
35988559 9317421 91
35988084 9317421 63
35987836 9317421 17
35988597 9317421 44
35988490 9317421 7
35989899 9317421 4
35988560 9317421 77
35992448 9317421 50
35988085 9317421 4
35988598 9317421 84
35987837 9317421 13
35988086 9317421 44
35988491 9317421 36
35989900 9317421 75
35992449 9317421 12
35988561 9317421 9
35995569 9317421 78
35995570 9317421 12
35988087 9317421 9
35988599 9317421 6
35987838 9317421 74
35988492 9317421 37
35995571 9317421 3
35988493 9317421 65
35988088 9317421 31
35988600 9317421 32
35987839 9317421 71
35988562 9317421 2
35988494 9317421 34
35992450 9317421 80
35989901 9317421 90
35988089 9317421 91
35988601 9317421 87
35987841 9317421 65
35988495 9317421 30
35988563 9317421 79
35992451 9317421 2
35989902 9317421 52
35988090 9317421 48
35988091 9317421 11
35988602 9317421 53
35995572 9317421 28
35988496 9317421 71
35988092 9317421 33
35988603 9317421 65
35987842 9317421 29
35995573 9317421 38
35988497 9317421 80
35987843 9317421 98
35988093 9317421 11
35988604 9317421 16
35988564 9317421 98
35992452 9317421 78
35989903 9317421 17
35988605 9317421 71
35988565 9317421 74
35992453 9317421 99
35989904 9317421 46
35988606 9317421 25
35992454 9317421 56
35989905 9317421 93
35988498 9317421 69
35995574 9317421 72
35995575 9317421 77
35988094 9317421 100
35988607 9317421 49
35987844 9317421 94
35988499 9317421 65
35988095 9317421 30
35987845 9317421 9
35988608 9317421 68
35995576 9317421 98
35988500 9317421 24
35988096 9317421 76
35987846 9317421 1
35988609 9317421 1
35988566 9317421 93
35988501 9317421 21
35992455 9317421 86
35989906 9317421 37
35987847 9317421 12
35988097 9317421 71
35988610 9317421 43
35987848 9317421 55
35988502 9317421 64
35992456 9317421 9
36000737 9317421 57
36000738 9317421 82
35989907 9317421 17
35988098 9317421 11
35988099 9317421 88
35987849 9317421 61
35988611 9317421 20
35992457 9317421 3
35989908 9317421 78
36000739 9317421 13
35988567 9317421 16
35988100 9317421 38
35988612 9317421 83
35987850 9317421 33
35988613 9317421 64
35989909 9317421 83
35992458 9317421 20
35988503 9317421 16
35988568 9317421 25
35988614 9317421 60
35988101 9317421 49
35987851 9317421 60
36001088 9317421 25
36001089 9317421 47
35988504 9317421 86
35989910 9317421 61
35988569 9317421 61
35992459 9317421 86
36000740 9317421 47
35988102 9317421 21
35988615 9317421 53
35987852 9317421 97
36001090 9317421 26
35988570 9317421 1
35988505 9317421 99
35992460 9317421 30
35989911 9317421 49
35988616 9317421 52
35988103 9317421 87
35987853 9317421 44
35988617 9317421 60
36001303 9317421 88
35988571 9317421 33
35988506 9317421 89
35992461 9317421 27
36001091 9317421 100
35988104 9317421 62
35988105 9317421 81
35987854 9317421 53
36001661 9317421 36
35988572 9317421 5
35992462 9317421 88
36001092 9317421 60
35989912 9317421 97
35988106 9317421 59
36001662 9317421 12
35987855 9317421 44
35988573 9317421 68
35988507 9317421 7
35992463 9317421 99
35989913 9317421 31
36001093 9317421 46
35988574 9317421 51
35988508 9317421 86
35992464 9317421 46
35989914 9317421 97
36001094 9317421 42
35988107 9317421 8
35987856 9317421 74
36001663 9317421 28
35988509 9317421 39
36001095 9317421 33
35989915 9317421 38
35995577 9317421 66
35988108 9317421 45
35987857 9317421 96
36001664 9317421 80
35988575 9317421 30
35988510 9317421 49
35992465 9317421 24
35989916 9317421 84
36001096 9317421 44
35988109 9317421 29
36001665 9317421 35
35987858 9317421 36
35988511 9317421 21
36001097 9317421 50
36001666 9317421 44
35992466 9317421 84
35995578 9317421 75
35987859 9317421 32
36001667 9317421 78
35988110 9317421 50
35988576 9317421 93
35992467 9317421 77
35989917 9317421 45
36001098 9317421 38
35988111 9317421 50
35987860 9317421 50
36001668 9317421 42
35988577 9317421 75
35988512 9317421 84
35992468 9317421 81
35989918 9317421 66
36001099 9317421 45
35987861 9317421 79
36001669 9317421 74
35988112 9317421 80
35988513 9317421 43
36001100 9317421 85
35988113 9317421 20
35988578 9317421 80
35988514 9317421 69
36001101 9317421 58
35992469 9317421 99
35989919 9317421 73
35988579 9317421 46
36001102 9317421 46
35988515 9317421 31
35988580 9317421 8
35988581 9317421 51
35988582 9317421 59
36001103 9317421 31
36001104 9317421 24
36001105 9317421 60
36001106 9317421 76
36001107 9317421 48
36007999 9317421 21
36008000 9317421 53
36008001 9317421 10
36008118 9317421 67
36008119 9317421 15
36008002 9317421 1
36008208 9317421 74
36008209 9317421 10
36008120 9317421 42
35868676 33580737 72
35868674 33580737 79
36008003 9317421 94
36008375 9317421 26
36008376 9317421 82
36008210 9317421 96
36008412 9317421 90
36008413 9317421 54
36008244 9317421 52
36008121 9317421 62
36008377 9317421 16
36008004 9317421 81
36008211 9317421 71
36008414 9317421 6
36008486 9317421 63
36008487 9317421 79
36008503 9317421 75
36008504 9317421 85
36008212 9317421 40
36008415 9317421 37
36008488 9317421 75
36008505 9317421 29
36008245 9317421 41
36008122 9317421 92
36008005 9317421 36
36008378 9317421 98
36008213 9317421 47
36008416 9317421 69
36008489 9317421 45
36008506 9317421 18
36008246 9317421 82
36008006 9317421 18
36008123 9317421 6
36008379 9317421 22
36008124 9317421 59
36008007 9317421 72
36008214 9317421 19
36008417 9317421 53
36008490 9317421 22
36008507 9317421 55
36008380 9317421 23
36008125 9317421 59
36008008 9317421 15
36008381 9317421 69
36008215 9317421 71
36008491 9317421 49
36008508 9317421 66
36008247 9317421 79
36008126 9317421 66
36008382 9317421 12
36008009 9317421 31
36008216 9317421 4
36008418 9317421 87
36008492 9317421 92
36008509 9317421 36
36008419 9317421 93
36009849 9317421 99
36009850 9317421 96
36008127 9317421 14
36008010 9317421 81
36008383 9317421 37
36008420 9317421 46
36009851 9317421 44
36008128 9317421 43
36008384 9317421 84
36008011 9317421 78
36008217 9317421 69
36008421 9317421 90
36008493 9317421 7
36008510 9317421 37
36008129 9317421 98
36008385 9317421 46
36008012 9317421 20
36008218 9317421 88
36008422 9317421 39
36008511 9317421 78
36008130 9317421 91
36008013 9317421 92
36010518 9317421 64
36008219 9317421 85
36008220 9317421 10
36008423 9317421 47
36008494 9317421 77
36008131 9317421 23
36008014 9317421 67
36010519 9317421 40
36008424 9317421 84
36008495 9317421 20
36008512 9317421 74
36008015 9317421 26
36008132 9317421 5
36010520 9317421 20
36008016 9317421 52
36008133 9317421 52
36008221 9317421 82
36008425 9317421 6
36008496 9317421 57
36008513 9317421 87
36008134 9317421 80
36010521 9317421 80
36008426 9317421 2
36009852 9317421 1
36008135 9317421 45
36008017 9317421 8
36010522 9317421 49
36008427 9317421 7
36009853 9317421 17
36008136 9317421 82
36008018 9317421 87
36010523 9317421 9
36008137 9317421 94
36008222 9317421 1
36008497 9317421 35
36008514 9317421 45
36008223 9317421 52
36008498 9317421 28
36008515 9317421 33
36008224 9317421 77
36008428 9317421 17
36008499 9317421 87
36008516 9317421 11
36009854 9317421 7
36010524 9317421 13
36008429 9317421 80
36009855 9317421 97
36008138 9317421 16
36008019 9317421 89
36010525 9317421 72
36008430 9317421 91
36008139 9317421 63
36010526 9317421 52
36008020 9317421 23
36008225 9317421 95
36008431 9317421 90
36008140 9317421 57
36008021 9317421 58
36010527 9317421 24
36014001 9317421 26
36008022 9317421 63
36008141 9317421 52
36010528 9317421 33
36008023 9317421 65
36008142 9317421 30
36008432 9317421 41
36008500 9317421 94
36014598 9317421 63
36014003 9317421 89
36008226 9317421 45
36008143 9317421 55
36008024 9317421 3
36010529 9317421 22
36008227 9317421 93
36008433 9317421 89
36008501 9317421 98
36014599 9317421 82
36008144 9317421 25
36008025 9317421 69
36010530 9317421 74
36008026 9317421 76
36008145 9317421 22
36010531 9317421 40
36014735 9317421 42
36014736 9317421 92
36008434 9317421 84
36008502 9317421 80
36014600 9317421 16
36014004 9317421 56
36008146 9317421 74
36010532 9317421 64
36008027 9317421 73
36008147 9317421 48
36008228 9317421 66
36008435 9317421 76
36014601 9317421 38
36014737 9317421 20
36008148 9317421 44
36008028 9317421 97
36010533 9317421 17
36010534 9317421 68
36008229 9317421 2
36014738 9317421 18
36014005 9317421 70
36010535 9317421 76
36008149 9317421 81
36010536 9317421 88
35868683 33580737 23
35868682 33580737 70
35868684 33580737 10
35868668 33580737 50
31122132 281666 86
36267621 2294187 94
36393101 377249 65
36424686 1035440 36
36432556 3446401 25
36471342 4396998 56
36476488 4396998 26
36477566 4396998 45
36527623 1251696 77
36644398 2506591 67
36680880 265941 60
36728652 11142365 65
36757321 283599 61
37489450 10606484 56
37699781 5883156 4
37889743 32139700 2
2270288 281666 10
37938607 656477 73
31939742 240637 5
38250331 5883156 42
38254204 5883156 11
38260773 5883156 47
38268710 5883156 44
38272537 5883156 70
38272539 5883156 99
38339594 1471911 10
29729632 377249 20
38818018 268194 47
3601450 1471911 23
39270273 3590043 46
39424469 281666 18
39466349 158581 12
39584204 474980 17
39584204 569512 35
39681551 250701 16
39681551 15004966 25
33614640 808585 31
39982674 1097365 56
39991685 1097365 64
39991685 33139701 27
39999420 3174660 18
40005269 1097365 88
40006080 1097365 94
40006118 1097365 17
40025456 11142365 99
40026894 11142365 44
40030895 11142365 99
40101765 2506526 49
40109066 5883156 92
40127990 5893347 9
40131382 2506591 57
40137350 2506591 96
40140537 2199257 68
40142697 2506526 44
40142697 2506591 54
393601 1003866 27
40148378 2199257 46
40148903 2506591 61
40149288 2506526 55
40149288 2506591 64
40150341 2506591 8
40151876 2506591 88
40154203 4359102 79
40166771 13768541 86
40172501 29049722 3
40175796 2506591 33
40176356 785887 8
34767452 1471911 78
40192593 31125274 10
40193734 2506591 85
40204589 281666 23
40205235 10555066 91
40213340 2199257 46
40214369 2506591 56
40220780 2506526 98
40220780 2506591 4
40229819 785887 89
40596620 3443825 100
40167958 10572189 32
10031899 16437 66
40649041 752811 27
40702403 9317421 65
40702420 9317421 83
40702913 9317421 57
40702914 9317421 5
40703039 9317421 10
41198127 16437 30
41200973 13354155 11
41201008 6887724 82
41349157 30219539 91
41449496 96957 97
41449498 1580880 73
41449499 716863 53
41449500 267353 18
41449502 10617853 24
41449503 752611 34
41449504 4951145 17
41449505 13345017 76
41449506 33779974 27
41449508 1097365 20
41449510 1097365 66
41449512 41449513 50
41449514 1077758 37
41449515 1093799 3
41449517 9841419 2
41449518 651731 56
41449519 212044 85
41449520 5002594 64
41449521 10620146 76
41449522 4941768 42
41449523 11058763 97
41449525 29049678 37
41449526 7609401 37
41449529 7609401 90
41449530 7609401 82
41449531 16437 56
41449531 41449532 41
41449533 4359102 99
41449535 4359102 48
41449536 4359102 28
41449538 4359102 50
41449540 4359102 99
41449541 4359102 29
41449543 4217754 43
41449545 14351885 1
41449546 3766914 19
41449547 41449548 83
41449549 33139698 46
41449550 30563182 81
41449551 41449552 28
41449554 41449552 98
41449555 41449552 23
41449556 41449552 92
41449557 41449552 15
41449558 41449552 8
41449559 15521962 43
41449560 31125274 99
41449561 10587249 90
41449562 29049722 35
41449563 16571 12
41449565 735055 41
41449566 2506591 90
41449567 2506591 65
41449568 2506591 67
41449569 2506591 91
41449570 2506526 22
41449570 2506591 22
41449571 2506526 55
41449571 2506591 99
41449572 2506526 75
41449572 2506591 97
41449573 2506591 98
41449574 2506526 22
41449574 2506591 100
41449575 2506591 100
41449576 2506526 43
41449576 2506591 72
41449577 2506526 24
41449577 2506591 55
41449578 2506591 55
41449579 2506591 13
41449580 2506526 83
41449581 2506526 31
41449582 2506526 91
41449583 2506526 69
41449584 2506526 27
41449585 670201 31
41449586 377249 34
41449586 1283271 64
41449587 377249 47
41449588 377249 27
41449589 377249 15
41449590 377249 87
41449591 377249 6
41449591 1557686 31
41449592 377249 77
41449593 250701 89
41449594 33136855 53
24124357 24124353 82
41449595 24124353 43
41449596 24124353 77
41449598 24124353 5
41449600 24124353 55
41449602 24124353 71
41449604 24124353 85
41449606 24124353 92
41449608 24124353 70
41449610 24124353 31
41449612 24124353 53
41449614 24124353 24
41449616 24124353 6
24124348 24124353 19
41449618 33144556 45
41449620 41449621 70
41449622 291542 15
41449624 2714006 100
41449626 15004966 39
41449627 3766894 75
41449628 8195647 74
41449629 8195647 58
41449630 1471911 49
41449631 1471911 90
41449632 1471911 56
41449633 4948709 3
41449634 298348 12
41449636 3379697 21
35463844 2810982 91
41449637 9711257 26
41449638 9711257 6
41449639 9711257 20
41449640 33135510 73
41449641 268194 29
41449642 2199257 90
41449643 2199257 51
41449644 2199257 59
41449645 33994315 56
41449646 41449647 33
41449648 420382 77
41449649 80124 82
41449650 16437 57
41449652 16437 1
41449653 16437 10
41449654 16437 72
41449655 16437 20
41449656 16437 16
41449658 16437 27
41449659 16437 59
41449660 11661830 75
41449662 752811 55
41449663 752811 92
41449664 752811 35
41449665 752811 13
41449666 752811 49
41449667 752811 36
41449668 2861051 28
41449670 281666 19
41449672 281666 17
41449674 15923 76
41449675 6536211 7
41449677 28225592 23
41449678 67590 72
41449679 1971544 60
41449680 794391 72
41449681 794391 9
41449682 794391 26
41449683 41449684 35
41449686 10656675 79
41449688 16853 7
41449689 16853 5
41449690 16853 78
41449691 74201 2
41449692 41449693 98
41449695 586570 78
41449697 57831 77
41449698 57831 28
41449699 57831 33
41449700 57831 14
41449701 57831 24
41449702 33140596 82
41449703 41449704 7
41449706 1557686 1
41449707 41449708 45
41449709 41449708 51
41449711 41449708 89
41449712 41449708 58
41449714 2476 48
41449716 30678579 35
41449717 3146601 73
41449718 10045519 64
41449719 10045519 30
41449720 10045519 37
41449721 10045519 13
41449722 10045519 35
41449723 10045519 28
41449724 10045519 6
41449725 10045519 60
41449726 13154444 90
41449727 14094990 41
41449728 10045520 39
41449729 821540 21
41449730 538132 5
41449733 538132 10
41449735 38 48
41449738 31907822 46
34761405 626 39
41449739 369065 89
41449740 13291476 83
41449741 9317421 30
41449742 9317421 69
41449743 9317421 58
41449744 9317421 90
41449745 9317421 30
41449746 9317421 72
41449747 9317421 84
41449748 9317421 20
41449749 9317421 91
41449750 9317421 66
41449751 9317421 53
41449752 9317421 2
41449753 9317421 70
41449754 9317421 93
41449755 9317421 53
41449756 9317421 37
41449757 9317421 20
41449758 9317421 17
41449759 9317421 68
41449761 9317421 91
41449762 9317421 39
41449763 9317421 17
41449764 9317421 59
41449765 9317421 28
41449766 9317421 56
41449767 9317421 64
41449768 9317421 43
41449769 9317421 82
41449770 9317421 27
41449771 9317421 32
41449772 9317421 18
41449773 9317421 60
41449774 9317421 97
41449775 9317421 44
41449776 9317421 75
41449777 9317421 72
41449778 9317421 25
41449779 9317421 83
41449780 9317421 76
41449781 9317421 96
41449782 9317421 10
41449783 9317421 14
41449784 9317421 62
41449785 9317421 29
41449786 9317421 59
41449787 9317421 14
41449788 9317421 18
41449789 9317421 43
41449790 9317421 47
41449791 9317421 3
41449792 9317421 67
41449793 9317421 1
41449794 9317421 68
41449795 9317421 92
41449796 9317421 43
41449797 9317421 98
41449798 9317421 60
41449799 9317421 42
41449800 9317421 4
41449801 9317421 86
41449802 9317421 1
41449803 9317421 38
41449804 9317421 8
41449805 9317421 58
41449806 9317421 54
41449807 9317421 18
41449808 9317421 16
41449809 9317421 1
41449810 9317421 11
41449811 9317421 17
41449812 9317421 81
41449813 9317421 1
41449814 9317421 58
41449815 9317421 94
41449816 9317421 74
41449817 9317421 37
41449818 9317421 97
41449819 9317421 1
41449820 9317421 4
41449821 9317421 66
41449822 9317421 61
41449823 9317421 28
41449824 9317421 98
41449825 9317421 97
41449826 9317421 82
41449827 9317421 6
41449828 9317421 63
41449829 9317421 1
41449830 9317421 68
41449831 9317421 79
41449832 9317421 55
41449833 9317421 35
41449834 9317421 70
41449835 9317421 99
41449836 9317421 37
41449837 9317421 99
41449838 9317421 16
41449839 9317421 89
41449840 9317421 11
41449841 9317421 41
41449842 9317421 33
41449843 9317421 55
41449844 9317421 93
41449845 9317421 81
41449846 9317421 26
41449847 9317421 3
41449848 9317421 21
41449849 9317421 71
41449850 9317421 42
41449851 9317421 73
41449852 9317421 55
41449853 9317421 24
41449854 9317421 92
41449855 9317421 14
41449856 9317421 32
41449857 9317421 60
41449858 9317421 21
41449859 9317421 85
41449860 9317421 58
41449861 9317421 59
41449862 9317421 61
41449863 9317421 24
41449864 9317421 86
41449865 9317421 21
41449866 9317421 73
41449867 9317421 28
41449868 9317421 31
41449869 9317421 58
41449870 9317421 45
41449871 9317421 80
41449872 9317421 17
41449873 9317421 2
41449874 9317421 85
41449875 9317421 74
41449876 9317421 58
41449877 9317421 79
41449878 9317421 11
41449879 9317421 59
41449880 9317421 85
41449881 9317421 35
41449882 9317421 33
41449883 9317421 69
41449884 9317421 70
41449885 9317421 37
41449886 9317421 47
41449887 9317421 89
41449888 9317421 84
41449889 9317421 51
41449890 9317421 21
41449891 9317421 79
41449892 9317421 5
41449893 9317421 54
41449894 9317421 34
41449895 9317421 47
41449896 9317421 69
41449897 9317421 72
41449898 9317421 16
41449899 9317421 99
41449900 9317421 44
41449901 9317421 82
41449902 9317421 78
41449903 9317421 73
41449904 9317421 63
41449905 9317421 79
41449906 9317421 35
41449907 9317421 87
41449908 9317421 49
41449909 9317421 30
41449910 9317421 84
41449911 9317421 95
41449912 9317421 94
41449913 9317421 97
41449914 9317421 45
41449915 9317421 63
41449916 9317421 14
41449917 9317421 96
41449918 9317421 70
41449919 9317421 89
41449920 9317421 95
41449921 9317421 58
41449922 9317421 21
41449923 9317421 62
41449924 9317421 96
41449925 9317421 6
41449926 9317421 20
41449927 9317421 88
41449928 9317421 1
41449929 9317421 80
41449930 9317421 85
41449931 9317421 97
41449932 9317421 38
41449933 9317421 54
41449934 9317421 60
41449935 9317421 39
41449936 9317421 34
41449937 9317421 24
41449938 9317421 57
41449939 9317421 56
41449940 9317421 57
41449941 9317421 3
41449942 9317421 28
41449943 9317421 90
41449944 9317421 35
41449945 9317421 63
41449946 9317421 82
41449947 9317421 98
41449948 9317421 65
41449949 9317421 86
41449950 9317421 90
41449951 9317421 38
41449952 9317421 24
41449953 9317421 25
41449954 9317421 79
41449955 9317421 43
41449956 9317421 80
41449957 9317421 45
41449958 9317421 15
41449959 9317421 69
41449960 9317421 63
41449961 9317421 57
41449962 9317421 53
41449963 9317421 26
41449964 9317421 55
41449965 9317421 99
41449966 9317421 82
41449967 9317421 80
41449968 9317421 50
41449969 9317421 48
41449970 9317421 21
41449971 9317421 79
41449972 9317421 66
41449973 9317421 7
41449974 9317421 77
41449975 9317421 4
41449976 9317421 10
41449977 9317421 44
41449978 9317421 6
41449979 9317421 96
41449980 9317421 46
41449981 9317421 36
41449982 9317421 85
41449983 9317421 63
41449984 9317421 44
41449985 9317421 86
41449986 9317421 53
41449987 9317421 53
41449988 9317421 4
41449989 9317421 51
41449990 9317421 91
41449991 9317421 82
41449992 9317421 13
41449993 9317421 28
41449994 9317421 77
41449995 9317421 35
41449996 9317421 48
41449997 9317421 73
41449998 9317421 66
41449999 9317421 30
41450000 9317421 76
41450001 9317421 90
41450002 9317421 40
41450003 9317421 69
41450004 9317421 56
41450005 9317421 58
41450006 9317421 22
41450007 9317421 88
41450008 9317421 68
41450009 9317421 30
41450010 9317421 37
41450011 9317421 32
41450012 9317421 33
41450013 9317421 30
41450014 9317421 38
41450015 9317421 79
41450016 9317421 40
41450017 9317421 64
41450018 9317421 31
41450019 9317421 100
41450020 9317421 49
41450021 9317421 79
41450022 9317421 90
41450023 9317421 16
41450024 9317421 92
41450025 9317421 21
41450026 9317421 38
41450027 9317421 36
41450028 9317421 63
41450029 9317421 76
41450030 9317421 64
41450031 9317421 59
41450032 9317421 77
41450033 9317421 88
41450034 9317421 8
41450035 9317421 36
41450036 9317421 74
41450037 9317421 78
41450038 9317421 46
41450039 9317421 83
41450040 9317421 28
41450041 9317421 3
41450042 9317421 34
