2033632 119440 3
8833126 54827 80
9457021 131191 47
9660473 3049959 54
9660473 4552341 64
9874188 467800 25
10271369 407821 29
10274146 228656 51
4930879 154332 66
10275054 50517 32
10277917 21713 67
10278994 17878 42
10279618 115637 95
10280881 43033 77
2033639 359418 18
10284549 305870 55
10288456 307580 59
10290480 154625 18
10291099 105228 98
10293834 12558 79
10294588 41906 7
2058049 50953 31
10298884 209912 52
10300234 18112 31
10300379 276394 92
10302412 52840 75
10302629 146557 93
10306059 659890 61
10307911 64126 78
10308687 142066 68
10309660 110130 89
10314895 160353 27
2057953 626251 16
10322813 539020 86
10324630 366647 85
10326421 146805 23
2816836 82591 5
10327868 394365 43
10327911 634129 46
10330006 143461 11
10330009 355723 5
10330729 616702 92
10331415 252584 48
10333057 1245934 55
10333157 1516 62
10333170 1451372 48
10333181 446952 43
4930880 1460498 70
10335958 333406 11
10335966 2435318 100
10338542 849715 97
10353004 973371 58
10353006 1749417 98
10360825 179588 74
10360966 164839 85
10361022 612424 15
134544 58192 36
2796978 38064 70
10363344 858785 51
10364082 332712 95
10364728 14342 75
10365112 112305 52
10365816 316876 23
10713304 179738 67
11307254 76850 14
11367670 403728 28
11412172 44159 51
11420753 17290 49
11432630 72378 10
11446318 104679 59
11515578 97507 36
11628463 859621 50
11643701 340600 92
11709750 606519 29
11781246 434445 14
11895028 77422 63
11989044 95426 32
12097228 86005 55
12110202 554805 42
12128249 218418 15
12179662 16633 72
12305949 341740 73
12480498 517901 2
182832 5161 51
4529057 192373 10
12721419 53309 19
12813230 82978 32
14435991 192376 41
14459632 1409 78
14498861 164511 39
14608004 50516 92
4930858 477937 37
14626418 658073 32
14651656 96769 87
14873403 328944 59
15181511 98034 67
15181530 789065 3
15181563 789113 89
15183183 327195 31
15205241 2564388 91
15217793 1602034 89
15252879 1587870 98
15259801 1298205 43
15486531 354569 66
15528120 526498 100
15631506 176500 89
15747391 219479 18
15754416 360550 75
15761798 384857 17
15762305 115028 96
15768415 49102 18
15781706 901052 63
10280335 102963 89
15768418 100776 38
15899154 98041 19
15901349 12343 7
15359638 353350 60
28450529 633762 55
28452742 52832 74
28485227 115588 30
10294590 105278 37
28660418 150755 37
28663737 336757 100
28673932 332286 85
10290482 36248 34
28675332 54527 92
28675621 219629 26
28731392 65644 59
28732277 385928 39
10293183 109197 100
28759740 1484809 30
28766310 332681 74
28768194 235856 31
28768603 373622 32
28774383 218185 12
22245076 231414 84
30302229 233492 51
30302233 365151 73
30311374 99642 18
30388673 135379 99
30392524 217005 75
30486060 37722 9
30770370 95947 9
31081127 37454 99
31082982 115808 7
31084295 22252 84
31084315 945152 78
31084621 126373 16
31085243 38019 25
4319527 120746 46
31092209 177027 33
31103535 46272 90
31117255 554795 54
31139813 95375 79
31176292 17967 24
31766585 62851 79
31926454 736958 45
2033512 35961 87
32558555 102460 14
32751267 39291 33
32880633 742107 2
32880718 80273 56
32950260 134123 79
33014628 323373 90
33056225 1566223 23
33056229 1681442 66
33056230 1733944 91
33056231 898834 9
33056232 357764 96
33056266 1580220 70
33056267 2436486 87
33056268 639963 47
33056468 299140 51
33056469 2750358 65
33056233 420675 59
33056470 66696 56
30796058 3236501 67
33056471 516196 64
33056269 643581 67
33056472 98514 84
33098338 698165 40
33128518 196376 2
33254561 580659 47
33256694 180832 78
267154 43804 96
33256696 96571 26
33256699 157102 40
33256702 350365 71
33256704 279574 10
33256708 60040 18
4930899 35779 51
33256711 76395 9
33260348 677511 44
33260946 1627 24
33261063 1038324 3
33261180 159311 91
33261275 95103 10
33261281 865878 39
33261428 27186 79
33261781 432025 15
33261811 3430226 21
2422289 1095207 18
33261909 998838 22
33261930 350303 89
33261931 348155 48
33262151 699851 49
33262209 333608 38
33262435 3246382 91
33262451 444845 26
33262457 286636 74
33262500 1491778 97
33262660 112084 73
33262728 52864 3
33262860 2261170 11
30796059 924057 14
33263034 877837 67
32121592 49453 30
2795836 53112 97
33265062 35464 42
33265064 40834 64
33014473 49394 11
33265077 353764 6
33265081 46169 39
33265087 56781 84
33265096 288536 22
33266838 365909 37
33267083 250648 29
33267084 783503 61
33272298 1065636 8
33272303 1701737 69
30796060 2190411 93
33272305 273155 8
33272314 50641 42
33272319 519518 49
33272322 2585987 55
33272324 242689 31
33272332 2219116 31
33272335 213284 8
33272336 1340848 100
33272339 759703 82
33272341 514963 70
33272349 1506989 17
33272357 1344462 49
33272359 352457 17
33272364 284183 69
33272368 1708594 60
33272372 2173546 64
33272374 680536 37
33272376 16302 2
33272378 464132 10
33272381 1366845 17
33272384 4847315 68
33272386 709491 63
33272391 2529223 34
33272393 783693 42
33272395 675264 100
33272398 862911 19
33272403 1240874 61
33272405 2502393 52
33272410 1420610 45
10333195 78435 80
33272413 783736 37
33272414 106978 6
33272416 312668 32
33272421 674228 9
33272424 1123707 6
33272433 1701013 71
33272437 358692 28
33272441 2027040 75
33272447 1481074 74
33272452 292159 100
33272457 4877687 51
33272459 2835078 39
33272461 1115103 47
33272465 333948 35
9647777 215090 33
33272467 1461753 14
2057908 73788 20
33272470 251317 86
33272472 1543014 26
33272475 884021 25
33272478 911949 91
33272481 343395 13
33272485 77997 31
33272492 2767477 15
33272494 1049324 70
33272496 929164 87
33272503 2570636 76
33272507 1651651 26
33272512 102040 41
33272514 197514 12
33272517 1667149 60
33272519 402705 62
33272525 133816 48
33272529 332577 89
33272531 2800230 21
33272533 1473744 8
33272538 1247810 62
33272545 1670594 61
33272554 374049 31
33272556 51837 48
33272559 1026762 75
33272561 318827 50
33272567 116738 18
33272569 2723787 75
33272570 2736243 15
33272573 3295866 51
33272576 51997 53
33272578 915677 90
33272580 848846 55
33272584 2816925 69
33272585 19073 53
33272586 1563569 11
33272591 977001 98
33272595 1146730 73
33272597 1051117 19
33272598 1487794 69
33272600 352243 41
33272603 90300 97
33272604 406530 4
33272606 1306450 15
33272609 1531111 95
33272612 1586294 15
33272618 98795 92
33272620 344221 76
33272622 1771787 17
33272627 3245874 17
33272630 1189311 83
33272633 4876866 45
33272635 615975 37
33272640 862839 2
33272645 89893 24
33272649 878091 88
33272651 9413 78
33272654 58138 74
33272656 594808 17
33272658 714114 54
33272661 82654 58
33272663 344070 6
33272665 730362 45
33272667 699755 56
33272669 888774 28
33272670 528921 83
33272672 147703 37
33272681 1310407 88
33272683 290456 9
33272685 66290 9
33272692 479599 24
33272694 86552 21
33272696 1002896 20
33272702 947048 39
33272706 624391 16
33272708 332653 52
33272712 655179 27
2057966 40952 55
33272723 323468 77
33272726 999879 65
30796061 192079 47
33272731 2212021 50
33272734 509559 3
33272737 722019 81
33272742 8902 82
33272744 5748 44
33272747 699697 62
33272749 888455 16
33272751 53304 47
33272754 975805 19
33272759 848479 82
33272763 336755 39
33272766 1804620 98
30796062 331279 91
33272768 202105 5
33272774 392182 34
30796063 231441 14
33272784 39501 89
33272786 172286 62
33272789 407934 98
32917524 258101 50
2057895 1273621 85
33272791 815278 51
33272794 3194208 50
33272315 282591 63
33272796 99639 9
33272800 1711502 93
33272802 57676 14
33272804 398235 94
33272807 99115 89
33272812 704057 99
33272818 50957 29
33272828 939136 60
30796064 8613 98
12134061 2864792 30
33272834 97168 68
33272837 347815 21
33272843 587674 91
33272845 628733 78
33272849 1922158 54
33272852 325443 18
33272856 1968153 100
33272860 484101 45
33272862 92138 17
33272865 1577212 5
33272868 99899 12
33272870 116950 6
33272873 201485 32
33272875 45959 3
33272877 932779 65
33272885 342009 51
33275753 95154 53
33275756 238362 38
33275761 36179 15
33275770 455162 40
33275772 449796 34
33275774 302126 56
33283246 489852 47
33283386 327613 50
33283388 660797 56
33283406 355535 23
33283412 23130 47
33283415 130283 35
33283418 223921 52
3370983 37238 71
33283421 179708 72
33283424 76693 42
33283430 118039 91
33284023 54189 71
33293639 645482 93
33293643 319649 28
33300481 48345 77
33300484 361305 56
33300487 47366 73
33300491 160827 1
33300494 124798 13
33307404 538545 28
33307639 468050 9
33321716 1060864 22
33321816 275723 53
33322091 1544401 2
33322218 766709 50
30796065 35362 99
33322397 687244 15
33322399 932620 56
33322407 141377 31
33322435 121216 70
33322525 222328 45
33322598 283554 40
33322695 134124 34
33322883 125484 38
33323172 436350 25
33323325 216890 61
33323505 95590 70
33323507 293695 2
33323589 192155 73
33323699 49393 44
33324161 135079 6
33324317 628418 94
33324342 371900 75
33324470 585411 15
33324494 1182548 98
33324560 308389 31
33324869 387079 81
33324955 94516 57
30796067 54865 44
33325099 446343 23
33325512 47746 65
33325516 126782 29
33325603 51726 39
30796068 1432860 50
33330114 37294 50
33330258 43100 81
33330276 43950 30
33330282 908633 66
33330864 137740 58
33331752 500439 42
33331780 859051 15
33331880 791769 3
33331955 1576576 77
33332287 83929 75
33332433 110315 15
33332449 34779 31
33332565 222723 26
33332673 94747 15
33332717 170839 98
33332757 160825 9
4179711 24215 88
33332983 376170 2
33333000 686235 26
33333157 332122 4
33333213 905411 78
33333307 742099 16
33333320 617368 45
33333322 413949 21
33345028 52722 86
33345098 423315 39
33345100 312584 92
33345103 8726 18
33345171 284569 22
33345614 691668 83
33345797 97742 10
33350956 1309195 4
4930859 1402 92
33351387 157952 64
33351457 201295 53
33351467 86013 54
33354519 13193 92
33354690 687846 20
33354692 174013 5
33354746 104829 70
33354795 80423 4
30796069 38215 22
33354944 1359303 78
33354968 51994 4
33354987 34683 85
33355041 2507514 93
33355045 532424 16
33355049 464702 93
33355100 1494355 18
33355155 562146 13
33355201 219937 3
33355244 361086 88
33356366 438195 21
33356834 165464 91
33356902 26477 64
33356966 448032 82
33356969 1415155 100
33357022 843041 98
184876 151559 31
33358036 278712 42
33358087 43324 97
33358090 93764 40
33358091 42219 65
33358228 51429 46
4495786 146736 85
33358288 124131 90
33358406 54525 95
33358412 231234 65
33358452 169267 69
33358612 12037 13
33358627 109741 25
33358672 118269 22
33364855 314617 58
33364857 70132 41
33364859 230234 24
33364861 616661 14
33364868 100868 60
33364872 1026098 15
28673923 131815 80
33364876 230921 36
33364964 1567263 25
33364965 100518 56
33366430 339406 57
33366432 273285 63
33366434 295146 58
33366441 48669 34
33366443 361168 51
33366446 228832 47
33366450 117044 21
33366457 5393 62
33366461 21100 64
33370231 51719 77
33380426 448806 66
33380785 224129 32
33395774 51069 41
33397920 62880 78
33420250 71288 9
33425096 104743 25
33425672 293980 34
33425820 83547 34
28768608 904413 94
33446151 26573 97
33449129 96482 30
33449832 90336 53
33451680 642640 33
33454061 104605 68
4930965 92262 50
33454295 54186 74
33454297 231641 60
33454300 96438 91
33456625 255374 65
33457022 614017 54
33457196 22169 96
33457577 52726 99
33459004 67053 83
33459006 93594 23
33459502 188743 36
33459510 209388 66
33460769 65259 61
33460913 217719 20
33461079 204475 29
33461081 153674 99
33461083 44907 32
33461085 15333 32
33461218 895931 69
33461335 39298 70
33461375 51519 24
4931036 17120 62
33463593 38525 65
33463599 17050 59
33272325 56308 26
33464549 154403 40
33464580 922189 84
33464608 105418 22
33464680 91465 69
33465220 397229 93
33465528 687554 90
33465634 178829 91
33466021 600966 13
33466127 55177 71
33466153 153344 68
33466156 464941 49
33466202 52566 62
33466208 62878 95
33466213 393192 83
33467154 104530 24
33467696 40038 93
33468137 291739 45
33468139 658919 76
33468141 219988 11
33468143 189310 85
33468145 367176 56
33468147 431325 5
33468149 52191 83
33468168 189085 68
32127550 339737 15
33468343 363837 38
33468348 316966 59
33468351 28898 65
33468363 74792 22
33468377 213165 90
33468379 42613 73
33468435 1089237 68
33468580 339405 41
33468599 499885 68
33468622 93596 58
33289786 208330 81
33469028 112085 73
33470266 363403 12
33471171 109248 30
33472135 55923 47
33472331 316682 31
33472401 678801 72
33473417 40984 68
33473626 185305 90
33473721 235254 86
33473764 124602 10
33474063 96243 46
33474071 109743 87
33474104 37872 92
33474285 828912 68
33474354 660888 60
33474414 374496 66
2467730 188320 37
33474442 118167 21
33474720 11469 70
33474860 96040 12
33475162 7951 42
33475641 43893 33
33475795 550312 28
33475867 101549 9
33476055 336190 61
33476196 213723 12
33476198 191879 91
33476200 247392 21
33476202 361649 28
33476204 143678 100
33476211 189168 49
33476213 330444 56
33476215 207413 29
33476217 95844 79
33476219 79062 38
33476239 345202 63
33332674 344215 19
33476243 240202 30
33476247 330818 96
33476249 156164 85
33476253 376072 17
33476255 53520 31
33476259 98162 37
33476266 99117 45
33476275 161412 34
33476278 20887 76
33476281 1073671 65
33476283 62962 31
33476993 102299 67
33477015 9519 63
33477673 35922 90
33477678 827518 41
33478124 52563 87
33478713 216360 22
33478952 1056326 49
33479459 199694 3
33479492 743917 11
33479626 346920 24
33479628 532831 83
33479650 346219 31
33480027 175111 8
33480194 152034 56
33480339 507776 79
33480569 87215 94
33480627 51909 27
33480629 8078 7
33480715 100133 14
33480725 157292 62
33477380 139046 31
33480814 30988 4
33480972 500045 24
33481351 224127 18
33481470 216937 42
33481500 192778 12
33481641 31258 73
33481643 328586 89
33481645 461702 95
33481666 230461 6
33481801 200308 66
33481976 158339 28
33481983 107619 63
33481995 92988 58
33482030 92825 63
33482032 200309 31
33482037 841674 84
33482054 16118 80
33482134 622595 60
33482187 93544 5
33482390 893059 88
33482467 193264 40
33482719 79987 67
33482734 60164 50
33482766 340669 68
33482780 657922 44
33482845 56927 83
33482948 32311 26
33482978 6067 30
33482980 113053 49
33483043 104224 16
33468716 5598 32
33483078 186701 3
33483088 23365 34
33483269 14801 77
33483544 338529 72
33483654 46217 90
33483817 32818 29
33483824 93168 62
33483826 298977 79
33483984 612884 46
33484109 9725 89
33484111 224732 11
33484116 325105 92
33484138 607514 87
33484140 7952 32
33484142 393502 64
33484145 101650 42
33484148 5545 3
33484148 28178 30
33484151 144182 96
33484153 325650 6
33484155 94447 43
33484157 281607 65
33484161 862480 21
33484166 54895 44
33484169 155437 70
33484172 101439 41
33484175 52400 29
33484200 161358 16
33484210 333688 96
33484402 233106 98
33484424 514838 9
33484429 785401 36
33484443 135432 11
33484445 179491 44
33484469 344181 8
33484546 13587 100
33484599 831767 4
33484601 8728 17
33484607 415566 61
33484609 202231 94
33484611 21167 70
33484636 346299 18
33484668 91341 31
33484708 52395 25
33484806 672299 45
33484959 471487 74
33485631 2769 21
33485818 296411 17
33485857 157491 67
33486018 236423 12
33486380 235554 45
33486411 323168 41
33486493 14967 28
33486518 457804 72
33486715 162343 84
33486808 403794 67
33486869 84662 71
33486871 340924 2
33487016 108438 7
33487019 76284 33
33487070 332550 4
33487076 216075 33
33487086 189500 58
33487088 263436 81
33487094 72602 69
33487177 323633 100
33487349 623849 89
33487452 35361 17
33487465 345524 83
33487519 33675 71
33488118 333789 12
33488321 36679 18
33488451 142065 43
33488468 863790 4
33488730 340189 1
33488890 53974 14
33489046 1114887 69
33489050 1306675 46
33489228 51187 92
33489337 172030 63
33489392 52914 57
33489793 589105 53
33489871 913811 80
33490132 100479 49
33490135 355245 10
2057884 537840 11
33490215 95107 86
33266815 56376 87
33490411 915298 99
33490613 208221 71
33490650 338721 98
30281468 43218 3
33490916 28484 9
33491073 285779 13
33491122 648881 45
33491124 454373 6
33491126 51524 42
33491130 1618192 66
33491132 446544 20
33491134 226499 15
33491136 318471 39
33491138 288304 86
33491145 98379 68
33491147 340762 24
33491149 50519 4
33491151 98938 92
33491154 53116 17
33491156 1256537 26
33491162 290225 57
33491218 940258 97
33491440 346093 68
33491530 120808 66
33491639 135453 78
33491794 318587 38
33491827 652753 25
33492091 871796 82
33492613 119994 75
33492653 365874 35
33492775 686581 29
33492784 100619 4
33492786 3179158 80
33492861 875034 50
33492865 1248967 60
33493202 1453816 8
33493277 224417 91
33493374 510154 99
33494054 394936 18
30796070 106700 52
33494361 636209 16
33494490 126906 24
33494642 253285 18
33494647 216351 88
33494657 1559667 26
33494662 358032 1
33494734 114870 33
33494757 401920 24
33494787 1002 50
33494865 526133 94
33494925 214201 50
33495075 224729 64
33495196 915209 37
33495239 126598 72
33495241 251760 84
33496484 2128546 76
33496540 61429 51
33496700 898999 22
33496818 97571 98
33496841 1596824 11
33497037 1432853 15
33497041 347174 39
33497399 791219 5
33497406 334359 68
33497412 295317 84
33497415 551443 68
33497425 962352 36
33497429 1759709 91
33497433 1023437 37
33497436 1277806 69
33497440 2130364 27
33497446 51589 77
33497449 84797 66
33497467 263196 12
33497559 2231381 75
33497609 400985 7
33497791 1821099 99
33497835 330582 13
30796075 1306852 78
33498267 249824 62
33498400 377319 4
33498447 83427 62
33498520 534415 87
33498595 261961 40
33498711 332289 73
33498783 3818498 59
33498863 959448 51
33498916 679066 71
33498919 707622 88
33499006 2938782 12
33499048 224940 69
33499142 1433120 61
33499157 1003016 54
33499172 1256979 10
33499182 306175 92
33499189 943440 46
33499196 333018 99
33499243 2279287 51
33499259 53832 76
33499313 93430 40
33499352 353633 29
33499360 432192 74
33499388 893909 67
33499432 108905 72
33499619 220191 85
33499795 223002 12
33499819 914207 12
33499847 564099 23
34833380 110792 99
34849079 530807 35
34866371 5840551 51
30637167 1853326 22
34965705 863767 67
34968958 142862 84
35404164 388993 2
31092210 121324 8
35646975 347780 13
35652327 593840 38
35652874 717205 3
35652890 332679 52
35653069 181794 70
35669574 759646 41
35673764 1464037 7
35674233 1831669 9
35674234 385634 12
35676866 465776 66
35679687 395594 28
35679688 328840 51
35683571 912932 38
35685604 509715 23
35691758 505713 67
35699118 822169 51
35700356 485852 92
35712845 495048 12
35727193 728935 71
35728945 36921 100
32174156 223859 19
1055215 100512 45
36723919 572071 15
10298888 201816 25
36740031 43952 96
36740077 156940 90
36752087 267807 72
36768995 344423 81
36768996 139149 10
30368432 45502 55
3899076 162976 38
36769181 219894 80
36769265 127421 80
36769306 333654 82
38099041 339992 15
38109332 1640553 40
38109401 3439150 83
38113245 225324 100
38128565 98551 48
38130223 252908 40
38160081 98378 24
38160872 10098 94
38172354 633367 18
38187703 23550 50
38190881 2861 82
38197923 177173 42
38198684 363286 55
38200690 218351 18
4930924 1799932 83
8118402 420515 91
38816623 477586 24
30854246 9623 13
39226022 306628 56
39457088 1088004 32
39459067 924388 52
39459158 731515 22
39459819 2809010 47
39460720 523308 62
39469382 944464 36
39470327 615249 31
39471122 830018 23
39471176 332555 68
39476375 671899 69
39476483 1199515 60
39476823 220957 83
39482467 404502 46
39489684 453333 71
39490055 893484 45
39494086 604421 100
39495211 76811 98
39495340 914501 61
39497334 663881 41
39500499 580304 81
39506676 339745 39
39514390 405234 6
39523363 321240 85
39530555 213869 30
39523364 2539474 71
39532417 2245921 68
39534217 472352 67
39534234 339918 66
39534336 1377380 2
39534340 671239 45
39534513 1640496 90
39534532 707600 94
39534534 2336157 75
39534679 867410 30
39534823 898960 26
39534893 1113043 15
39534909 1427175 12
39535241 230057 21
39535258 364254 93
39535260 1086942 32
39535277 249979 66
39535362 1625827 15
39535376 511344 66
39535644 1050959 40
39535947 1601341 4
39536027 668306 81
39536127 2303979 56
39536138 1155048 87
39536211 3692433 85
39536779 189084 71
39536785 333656 97
39536894 917724 86
39536912 1183464 8
39536919 550249 10
39537042 440437 50
39537120 903815 57
39537254 212615 33
39537388 4866585 12
39537414 130325 11
39537433 2539431 57
39537459 1592664 27
39537572 361088 45
39537631 103446 14
39537686 744165 22
39537876 3774617 87
39538196 454938 11
39538210 1651136 17
39538548 333606 12
39538554 1240564 44
39538735 494208 72
39538850 137475 96
39538963 181041 1
39538980 1255645 87
39539060 829943 47
39539091 3597767 69
39539093 1735641 91
39539285 1244422 65
39539498 1072183 82
39539540 1025868 42
39539663 212056 24
39539683 689208 14
33272770 3033999 94
39539871 671148 80
39540153 814008 86
39540171 602250 95
33358290 1601076 51
39580522 2133669 31
39581144 961402 65
39582521 193512 87
39582982 2477409 97
28473387 1459371 98
39585608 219819 92
39586184 631619 3
39586947 179292 74
39587011 739632 58
39587361 4300819 97
39587548 1122130 3
39588880 848746 32
39639043 101599 70
39934944 828530 21
39935258 909003 20
39935308 903132 28
39935317 96051 71
39935456 1728164 8
39935462 869762 79
39935580 523841 68
39936177 1711290 22
39936310 363720 50
39936797 568648 29
39937609 216467 37
39937632 395122 79
39938700 171310 60
39939263 1619108 8
39939264 2766719 90
39939945 197434 14
39940322 1681928 2
39942338 1315106 33
39944731 59973 66
39946138 371676 70
32917249 19418 87
40741737 19277 95
41192868 743 9
2795844 86015 27
41701854 710127 40
41701855 143626 78
41701856 2478099 17
41701857 890447 42
41701858 899510 84
41701859 3204 78
41701860 321762 71
41701861 383187 70
41701862 792313 43
41701863 884475 62
41701864 701928 27
41701865 916940 36
41701866 276032 7
41701867 379277 13
41701868 661929 44
41701869 926587 23
41701870 537055 15
41701871 404560 51
41701872 952601 68
41701873 508759 82
41701874 454255 50
41701875 333075 97
41701876 688816 58
41701877 1432020 20
41701878 918889 97
41701879 45400 16
41701880 783393 88
41701881 60255 19
41701882 672740 69
41701883 1738674 12
41701884 339007 39
41701886 51596 92
41701888 220091 1
41701889 220478 70
41701890 86551 77
41701891 345147 38
41701892 757881 83
41701893 344997 18
41701896 334614 84
41701898 42231 96
41701899 1008398 19
41701900 340336 97
41701901 893058 45
41701902 313069 77
41701903 209913 85
41701904 1286290 47
41701905 366224 87
41701906 1171292 34
41701907 721981 74
41701909 369088 96
41701910 275721 77
41701911 133581 81
41701912 667701 75
41701913 588081 97
41701914 2535983 55
41701915 1038696 100
41701916 888175 70
41701917 325747 99
41701918 1216299 34
41701919 482320 80
41701920 1309813 87
41701921 637878 30
41701922 588161 99
41701923 308217 37
41701924 1066319 34
41701925 612418 21
41701926 47953 55
41701928 1997791 33
41701929 1271682 45
41701930 83126 11
41701931 3652780 25
41701932 248536 16
41701933 98377 13
41701934 100679 43
41701935 512157 8
41701936 322284 2
41701937 23283 35
41701938 392673 63
41701939 208978 32
41701940 790893 4
41701941 953577 81
41701942 97604 19
41701943 78367 80
41701944 1188227 38
41701945 902519 31
41701946 2492018 36
41701947 241085 65
41701948 296843 14
41701949 226189 52
41701950 667376 78
41701951 392782 76
41701952 373324 45
41701953 20691 20
41701954 106837 45
41701955 73059 1
41701956 381184 3
41701957 56740 6
41701958 739059 75
41701959 877964 74
41701960 2075672 95
41701961 848934 93
41701962 327353 62
41701963 320223 100
41701964 649950 42
41701965 663045 20
41701966 54825 91
41701967 1305010 57
41701968 490928 32
41701970 534032 21
41701971 697354 75
41701972 596458 40
41701973 430299 89
41701974 98507 44
41701975 1898447 12
41701976 2233911 60
41701977 168953 15
41701978 657215 91
41701979 158181 64
41701980 966176 95
41701981 1185709 42
41701982 1427223 32
41701983 191024 52
41701984 444125 72
41701985 2167591 13
41701986 413232 93
41701987 1105532 29
41701988 944119 97
41701989 2123930 21
41701990 51360 71
41701991 1462113 93
41701992 328052 47
41701993 390873 27
41701994 770070 39
41701995 343180 88
41701996 363171 81
41701997 828685 24
41701998 1536534 73
41701999 2612344 48
41702000 2878093 13
41702001 248812 87
41702003 945778 37
41702004 1387228 46
41702005 294461 92
41702006 971249 43
41702007 325442 30
41702008 286310 41
41702009 51274 95
41702010 387151 97
41702011 342726 8
41702012 219889 63
41702013 2348097 90
41702014 1266749 23
41702015 169953 42
41702016 93490 15
41702017 549037 54
41702018 850943 49
41702019 1237194 43
41702020 548284 13
41702021 972022 47
41702022 101980 66
41702023 901870 33
41702024 961578 47
41702025 21889 44
41702026 50961 10
41702027 1609186 77
41702028 1085990 16
41702029 3533875 71
41702030 252823 92
41702031 925525 84
41702032 627773 65
41702033 1837378 58
41702034 272858 83
41702035 525909 67
41702036 1058666 61
41702037 1058590 34
41702038 2223548 56
41702039 986683 59
41702040 1180871 9
41702041 512814 29
41702042 660119 81
41702043 544472 49
41702044 1055086 47
41702045 931933 17
41702046 215087 86
41702047 96826 66
41702048 126761 49
41702050 618576 14
41702051 874962 12
41702052 126765 10
41702053 3378399 94
41702054 2016736 38
41702055 780031 9
41702056 109652 28
41702057 2328023 75
41702058 412500 42
41702059 493147 26
15181801 1636207 11
41702060 361123 53
41702061 97409 73
41702062 4198455 62
41702063 301358 79
41702064 992154 45
41702065 1256507 81
41702066 878001 5
41702067 1803451 78
41702069 1489609 49
41702070 935608 86
41702071 1090793 71
41702072 245338 57
41702073 328943 84
41702074 343986 37
41702075 395765 28
41702076 119701 7
41702077 224060 55
41702078 78274 26
41702079 670990 34
41702080 2306464 98
41702082 1566952 10
41702083 631046 76
41702084 980036 77
41702085 2585413 95
41702086 2219716 69
41702088 392995 28
41702089 17881 8
41702090 358701 66
41702091 1606731 18
41702092 345074 51
41702093 1167653 68
41702094 388377 95
41702095 723159 41
41702096 1414001 11
41702097 793424 91
41702098 1433511 49
41702099 1619755 50
41702100 4721861 79
41702101 1405793 91
41702102 428801 35
41702103 515427 97
41702104 223022 76
41702105 1308413 48
41702106 344956 59
41702107 718176 49
41702108 607731 57
41702109 477856 5
41702110 870776 14
41702113 2220986 37
41702114 1310948 58
41702115 245139 15
41702116 1408780 63
41702117 227200 57
41702118 1447666 42
41702119 1092919 2
41702120 41800 10
41702121 2352194 95
41702123 401335 84
41702125 2622516 19
41702126 1464589 12
41702127 1167200 16
41702128 50000 56
41702129 199491 97
41702130 859280 58
41702131 4682190 12
41702132 108203 17
41702135 890115 75
41702136 2329209 55
41702137 364104 88
41702138 1091767 70
41702139 2143607 16
41702140 1487846 27
41702141 641757 92
41702142 254666 76
41702143 2953409 16
41702144 1581666 50
41702145 87589 100
41702146 735602 65
41702147 84112 39
41702148 2961602 26
41702149 321908 89
41702151 96830 58
41702152 213365 17
41702153 241665 79
41702154 101709 63
41702155 97894 50
41702156 445641 24
41702157 323526 15
41702158 284248 94
41702159 1030517 40
41702160 2984034 13
41702161 3181942 75
41702162 570349 57
41702163 93765 53
41702164 867951 50
41702165 669997 63
41702166 624725 23
41702167 53245 41
41702168 1410507 27
41702170 4196765 24
41702171 611938 77
41702172 672741 46
41702173 3526695 44
41702174 25027 88
41702175 1354314 46
41702176 13326 95
41702177 831512 65
41702178 339263 3
41702179 11830 72
41702180 84857 94
41702182 278357 43
41702183 223608 37
41702184 277764 82
41702185 562477 38
41702186 409143 20
41702187 211832 6
41702188 701097 77
41702189 295450 15
41702190 385570 64
41702191 2370333 66
41702192 76774 38
41702193 3327699 9
41702194 37582 64
41702195 696794 41
41702196 14014 29
41702197 2613302 70
41702198 1675084 45
41702199 383538 68
41702200 875562 37
41702201 687557 10
41702202 109598 43
41702203 101072 19
41702204 687161 2
41702205 261555 32
41702206 1967080 76
41702207 629990 61
41702208 624440 15
41702209 29920 44
41702210 13332 70
41702211 2571804 22
41702212 917129 16
41702213 7261 55
41702214 831073 73
41702215 348154 94
41702216 226488 54
41702217 4873266 50
41702218 221881 71
41702219 1405529 36
41702220 2178028 45
41702221 892438 14
41702222 1535066 83
41702223 3361913 96
41702225 1248870 78
41702226 607333 60
41702227 95950 53
41702228 412299 45
41702229 1580353 51
41702231 1253790 34
41702232 682014 12
41702233 123141 96
41702234 725373 6
41702235 1828982 73
41702236 1828982 19
41702237 1142761 36
41702239 1139744 37
41702240 1207824 81
41702241 610596 63
41702242 308367 97
41702243 1190449 86
41702244 176863 81
41702245 98988 37
41702246 543844 25
41702247 96397 66
41702248 464927 7
41702249 989884 34
41702250 872252 23
41702251 531878 1
41702252 460589 45
41702253 83945 40
41702254 808778 38
33295937 321190 58
41702255 572161 14
41702256 757890 80
41702257 343732 58
41702258 105326 13
41702259 263476 75
41702260 340059 37
41702261 1054336 54
41702262 646550 39
41702263 1672833 44
41702264 565259 21
41702265 820060 3
41702266 1336483 20
41702267 296078 92
41702268 101985 79
41702269 898160 19
41702270 245224 79
41702271 513021 46
41702272 306307 17
41702273 322225 64
41702274 309828 20
41702275 59891 69
41702276 212399 100
41702277 666064 85
41702278 404904 60
41702279 9547399 23
41702280 639025 37
41702281 237606 34
33364893 95002 33
41702282 98223 74
41702283 1176723 23
41702284 242882 28
41702285 547734 80
41702286 87884 6
41702287 201487 65
41702288 1933 31
41702289 94382 74
41702290 95760 56
41702291 97895 1
41702292 117205 96
41702293 234242 82
41702294 848379 55
41702295 109983 45
41702296 246449 18
41702297 629480 97
41702298 216943 24
41702299 770069 48
41702300 228061 3
41702301 854979 92
41702302 670129 16
41702303 291851 76
41702304 37363 68
41702305 204326 17
41702306 233358 37
41702307 1262410 94
41702308 32027 53
41702309 1587746 1
41702310 370375 35
41702311 296294 64
41702312 349912 43
41702314 360727 12
41702315 311371 96
41702316 95003 77
41702317 92071 69
41702318 659104 77
41702319 496949 28
41702320 77553 98
41702321 44866 96
41702322 44908 62
41702323 881693 53
41702324 1458414 1
41702325 166583 63
41702326 618718 81
41702327 816185 10
41702328 54063 33
41702329 160957 20
41702330 899646 66
41702331 343828 59
41702332 407533 74
41702333 126797 70
41702334 940277 19
41702335 339676 58
41702336 176391 23
41702337 36767 15
41702338 323375 77
41702339 234631 25
41702340 252342 10
41702341 21575 10
41702342 534356 15
41702343 3126 37
41702344 186973 36
41702345 534502 70
41702346 332902 45
41702347 605222 63
41702348 405623 2
41702349 92826 32
41702350 103541 44
41702351 622133 38
41702352 115490 8
41702353 169539 24
41702354 321308 4
41702355 37923 100
41702356 661928 84
41702357 668745 58
41702358 396168 14
41702359 831857 10
41702360 216893 56
41702361 972062 98
41702362 120909 74
41702363 276252 10
41702364 649601 26
41702365 219828 18
41702366 91300 51
41702367 538653 84
41702368 95153 11
41702369 2074925 1
41702370 599753 24
41702372 554140 41
41702374 387691 26
41702376 75546 84
41702377 101005 24
41702378 792732 43
41702379 95195 14
41702381 708932 43
41702382 342187 7
41702383 94446 53
41702384 317768 84
41702385 227537 31
41702386 334562 38
41702388 44766 16
41702389 131730 36
41702390 41910 76
41702391 121809 30
41702392 394571 78
41702393 157454 26
41702394 50520 51
41702395 123299 24
41702396 37190 73
41702397 140187 100
41702398 217868 62
41702399 47367 99
41702400 53519 16
41702401 295715 94
41702402 295900 33
41702403 147251 75
41702404 299543 43
41702405 96483 24
41702406 301151 58
41702407 42806 59
41702408 1418480 34
41702409 443681 15
41702410 217820 12
41702411 407408 86
41702412 940030 12
41702413 52001 61
41702414 606846 86
41702415 491090 32
41702416 45111 28
41702417 308479 88
41702418 1776707 21
41702419 152008 60
41702420 664312 91
41702421 222736 8
41702422 64902 79
41702423 1025079 59
41702424 104534 41
41702425 898376 79
41702426 881627 3
41702427 313124 26
41702428 1154425 25
41702429 329061 83
41702430 417662 80
41702431 396169 80
41702432 12990 23
41702434 782923 45
41702435 321942 10
41702436 678785 93
41702437 196853 67
