6902952 6902982 51
2033626 2796815 83
860367 1674791 45
3058985 3554743 28
8985590 8985601 3
9152153 9152160 9
9179845 9179854 40
1415700 2288602 17
9421491 9421506 16
3863988 4093487 92
108333 352634 46
10281068 10281070 61
10307599 10307622 28
10356090 10356094 6
409834 1046497 87
10741636 10741640 11
10742951 10742958 79
10751223 10751235 95
10797579 10797585 67
10822250 10822258 74
10833741 10833748 65
10837922 10837928 39
10886351 10886358 37
10892801 10892813 81
10894269 10894281 34
4751775 4752728 8
10897413 10897429 19
10904907 10904914 56
4933677 4933705 3
10931159 10931165 63
10931229 1582314 57
10837930 10837956 84
10936976 10936982 26
10938081 10938087 35
10947929 10947935 44
10949918 10949923 26
10960998 10961004 36
10964995 10965001 47
10993245 10993261 87
11029571 11029581 44
11030559 11030575 15
11030980 11030993 79
11034687 11034698 20
11036991 11036998 90
11073939 11073946 85
10838012 10838051 18
11120748 11120760 58
1908605 2687039 40
11125586 11125591 54
11125914 11125923 72
11129613 11129620 3
11147831 11147840 44
352619 941883 20
11262613 11262621 98
125665 409852 12
3469036 3842218 57
10837936 10837974 37
11340232 11340240 82
11353722 11353734 49
4366222 4428120 57
11375442 11375448 70
964209 1804073 23
11376998 11377012 5
11392686 11392691 45
11422408 11422412 17
11429606 11429617 28
11443866 11443880 65
11491969 11491977 97
11492892 11492911 76
11499722 11499730 37
11500359 11500363 93
3863133 4093003 100
9850492 9850515 18
10838020 10838059 6
11519365 11519372 71
11522061 11522075 94
1046481 1908590 54
11526549 11526554 7
11526688 11526694 66
11527864 11527871 62
11528347 11528352 14
11528760 11528767 37
11528784 11528791 27
1908584 2687006 63
11537331 11537355 98
11549816 11549827 13
9415615 9415633 3
11553206 11553211 6
11553621 11553629 37
11561949 11561964 10
11034689 11034712 53
11587501 11587509 40
10837938 10837992 24
11590743 11590752 97
12107087 12107094 38
12134560 12134564 80
10837939 10837997 91
10837940 10838005 67
10838001 10838036 46
12430737 12430740 57
12802820 12802829 1
12895322 12895335 98
10894271 10894289 31
14223147 14223154 37
14229185 14229190 89
14234226 14234230 46
1854818 2656361 25
10751227 10751244 75
14264546 14264552 84
14265109 14265121 1
14267153 14267156 66
14267952 14267958 48
14272827 14272830 35
409836 1046508 60
14283101 14283108 62
14344059 14344073 12
14406390 14406393 67
14415587 14415590 42
14415592 14415595 97
14453263 14453268 82
14510752 14510756 99
14528032 14528039 92
14529140 14529144 67
14531638 14531642 59
14555013 14555019 48
3287330 3719475 84
14579060 14579064 89
14589224 14589233 86
14589975 14589983 11
2952542 3480989 49
10837942 10838010 15
14611401 14611404 36
14613911 14613914 85
14613917 14613920 83
14618229 14618234 21
14618236 14618243 55
14618538 14618543 23
10751228 10751255 83
2989565 3504843 59
14631825 14631828 98
14633520 14633524 2
3171584 3637417 11
14662499 14662505 86
14679412 14679415 3
409838 1046516 52
14809917 14809922 57
4933721 4933731 70
15004660 15004665 66
15092290 15092293 69
15116583 15116591 31
15120191 15120195 44
15120197 15120201 68
15123071 15123074 73
15145556 15145560 57
15148745 15148750 24
14397578 14397587 32
15159686 15159694 60
15168085 15168090 30
15183117 15183122 61
15189933 15189938 23
15195120 15195125 10
15200693 15200698 10
15206516 15206520 7
15221776 15221780 73
15222764 15222768 11
15224053 15224057 68
15236124 15236128 49
15236135 15236141 78
15238847 15238851 53
15257061 15257066 61
15259115 15259120 80
15262682 15262686 27
10751247 10751262 1
15264863 15264867 5
15264915 15264921 52
15567954 15567957 79
15583870 15583876 98
15769289 15769292 38
15769949 15769955 58
15775403 15775407 13
15777331 15777334 83
15786426 15786428 16
15788966 15788972 24
15813350 15813354 90
15769295 15769305 6
15819055 15819058 55
15821107 15821109 83
15821187 15821190 66
15851467 15851471 84
15853458 15853461 50
15854611 15854615 5
15855104 15855107 19
15769951 15769961 46
15813352 15813360 55
15860073 15860077 15
15767686 15767698 64
15862777 15862780 56
15866361 15866365 27
15866440 15866444 80
15869941 15869944 33
15872062 15872065 88
15878372 15878375 54
21633866 21633871 42
4240959 4345030 6
21740291 21740293 72
15159697 15159706 59
21758112 21758118 50
11527867 11527880 16
21778821 21778827 27
14265112 14265130 49
21810617 21810620 38
21875769 21875774 92
21923265 21923269 3
21961341 21961346 40
24397455 24397457 65
25417933 25417937 76
25462778 25462781 15
28535581 28535585 91
28546694 28546696 7
28547501 28547502 29
28731664 28731670 100
28731665 28731674 42
28731666 28731676 12
21758114 21758122 8
28732405 28732410 71
28732406 28732413 44
28732407 28732416 6
28732408 28732419 69
9850507 9850529 89
28731667 28731681 53
28731668 28731683 24
409841 1046528 71
10882957 10882965 60
10882959 10882967 50
10837944 10838014 19
409843 1046536 33
10837946 10838016 8
2288571 3009384 41
28734412 28734419 15
10882961 10882972 69
3325258 3744349 74
10837947 10838018 64
28736436 28736440 56
10897417 10897437 5
10837948 10838021 3
10837952 10838027 74
12802823 12802834 47
29025798 29025800 47
29027671 29027675 70
1046552 1908612 56
29027806 29027808 42
29028171 29028173 75
29028851 29028852 82
29028918 29028920 24
29028936 29028938 6
29028943 29028949 84
3636743 3951814 87
30310631 30310633 63
30310636 30310637 31
30310640 30310642 60
30310644 30310645 11
30310647 30310650 33
3934158 4140218 79
30310654 30310656 78
30310658 30310659 73
30310664 30310665 71
30310667 30310668 21
30310672 30310675 1
30310677 30310678 53
30310680 30310682 26
30310684 30310686 47
30310688 30310690 10
30310696 30310698 70
9761509 9761528 5
28736437 28736442 22
30310700 30310701 51
30310704 30310707 77
30310710 30310712 69
30310714 30310717 11
30310719 30310721 15
30310723 30310724 82
30310727 30310729 33
30310733 30310734 6
30310736 30310740 95
30310742 30310746 40
30310747 30310748 98
30310753 30310754 100
30310756 30310757 61
30310759 30310762 21
30310767 30310769 53
30310772 30310774 34
30310782 30310786 62
30310791 30310794 49
1908606 2687044 83
30360281 30360283 54
30381236 30381237 61
30483465 30483468 79
30484192 30484196 67
30485616 30485619 97
30485642 30485646 12
30486348 30486351 59
30486586 30486588 39
14589977 14589988 21
30754917 30754922 36
3719472 4002303 46
409862 1046572 33
30770358 30770364 83
30783437 30783444 37
2288574 3009395 22
30788375 30788383 60
31071797 4293771 95
31071999 31072000 96
14234228 14234233 84
31072216 31072217 30
11377002 11377016 52
31073848 31073849 45
31074923 31074924 65
10838047 10838070 54
31077366 31077367 38
31080929 31080930 41
11526691 11526699 5
31081996 31081997 25
31082459 31082461 93
31083685 31083686 50
3842208 4081234 9
10897419 10897444 37
31085580 31085581 35
31085972 31085974 4
31086069 31086071 66
31088084 31088085 63
31088711 31088712 27
31089325 31089326 83
31089333 31089334 56
31089882 31089884 66
31090110 31090111 65
31090894 31090895 63
31091385 31091387 21
4093471 4241398 58
31091654 31091656 19
31092273 31092274 76
31092442 31092443 90
31092708 31092709 71
31093540 31093542 72
31093572 31093573 59
31098781 31098782 93
31099294 31099295 65
31099504 31099505 96
31100929 31100930 83
31101469 31101470 64
31101857 31101858 8
31102348 31102349 55
31084500 31084503 66
10892804 10892819 21
11429629 11429631 55
31103585 31103587 62
11553624 11553632 21
31126398 31126400 14
31163371 31163372 80
32552048 32552050 55
29715287 29715292 83
32552462 32552466 10
32553003 32553006 57
32554977 32554980 15
30618161 30618175 93
32558359 32558364 58
32558868 32558872 13
11029575 11029586 29
32614615 32614619 35
32621900 32621901 29
32626748 32626749 79
11429610 11429623 67
10962606 10962612 82
32636676 32636680 82
97251 326594 27
32638529 32638532 3
32639977 32639984 58
2741928 3334424 99
33094847 33094849 23
33094929 33094933 56
11377005 11377022 30
33095372 33095376 67
1046553 1908618 80
33095409 33095411 74
33095757 33095759 45
33095823 33095826 11
33095972 33095973 6
33096031 33096032 96
33096126 33096128 20
33096169 33096171 83
33096263 33096266 61
33096544 33096546 97
33096635 33096636 41
33096875 33096876 5
33096955 33096956 5
33097256 33097259 3
33097581 33097582 19
33097677 33097681 93
33097984 33097989 70
33098018 33098020 12
11340236 11340247 72
33098225 33098226 96
33098289 33098291 92
33098299 33098301 58
33098352 33098355 43
33098358 33098361 47
33098728 33098729 28
33098890 33098892 39
33099251 33099252 57
33099610 33099615 55
33099621 33099623 4
9850510 9850538 58
33099780 33099782 19
33111759 33111760 78
33146423 33146424 51
3614479 3938063 73
33331807 33331810 96
4241397 4345382 85
29027687 29027691 7
33459951 33459956 61
33477455 33477459 74
33496244 33496248 87
34008148 34008150 20
34652707 34652708 60
34653044 34653046 65
34748529 34748531 8
34754359 34754360 19
34754590 34754592 90
34763723 34763725 1
34763829 34763832 26
34777980 34777983 30
34813049 34813051 19
34827340 34827341 73
34834399 34834401 33
34836604 34836606 60
10897421 10897446 82
34866582 34866585 64
34880805 34880806 72
15159688 15159700 21
34897783 34897784 14
34910170 34910171 98
34958792 34958793 80
34965960 34965961 85
35404116 35404119 34
35404379 35404380 62
35404661 35404663 53
35405005 35405007 10
35405109 35405113 47
35405179 35405181 71
35536871 35536875 63
35537129 35537132 52
35537241 35537242 31
35537945 35537948 88
30661723 30661729 90
35538900 35538901 15
35539128 35539129 26
14194194 14194254 51
35540039 35540041 47
35540289 35540292 12
35540379 35540380 73
35540742 35540746 33
35540954 35540957 96
35541187 35541190 78
35541228 35541230 55
35541301 35541302 87
35541365 35541367 69
35541790 35541792 27
35541810 35541813 48
33094930 33094939 54
35672966 35672969 88
35675197 35675198 24
35676196 35676197 91
35677489 35677490 73
31071943 31071947 12
35678530 35678532 94
35682357 35682358 61
35682365 35682366 38
4933751 4933762 20
35686200 35686201 77
30310773 30310779 62
35691016 35691017 11
35692281 35692286 71
35698837 35698839 42
35700840 35700842 33
35707899 35707903 6
35708998 35709000 49
35709694 35709695 78
35710330 35710332 67
35715369 35715371 84
35716674 35716675 9
35718389 35718391 2
35718472 35718476 63
35720529 35720532 12
35721637 35721638 56
35723995 35723996 25
35725055 35725057 57
35726020 35726023 59
35727930 35727931 80
35820439 35820441 99
7178742 7178753 49
35865218 35865220 52
35865273 35865275 66
22062308 22062315 71
11787911 11787933 16
36700095 36700099 9
36860001 36860003 17
30645145 30645147 58
30700377 30700384 17
37612535 37612537 9
37612536 37612538 8
37693163 37693165 75
37695515 37695516 58
37695528 37695530 81
37695539 37695541 2
37695543 37695544 54
37696064 37696066 11
37697116 37697117 47
37697382 37697384 51
37697551 37697554 75
37698016 37698018 81
37698091 37698093 2
37698101 37698103 92
37698127 37698128 38
37698161 37698162 97
37699521 37699523 59
37700245 37700249 88
37701256 37701257 52
2288587 3009402 74
37881647 37881649 19
38087591 38087594 27
38096607 38096609 91
38121351 38121353 78
38122542 38122545 100
38126561 38126562 27
38129002 38129003 28
38129978 38129981 56
38135408 38135410 98
38147627 38147629 52
38155188 38155190 74
38156459 38156461 4
38156856 38156857 82
38159775 38159780 78
38169263 38169265 71
38184993 38184995 26
38199008 38199011 32
38202875 38202878 28
38206883 38206885 79
38213317 38213320 14
38169512 38169515 91
38350130 38350131 69
4931331 4931354 73
4931348 4931358 11
1046557 1908620 42
4933755 4933764 43
38634345 38634346 90
38635443 38635446 95
28959364 28959375 74
8590920 8590938 4
6933125 6933138 31
14419064 14419068 23
38667088 38667089 86
34019483 34019485 69
38674342 38674345 97
10669403 10669410 4
12266277 12266280 81
35654250 35654252 69
15005965 15005969 38
1103374 1974749 76
4339343 4408861 48
28586031 28586034 31
28754857 28754858 83
39225401 39225403 29
39225705 39225706 82
39458488 39458491 67
39458538 39458540 62
39459380 39459382 1
39459446 39459449 90
39459994 39459996 40
39460022 39460025 65
39460459 39460461 16
39460656 39460658 12
39462255 39462257 3
39463283 39463285 87
39463705 39463708 51
39464743 39464745 78
39465340 39465343 74
39465407 39465409 14
39465431 39465433 15
39465556 39465560 71
39465991 39465993 14
30754920 30754925 73
39466519 39466521 75
39466593 39466596 62
39466603 39466605 50
39467026 39467028 2
39467641 39467643 34
39468292 39468294 16
35540828 35540833 44
39471079 39471081 36
39472697 39472701 10
39472786 39472789 78
39473142 39473144 71
39473191 39473194 14
39475213 39475215 51
39475402 39475404 80
39475635 39475637 70
39477575 39477577 10
33097678 33097685 73
39479149 39479152 82
39479218 39479222 63
11034694 11034722 66
39480769 39480771 99
39480947 39480951 20
33094935 33094943 86
39481071 39481074 87
39481437 39481439 7
39481864 39481867 20
39482835 39482837 62
39484272 39484275 80
39486164 39486166 36
39487387 39487390 75
39487860 39487862 23
39487864 39487868 56
39488100 39488102 26
39488922 39488925 3
30700378 30700387 86
39490112 39490114 49
39490116 39490118 19
39490218 39490220 32
39492059 39492060 60
39492508 39492512 31
39492817 39492819 68
39493238 39493240 45
39494138 39494141 92
39494505 39494507 76
39494944 39494946 97
33099611 33099618 72
39495361 39495364 13
39495946 39495949 56
39496903 39496906 24
39497699 39497701 45
39497862 39497864 99
39498763 39498766 34
39498828 39498830 99
39499078 39499080 17
39499686 39499689 38
39500188 39500191 32
30678319 30678325 71
39501464 39501467 54
39501839 39501842 70
39503925 39503927 84
39505491 39505494 39
39506528 39506530 10
39510626 39510629 96
39510672 39510676 71
39511187 39511189 86
39511728 39511730 46
10897423 10897450 9
39513301 39513304 55
39513443 39513445 49
39513462 39513465 51
39513471 39513473 43
32558362 32558367 13
37697553 37697558 74
39513615 39513617 11
39514310 39514313 61
39514511 39514514 68
11527876 11527884 2
39515627 39515630 86
39515730 39515733 12
39516719 39516721 83
39517112 39517114 53
39517185 39517187 43
39487389 39487395 21
39517818 39517820 42
39517838 39517840 48
39517854 39517856 52
39519646 39519648 83
39519706 39519708 70
11377019 11377025 57
39522347 39522349 8
39522755 39522757 72
39523343 39523345 93
39524484 39524487 97
34763730 34763732 70
39524635 39524637 30
39524725 39524727 48
39524757 39524759 54
14265128 14265136 15
39525538 39525540 69
9850532 9850543 77
39525563 39525565 7
39525781 39525783 73
9850533 9850548 81
39526481 39526483 43
39526901 39526903 78
39527306 39527309 43
39528264 39528268 64
39513464 39513469 80
39529326 39529329 68
10897424 10897453 1
39530603 39530605 12
39531693 39531696 55
39531931 39531933 15
39531935 39531937 45
39531939 39531943 55
39531946 39531949 98
39531953 39531954 29
39531964 39531966 53
39531968 39531972 100
30618163 30618180 11
39531974 39531977 52
30675888 30675893 71
30754921 30754929 81
39531982 39531984 13
39531986 39531988 29
39531990 39531993 49
39531994 39531996 47
39531999 39532002 15
39532003 39532006 15
39533568 39533570 23
39533711 39533714 91
39536743 39536745 26
11429611 11429626 97
39590443 39590445 84
39591399 39591401 46
39592315 39592317 95
39604242 39604244 94
10797582 10797591 99
39637113 39637114 79
39637397 39637398 25
39935531 39935532 60
39936212 39936213 3
39936529 39936530 50
39936535 39936536 93
39936539 39936540 65
39936591 39936592 97
39937002 39937003 65
39937065 39937066 60
39937471 39937472 25
21961345 21961350 73
39938087 39938088 31
39938421 39938422 13
39938437 39938438 91
39938627 39938628 79
39938720 39938721 48
39938853 39938854 81
39939135 39939136 37
39939237 39939238 27
39940455 39940456 23
39940484 39940485 39
39940591 39940592 19
39940879 39940880 58
39941065 39941066 18
39941224 39941225 47
39942178 39942179 22
39942418 39942419 49
39942429 39942430 53
2687043 3287353 10
39942635 39942636 66
39943286 39943287 29
39943313 39943314 33
34836569 34836571 65
35698838 35698841 94
39945545 39945546 13
39508864 39508867 6
39945575 39945576 27
30230512 30230515 78
39945630 39945631 70
39945633 39945634 4
39945926 39945927 82
39945993 39945995 58
39946195 39946196 17
326591 885076 61
39946582 39946583 4
39947095 39947096 65
39947204 39947205 87
28734410 28734417 17
10931237 10931243 60
39949076 39949077 33
11034721 11034731 42
39949686 39949687 33
39950592 39950593 44
39950613 39950614 55
39950846 39950847 15
39950894 39950895 70
39951083 39951084 90
39953498 39953499 21
39953647 39953648 86
39953670 39953671 53
39954079 39954080 34
39954274 39954275 28
39955011 39955012 76
39955139 39955140 71
39955306 39955307 47
39955311 39955312 53
30641950 30641954 20
39955809 39955810 63
29027807 29027810 40
39956633 39956634 11
39956732 39956733 60
39956749 39956750 17
39957029 39957030 42
39957061 39957062 39
39957124 39957125 92
14589981 14589990 43
11030570 11030580 64
39958205 39958206 74
32172959 32172962 96
39958343 39958345 24
39958389 39958390 68
39960718 39960719 65
39960833 39960834 34
39960839 39960841 26
39960883 39960884 70
29027674 29027688 29
39960953 39960954 65
39961008 39961009 82
39961132 39961133 79
31089209 31089210 94
39961516 39961517 87
3325262 3744351 19
39961723 39961724 19
36770708 36770710 82
39963952 39963953 63
39963990 39963991 79
39964003 39964004 96
30618166 30618182 85
39964255 39964256 60
39964575 39964576 43
39964630 39964631 18
39964638 39964639 96
39964670 39964671 45
39964714 39964715 37
39965025 39965026 37
35692284 35692290 19
39965541 39965542 88
39965827 39965828 34
39965838 39965839 19
39965850 39965851 15
39965854 39965855 12
39965918 39965920 68
39966886 39966887 94
39967038 39967039 82
39967051 39967052 83
39967172 39967173 2
39965919 39965923 60
39967263 39967264 85
39967650 39967651 87
39969023 39969024 17
39969494 39969495 14
39969501 39969502 29
39971042 39971043 14
39971048 39971049 66
40023062 40023063 29
40023078 40023079 95
40036034 40036035 95
40036856 40036857 51
40037823 40037824 68
40038337 40038338 53
14397580 14397592 57
30788382 30788385 67
40107616 40107617 49
40108580 40108581 10
40114831 40114832 28
10897425 10897455 38
40121376 40121377 93
40128223 40128224 43
40151329 40151330 59
40170356 40170357 43
31101939 31101941 96
40187738 40187739 23
40188739 40188740 77
40211855 40211856 82
40227624 40227625 82
40229905 40229906 21
10931163 10931168 19
35692285 35692292 37
15159698 15159709 88
10897427 10897457 99
41204339 41204340 91
41335411 41335412 39
11429615 11429630 70
41668951 41668952 90
41668990 41668991 9
41668993 41668994 43
11353733 11353741 5
41724527 41724528 88
41724531 41724532 15
41724536 41724537 56
41724548 41724549 54
41724551 41724552 78
41724554 41724555 10
41724557 41724558 25
41724560 41724561 14
41724562 41724563 66
41724569 41724570 91
41724573 41724574 19
41724581 41724582 38
41724584 41724585 16
41724588 41724589 31
41724592 41724593 69
41724598 41724599 46
41724601 41724602 4
41724611 41724612 78
41724617 41724618 30
41724624 41724625 38
41724630 41724631 49
41724633 41724634 38
41724643 41724644 19
41724651 41724652 56
41724656 41724657 26
41724660 41724661 80
41724663 41724664 42
41724667 41724668 77
41724670 41724671 37
41724675 41724676 39
41724680 41724681 79
41724683 41724684 100
41724691 41724692 45
41724696 41724697 15
41724699 41724700 40
41724710 41724711 47
41724715 41724716 12
41724720 41724721 8
41724724 41724725 34
41724727 41724728 70
41724730 41724731 62
41724745 41724746 36
41724748 41724749 34
41724751 41724752 36
41724754 41724755 57
41724757 41724758 22
41724759 41724760 21
41724764 41724765 39
41724767 41724768 56
39479151 39479155 92
14264551 14264556 66
41724770 41724771 62
41724772 41724773 17
41724776 41724777 51
41724779 41724780 64
41724781 41724782 97
41724786 41724787 95
41724788 41724789 97
39965847 39965848 28
42497092 11164155 77
42497093 42497094 80
42497095 42497096 65
42497097 42497098 78
42497099 42497100 30
42497101 42497102 12
42497103 42497104 60
42497106 42497107 83
42497108 42497109 34
42497110 42497111 71
42497112 42497113 56
42497114 42497115 45
42497116 42497117 58
42497118 42497119 23
42497120 42497121 36
42497122 42497123 86
42497124 42497125 54
42497126 42497127 89
42497128 42497129 60
42497130 42497131 46
42497132 42497133 38
42497134 42497135 76
42497136 42497137 17
42497138 42497139 29
42497140 42497141 32
42497142 42497143 6
42497145 42497146 85
42497147 42497148 52
42497149 42497150 5
42497151 42497152 96
42497153 42497154 49
42497155 42497156 13
42497157 42497158 10
42497159 42497160 49
42497161 42497162 35
42497164 42497165 77
42497166 42497167 83
42497168 42497169 42
42497170 42497171 93
42497172 42497173 71
42497174 42497175 16
42497176 42497177 61
42497178 42497179 79
42497180 42497181 51
42497182 42497183 88
42497184 42497185 98
42497186 42497187 36
42497188 42497189 58
42497190 42497191 4
42497192 42497193 37
42497194 42497195 51
42497196 42497197 38
42497198 42497199 74
42497200 42497201 95
42497202 42497203 14
42497204 42497205 15
42497206 42497207 76
42497208 42497209 70
42497210 42497211 3
42497212 42497213 73
42497214 42497215 93
42497216 42497217 10
42497218 42497219 57
42497220 42497221 98
42497222 42497223 39
42497224 42497225 97
42497226 42497227 54
42497228 42497229 49
42497230 42497231 1
42497232 42497233 66
42497234 42497235 10
42497236 42497237 77
42497238 42497239 96
42497240 42497241 63
42497242 42497243 63
42497244 42497245 55
42497246 42497247 15
42497248 42497249 1
42497250 42497251 70
42497252 42497253 7
42497254 42497255 79
42497256 42497257 58
42497258 42497259 27
42497260 42497261 69
42497262 42497263 9
42497264 42497265 4
42497266 42497267 68
42497268 42497269 4
42497270 42497271 44
42497272 42497273 47
42497274 42497275 98
42497276 42497277 41
42497278 42497279 38
42497280 42497281 59
42497282 42497283 93
42497284 42497285 64
42497286 42497287 34
33446052 33446053 13
42497288 42497289 3
42497290 42497291 7
42497292 42497293 39
42497294 42497295 89
42497296 42497297 60
42497298 42497299 20
42497300 42497301 20
42497302 42497303 19
42497304 42497305 20
