365271 340096 70
1866549 1499385 90
15600123 1097955 70
3125269 73389 95
1807597 664209 35
21975177 584970 35
21976615 388376 20
13219237 236668 45
21981132 446344 4
3125270 64174 17
2993307 214080 43
21986604 635986 96
21992260 127128 89
21992309 92368 58
3273924 14343 50
3273924 656743 81
3273924 12990 17
21994174 418139 74
3273925 1068571 1
3273926 392429 11
3273926 866701 17
22000084 78378 48
1584673 1103078 45
112587 368368 96
22005441 368097 97
22006123 193651 88
1866550 593368 76
22007438 228337 42
22008033 218346 55
22008033 988261 21
22012928 110045 48
1587637 228939 50
22015476 881627 97
964214 92949 99
966994 1806580 13
22021908 345618 24
22022649 313882 82
22023608 94241 80
22024999 521215 71
22028634 202546 56
22199683 41526 30
22231285 1058141 28
22284395 95195 62
1807599 142181 41
1835257 359542 21
3063398 332251 87
31835221 922857 77
31835224 535406 61
31835232 342527 12
31835235 598805 37
31835237 597189 47
31835240 185518 68
31835242 220672 94
31835248 155081 71
31835253 246159 21
31835255 167107 42
31835257 332548 38
31835259 325864 25
31835272 604376 54
31835280 328941 94
31835282 146869 77
31835289 506269 53
31835292 2233303 83
31835299 365217 92
31835306 165681 45
31835310 484566 40
31835312 295422 26
3126732 331496 22
31835314 937113 62
31835316 865168 30
31835319 1659677 9
31835321 126146 76
31835326 231114 74
31835328 170469 51
31835332 434096 33
31835333 18048 24
31835335 333659 86
31835338 792755 57
31835339 137452 41
31835340 312585 82
31835342 102300 58
31835345 271925 36
31835346 922298 46
31835352 104231 47
31835360 917602 90
31835361 447987 50
31835362 165038 72
31835371 70372 71
31835375 123079 87
31835378 321307 31
31835379 1514987 53
31835380 109198 18
31835381 384485 18
31835383 541460 21
31835385 963612 25
31835386 355245 73
31835388 298843 4
3126733 231965 7
31835390 53474 52
31835392 393974 71
31835394 411445 40
31835396 196821 10
31835402 296708 83
31835404 513075 12
31835406 95634 47
31835415 297669 45
31835429 1982469 95
31835452 173570 82
31835455 860293 11
31835457 121292 72
31835459 687667 36
31835460 385819 68
31835603 1803648 34
21925438 94963 30
31836147 649601 21
31836156 347151 69
31836158 201817 1
31836170 927693 56
31836181 2623217 49
31836183 299647 95
31836195 355720 72
31836197 249738 77
31836206 293449 22
31836212 1405656 62
31836217 45424 74
31836222 107534 57
3187156 1731072 69
31836234 396291 47
31836240 996727 95
2444950 263196 82
3187158 573875 51
31836244 372556 62
31836246 152564 20
31836252 190184 99
31836268 677438 59
31836271 50513 38
31836277 195580 14
31836279 106659 100
31836282 49395 7
31836286 619787 31
31836293 36180 43
31836297 306140 67
31836298 323375 87
31836299 234631 43
31836303 1074176 24
29886207 277709 77
31836306 1064465 15
31836308 594190 81
31836318 190302 45
31836322 52835 71
31836326 339676 74
31836336 747182 90
31836340 1033108 68
31836349 540983 16
31836353 50755 51
31836355 666180 32
31836357 639184 76
31836373 628454 47
31836391 1042539 48
31836404 251126 66
31836405 857188 19
31836407 34541 33
31836416 872093 87
31836418 345396 98
31836420 724481 10
31836421 1016955 73
31836422 82355 8
31836423 552276 41
31836424 809731 87
31836449 229787 95
31836459 195672 62
31836461 51521 48
31836470 97344 18
31836472 139712 53
31836473 416297 88
31836481 478796 5
31836482 481991 62
31836483 294437 33
31836485 95993 97
31836494 59434 65
31836510 232712 76
31836511 394936 55
3986157 318153 85
31836519 109139 73
31836536 664312 25
31836548 142756 94
31836549 687547 44
31836554 403792 6
31836560 837580 68
11799845 99040 32
31836442 664538 68
31836622 584592 17
31836626 1554381 39
31836628 880117 49
31836636 109957 36
2218590 660120 93
31836641 100480 15
31836643 953005 31
31836645 1055057 46
31836646 51083 28
31836649 600671 71
31836650 1040452 98
31836663 593840 17
2276032 302381 49
31836668 190197 69
22026071 306628 80
31836673 1149388 15
31836676 679142 10
31836685 316934 4
31836686 213930 54
31836687 137031 16
29713602 1153297 61
31837026 1133243 19
31837034 86410 94
31837035 333685 55
31837039 1286629 55
31837042 236713 78
31837046 328910 5
31837048 98721 35
31835905 51589 11
31837049 322106 2
4136089 323030 31
31837054 148061 56
31837055 128662 25
31837056 515763 95
31837057 549950 26
4275038 924600 31
31837059 466343 93
31837062 141598 76
31837067 484796 18
31837070 258043 37
31837072 782487 32
31837074 98380 36
31837077 117961 1
31837079 330040 81
31837079 479410 90
31837080 115490 63
4365546 1221214 80
4136090 249074 88
31837082 448919 8
31837085 31712 63
31837088 116954 25
31837090 342727 99
31837092 221772 51
31837094 341836 9
31837095 628240 91
31837098 335860 76
31837099 45555 44
31837102 2878530 30
31837104 121324 46
31837105 257118 46
31837108 95004 34
31837109 314322 62
31837111 584878 97
31837113 388375 16
31837114 453809 4
31837115 721241 62
31837119 1102412 76
31837120 389623 57
31837122 443681 55
31837123 97128 4
31835647 952720 61
31837125 1687510 69
31837126 258044 31
31837127 660553 32
31837130 190851 15
31837131 197101 16
31837132 128056 76
31837135 634161 23
31837139 86650 29
31837141 556258 66
31837142 1126113 60
4136091 1414249 42
31837144 54730 15
31837150 995633 34
31837220 654396 66
31836360 719583 79
31838210 213508 22
31839101 171403 93
31839798 468047 97
31839803 400984 72
31839805 535736 16
31839808 78465 55
3248056 104322 63
31839810 2554515 92
31839813 391993 95
3248057 54085 64
31839832 1223064 2
31839834 468046 46
31839839 927341 56
31839841 321369 60
31839843 797339 38
31839846 640360 93
31839849 589645 89
31839855 961616 57
31839858 410279 93
31839860 53472 3
31839874 361897 100
31839878 98228 89
31839879 212656 11
31839880 5316 96
31839886 126797 100
31839889 328980 36
31839891 874792 56
31839893 186974 80
31839894 7713 12
31839896 525827 63
31839898 145233 15
31839899 224946 19
31839901 30907 87
31839902 1828419 8
31839908 2069509 81
31839909 710162 96
3248058 364030 30
31839912 628389 37
31839914 329411 27
31840162 2213452 64
4081117 142497 85
31840973 324699 96
3197027 365740 5
14230518 1006910 48
31842601 58833 8
31842603 478138 40
31842613 390551 39
31842614 276623 28
31842617 186570 6
1584675 272373 44
31842659 500014 73
31842667 329458 22
1584676 2054415 15
31842672 202410 63
31842719 250135 11
31842756 529124 9
31842764 354666 54
31842767 116255 11
31842775 284182 25
31842849 873817 52
31842857 77830 23
31842890 1416283 22
31842930 1759709 94
31842966 1392891 51
31842980 338062 89
31842989 338944 71
31843080 65261 88
1584677 321149 38
31843106 1216584 61
31843143 734528 79
31843227 503001 53
31843230 77956 78
31843232 313589 98
31843234 219829 20
31843249 644207 36
31843287 445994 58
31843317 243727 47
31843331 1738113 70
2443193 422956 78
31843382 127330 96
31843393 122218 37
31843459 610967 59
31843483 890932 53
31843529 531795 98
31843546 640262 73
31843568 198606 47
31843572 156094 76
31843603 55342 16
31843663 1022505 52
31843696 132545 85
31843702 417138 94
31843767 102920 20
31843770 1071105 44
31843797 403377 16
31843819 465047 64
31843825 41492 24
31843841 88042 41
31843868 419634 12
31843879 848846 75
31843882 903698 82
31843884 848596 98
31843910 1326008 33
31843919 206207 19
31843947 755251 85
31843957 291940 50
31843967 825191 4
31843968 630839 18
796308 192687 78
31844003 2812 41
31844006 786434 12
31844024 273286 2
31844038 22784 13
31844040 391820 43
31844042 942907 45
31844045 637559 5
31844049 390688 44
31844085 621920 34
31844105 124900 15
31844106 98658 24
31844115 671314 71
31844123 262318 18
31844133 477880 29
31844143 503329 21
31844151 2860 46
4735403 931900 42
31844187 43998 21
31844193 731470 64
660669 316428 74
1584678 485729 80
660670 65897 12
31844208 100562 28
31844247 479642 4
31844250 367547 87
31844266 98042 34
1584679 622165 71
31844276 447997 24
31844292 53860 63
31844349 2613726 11
31844352 52333 77
31844372 325510 65
31844393 261554 85
31844396 19581 2
31844414 836889 3
31844419 346741 16
31844430 1241320 58
31844438 237024 7
31844483 414255 25
31844487 783393 33
31844500 743 6
31844516 672350 27
1584680 352788 85
31844527 665685 89
31845007 498757 55
31845009 49800 33
31845016 256675 77
660673 609018 5
1401765 555162 38
2218591 123379 36
31846554 410310 79
1835265 467743 58
2218592 1608905 90
22113146 945110 26
31846555 45733 8
31846557 430159 23
2218593 131099 48
31846564 37144 54
31846573 326585 53
31846577 879159 7
31846578 538449 87
31846579 353693 66
31846580 1232168 11
31846583 787464 81
31846584 42698 85
31846591 392707 91
31846595 53952 79
31846597 155123 89
31846607 756341 74
31846619 167303 55
31846717 158657 36
31846734 300257 45
31846750 161229 77
31846756 339993 100
31846765 651803 78
31846770 463621 86
31846773 448747 81
31846811 1865586 88
31846971 863819 40
31846973 476768 85
31846978 554820 52
31846980 276555 25
31846983 5287 52
31846988 540131 66
31846998 1583334 21
31847222 344396 52
31847310 363356 5
31847311 228581 71
31847324 122959 13
31847355 438195 25
31847393 274299 60
31847757 211296 23
15892724 249166 93
31847761 295030 91
31847763 335328 48
31847768 900742 87
31847770 413550 74
31847772 1193419 5
1835266 859622 8
31847773 64299 6
31847794 918210 76
31847839 150326 68
31847879 196853 94
31847976 724177 27
31848193 46842 68
31848227 889005 61
31848251 2295384 68
31848255 363287 81
31848259 2601157 27
31848288 735691 28
31848290 344513 47
31848293 158675 100
31848344 103323 82
31848346 912585 54
31848693 219887 74
31848694 22603 26
31848709 387985 58
31848730 171965 61
31848747 701960 34
31848767 219830 39
31848790 791945 93
31848832 417363 36
31848847 146554 97
3273931 1289972 20
31848870 550095 53
31848874 318510 26
31848874 347024 38
1807600 353530 100
31848882 2062442 99
31848884 54586 21
31848886 676796 77
31848894 836927 62
31848894 299988 44
31848905 44161 79
31848920 98277 79
31848946 907333 47
31848959 343989 96
31848961 988786 86
2198334 344861 81
1854683 325691 75
31848981 66696 68
31848983 116315 15
31848996 660886 72
31848998 527199 5
2197803 308150 48
31849014 879762 36
31849016 828846 15
1854684 343326 5
31849027 64904 88
31849038 480850 85
31849040 643478 61
31849069 189421 4
31849071 166583 96
31849073 19009 83
31849075 2746134 90
31849079 673478 56
31849080 324499 93
31849085 38612 5
31849089 793523 97
31849091 715397 30
31849093 2057673 95
31849095 263190 73
31849105 891905 91
31849106 311333 2
31849115 130715 24
31849126 347079 29
31849128 157653 17
31849138 293780 87
31849140 50299 77
31849143 931864 6
31849144 153030 90
31849146 1437314 46
31849150 228580 36
31849161 99402 43
31849162 217267 54
31849164 473614 73
31849181 118561 75
31849191 690035 17
31849200 66669 95
31849202 524343 48
31849213 102043 76
31849228 134199 3
31849230 584136 45
31849231 874638 86
31849233 310249 33
31849237 661008 6
31849239 65977 17
31849240 550849 86
31849241 478767 92
31849243 46166 5
31849245 809696 41
31849247 148836 38
31849257 325330 90
31849273 321762 42
1854686 306141 76
31849271 447601 2
3273934 643832 81
31849336 167845 79
31849345 289052 52
31848695 1458414 36
31848695 2367441 31
31848697 60113 65
31849363 306271 6
31849377 257338 42
31849391 415734 78
31849410 356382 1
31849410 208672 84
31849461 694304 96
31849474 749651 91
1807601 162022 44
1584681 342872 63
31835630 393973 87
31850002 895693 94
31835633 896575 57
28931674 68452 46
31850361 99990 64
31850380 1165648 58
31850381 170470 98
31850388 85923 10
31850401 394572 30
31850406 104606 19
31850412 694071 16
31850418 948892 51
31850439 218180 12
31850451 83429 47
31850468 121 12
31850470 108525 8
31850473 179104 73
31850478 94689 57
31850456 252861 8
31850488 7442 98
31850493 98514 16
31850525 216934 16
31850554 2073764 28
31850556 327196 68
31850577 1019699 63
31850580 478543 50
31850582 38107 63
31850585 809516 31
31850601 503642 37
31850602 428798 24
31850615 189548 79
31850622 148655 30
31850630 861050 56
31850647 154173 31
31850648 316610 26
31850661 64949 26
2993315 739965 58
29713825 398806 60
31851950 388745 49
31852765 320894 99
31852771 912296 11
31852773 325284 72
31853426 339994 52
31853439 52001 100
31853443 364505 5
31853453 99120 48
31853458 198543 84
31853462 1300265 52
31853465 867138 77
31853472 506913 88
31853475 231884 26
31849342 148624 75
31853480 1600767 45
31853499 1419930 91
31853501 1397172 82
31853503 97508 99
31853504 887847 94
31844238 193378 22
31853509 1451304 95
31853524 685987 62
31853526 606846 51
31853529 824712 52
31843075 38852 27
31853536 552701 8
31853546 101175 59
31853623 306435 77
31853914 1028130 44
31856499 1309813 77
31856502 263906 93
31856544 765237 28
31835762 131951 94
31857109 84296 13
31857112 49842 42
4385907 1578154 33
31857770 269850 56
31835627 226969 78
31857823 106836 63
31857823 809471 55
1807602 266274 26
31860370 1194756 12
31860445 335573 23
31862205 698351 24
31862676 753179 51
31864214 2071986 88
31864244 130965 82
31864325 856 99
31864327 335329 5
31864380 413491 96
31864424 889271 11
31864441 345044 22
31864459 252342 14
31864467 101007 72
31864471 824633 41
31864481 96041 100
31864537 137371 31
31864603 2143 43
1401744 331652 34
31866216 83932 74
31866550 648147 41
31866716 678825 70
31866818 81078 72
31866827 906838 69
31866836 1488251 89
31866841 830342 69
31866879 209102 21
31866880 101822 95
31866881 339518 57
31867021 688857 69
31867088 142278 16
31835322 1682178 20
119147 332423 100
31869170 264961 37
31869207 1204032 38
31869215 588849 7
31869221 216890 2
31869223 948996 60
31869227 305872 35
31869228 995996 72
31869229 48573 63
31869454 1819247 47
31869460 896635 20
31869463 78386 76
31869797 603139 22
31870064 316696 20
31870065 173968 96
31870070 51597 29
31870076 21575 46
31870078 45649 30
31870079 111139 35
31870080 105726 96
31870491 327566 31
31869197 202837 21
31872522 782923 26
31872542 228582 17
31872545 45797 22
31872547 186757 8
31872548 649652 33
31873812 898376 58
31873813 100734 58
31873816 350993 63
31873818 339677 70
31874531 364578 76
3248059 338370 36
31874546 75030 73
31875759 956462 88
31875951 407867 77
31875953 118658 27
4483866 350791 14
4305072 679486 20
4442444 227238 20
28387439 389456 22
31875981 861952 77
31875982 499452 31
3998499 1407006 47
31875996 312013 51
31876008 119766 33
31876016 99585 73
1866553 369116 15
31876026 582711 60
4234682 362799 48
31840803 551015 96
31876037 393257 35
31876043 639245 71
31876049 479467 24
4081118 890209 96
31876053 520934 28
31876057 358032 47
31876060 623460 54
31876062 1417500 71
31876017 893402 25
31876076 500484 6
3841999 140562 18
31876078 191513 48
31876079 396002 87
31876080 949021 57
31876082 84705 84
31876085 415567 83
31876092 462328 47
31876098 902402 51
31876100 699190 96
22188865 74713 85
31876115 104534 57
31876120 102921 93
31876122 884865 28
31876125 686816 78
31876128 71117 17
31876132 408024 2
31876138 327581 98
31876139 324417 78
31876141 922566 17
31876157 36923 12
31876158 320566 100
31876160 551012 41
1866554 978767 8
31876178 249676 20
31876185 229281 20
31876187 49996 42
31876193 289060 56
31876200 488308 79
31876205 395171 3
31876212 35923 45
31876230 1673925 54
31876233 1349521 41
31876245 891632 98
31876248 537431 43
31876252 341665 17
31876253 367727 81
31876254 176749 87
31876255 177468 96
31876257 671312 52
31876258 201429 21
31876259 3126 98
31876269 581657 60
31876275 709884 23
31876287 333539 44
31876289 308509 96
31876294 431575 14
31876295 244854 55
31876296 175012 83
31876297 516714 44
31876299 317432 47
31876303 261786 6
31876304 215892 63
31876305 905527 73
31876306 97380 57
31841170 637224 62
4182469 261961 52
31876315 216893 2
31876318 636034 99
31876319 128474 59
31876331 295317 93
31876335 1251013 32
31876338 970727 15
31876339 961051 32
31876350 2306415 57
31876351 53781 92
31876359 159721 30
31876364 325443 75
31876365 256715 82
31876369 487293 14
31876380 722638 95
31876404 2146116 58
31876406 143626 59
31876407 359078 23
31876408 584877 51
31876414 98226 70
31876415 830913 11
31876422 320843 16
4515528 1341406 50
31877107 628733 95
31877113 85550 31
3125273 967988 89
31877699 396558 64
31877903 516064 66
31879002 393191 38
31879062 339582 69
31879103 893708 31
31879134 176391 98
31879140 323992 10
1854697 336716 67
31879225 223645 69
2993319 739991 34
31879525 360807 50
1807603 225659 36
31879530 1284530 34
31871089 93769 29
3187159 132939 9
31879992 164957 13
31879993 265993 58
31879995 237267 63
31879996 1022859 80
31880004 125065 36
31880303 221975 3
31880645 328784 43
31881477 355112 50
31881669 316510 31
31881688 133176 16
31882288 99777 12
21994817 164539 79
31887152 220315 35
31887161 101935 84
31887162 362027 90
31887171 216468 98
31887190 339923 60
3125274 347174 61
31853427 326290 95
31887205 100439 40
31887244 582935 3
13219246 40041 28
31887273 312586 67
31887284 351963 90
31887292 332494 45
31887313 686718 73
31887324 110007 24
3602373 218120 92
31887376 636143 98
31887378 857189 11
31887414 186593 17
31887460 13816 58
31887514 134755 86
3125276 758386 80
3125276 324745 22
3125277 267547 85
31887616 34489 35
31887629 606939 10
31887639 386689 34
31887645 36070 62
31887645 63993 4
31887650 320099 97
31887666 350446 10
31887736 37054 48
31887740 50392 36
31887756 941139 98
31887766 700008 79
31887800 330819 48
31887801 213690 35
31887831 912425 76
31887859 1046131 30
31887864 1310278 53
31887866 99331 21
31887871 1109843 49
31887873 99524 47
31887884 325537 69
31887890 96242 93
31887902 659265 23
31887975 96154 41
31888010 841934 19
31888035 385182 83
31888036 196822 77
31888061 408193 80
31888122 60848 65
31888125 791074 32
31888126 335715 13
31888133 200005 16
31888161 651360 43
31888165 1025020 22
31888184 120911 86
31888204 1545564 83
31888206 516196 25
31888215 896695 1
31888233 1723303 17
31888244 57139 76
21640061 384761 22
22104492 181041 77
31853433 498008 21
31888267 197073 25
31888268 164742 23
3125278 904794 54
31888289 190198 48
31888935 983563 99
31889282 52841 91
31889619 277914 11
31890677 1203863 50
31890753 929413 5
31891516 346052 59
31891522 341223 16
31891527 670588 35
31891933 108979 76
31892422 597194 14
11799849 175677 74
31892583 179912 43
31892584 134385 89
31892698 110601 33
31892701 97307 83
31892702 295679 38
31892949 801464 64
31892952 1867842 74
31892957 300597 4
31893985 98043 97
31893987 1147641 78
31895460 97572 93
31896467 329460 33
31896868 598953 43
31896871 240932 15
31896877 1301872 25
31896879 127777 48
31896884 484101 23
31896889 676825 62
31896891 1277805 8
31896896 66943 89
31835621 922267 50
15892726 99779 99
31896906 708932 69
31896909 317768 100
31896927 1418480 1
31897216 78241 64
31897480 371894 19
31897486 205523 13
4237663 83317 95
31897487 109077 29
31897489 659757 29
31897491 944060 2
3851480 322259 35
31897492 115699 62
31898854 135801 73
31899088 432409 14
31900095 826978 15
31900297 1389157 40
31900299 360812 44
31900780 217867 51
31901634 99472 12
31901884 10679 73
2652098 52728 4
31901887 1796672 75
31901890 960474 59
31901894 935690 64
31901895 1065171 42
31901897 1001107 57
31901899 611939 63
31901903 667124 42
31901907 350366 100
31901937 1165607 20
31902721 829159 41
31903198 514113 54
31903274 650980 96
31903276 1269906 16
31903278 98761 50
31903319 592293 88
31903335 35595 94
31903367 52229 90
31903771 85002 76
31903774 1041576 14
31903777 213929 64
31904476 40306 72
31904478 102809 92
31905086 92867 83
31905115 2032894 16
31905192 337265 57
4200496 521620 52
31905563 51084 56
31905797 830440 32
31905887 102918 90
31905945 228219 81
31906086 2125746 40
31906272 702657 11
31906357 443469 20
31906597 898543 32
31906635 394767 3
31906766 917239 64
31906843 363578 73
31906987 48844 51
31907991 669676 85
31909009 318827 70
703953 316026 8
31909094 96196 93
31909095 1519376 13
31909097 122960 7
31909099 250134 83
31909100 858357 5
31909101 457866 95
31909104 272374 6
31909135 346296 31
31909137 1214501 66
31909147 835944 1
31909152 440316 33
31909153 174290 73
31910392 124901 5
31887894 333745 90
31840961 130875 83
33642789 167922 20
33642797 480820 22
33642797 422601 8
33642826 50640 92
33642890 874929 83
33642905 362271 90
33642932 1502735 2
33642934 158832 79
33642948 946318 30
33642994 503395 83
33643003 678134 13
33643059 99174 54
33643073 109688 74
33643087 207607 33
33643088 788822 27
33643099 109958 50
33643107 619192 40
33643131 582136 22
33652730 357437 12
33677967 665686 90
33780732 223210 53
33784953 203764 86
33784955 927792 60
33804774 349146 80
33829458 831387 54
33829641 225331 95
33857676 505392 15
33857677 663936 31
33863384 356722 51
33867046 912427 34
33875504 637653 30
33948859 193784 57
31836486 152942 42
33949603 910273 84
33949616 197514 84
33949617 419310 34
33949694 96666 1
33949707 39080 9
33949696 895264 16
33949791 181094 83
33949800 879283 46
33949842 676263 42
33949902 168228 5
33949981 64905 64
33965787 284183 47
33965801 1069465 64
33965819 923218 100
33965820 168516 19
33965822 104526 96
33965826 1526671 72
33965836 961552 97
33965855 367573 1
34009415 481993 87
34011151 105231 97
34011153 51279 17
34011154 102671 30
34011167 402637 88
34011168 813830 90
34011170 948594 52
34011208 844270 80
34011211 51071 83
34011336 555460 81
34011339 336719 52
34014827 1528591 91
34014843 706552 20
34014844 143027 55
34014845 160957 12
34014869 1452948 69
34014875 265325 20
34035969 487422 11
34036083 524750 25
34036163 130213 24
34036225 99946 90
34036226 348574 14
34036261 392746 21
34036281 358781 42
34036284 443470 11
34036296 1640744 23
34036348 67426 95
34036357 418066 55
34036359 418186 30
34036518 554776 76
34036535 618576 51
3057143 101373 85
34073512 49495 66
34073518 308527 91
34073538 268350 51
34073544 99778 65
34073626 125902 77
34073647 660079 56
2218596 157977 64
34073696 95153 27
34073768 97379 35
34073772 1021757 57
34073774 160500 70
34073784 788170 59
34073858 208196 41
34073872 315623 87
34073873 401620 79
34073875 21894 97
34073903 759646 10
34085695 120670 43
34089103 1041967 3
34089163 95803 78
34089175 898171 55
34089182 35465 41
3273935 896207 77
34089191 164043 50
34089210 871653 58
34089212 252618 62
34089216 621309 57
34089221 1705447 50
34089245 265994 36
34089260 365098 91
34089261 678219 11
34089262 188937 6
34096860 361304 67
34096874 1496714 18
34096926 78075 28
34096981 803933 58
34097022 1344273 19
31888059 608196 14
34097048 395363 15
34097094 474067 68
34097118 908283 47
34097122 317138 34
34097445 54063 45
34097457 696660 22
34097462 208770 92
34097475 1325422 57
34097492 580822 63
34097493 217324 82
34097496 642083 39
34097498 1114575 3
34097504 884833 20
34097507 215685 86
34097538 994871 95
34097619 670868 4
34097644 157654 98
34097717 409200 44
35410027 824634 49
37709685 200197 65
38021725 917499 86
38021777 223004 89
38021778 99587 32
38021780 640069 64
38022182 655448 48
31843730 823065 98
38022282 125066 26
38022285 603665 15
38023742 872974 81
38023757 512504 77
38024471 117147 80
38025490 863726 13
38027888 4765 2
38028538 379899 5
38039873 1437980 89
21982483 35307 90
39135912 154738 77
39135946 2220868 54
39135982 330881 59
39136091 1034051 71
39136400 828684 44
39136532 220855 82
39136845 70487 29
39137144 336452 47
39137199 289157 45
39137223 915713 44
39137386 507357 93
39137567 842056 78
39137763 395032 84
42501789 1477987 32
42501790 295847 59
42501792 255307 72
42501793 217935 1
42501794 3233285 62
42501795 1117826 36
42501796 395593 15
42501797 872757 80
42501798 1541275 33
42501799 444962 57
42501800 310696 31
42501801 358481 15
42501803 60087 4
42501804 893148 40
42501805 642537 36
42501806 53109 21
42501807 1723839 67
42501808 1723839 18
42501809 1491778 69
42501810 3309816 6
42501811 896832 86
42501812 219938 71
42501813 332344 39
42501814 3117261 64
42501815 392842 60
42501816 1036254 73
42501817 362464 88
42501818 151791 38
42501819 319649 33
42501820 105686 26
42501821 50851 78
42501822 333949 62
42501823 530844 87
42501824 1193418 17
42501825 109462 78
42501826 340191 73
42501827 1417786 86
42501828 5468 23
42501829 477587 99
42501830 473670 86
42501831 1188038 45
42501832 103138 80
42501833 867033 76
42501834 142371 45
42501835 917212 45
42501836 1494355 87
42501837 1682178 48
42501838 157103 55
42501839 189421 33
42501840 649070 70
42501841 149519 48
42501842 246899 33
42501843 65789 86
42501844 1456809 21
42501845 237269 10
42501846 4413 96
42501847 109198 91
42501848 295900 66
42501849 505328 27
42501850 910367 89
42501851 41926 1
42501852 783454 90
42501853 1485352 73
42501854 863790 64
42501855 628715 33
1804151 884387 72
42501856 205078 46
42501857 74597 9
42501858 378673 75
42501859 159425 49
42501860 339739 37
42501861 317404 21
42501862 1432860 63
42501863 318826 24
42501864 138490 67
42501865 471211 100
42501866 319357 3
42501867 750074 69
42501868 21822 20
42501869 178965 95
42501870 55148 97
31843082 299116 62
42501871 1696547 41
42501872 2891916 93
42501874 343227 13
42501875 417662 26
42501876 1513900 99
42501877 3226106 13
42501878 342873 73
42501879 331133 35
42501880 313807 94
42501881 901221 18
42501882 658660 98
42501883 670616 51
42501884 65704 94
42501886 229559 6
