5041716 528922 74
5057277 646689 74
5061924 538729 39
5072281 293979 50
5081059 142102 78
5087009 328732 50
2376298 109249 35
5092918 343709 10
5101904 554795 54
5107077 100173 100
5122674 545906 31
5122699 316724 21
5124668 338717 61
5138049 109872 18
5138735 91462 16
5148954 84327 11
5161580 95481 37
724626 660149 80
743523 358959 8
5185268 222733 70
5244336 880706 4
5249148 339067 31
743525 151328 70
5250220 5465 91
5253470 39124 11
5260735 19585 81
5261123 350409 24
5263134 54526 96
5266673 195775 83
743528 323994 25
5279296 332250 98
5279783 428125 95
724630 399384 62
5293400 218719 55
5295673 862067 39
1045079 858693 28
5308863 204156 65
5308881 256230 87
5308915 73418 5
5312153 981998 66
5313914 408000 46
5316771 51996 19
5320814 385927 26
5327187 396697 71
5338564 12558 96
5340347 698165 71
5344104 602875 52
5353082 189526 69
5357789 44160 39
5369181 74964 31
5370836 141377 45
5373984 36069 45
1363228 316427 45
5377629 142164 65
5384653 234241 93
5394618 48009 56
5394716 54792 15
5412810 201816 89
1561299 190414 89
5420482 191088 24
5423419 24809 46
5429879 28385 84
5439891 163738 22
5453465 314744 88
5458932 452906 48
5465224 641037 21
5465458 430834 43
5467544 385008 47
5468275 329410 34
5469635 443467 31
5473490 687846 7
5475897 85001 62
5476101 939562 3
3284809 223089 67
5476659 156684 59
5477161 537634 46
332186 361305 87
5486083 327307 26
742452 124902 62
5488107 19418 29
5497224 345071 24
724637 221741 81
5517147 500310 1
5517206 223608 5
5517353 238233 12
5518868 341665 46
5524289 498355 28
2421039 136677 35
5528166 306906 12
5531356 87060 57
5532974 336757 54
5542188 552824 15
5547448 185065 16
5547801 209081 85
296037 321368 15
5552472 457201 70
5423478 109521 60
5555863 107608 67
5556844 316365 42
5566572 341573 67
5570329 95420 67
5570362 353309 1
5571877 99774 50
5577301 782486 78
5580138 451573 69
5585727 646133 45
5586488 46359 4
5598428 684482 95
5599337 434486 76
5601403 284143 37
5602137 105189 43
742962 669816 16
734197 160030 61
5619863 235332 64
5627063 51777 10
5627543 639291 17
5631688 520888 15
5633782 940892 29
3759673 1302372 88
1489940 274126 28
742923 674243 71
5705354 49351 42
380197 146506 76
251189 32714 17
744277 288723 26
5735840 220924 8
5763213 452264 75
5768432 430299 64
5778027 49392 80
5789066 441528 31
5802533 149999 70
5805437 187665 89
5808358 868097 67
5808493 53047 7
5819953 404904 47
5836823 104829 63
2376302 1303956 35
5849661 104605 86
5850227 32026 15
5857409 70134 44
2686301 1083423 37
5768188 98661 86
5864459 284244 60
5867527 90718 51
5883507 867236 74
5900690 721268 4
5900877 880068 91
5904104 195751 35
5912967 73457 20
5916307 95250 58
5936770 406970 83
5939281 87116 16
5943170 922130 3
380200 220049 72
5959297 22827 61
5959320 224129 37
5965746 95104 12
5968623 193784 41
5969788 193460 14
5972799 103482 11
5975038 106431 14
1833885 126730 89
5975499 70251 17
5979098 201484 23
1414207 398095 70
5997617 117470 20
6004294 459983 89
3522555 2174531 100
6019942 343327 91
4924828 117044 86
6028335 78186 40
6029744 98759 9
6037717 66524 49
6065587 342242 72
6067164 639443 65
3952317 102104 68
6072782 659104 43
6089319 237419 31
6090179 654268 23
2357206 97894 13
6110164 53549 19
6113988 360990 73
5736675 545420 71
6116430 30814 61
6119274 54973 96
380202 179708 86
724662 147398 52
6134949 354475 95
1342591 19415 5
6138291 78076 100
6139975 15333 66
6147112 49228 46
6153270 10099 37
6167872 575650 28
6171076 218066 42
6171501 724384 78
6186085 47365 48
1098662 58039 53
6211457 309596 56
6217842 353352 18
6228902 312774 2
6240422 1329933 97
6262130 462367 19
6266573 48887 13
6267540 263435 28
6271986 96823 3
6277317 220544 48
6280067 619437 86
6280444 503442 77
6285749 121844 66
6288830 552813 62
6303480 692751 40
6317652 178258 91
743547 341363 31
6323293 356969 93
6358650 896731 21
6363598 11586 91
6363639 379696 23
6368080 160777 73
6380859 94518 86
6380885 334562 5
6386841 131781 40
6395941 103137 24
5093051 344860 51
6400966 134253 3
6402878 74931 87
380206 34561 72
6425910 399350 9
287208 800707 6
6439444 111681 36
236496 181901 62
6448235 274404 71
6448691 384486 2
6453081 929454 89
6454156 195704 79
296039 573797 2
6456965 189568 11
6457035 97345 38
3268081 93663 23
6471499 979102 46
6478405 250412 94
6479104 943223 24
6482332 295965 52
6510181 215408 79
6514634 597342 7
724696 697571 27
1554188 342946 70
6527239 129846 35
1490202 601013 63
4510869 360991 41
1441990 354137 56
6543360 280773 99
6544652 790896 39
6544914 105229 69
6551733 534086 93
6554690 848379 40
6556012 17968 20
6556023 195507 28
6568620 260843 88
724702 1183336 3
6577764 19071 56
6592392 326270 70
5173246 208730 58
6595139 252442 75
6599938 102919 34
6604863 358901 34
6610100 507190 20
6610385 1359303 70
742566 142065 77
441477 129458 67
6621634 19573 5
6623758 1089237 99
6627229 317984 1
6630584 341222 23
6634409 479285 5
1833505 7446 84
6660386 365528 27
6662039 152034 52
6662345 198874 58
3263517 73359 40
6668777 96890 1
6669256 567167 92
743551 931498 47
6715986 387077 97
3268082 346667 43
6719608 226083 5
6728035 118656 24
3263502 660798 60
6738431 109557 38
6741076 9026 35
6746368 158139 73
6747057 139588 38
6761990 1336483 71
6767568 322284 38
2377575 36476 68
6773056 284181 44
1487170 328838 58
6781243 502911 73
6782490 165133 36
6782766 858785 50
6785764 360658 86
6789810 99705 59
6794035 324840 4
6800704 612418 55
6801133 68554 97
65555 110789 77
6806675 540399 13
6216470 28898 20
3643214 187404 67
6825912 123142 64
6828461 1587533 7
6831586 93764 68
5437486 122959 99
6837188 193339 73
6844791 1568889 11
986964 340921 69
6860189 493380 81
5944948 692670 15
6890795 553948 70
6897612 609149 61
6900310 529455 11
6902906 189168 74
6924790 391310 39
6927572 52400 34
6943764 593690 42
6950213 98664 79
4471999 100775 5
6862497 216390 69
6980794 343225 43
6993040 72285 46
6994386 363403 20
7006175 161418 96
7008271 305515 41
743378 659758 97
7051411 579153 9
7058356 639025 36
7067219 451723 94
7067622 239805 7
7069019 657006 12
4242462 91625 61
7094282 314364 90
7094628 52866 19
7098928 283829 13
5225489 342244 91
7104759 550956 34
7106184 29136 96
7123556 53915 57
7131735 554417 28
7140565 60765 4
7143684 257150 38
7145845 321188 91
7154512 42551 36
4976463 22872 37
7171393 99466 39
7174957 132378 54
7189242 363241 63
4794527 60116 64
7205446 1628 47
7205811 2202661 25
7223899 301357 5
7248543 125063 59
7253106 22826 52
743561 34100 16
7270739 51086 5
7279202 50953 52
7287518 424245 71
7293056 399720 83
7295815 145939 91
963227 293393 32
7303917 333789 51
7304672 1343619 78
7312651 144080 43
7314057 1001333 3
7326945 43405 2
7327270 101168 36
7340144 122484 51
7349253 269202 35
7377475 299424 36
7390636 117555 61
7392804 222331 43
724737 345524 84
7398966 218350 29
7411521 537970 95
7420335 76811 45
7422827 76285 96
7426658 11469 55
7435216 1096074 77
7448407 231964 19
7452774 1019628 40
407375 92138 43
3995792 134124 25
7461503 340923 80
7464199 235251 17
7472730 379975 11
7484790 621309 26
7492441 942906 82
7494210 333689 91
7526313 125227 89
1491769 51648 2
7535920 51651 38
7538529 322104 34
7549635 268222 72
742487 174339 19
1360433 116944 67
7556670 96284 76
7559885 20887 97
7569432 4412 8
7572813 485086 6
7572821 512930 87
7585148 121381 20
7630327 160737 17
1667672 316339 47
7666540 5159 42
7667824 910019 38
7675931 345527 36
7678447 330040 2
7679672 153672 35
7681076 2856 86
7689989 553440 48
7731254 108841 32
7737367 698588 54
817126 222723 71
7747828 436039 69
7748147 905411 90
7769234 78628 91
7777232 350445 42
7778229 93665 28
7786079 199766 74
7793740 118167 33
7799528 281607 81
7808694 158181 66
7811608 124987 77
7814911 201295 89
7816351 131519 24
7821368 186206 63
7824217 173633 74
7826035 234242 35
7845772 396055 30
7847322 341571 13
7875182 340758 100
7879968 279083 59
5755188 327088 98
7885958 320186 64
7893758 91515 73
7897199 312584 62
7905363 103447 49
7906154 98553 38
7922899 173967 54
7930694 359541 27
7931953 491130 61
7652085 362061 81
7935615 37672 59
7936772 192154 34
7939879 67461 17
7941336 48506 53
7941397 256121 63
6584036 102870 98
7941480 281986 8
7942335 21163 85
7943951 604775 100
7944258 507833 92
7944269 119697 28
7730860 62962 47
7948271 353125 85
7949529 424827 73
7950063 75544 91
7954672 51519 12
7956740 95422 55
7959325 71288 12
7959847 832665 44
7967409 1339 36
7967532 110841 20
7967837 341833 33
7969641 240413 25
7974464 193101 5
7974861 13332 49
7976902 104224 13
7976963 687554 29
7977871 484370 70
6994388 888774 16
1806840 92649 62
7981351 144659 47
7981642 83634 10
7983508 126905 27
7992269 1289901 41
7995823 577576 64
7996919 104531 69
7997002 783503 49
7997633 4861 76
7998446 105278 80
8001917 334000 27
6894187 109822 96
8010884 167370 13
8014745 76850 71
8021147 25768 13
743568 329360 13
8030079 440773 88
8030420 634973 100
8034186 124899 33
8036020 358958 19
8036335 335647 62
6025803 190301 96
8061614 60295 82
8061858 327597 18
7766328 263436 64
8074848 566228 71
8078079 947999 17
8081057 7256 92
8081846 298074 96
8091266 226497 92
8091380 341364 12
8095643 53604 75
6216471 104743 90
724768 132347 5
8120956 219936 96
8140492 248043 4
8146955 821737 73
8147796 324498 95
8147859 668477 69
4271901 420075 73
8155453 124729 12
8169885 100132 32
8175133 344394 11
8181437 280820 38
8218974 855950 98
8231504 101826 25
8231664 149816 7
8235188 308695 59
8239470 105473 19
8244984 72375 61
8264872 93237 29
8269126 500717 3
8274445 94691 78
8294360 164118 30
8298903 444509 10
8310977 142684 36
8313876 59525 70
8318422 106507 58
8322723 330373 45
8322775 730363 40
8323246 334665 91
5843406 126770 80
8328593 219249 38
8333640 224513 80
8351001 139046 4
8353045 196282 89
8353832 991790 88
8363605 100359 36
8377737 173901 67
8402435 49453 19
8404281 170879 54
8409105 857575 3
8409616 319014 46
8409896 37872 46
8420855 41917 71
8424421 176541 49
8428948 327865 92
3854196 42322 89
724777 343495 55
8436318 39645 69
8459817 17051 66
8459984 418853 19
8473983 393743 1
8481718 213168 69
8482395 236712 15
8487964 309048 60
8494960 109873 27
8502741 112148 8
8503774 23656 21
724783 325610 31
8508258 341485 97
8510989 26674 84
7106186 7121 7
8529046 21167 41
2286773 99840 90
8540688 151366 12
8544665 338643 88
8544744 78774 21
8560743 158897 20
8563875 52444 37
6234799 829114 85
8575125 699007 40
8582813 54948 21
8586636 83929 79
8589177 50846 98
8593586 828847 73
8603071 98441 96
8612440 361649 74
6491247 50389 33
8627137 493381 20
8631320 224128 67
8640850 103466 100
8647601 686128 75
8658046 388414 28
8662871 5160 78
4171655 163482 62
8675856 327613 97
8676478 21102 29
8682271 23040 66
8693562 100868 85
8695330 35569 84
8696024 294887 7
8722006 740841 25
7936775 325721 20
8729783 152826 87
8731093 78274 8
8732628 63908 73
8733748 139708 55
8749448 25250 73
8749696 859466 22
8749696 310315 23
8755573 317786 37
8761518 80893 44
8677037 32818 31
8821334 121809 17
8823566 232404 75
8828342 227038 69
8833934 103163 54
8837898 346564 97
8838199 349251 31
8852636 572787 27
8854225 764555 93
8862416 99523 64
8868988 21008 63
8869527 753936 28
8876252 42274 67
8885663 440314 50
5747023 276368 19
8890549 220048 26
8891175 111506 34
8891487 275621 79
8898750 376113 51
8910705 383859 43
8913494 323526 42
8916164 98719 37
8918630 162578 91
8926628 48997 75
8929058 211832 62
8185392 390788 13
8948745 698589 68
8953511 96932 7
8957962 339738 91
8969327 550312 72
8973522 865698 55
724794 659932 65
8975631 940258 26
8981874 138391 72
7942337 345523 44
8983084 892292 97
8985644 242203 88
8988292 355535 47
8997345 53779 3
9008925 295450 96
9021019 320267 18
9021489 416106 59
9037187 1119434 66
9038619 101286 57
9040418 981950 27
9041167 285123 58
1098694 635180 27
9079778 13475 48
9170805 109099 62
9171224 132323 87
9187324 622225 71
724799 646550 32
9215130 25028 45
9226287 142877 95
9226357 6351 24
9226733 740388 72
9227003 99707 47
9236554 255737 86
9242879 365527 31
9259425 243050 21
3901406 51080 61
9265364 256094 97
9293032 506635 29
9305737 867192 54
9338566 715785 74
9356485 627204 41
9356961 67999 10
9357815 312626 69
9357867 393842 64
9364373 139974 96
9385124 285039 68
8084383 96193 96
9409309 226592 85
9412250 7805 95
2266004 252341 75
9428683 196901 84
9431557 502180 58
9483700 787464 74
9490877 1197968 4
9510643 343397 42
9510964 9854 65
9511516 226588 3
9513185 136004 6
9513338 346293 62
8320983 518999 53
9514332 699507 95
9514921 189492 89
9516174 15959 19
9516291 406442 26
821767 144131 100
9518488 846159 10
9520629 626369 21
9521790 51429 84
9521836 83931 98
9521853 52567 92
9523470 672742 63
9525410 102297 39
9525471 262045 16
9525559 319683 72
9558262 345851 80
6271988 135706 7
8718173 236895 56
9592730 97972 4
9632873 2150656 73
9772508 901985 58
9792985 353246 79
9836632 77324 99
9836783 150930 72
9838322 401993 59
9838338 330627 16
9841979 119556 64
9842016 895165 32
9843078 47126 65
9843435 1248774 9
9843749 876751 88
9845987 170047 30
9848754 19277 52
9964885 154372 22
10011266 660048 70
10013504 6371 48
10023027 376169 87
10028754 555385 55
10290724 49140 58
10418076 219984 72
10418603 325023 17
8872015 23549 24
10689936 51718 4
10699207 622771 70
10700541 167302 69
10700551 145106 60
10700665 87261 36
10714081 218906 90
10714486 132785 93
10720165 214844 55
10722935 648925 76
10734522 233078 15
836281 99400 84
10742720 419413 83
10758375 594824 33
10763989 357763 81
10774275 457808 81
10776962 336586 28
10782109 515801 50
9600497 90056 16
10796247 40362 62
3104683 84112 28
10807016 407823 26
10831873 155436 26
10863328 657745 49
10867707 299824 71
10869743 225965 18
10873292 312777 56
10907688 50954 37
10907971 85355 43
10923560 240202 56
293789 97636 36
10933831 103941 88
10959470 96570 2
10974251 92931 90
10999913 7952 27
11008337 153107 64
11029161 412299 53
11037001 2812 59
11038546 64126 6
11039788 202838 14
11051346 48996 16
10898363 642640 48
11054838 120860 98
11090917 285622 19
11102682 179738 17
11109758 215784 12
11127491 142312 88
11147946 35962 96
11160576 225805 96
2601444 445641 52
11169337 325022 76
11172847 237825 57
11174054 45764 45
11176942 729910 52
11194247 642954 3
11222104 2731 67
11223660 478401 25
5133101 23039 96
11241045 94164 91
11264602 35308 74
11265561 40042 4
8208680 56306 100
11272752 362960 71
11276361 135453 99
11276372 226406 49
11290344 40984 71
5261081 70616 23
11291564 58228 90
11295103 278948 4
743637 148448 42
11326179 162950 9
11326599 215491 66
9562414 1443237 97
11331599 325509 61
11331816 627895 51
11332601 612424 19
11361342 507894 41
11370273 104402 63
11377858 5598 43
11397233 5620 17
11398519 53000 14
11425663 701563 2
11429333 56308 82
11432928 94297 75
11442848 43033 6
11458116 136229 27
9708658 22485 28
11486442 97966 70
744778 177127 67
11494685 58192 46
11498358 340835 59
2862781 681283 39
743579 621725 28
11569938 48890 58
742461 751750 2
11591984 23770 7
11710373 110252 43
11730072 649642 21
5517356 374496 14
2380392 93664 1
11765403 432714 88
11765452 1296490 93
11765458 907811 95
11776904 343905 97
11800217 150245 55
11800751 107610 30
11800810 238003 39
11800899 18042 57
11801151 223921 19
11801542 235554 9
11805121 669493 58
11810616 21574 100
11815149 507189 78
9114507 157491 63
11838805 326289 98
11842074 514838 23
11879532 57951 3
11911499 18252 69
11916358 101985 52
11937534 221974 63
11939490 261555 7
11971802 93661 47
11971807 37362 54
11985169 5455 97
12010491 172846 7
12013603 552760 66
12023404 47367 11
12031778 393648 50
12033628 20036 92
12038066 100358 13
12038263 308643 51
12038365 213166 81
12038628 327232 14
3119398 96336 47
6787189 31362 74
1382221 232511 97
12040082 567937 91
2254853 39294 52
12040169 893990 38
5173408 430714 83
12040210 334912 78
8130082 622554 68
6727025 13326 4
6727008 53044 17
12040378 203469 22
12040386 319302 29
12040559 211750 45
12040620 12655 38
12040664 567710 73
12040868 163481 64
12040886 35361 49
12040930 1034791 87
12041120 389369 30
12042032 2765 2
12043039 1932 65
12047260 72376 77
12062564 199164 4
4462825 51078 52
12343923 487879 91
12344494 212417 68
12363563 130413 9
12372052 194014 15
12457633 816702 62
12458047 336503 52
12465329 125276 97
12467290 188320 72
12468007 132685 89
12470360 603787 75
12472629 558978 49
12473793 115588 41
12473862 333207 100
12474157 500884 79
12491966 341365 60
12512346 80044 22
12544848 157952 5
12550748 141402 10
12561925 8726 21
12625663 323468 31
12658440 415566 44
12672948 299079 56
12702773 471912 51
9226486 342402 66
988942 151444 55
12783925 53914 66
12931752 25567 55
13125014 53235 58
13145169 467800 80
5967131 489102 16
1098709 687060 47
14224029 53775 72
14224047 401056 48
14229094 16018 89
14233519 51430 59
14260397 64945 85
14267538 428797 9
14273379 83126 39
8595164 333537 67
14278265 176595 60
14278297 30991 29
14278402 340478 24
14278425 49225 25
14282446 99642 72
14282482 54483 62
14282756 346863 46
14282829 238188 73
14286952 68451 62
14287082 683020 49
14287241 867739 78
14287262 238997 2
14290565 911729 42
14328342 779386 49
14330747 47408 3
14345139 95375 99
14348307 43950 58
14349255 50088 58
14354108 511952 25
14356838 225053 54
14364238 325279 37
14367812 11337 65
14369707 275230 63
14371383 86649 97
14372493 14677 16
14375193 132286 86
743594 353126 46
14378826 102229 45
14381650 38820 53
14381794 433230 69
14387712 883243 32
14389653 353350 14
65621 107219 23
14410811 322057 14
14426452 181694 59
14435832 333205 58
14435891 95958 55
12702775 1057139 26
14445721 566589 32
14449890 387017 57
14451777 325283 97
742441 19421 49
14458708 174481 99
14465601 96662 54
14466336 201657 67
14488370 109558 66
14496204 137914 44
14504117 109597 78
14509335 48931 15
3488771 1394 89
380300 424746 63
14532850 221210 84
14539255 291741 34
7560906 657922 26
14559238 363621 98
14569591 797617 29
14570314 346092 65
14592890 51839 47
14606809 95893 31
14607233 65063 70
14635128 797339 33
14645273 64154 54
14651371 361168 2
14657822 94515 69
14660065 212530 3
14681819 90931 80
14684748 363836 71
14687326 1597314 45
14689156 68705 25
14716197 75652 99
14718357 12224 53
14719917 141676 15
14732067 337567 57
14734086 56469 2
14734565 51910 82
14553770 192828 34
14736844 40040 4
14737003 63457 72
14737201 351808 3
11877732 52724 91
14738315 110659 42
8593591 290915 90
14741451 242365 84
14742579 101601 100
14743650 19732 73
7559909 328783 40
14745046 550698 22
7210288 841115 78
14751893 17197 69
14752937 54017 77
12474711 340765 96
14757763 559207 14
15306736 171548 52
15489687 80515 87
15502605 11210 93
15507366 120808 76
15515565 768270 37
15515725 73819 42
15566371 51188 29
15577647 146084 2
15606661 322788 68
15614963 554680 86
15623414 608579 92
12062536 316681 59
15626316 79193 11
15630342 451847 68
15632704 402991 67
15637944 403728 59
7998449 98041 73
7040387 61341 40
15643383 64541 56
15656001 102103 51
11276377 626541 69
24339862 199191 40
24346086 23910 6
24347624 242452 86
24348537 793623 6
24349270 356722 96
24350223 175235 44
24351839 80183 13
24353271 224634 37
2356637 340669 4
24364425 243765 37
3652282 307798 97
9404627 508128 3
8428951 394901 59
24380367 885178 75
24383576 109421 1
10689941 86786 67
24384417 355110 41
24385107 1073671 81
24385815 334392 9
24386912 577267 35
24387611 1403 50
24387702 170566 98
24387715 121677 42
24387827 209388 74
24388621 325651 27
24390985 189385 97
24391201 390358 88
24391679 342726 95
24392137 110235 55
24392506 1257212 9
24392526 71116 1
24392537 276393 96
24393123 52146 43
24394339 230942 6
24394961 1056326 9
24396263 364995 88
24396474 100906 54
24396754 400462 26
24396845 331026 73
11059945 296843 92
24397133 121189 64
24399858 362921 81
24387704 228832 10
24399903 1164671 73
24400219 322951 53
24400755 328835 80
24401341 377298 45
24401845 562511 50
24402170 12865 23
24402261 53242 100
24402502 22871 52
24403356 803747 89
24403375 639183 88
24403406 1413 77
24405082 736761 3
24405138 913354 85
24409560 80423 74
24409600 171917 24
24409653 196550 28
24410192 602274 3
24410717 50632 27
24414816 349126 15
24423513 249923 72
24423622 355631 15
24423844 395841 98
24424267 96930 80
28304343 201889 41
28304965 194268 92
28308393 213164 65
28308425 216937 68
28308430 161393 28
28374703 87884 79
28378649 1097010 25
28383997 387542 98
22410274 42613 35
28389979 148382 84
28390493 5619 27
28447387 332625 58
28451544 90390 83
28624775 173144 41
28625245 43323 29
28700615 99251 6
28732255 877767 34
445913 102296 8
28733277 691227 47
849631 432758 29
7392813 66613 45
28778481 407533 23
30305895 1019699 81
30305914 108929 94
30305929 140022 59
28401590 308684 94
30313000 215260 92
1037213 53110 51
30325454 179329 12
30325492 1306087 17
30325503 28392 60
30325506 137391 19
30326759 116956 60
28698596 700276 63
30329693 215318 99
65635 252965 14
30332154 509560 76
30333384 340924 45
818249 443337 82
30333413 5393 62
30333508 291513 57
30333615 800326 23
30333632 53473 24
30333869 328733 10
30345501 872212 16
30345568 359419 33
30347782 660888 73
30347808 188261 20
30347811 135509 19
30347890 109197 8
30352522 455162 40
9838345 100131 45
30359870 51909 77
30360432 182040 39
30360457 224515 2
30360535 109691 65
30360630 193148 38
30363673 446952 62
5087261 38107 5
30388485 379736 54
30390478 769398 3
30393093 306065 80
30394932 83737 26
30395794 940277 67
30397750 673478 81
30399020 479599 69
30399059 91965 5
30404017 325607 59
30862998 91906 71
15239377 626250 95
30863478 485057 30
30863510 161295 73
30863650 101824 21
4013490 1410 82
31088572 444963 21
31099153 167536 48
4349042 312773 12
31113559 765034 1
31121155 328837 61
31125863 109741 86
31128386 8614 51
31145708 623551 44
31170194 14804 57
31184904 42323 46
32879120 354943 9
32995600 528987 1
32995703 333016 48
32995806 27490 46
33001640 99582 16
33001770 76283 12
33002226 23130 37
33004855 322139 41
33005380 218682 51
33005415 94516 19
33006444 638481 30
11056231 339675 88
33112766 27688 66
33112837 362064 78
33113053 632009 73
33113116 62428 32
33113218 96479 89
8078089 353762 7
33113474 582470 14
33113495 48669 79
10734537 452492 12
33113741 51077 74
33114112 395419 96
6843084 136678 85
7730884 124602 53
13145171 705121 39
6272000 147167 12
33114741 269785 37
33114766 423710 27
33114781 351435 82
33114785 76693 83
33114810 38479 52
33114867 141977 15
14465607 217838 97
10804495 50847 6
33114995 2054 85
33115024 666182 41
4241144 142932 41
33115410 755999 49
33115425 507096 30
33115730 349774 70
33115775 251698 50
33115822 288721 78
33115978 168952 45
33116094 287828 98
33116151 228737 68
33116168 671093 24
33116184 308712 20
33116961 25666 32
28732256 321641 97
33117048 578102 80
33117161 926560 60
33117393 419472 23
33118331 402706 9
33118534 862062 49
33119159 11209 12
33119192 67174 11
33119231 193974 67
33119392 42504 28
33119856 38525 93
33119860 48888 12
29357828 479401 1
30306994 673148 66
33120014 1029416 61
33120475 101773 93
33120590 54559 68
33120668 102963 48
33120720 424751 2
33121371 152146 24
33121388 51069 46
33121409 337754 8
33121832 204540 10
33121918 161358 60
33121967 51424 48
33122023 330581 96
33122160 2053 82
33122375 339583 29
33122710 150832 71
33122784 253352 70
33122790 353764 57
33123193 19583 7
33123991 55532 9
33124062 215091 57
6168884 394806 15
33124688 45018 28
33124739 672838 70
33124762 363584 5
33124781 120406 52
33124799 742017 57
33395528 888454 7
33503947 17967 96
33609662 181623 95
22386961 392961 41
4347707 17884 93
34808166 260369 61
34861411 134384 47
34876339 174758 48
34878357 13193 35
34894129 118380 12
34894849 235886 75
34902830 376226 73
34907981 220352 65
2193975 54525 93
34995499 261141 28
34995701 326334 59
34995717 2862 92
34995779 624723 54
34996069 338313 71
34996243 1627 3
34996413 389829 78
34996461 60040 97
34996589 9623 96
34996653 213788 34
34997127 344258 65
34997183 126148 31
34997269 108436 15
34997292 36179 26
34997325 53644 51
34997529 132379 35
34997645 52283 36
34997727 225048 69
34997777 1458414 43
34997822 107878 32
34998098 27884 14
34999185 9025 93
34999189 79928 80
34999346 10254 90
34999645 95247 47
34999842 79015 36
34999987 95950 80
34999989 10100 50
34999995 331073 90
34999998 396332 87
35000197 102720 79
35001531 186701 49
35001686 160656 63
35001788 70132 72
35002691 333951 5
35002970 341741 5
35003021 67053 42
35003033 24603 33
35003056 96046 40
35003057 95991 94
35003067 677538 80
35003105 507809 89
35003127 342138 76
35003360 519657 29
35003714 160826 81
35003733 76676 31
35003740 893059 89
35004131 681797 86
35004338 62882 19
35005033 157454 51
35005221 534193 66
35006477 111157 44
35007040 1382004 66
28701634 18440 75
35007260 235856 57
35007621 335394 77
35007855 302325 27
35008876 126763 81
35009125 78188 43
35009177 902030 20
35009360 616661 12
35009425 803556 6
35009618 1202742 100
35009664 397573 15
35009765 844371 77
35009778 237700 91
3901075 30439 31
35009896 1114870 83
35009909 686235 43
35043385 150870 57
35386756 102808 36
35389876 852853 61
35392594 147571 80
35866241 500045 32
36262610 36989 100
36262885 178308 89
6428409 236759 52
36263127 305811 88
36263286 1631 58
36263451 142654 75
36263489 149714 91
36263551 299643 48
36263964 44231 31
36264105 123298 82
36264125 333384 67
36264304 142624 4
36264435 1009967 59
36264694 342606 29
36264739 336721 30
5367944 274622 91
36265341 50034 13
36265423 249699 85
36265491 406246 29
36265611 189980 76
36265893 318425 79
9511933 960097 75
36266413 1256735 93
36266709 122869 50
6839980 705385 67
36267152 194632 27
36267234 406216 47
36267343 1170136 47
36267700 332286 12
36267802 365530 2
36267892 1536057 22
36644429 621692 24
36645125 867669 55
36645651 92825 78
36645671 449296 41
36665649 340530 37
36665702 36475 84
36666361 636921 30
36666719 1001638 83
36681888 119440 41
36682188 105725 50
36682212 48503 25
36682575 496883 15
36682583 324699 97
36682807 445152 35
36683973 118269 30
36689411 31172 50
36689519 551986 49
36694743 351922 58
36703879 729545 41
36735959 51065 59
36737290 341033 99
36737295 336870 56
36740519 526134 20
36740601 29638 14
36741530 36680 39
36757965 532895 78
36759351 430060 44
36768694 539310 91
36768799 464702 24
36859451 16412 10
37664917 35289 16
37665311 548737 36
37692612 5655 79
38054262 194959 65
38054527 42883 86
38215023 101274 68
38215106 54016 21
38215802 554805 24
38216225 84946 2
38216631 102177 22
38216922 318824 20
38217512 300385 94
38217947 573858 86
38217950 283933 91
38219211 344999 65
38220451 94643 89
38220527 369948 71
38220701 323778 67
38220720 36589 16
38220823 339736 32
38221005 146871 90
38222220 9726 67
38222680 503778 25
4375379 82828 83
38749168 432353 9
39120125 135883 53
39123060 336073 15
39224784 144989 13
39635635 1029176 4
39635957 336222 8
6524532 52191 58
40094910 130283 18
40116014 218186 37
40136854 316453 73
40150413 101383 74
40154155 218290 59
40167114 12866 97
40175854 242882 74
40208912 412243 51
40213751 94965 41
40217773 339199 27
40219688 480850 52
5988410 58042 97
9511938 110095 96
14755750 365739 3
1340062 76395 34
7268404 65896 86
41199566 252908 75
41200626 393094 29
41717952 713788 29
32642573 141926 18
28696106 346531 96
41723840 1055056 48
43306312 5469 74
43306313 66148 77
43306314 99520 35
43306315 429253 49
43306316 240514 14
43306317 55339 23
43306318 267323 62
43306319 312772 88
43306321 97967 15
43306322 128023 44
43306323 172287 65
43306324 654165 87
43306325 65891 91
43306326 299760 39
43306327 96101 47
43306328 1621 33
43306329 109136 39
43306331 253506 36
43306332 100865 34
43306333 105965 45
43306334 36140 55
43306335 21168 33
43306336 1314486 27
43306337 100560 29
43306339 236667 83
43306340 72968 5
43306341 122363 38
43306342 98318 30
43306343 52722 83
43306344 134679 66
43306345 241085 100
43306346 50958 29
43306347 319682 17
43306348 322787 76
43306349 276324 34
43306350 525618 86
43306351 507776 56
43306352 736958 56
43306354 221493 87
43306355 46272 57
43306356 831 11
43306357 989719 52
43306358 72229 93
43306359 95100 57
43306360 345588 54
43306361 96826 76
43306362 213506 52
43306363 365696 31
43306366 5466 17
43306367 207675 84
43306368 831766 22
43306369 340762 55
43306370 215088 18
43306371 110315 91
43306373 83928 86
43306374 61751 52
43306375 103863 61
43306377 67229 65
43306379 226967 42
43306380 249895 53
43306382 215089 49
43306383 128344 65
43306384 447082 42
43306385 218114 7
43306386 249824 40
43306387 17125 84
43306388 594738 75
43306389 739318 100
43306390 329459 49
43306391 692816 100
43306392 612884 78
43306393 289288 92
43306394 28899 45
43306395 859621 78
43306396 71955 41
43306397 267807 7
43306398 267484 14
43306399 364584 79
43306400 51833 83
43306401 98039 24
43306402 112012 80
43306403 98934 75
43306404 14555 13
43306405 50508 22
43306406 24514 81
43306408 45819 47
43306409 109520 81
43306410 337956 26
43306411 216076 51
43306412 52402 58
43306413 222332 13
43306414 108582 74
43306415 395220 24
43306416 104607 97
43306417 151493 74
43306418 296280 45
43306419 14448 48
43306420 94105 54
43306421 187513 68
43306422 756479 13
43306423 261556 2
43306424 136877 92
43306425 283554 47
43306426 171248 69
43306427 93767 88
43306428 320383 42
43306429 37361 61
43306430 620595 85
43306431 36679 10
43306432 107099 56
43306433 218291 12
43306435 428960 85
43306436 126598 81
43306437 607424 75
43306439 54826 56
43306440 172030 81
43306441 723394 70
43306442 267226 64
43306443 276737 32
43306444 54660 63
43306445 348206 7
43306446 99775 55
43306447 307464 66
43306448 123141 4
43306449 1023317 57
43306450 1672505 99
43306451 511637 51
43306452 109097 63
43306453 324964 35
43306454 38139 94
43306455 433184 84
43306456 275436 42
43306457 94928 13
43306458 1401517 17
43306459 86851 33
43306460 822644 49
43306461 543844 100
43306462 236015 85
43306463 1040876 82
43306465 133317 91
43306466 531878 7
43306467 430458 25
43306468 637467 57
43306469 722687 96
43306470 313440 11
43306471 57415 35
43306472 19043 98
43306473 324698 47
43306474 227346 42
43306475 110787 71
43306476 676655 50
43306478 321688 99
43306479 420343 86
43306480 384102 99
43306482 100437 78
43306483 35921 50
43306485 116254 13
43306486 143974 99
43306487 394425 21
43306488 200308 41
43306489 1684046 88
43306490 99776 90
43306492 866912 90
43306493 214743 65
43306494 312776 72
43306495 157926 93
43306496 515193 7
43306497 367029 99
43306499 63520 26
43306500 791219 90
43306501 117045 38
43306502 1401463 16
43306504 584773 75
43306505 523510 70
28371740 433725 52
43306507 1295018 63
43306508 102149 65
43306509 131950 41
43306510 479884 9
43306511 273078 26
43306513 322841 65
43306514 656319 21
43306515 95841 85
43306516 79375 67
43306517 234728 69
43306518 296030 89
43306519 295602 65
43306520 150556 44
43306521 237572 45
43306522 388501 52
43306523 655217 71
43306524 318825 57
43306525 30283 91
43306526 508837 76
43306528 620406 97
43306529 1199481 33
43306530 420224 65
43306531 146128 88
43306533 26677 56
43306535 1262297 84
43306536 328780 94
43306537 397493 1
43306538 366894 59
43306541 631043 32
43306543 629623 80
43306544 242209 11
43306546 654860 21
43306547 864662 75
43306549 236620 85
43306550 1683582 89
43306551 770069 83
43306552 228061 65
43306553 13333 83
43306554 364372 13
43306556 80046 3
43306557 101445 18
43306559 104230 99
43306561 362518 90
43306563 98937 73
43306564 192373 72
1605064 120746 29
43306565 390688 43
43306566 642083 53
43306568 316610 63
43306569 912585 67
43306570 237895 74
43306571 360550 27
43306572 367727 62
43306573 218799 18
43306574 338369 77
43306575 152252 16
43306576 392707 1
43306577 108682 21
43306578 333654 2
43306579 252342 41
43306580 902031 40
43306582 18048 79
43306584 94298 82
43306585 297380 34
43306586 45765 81
43306587 121324 28
43306588 34779 8
43306590 96482 46
43306591 196319 64
43306592 222476 9
43306593 67340 46
43306594 151190 38
43306595 62851 17
43306596 100177 71
43306597 95895 51
43306598 235921 17
43306599 72832 24
43306600 216359 19
43306601 112307 78
