5039334 2291138 69
5092549 849876 61
5092713 4149251 59
5092715 863770 63
5476281 4436037 88
5519573 453869 48
3883148 3604577 68
5873571 367380 21
5902665 185092 31
5971445 1975566 72
215430 654634 21
4551543 99992 57
6064243 96930 39
2349489 571712 33
4923666 92825 61
4956945 917990 7
4956945 4956970 54
4956945 1393914 14
6194086 325764 1
6206796 550075 77
6216841 2622035 86
849227 1142727 98
6360099 673947 17
6417602 958151 14
6529354 2598822 70
6603045 756190 45
2350012 3046787 93
6286071 2436403 43
6905184 325615 26
7185559 931400 77
7214041 1019594 24
7325650 49140 13
7344968 1404 47
4937353 3503739 2
7365986 1170726 49
7460887 1246508 78
7590281 1706250 53
7590551 7087297 43
7602190 196497 1
7680430 468051 97
7680430 468049 12
7726965 602555 13
7726965 361989 17
7726965 7726977 32
7727355 1299106 97
7789888 831608 86
7789929 3082846 10
7794460 520934 60
7997525 2386060 77
8003734 2122330 54
8029284 8029294 54
8105108 8105131 58
8105108 620466 59
8105108 3212044 80
8459579 1711688 41
8471331 3542094 80
6064245 1182777 78
8622903 3923979 74
8820207 445023 36
8940162 2359365 73
2216903 1083806 59
2216903 2949940 73
8974835 2885516 84
3479354 981451 41
4956946 3245896 3
9077144 675815 46
9111816 111879 92
9301085 3378881 64
9350181 51065 59
5593163 4950047 5
2950000 420075 98
9510881 9510887 82
6420756 3703069 85
9513380 1937468 80
9514594 1347669 4
9515082 1030408 26
9515804 4304590 65
9515820 2505578 54
9515861 3258016 64
9515861 2038661 34
9515861 7893565 60
9516230 1918223 27
9517027 946411 14
9517092 49456 30
9519061 270210 8
6636328 388376 65
9523865 360574 82
9524748 890890 24
9525498 3860689 42
3608842 2783521 65
9623734 95680 24
3046775 2938484 57
6064246 6064305 12
10053545 1529173 18
10069337 394773 84
10074861 3848843 71
10078587 511953 10
10086325 707577 65
10072060 856758 53
10371025 215089 80
10383089 155437 43
10383089 119439 42
10390564 1048714 25
10394967 217868 42
10398877 511690 82
10427643 1954245 2
10669022 1887099 86
2349491 445995 82
10718509 1632945 24
4956898 1069526 36
10427645 3973934 19
10427645 5745765 1
9519065 1965115 42
8321313 22250 7
10432658 6897897 38
10781877 2000862 4
1390608 363182 80
10784354 1706193 9
10786573 6322771 66
10787120 563551 69
4956904 490043 57
6420710 961469 24
10786585 1758348 31
7366021 3347238 4
7366021 409845 19
10836722 164897 65
10836730 108557 51
10852471 804185 66
10855959 1029204 89
10855959 1251582 67
10920227 316301 30
10921271 2623887 68
10963698 883277 48
10965716 1842289 73
2950001 333751 7
9558642 95426 99
9413286 514838 5
8974837 415566 88
11050000 1017588 60
11057532 100319 73
11059145 662539 31
11061885 2657726 99
9301087 459084 100
11068895 314187 21
11082258 963667 21
11085517 7169851 67
11086141 108587 10
11088658 2695707 37
11089691 385632 11
11089691 946961 84
11090827 5342487 86
11099405 1675352 43
10373996 1756523 44
11140812 7360305 85
11144409 1843138 95
11144409 1068434 35
11154734 798159 83
4826723 688080 71
8192644 739920 5
11280741 871085 12
11290225 963587 87
6314206 2181556 82
11306540 893059 78
11307701 328307 53
11310041 897613 89
11311347 510678 3
1390609 2263962 51
1390609 260766 92
11422558 92953 4
11422558 2390092 3
4957085 2725875 40
11487957 3743940 76
11487957 7992706 83
4212486 3346343 59
11582980 6136247 6
11582980 11582988 19
11582980 2528671 93
11582980 6984794 80
10431599 1785575 15
11675105 123575 73
11691925 1977448 76
11729654 333653 18
11729654 1011564 17
4957046 1306724 4
11738527 1724304 39
11747341 1190307 96
11837296 1139723 36
11922857 392676 93
6314243 957426 17
6314243 1444507 40
5593212 101497 32
701051 1458878 26
11925458 908670 65
11925458 7304243 36
11925518 10680017 34
11925721 215081 30
11925912 1127378 63
11926046 671279 33
4515698 1879727 19
11928508 1146005 79
11933179 3755516 86
11933179 1593025 14
11940257 480851 71
7955167 830935 21
11957072 836459 9
11957871 537970 35
10815483 764171 5
11994638 1034906 74
11995694 729912 74
11995694 3086853 44
11995715 1673874 90
11995993 3382205 1
4956951 3121045 35
12192092 9147745 96
12203771 803764 93
12203771 5065346 83
12226358 206276 96
4956952 418213 54
12245038 167764 69
4982731 712922 46
6064297 665751 3
12293433 176541 66
9231426 1473288 60
12364298 1528855 91
12365311 448961 57
12467943 922269 37
8604032 740626 38
8604032 1680263 8
2216913 230008 44
12755668 1975715 83
12760427 2564445 16
12791716 858244 88
13080724 2199439 52
13140727 2339719 95
13140727 1734638 45
13140727 902253 23
13140727 1909495 3
13140727 2491993 5
13154556 962769 50
13322820 1991524 58
13472980 361903 43
13525498 2306742 68
13935858 343787 82
8386500 933282 1
13949580 10414020 100
13962802 2893137 75
13995686 2079719 13
8192743 3863025 66
14054452 3378559 22
13973520 801245 46
14061147 4529728 24
14063548 102725 30
13962810 106697 21
8192754 868857 14
14060626 94686 70
14082528 1250070 82
14084647 332852 66
14085326 1368447 57
14087242 2794932 18
14082530 790293 17
14109641 52042 5
14109692 1640667 3
14109703 199150 3
10963873 1128579 29
13962831 345892 70
14054207 57676 40
14109849 2497229 54
14109707 1868395 2
14109857 350532 82
14109857 2783768 44
14109857 7625846 99
14109863 326808 42
14109883 1273106 29
14109864 2284970 17
14109926 449153 97
14085330 335681 99
14109943 384415 5
14109947 1562404 45
14109952 1450962 83
11515888 395681 44
11515923 2885679 2
10963702 5585830 24
14109876 145006 12
14109975 1990789 24
14054299 453402 75
14152529 555847 56
11310043 3468976 99
13995688 186985 35
14208919 897868 47
14294220 19593 72
14296789 366155 87
14297006 3331846 13
10791894 2772686 50
14035191 72563 50
8192686 297669 53
8192686 82942 43
4957082 629934 92
14358692 4193081 24
14361447 502458 36
237289 404746 96
237289 312677 60
237289 101721 61
14384173 5149297 63
5092722 2134525 51
14080115 3177350 14
14460426 2605131 20
14460488 695535 37
14460663 1176167 15
14460687 316576 62
14460702 111530 98
10375398 353621 41
14460885 349107 58
14461024 1167150 55
14461838 527292 10
14462106 515802 98
14462164 1261988 83
13962804 3181665 11
14054624 1574479 43
14054624 782172 89
7548427 105153 8
14507107 1707532 73
14509864 384574 92
14512435 318932 12
14516807 901701 23
14517769 10317381 94
14518898 3156191 60
14518904 5288398 14
13551735 2416760 82
14523785 888470 18
14036705 863313 87
14525907 394426 13
14538283 1709035 73
6064298 467988 99
4957087 1546446 17
3547068 299911 36
14553232 3038214 79
4957083 3498397 8
10819096 994789 35
14555538 435634 78
14555851 1087216 18
13935863 701501 32
14558180 3592223 87
14560094 1807228 42
14563755 142624 68
14564062 1220019 19
14564169 100609 88
14564203 1723154 93
14044542 1993042 38
14567401 320277 92
14573339 582433 46
14585272 170198 40
14614471 1640066 38
11310044 2493147 23
14098211 552949 90
14107691 333450 99
13875743 2141351 56
14084978 266008 51
14649806 1753368 20
4957088 1358831 6
10965719 3815849 69
14183296 93513 17
14056229 999293 47
14673357 5313667 80
14673357 925845 84
14097663 1262613 7
14055526 2107659 38
14695905 21713 6
14695905 5597427 41
6064343 1162599 21
14704056 284190 61
12801631 1961019 22
10374051 266006 9
14718935 899080 23
14720132 1794697 81
6314233 2443062 85
14722517 417787 25
10963727 1660394 52
10963727 2048267 99
6823581 3763441 14
6823581 342674 1
14722984 473364 57
14007559 2293622 26
14727171 13480978 96
14112871 1086159 60
14112871 1128621 36
14729632 282560 7
14732154 653919 24
14733197 225331 81
14734451 622595 9
14031064 1005043 37
6314208 1103199 20
7886572 7886582 66
14740933 1209448 64
6314209 1450123 22
6314209 412457 5
8704875 192079 3
5038541 450899 81
14741598 1502268 4
13472982 1527372 66
14742126 312585 5
14743573 224937 49
14743712 97508 23
14743712 886026 44
14743712 192250 35
14744136 821105 78
14745094 645310 38
14745094 3053488 38
14745094 2039065 62
14125844 678401 39
14746859 1439161 82
14754213 170914 39
5839388 2737978 70
14757556 2608338 79
13931154 338525 57
14759754 10283592 27
14760694 1292336 90
14760860 577603 52
14760860 2946034 55
14761453 2554496 94
14761453 905550 83
14779275 354877 70
14783387 341850 18
14787319 311201 84
14791241 1953954 7
14791241 2751598 44
14792103 3168530 10
7548429 1394047 61
10072066 8410893 81
14799686 842555 38
14801590 385745 73
14801740 953611 47
14815781 234586 27
14816244 1855072 87
14818731 1743045 69
14820423 1692333 74
14843796 1483639 89
14881482 186701 24
15319240 3338354 1
15472092 256395 20
15492158 142655 24
15505334 947297 88
15505334 363493 3
15505334 1800337 1
13943767 1356797 15
15560875 1751826 61
15623049 1699904 81
15645435 195704 37
4957095 4957171 45
15670327 288735 47
24387461 2263477 68
7366041 251550 16
7366041 2751292 100
10963833 1583066 55
10963728 605832 2
13995694 5473166 36
13995694 867038 20
14050897 831443 63
10963780 1003760 49
25441608 225805 1
9382425 2112339 59
28302559 2503515 56
28302559 1642093 20
28302561 4390317 2
28304489 2540793 9
28304489 11082012 19
28304489 3268459 99
28304563 830081 91
28304563 2536297 5
28304565 1407569 78
28304597 3414426 42
28304621 104698 9
28304623 3038323 67
28304629 3521157 77
14200718 3327664 9
14200718 2649387 18
10963839 339144 46
14003898 1720183 99
14003898 1525844 42
28305993 861052 27
28305993 4881550 85
28306003 319312 48
28310903 2462643 38
28310903 2986873 86
28310905 318271 34
28310907 111157 54
28310909 1790674 56
28310909 4641791 6
28310909 1377664 69
28310910 4106534 87
28310917 902967 57
28310919 348413 9
28310922 279812 66
28310925 1442083 36
28310925 3946293 37
28310929 2290547 61
28310929 699090 57
13973514 52667 62
14052956 896666 59
13973511 3016976 73
28313436 3719760 45
28313438 4569576 78
28313440 3595773 46
28313442 1682263 62
28313444 103765 53
28313446 361849 27
28313448 1940965 78
28313450 6954477 42
28313452 927342 73
28313452 456540 2
28313454 2441389 61
28313454 291494 91
28313456 1086348 36
14532607 3256936 74
8386539 2355069 59
8386540 2611756 25
8386541 3372830 73
10963880 2294487 16
14054204 810059 79
10963840 393102 97
10963841 116923 11
14054296 2089976 82
10963729 110498 9
14052966 72996 86
10963730 2693836 27
14109949 5458947 61
14109694 1787026 92
10963834 3414638 78
14056238 669403 90
8843880 810266 83
13995689 1159886 8
13995689 723440 96
13804018 1957262 8
13804019 1881857 25
28378156 529079 21
28378156 1345832 36
28378158 387158 30
28378158 1461753 79
28378160 2586654 36
28378160 442458 59
28382200 284145 79
28382202 2436503 91
14054170 4185788 23
28387590 190668 78
28387590 325420 43
28387592 2776668 67
28387606 4277157 23
28388156 216389 4
28388156 395839 99
28388156 216475 67
28388156 131760 76
28389074 270894 67
28389076 2155542 32
28389078 680890 60
28389079 10293368 1
28389082 2531501 70
28389083 5479158 57
28389086 6467616 76
28389087 6467616 66
28389090 830122 64
28389091 7664690 2
28389094 1521030 38
28389095 5022286 84
28389098 3545675 71
28389100 1167184 19
28389102 1581744 55
28304598 574630 61
28389106 866896 50
28389108 1994753 71
28389109 1944834 76
28389111 853158 15
28389113 383540 36
28389113 442423 59
28389114 1372460 18
28389121 1513816 89
28389122 1724710 17
28389124 5330582 53
28389126 1838301 58
28389128 1437994 5
28389130 3308573 7
28389132 129480 29
28389134 397529 52
28389136 3886390 42
28389136 441181 70
28389138 6408524 13
28389140 6993431 27
28389140 1340419 26
28389142 196155 3
28389144 3036113 44
28389146 582270 93
28389148 2392257 32
28389150 316248 96
28389152 2729217 66
28389154 3939601 75
28389156 740921 97
28389160 420532 64
28389161 8710730 33
28389164 1671255 47
28389164 7415641 68
28389165 3478377 42
28389168 5721280 15
28389170 388909 21
28389172 38688 25
28389174 2487605 94
28389176 694439 20
28389178 341499 34
28389180 692614 73
28389182 693648 47
28389184 396816 44
28389184 51445 30
28389186 339928 48
28389188 246474 33
28389191 661430 1
28389193 1836418 6
28389195 506914 86
28389197 1063207 79
28389199 659053 9
28389202 924515 69
28389204 1118881 83
28389206 96107 69
28389208 3331552 76
28389210 1382498 57
28389210 1520224 95
28389212 1744046 4
13995706 167025 84
13995706 605358 100
13995699 1779229 78
13995704 964167 21
28389214 218722 55
28389216 2822089 62
28389224 483431 81
28389226 64012 35
28389228 291867 22
28389230 1612809 58
28389232 3842493 59
28389234 4660076 94
28389235 3223733 10
28389237 1798570 10
28389239 397293 45
28389241 603681 84
28389243 889144 79
28389245 2272170 46
28389247 1279768 95
28389249 321644 66
28389251 2441353 3
28389253 730216 53
28389255 226883 88
28389257 560506 9
28389260 374105 66
28389262 52782 52
28389264 144203 91
28389266 1973104 64
13804024 159905 65
28389268 164009 6
28389270 363449 38
28389272 1494355 24
28389274 178648 64
28389276 393323 23
28389278 499216 21
28389282 3749266 24
28389284 1516202 47
28389286 479410 21
28389288 1866760 97
28389290 286636 69
28389292 341136 16
28389295 1470501 100
28389297 965869 87
28389299 105848 95
28389301 1120520 81
28389303 105051 78
28389305 1414100 28
28389307 698262 67
28389309 3171294 72
28389311 4895559 6
28389313 332278 21
28389315 714061 35
28389317 143896 53
28389319 476219 51
28389321 453129 3
28389323 1344391 82
28389325 195755 44
28389327 5182889 94
28389329 1963351 79
28389331 671680 43
14109854 1094323 12
28389333 1161032 87
28389335 3343244 71
28389337 961599 20
28389339 570306 10
28389341 679011 14
28389343 1600501 8
28389345 1719420 56
28389346 1943505 68
28389347 2867104 8
28389349 2974595 67
14106247 910858 16
28389351 3326916 84
28389353 5245082 62
28389353 1248772 27
28389355 1730413 86
28389357 944668 57
28389359 3145498 91
28389359 7485053 37
28389361 1722056 93
28389363 3631225 64
28389365 1027025 19
28389367 84862 59
28389368 865974 64
28389374 5470787 23
28389375 1976342 93
28389378 537151 76
28389382 6162072 46
28389384 1503704 16
28389385 1345308 7
28389388 5172743 79
28389389 4190586 4
28389392 38527 84
28389394 773747 86
28389394 54591 11
28389396 3008213 97
28389396 388425 64
28389398 291420 21
28389400 1438131 47
28389400 1771793 48
28389400 868350 13
28389402 1162286 90
28389404 226598 22
28389406 670830 38
28389406 1968831 7
28389408 598110 18
28389408 1575287 46
28389410 2058436 11
28389410 5370608 35
28389412 862888 24
28389412 1575716 7
28389414 5923701 60
28389414 2303627 8
28389416 4895674 54
28389418 2763154 47
28389420 97008 42
28389420 810187 62
28389422 3463574 52
28389424 1734833 46
28389426 2291014 29
28389428 562293 7
28389430 2945510 70
28389432 709856 4
28389434 733379 92
28389434 327390 91
28389442 932782 17
28389443 1724803 63
14109851 1659077 5
14109851 1305234 61
14109852 719774 22
14055588 2871486 38
14055584 3545347 67
28389446 940893 73
28389448 954178 82
13804014 1531806 81
13804015 1563224 17
28389450 1038467 47
13804020 2488266 83
28389452 363623 53
28389454 2857865 92
28389456 352273 81
28389456 1290228 99
28389458 634501 100
28389460 2230794 78
28389462 1235223 72
28389463 1613527 37
28389466 3849771 94
28389466 897238 31
28389467 1106101 54
13990549 440861 44
14051382 2463233 17
28389370 1479052 83
28389370 3562847 66
28389471 1520410 43
28389472 3281609 98
28389475 1011703 2
28310926 252198 73
28389477 5451134 67
28389479 2240306 31
14068829 1844956 17
28389481 1713699 96
28389483 1853544 56
28389485 2288577 67
14200722 902356 88
14200723 296903 40
28389487 1929745 54
28389487 763569 80
28389487 2587299 34
28389487 2576833 97
28389488 2607360 60
28389498 1312600 12
28389489 2709507 55
28389489 2512479 14
28389489 606554 93
28389489 1462639 23
28389489 3177063 49
28389489 7721244 23
13995690 1612246 88
28389501 119950 9
10963782 389978 39
13973515 567937 72
14109860 588541 7
14109866 5205462 70
14109879 299158 38
14109979 1439397 97
14109979 2427971 25
11310046 95635 34
11310047 3247350 72
13875757 1734175 79
13875757 1250719 41
28389507 3788262 43
4957078 1933567 59
11515905 39299 98
11515905 499886 7
11515905 2182006 37
11515905 1441671 58
8843877 1406449 80
14055523 4896253 75
14055527 1122936 59
9517032 929338 7
9517032 3630704 36
14054409 8978466 66
14084649 2241998 28
13875746 2398076 48
9517039 941779 98
13935860 1699317 60
14055528 2060778 88
8192687 2553447 23
8192687 2886912 28
8192688 55338 98
10963877 103139 90
10963842 1801779 40
10963842 1421620 64
29370701 1120056 58
10963806 2457914 23
14167084 2108031 83
8192812 861051 34
8192812 1165668 60
10963855 633426 2
14096467 8025858 75
14054176 2341817 64
14054550 53920 91
14054728 1674584 34
13973512 1482838 44
30325078 704299 95
14050928 1312876 32
10963716 888355 71
30339165 1249822 27
14054208 1266749 58
14109870 2462632 30
14109870 4569908 62
14052959 130325 46
13962812 1325374 44
28389379 378832 68
28389468 1339587 71
28389495 1437671 70
28389490 452850 47
14109935 3716177 100
14063550 1580354 58
10963856 378770 95
30366150 3853216 81
30379984 705820 12
30379985 10705604 37
30379988 659619 62
30379990 2511931 11
30379992 7152540 8
30380111 53641 72
30380112 2995103 98
30380773 3638200 55
8110591 2049587 90
30380775 85829 23
30380777 8007625 66
30380788 242501 86
30380789 600868 73
30380791 1242876 21
30380792 3571580 87
30380805 4171377 91
30380806 3210672 8
30380992 4321427 15
30380993 211932 7
30380996 1458074 95
8192735 907441 60
14055775 3115514 81
30389647 2809168 43
1313118 601015 46
30389648 3329986 33
30389651 811959 83
30389662 2868814 28
10819099 2831811 11
8192676 2992210 31
14109705 2135805 56
14054987 6773716 81
28387607 931787 61
28387612 262936 61
30766572 73867 21
13941997 73867 3
10431621 200694 13
10431602 844925 80
14109977 3528940 88
14109980 1437721 88
30767128 1342694 81
13973521 922164 72
14109885 3356408 80
14085328 800604 94
13804011 636619 52
30780446 3540864 34
14761027 5131004 20
30786525 83435 12
13931157 345047 11
13875747 2586723 28
13875747 1707583 11
13875747 2359911 30
31125166 72843 81
31125166 52189 15
31125166 55532 72
30904960 2643891 4
30904960 5186755 79
11310048 921859 65
14054701 1893748 73
29053269 3101971 54
11113634 1100848 86
30898341 876970 9
30898341 1451020 31
14071753 361299 77
14071753 631477 47
31182745 333662 64
30911125 2715052 17
30911125 1581226 16
14055720 336189 23
14054704 837799 99
13644689 2378138 45
14054253 2925379 5
14107590 637561 35
30898144 437125 93
30898684 181346 26
30898342 2237456 13
30898643 372000 80
30898214 338639 20
30898765 2794318 66
30898992 124601 97
30898908 479466 58
30898905 328540 37
30902884 584546 90
30901070 2743508 69
30898378 3026309 38
30899048 1057932 34
30899048 17638753 26
30898548 1928015 55
30898548 1412075 55
30898548 3569831 3
14056078 196323 69
14143163 4731861 69
30899696 1018948 16
30899696 3733178 92
5593225 5593239 54
30912017 1968232 9
30909180 312675 79
13935861 312780 53
14100669 2605378 22
30902553 2933979 32
30908898 1543442 1
30912739 1163997 72
30899080 651881 70
30911737 1085817 82
30898504 1730249 62
30907495 4624844 21
30900066 5591717 44
30906916 1005142 41
30908197 394476 23
30909362 330563 53
30900067 328877 33
30904876 594619 11
30903369 325387 10
30904376 3802412 71
9524754 927689 40
30900781 624197 16
30900781 2171306 96
30904404 97992 22
30913082 481234 40
13644710 352982 35
30902497 1243608 87
11464956 9456382 40
30905474 3345079 6
30902395 730928 14
30905908 1728690 58
30904259 467188 19
30906377 2239445 74
30911825 678356 57
30902526 220279 68
30900723 150968 81
30906997 295714 71
30907182 721030 86
30907182 1002814 91
30909207 2440982 94
30905815 1147659 53
30907558 3447042 99
30907558 1097985 73
31868781 692609 67
30902364 2083294 25
30903531 390997 91
13931158 3047620 5
30899921 1123627 62
30899921 608160 12
30898320 6311135 43
30906770 3116600 29
30902403 3441592 33
13943724 1262890 55
30900255 4717689 1
30913025 3486219 88
8192819 19571 88
8192819 287466 37
8192819 979650 11
8192819 1328487 64
30905314 319018 82
30906019 2736486 54
30908472 927895 36
10963722 1694848 42
30909120 4194928 21
30907231 1046968 37
30907496 859474 77
30907496 790446 61
30903376 109367 41
14068823 4976573 90
28389502 452870 61
14054240 4517629 88
8192677 544865 6
8192677 333578 4
8192677 1558268 100
30900489 4136536 33
14025065 764143 92
14025065 1225606 35
14183256 218235 58
14200154 324240 84
31874050 4429599 46
8386544 51441 85
8386545 621696 98
8386546 405037 39
8386546 396061 69
14061150 1488307 49
10963888 2489753 89
10963731 99042 10
10963731 329031 47
14052960 289832 18
14056049 760171 46
14088378 2475181 11
14086634 176039 85
14086634 342075 84
14096432 4010317 15
14152531 3077974 51
14054313 584178 38
10965724 3439261 62
14044047 749237 86
14054639 386276 74
14054812 1167173 96
14054580 332261 3
14054186 858894 63
14054187 791894 10
14055761 384620 24
14093148 334726 10
14191402 654167 88
13983586 353655 44
14055038 1824214 30
14055572 95769 77
8192755 53043 13
8192756 953005 43
14098882 2462626 19
14093549 1483391 73
14057619 2961539 17
14107598 366161 12
14071519 1344962 87
13968700 673621 24
13943770 235775 79
31893776 2450099 31
14126950 2812376 91
14126950 1181357 39
14071996 100090 56
31893779 108225 48
30898692 1084613 59
8386547 963216 78
14109643 1240120 24
30389652 3120585 23
30389653 3419256 72
30919735 2306213 90
30898832 1360652 31
30898832 5046536 10
33009754 701420 39
33010056 4586697 90
33010986 121809 5
33011063 891383 9
33011726 568255 32
33012410 960280 10
30900922 2384963 18
33012837 1935556 51
33012839 2165377 64
33012861 1764767 6
33012863 7893539 49
33012865 2593593 84
33012867 7570495 94
33012879 1940780 42
33012881 388805 14
33012883 687748 99
33012908 40040 10
30907774 2461592 8
33012917 805566 4
33012919 41964 51
33012921 3635914 90
33012923 675208 13
30899257 2129472 83
33012945 6002768 68
30903026 5932247 74
30906590 5327801 94
13875748 893709 23
14056239 2896079 80
14746631 516664 30
33119703 1771884 18
8103971 411790 16
31893780 11196518 33
34777136 6644266 97
35003620 757162 69
35004765 3214497 95
6780367 932620 63
35006916 5571065 70
35007779 123298 2
35446391 443482 85
28389497 1168935 37
35533948 13021724 57
4957135 3093239 50
36264525 1420622 13
36426838 216205 69
36426868 867595 54
36434903 2005320 20
36434903 3802326 67
36645775 1197968 91
14054454 664828 24
36646593 885641 73
30898321 4752411 82
30898343 651517 89
30906853 1111727 44
30898542 2864792 63
30901672 646199 48
30910952 1531111 63
30903282 696525 39
30900811 1306090 94
30907638 217469 12
30907297 874198 64
30901816 764816 4
30902008 901699 9
30901511 671199 20
30903539 513721 38
7023017 2726065 25
30901596 525910 25
30913562 1795091 63
30915812 338313 68
30923068 3048664 90
37665061 189080 96
37665094 847699 98
37665903 1747019 27
37666769 1094719 97
38215791 2340347 98
30389656 1111347 60
39238986 2706209 38
39635946 1725192 77
39635958 2539431 97
39635987 2013734 83
39635993 342103 21
39635995 3421027 94
39636014 330229 31
39636020 318823 81
39636026 19046 85
39636031 1680729 44
39636039 2895402 43
39636042 1457769 45
14052962 161799 25
39636044 2789151 77
39636044 1663800 14
39636046 12816560 5
39636048 8240090 2
39636052 3553181 78
39636054 5416801 4
39636062 1746854 1
9517042 885518 75
39636065 454967 92
39636067 349793 62
40093198 97081 1
40093198 2329355 7
40093198 370343 3
30389650 3138390 22
40104982 1675072 80
40104982 1357750 5
40104982 2761885 32
40104982 904634 26
40141476 2287255 42
41189204 1417786 65
41189204 15441672 47
43306606 569546 6
43306607 2739038 25
43306608 22538 72
43306610 3072714 37
43306610 2596320 51
43306610 1555209 84
43306611 1691587 86
43306612 1309254 5
43306613 30906 87
43306614 3602776 16
