4207533 4320994 75
1213180 2089207 46
90004 306651 66
71078 261819 93
2111434 2860734 69
2841038 3400721 62
728458 1498390 79
441779 1090356 88
133284 421134 39
272127 776085 77
2087496 2841076 35
10767 71150 74
140579 440494 69
1084772 1946984 93
1088138 1950350 17
1500000 2363937 46
3402640 3794530 21
608146 1344970 11
1116794 1988562 78
1116794 1988563 12
201840 606067 12
201799 606005 68
5991339 5991370 23
443555 1092800 60
6010670 6010700 41
175080 539221 12
6054813 6054836 26
1954840 2726339 12
606126 1343488 94
1092812 1957741 27
45176 192984 84
1957774 2728472 93
728475 1499191 33
2122857 2870597 13
1138230 2009766 13
73495 266029 85
141062 443622 7
587981 1319650 7
311650 846537 92
508434 1202279 21
539172 1259204 60
2361346 3057256 49
444670 1095227 10
5190 46780 41
1213170 2089133 32
6316463 6316483 33
3179520 3643377 16
502674 1192001 98
3586151 3917837 56
122536 401828 3
201841 606114 14
1554251 2414476 6
3810274 4054880 69
324289 876586 25
4160 41303 66
1988501 2760078 30
3635579 3951441 51
3579347 3914266 70
6559465 6559486 71
1522172 2380037 81
744373 1522211 98
3586152 3917859 15
2057171 2816354 79
502622 1191758 47
6570057 4992027 34
201874 606220 74
759473 1542389 56
4085041 4236877 17
4419708 4465466 44
176045 541529 29
277006 783915 28
1545820 2406099 100
1532785 2391328 49
2124203 2872086 24
1296221 2173705 10
1522174 2380076 47
201875 606248 39
1231634 2110742 24
530694 1241461 85
201842 606147 61
261751 758239 46
3479784 3848885 51
2288192 3009227 60
606032 1343293 84
1498353 2363072 24
1232059 2111462 39
39065 159499 44
2700785 3297682 50
1192543 2067232 87
4465439 4500724 29
4465439 4500725 42
4465439 4500726 73
4260832 4354833 64
2087469 2841005 11
472035 1142187 10
6993667 6993694 64
2120424 2867511 40
212758 647937 94
212758 647938 31
3429746 3810301 86
126143 411170 19
2115627 2863619 95
7080795 7080810 20
6570059 6570100 36
1501957 2366174 86
532340 1243780 37
46734 201833 97
606081 1343384 47
2136658 2882902 88
7091968 7091989 66
3479816 3848954 79
1957708 2728384 22
2838129 3398388 80
4499245 4124423 61
4499245 4526449 82
1497830 2362608 17
728360 1497857 54
7196915 7196944 67
7196915 7196945 21
7196915 7196946 100
500669 1189002 34
2700786 3297711 25
1575180 2434534 62
3402641 3794559 40
46735 201868 28
7384646 7384667 74
3398362 3791566 35
2362628 3058508 46
771545 1554285 18
172123 531173 24
1501958 2366203 76
7557002 7557018 13
7557002 7557019 74
1188972 2063405 21
3647406 3958365 61
4352152 4417573 6
4352152 4417574 20
4394584 4448468 89
441806 1090417 20
4307182 4387125 89
7801790 7801805 76
1954794 2726282 83
845731 1656927 98
2120698 2867673 34
1138231 2009788 2
2107958 2857638 53
1231635 2110772 55
1241434 2120447 51
508243 1201964 55
7890434 7890445 13
6646939 6646955 37
3647407 3958389 9
2366155 3060969 57
8133925 8133947 13
2882873 3429714 70
2221591 2953556 29
771546 1554315 89
3785874 4039835 40
3294630 3723940 96
2696583 3294655 38
1919537 2696579 9
1501959 2366230 46
257953 753061 5
3402642 3794591 72
8294245 8294270 7
1497832 2362627 43
46736 201903 1
1656890 2498651 43
8452597 8452608 68
2807703 3377550 67
1236567 2115614 75
8534116 8534125 42
3534848 3885518 32
3543073 3890563 20
8647647 8647663 40
8647647 8647664 19
8647647 8647665 64
46737 201922 91
3791540 4042855 50
212760 648017 47
1389028 2262928 78
1660732 2500332 1
1319823 2190816 10
8844404 8844416 60
3890528 4111306 32
1497833 2362640 16
3414666 3801696 31
3414666 3801697 49
8894040 8894059 47
1570373 2429429 41
606082 1343412 51
4211832 4323922 67
4185807 4307191 71
1240722 2119737 85
1211609 2087464 65
3168188 3635600 2
783862 1570339 79
1471557 2340332 76
1231931 2111296 82
2498656 3168211 41
1192545 2067287 14
3586150 3917813 90
876590 1693726 99
3168190 3635624 10
3951453 4150756 15
2418371 3104970 24
2262912 2982987 48
2262912 2982988 39
4207534 2402226 20
2063380 2822497 91
9550824 9550842 18
9598398 9598418 7
9599539 9599551 12
9599541 9599565 98
9599542 9599581 81
2882874 3429737 73
9610620 9610631 52
3102147 3586185 22
8771882 8771900 48
4256073 4352150 66
500542 1188488 14
409734 1046380 61
142903 449756 27
36282 142919 56
9672326 9672332 30
368406 967091 61
129192 415593 74
804675 1604911 97
1988468 2760035 17
406097 41465 70
1068620 1931648 95
415385 1054376 30
228353 704043 32
932697 1757336 53
257976 753095 23
66359 66404 85
43859 185143 89
527968 1236549 23
68989 257901 31
1389089 2263016 11
205295 613893 36
527969 1236565 60
8822454 8822469 86
1174670 2047372 61
3102148 3586205 72
502847 1192571 54
39988 163453 45
56459 232578 84
2475173 3150342 79
9685981 9685985 7
425 4040 72
449739 1105935 35
264242 762656 98
423340 1065196 19
197811 594204 80
9688917 9688921 38
9688923 9688929 57
197812 594219 62
9688932 2639207 59
2264950 2985161 22
1088972 1953271 67
149854 472342 56
56806 233583 12
3857773 4089692 95
48082 206288 85
236536 721270 73
794021 1583856 12
9702421 9702425 81
9702428 9702432 31
1922254 2698614 63
80823 280901 13
2500340 3169520 82
133995 422604 8
1919582 2696617 5
9702778 9702784 47
9702810 9702819 55
9702810 9702820 33
9703393 9703399 71
9706632 9706638 86
9706648 9706652 24
9715208 9715213 35
1943409 2600637 40
42593 175069 55
9724672 9724684 25
186321 574707 51
9846595 9846605 34
2262913 2983010 52
2262913 2983011 92
255608 750093 66
9999353 9999376 24
1534187 2392631 29
10175458 10175474 55
10175529 10175539 5
1919538 2696594 3
10175745 10175766 82
3358820 3767417 92
3027220 3534834 42
4262880 4356260 70
2786044 3365001 59
728504 1499965 70
1213171 2089160 90
10177135 10177143 24
1343451 2218007 98
201878 606266 79
201879 606287 3
500760 1189098 50
606083 1343427 79
606035 1343345 14
8364957 8364993 93
2951060 3479878 1
38944 158907 83
3479734 3848811 26
2776565 3358858 38
201880 606303 100
2822480 3388745 52
3429747 3810325 55
1090284 1954802 44
1967252 2736253 24
9999357 9999387 74
1954804 2726305 26
10179584 10179600 23
3187339 3647227 13
3454361 3830758 4
606084 1343433 39
1057717 1919555 54
606036 1343354 100
606037 1343362 88
1074331 1936198 47
1099027 1967241 39
2950968 3479805 53
4084973 4236823 5
3402643 3794611 45
3398363 3791580 79
10183884 10183909 79
10175645 10175660 80
6570079 6570110 34
4042872 4207550 75
10184341 1457650 89
1090286 1954829 95
1090287 1954849 93
4119193 4262900 90
10185107 10185113 66
307992 840513 58
10185151 10185155 64
606270 1343589 15
5259463 5259518 68
42847 177057 75
4352 42410 63
1240309 2119241 47
38422 157415 74
199423 598099 73
599954 1336568 62
6180 55656 61
157249 496107 18
10188650 10188654 8
10188725 10188731 43
849303 1663252 20
42768 176092 9
36641 145409 59
464031 1129126 55
233405 715221 15
1441207 2309862 80
211730 646075 71
3804772 4051330 89
319376 863093 80
10189600 10189605 21
3597217 3924551 2
470675 1139697 57
10189762 10189766 52
170358 525604 80
171251 528288 62
1616652 2466335 50
10189774 10189780 25
10189856 10189862 31
36813 146649 28
10189873 10189882 66
814084 1616764 82
42769 176146 8
2440420 3122144 58
10189986 10189991 70
10190077 10190082 5
423343 1065244 62
10190117 10190127 48
72164 264224 95
2309818 3020170 31
42594 175095 96
10190225 10190233 49
1819031 2629730 68
10190248 10190252 52
10190299 10190302 15
10190325 10190329 73
10190358 10190365 22
10190401 10190412 86
1660739 2500347 99
10190431 10190437 87
4632547 4640789 78
846578 1660746 40
1616203 2466087 36
245085 733697 13
10190478 10190483 49
10190508 10190515 77
2179608 2917629 69
2217874 2950850 16
7568 62453 39
4004407 4185871 31
2055998 2815457 26
5304595 5304622 81
10191078 10191084 36
1111923 1983818 67
4185857 4307230 52
10191852 10191857 24
10191861 10191868 17
170310 525520 15
93304 318031 56
4044100 4208495 28
500353 1188066 26
468511 1136354 87
80388 279539 55
528688 1237702 16
10192098 10192103 62
1570370 2429411 53
10192130 10192136 68
169916 524100 38
16592 84964 19
90987 309548 92
15530 80704 4
39989 163503 60
2323391 45449 90
5416 47443 99
617364 1356341 6
10192748 10192755 75
421076 1060725 92
894 7738 88
37218 149720 72
876645 1693767 94
10193095 10193100 8
145670 459559 48
901 8664 94
902 8731 70
902 8795 63
903 8959 90
903 8960 20
905 9227 12
2359 25303 93
2363 25674 30
121284 398216 99
573444 1288946 64
776889 1562063 26
733731 1505087 60
691158 1446059 73
56460 232601 15
144417 455517 56
232586 712688 71
933 12287 58
4829 45450 79
2392562 3085181 53
9942 69024 19
41551 170743 26
8324 64572 57
499 4459 83
6186 55972 2
4171 41609 20
151525 478028 43
37766 153542 62
36815 146766 53
43008 178335 47
37696 153058 72
2992 36620 75
170165 524968 69
2993 36722 84
144177 454565 49
36816 146833 19
4359 42750 60
128570 414717 63
137859 430731 9
4364 43257 30
951 14285 77
47512 204375 14
621 5477 54
6190 56239 65
1077216 1939078 56
156264 493959 30
77770 275071 84
955 14745 70
38726 158217 53
72166 264298 21
11185 72201 64
41812 172108 63
264545 763137 100
8771944 8771970 85
461626 1125552 88
1090288 1954857 19
10400716 10400719 39
3331710 3749512 70
41198 170078 91
1075144 1937247 4
452643 1111242 2
712157 1470675 73
10401464 10401473 38
175532 540097 5
137728 430234 14
137728 430235 7
540072 1260364 44
254863 749093 73
2323426 3027229 44
138088 431492 24
524867 1231279 61
1556456 2416840 34
713084 1472034 78
580952 1298145 5
10402017 10402020 33
172893 533244 35
6196 56490 25
163045 513248 6
6197 56537 48
10403552 10403555 95
47029 202803 9
4539256 4558906 54
2861752 3413714 18
59036 239313 82
10403588 10403592 39
5967792 5967823 79
2730036 3320919 2
10403597 10403600 95
10403605 10403608 37
10403609 10403616 70
2172151 2912927 63
10403619 10403622 44
1441120 2309801 96
10403623 10403626 6
9742766 9742776 83
10403651 10403654 11
50028 211654 17
165128 518046 52
10403659 10403664 54
615718 1353911 93
10403665 10403670 17
36531 144472 77
48118 206341 31
1497970 2362711 89
10403678 10403682 87
47999 206074 90
3747628 4018391 65
181414 553845 78
1824361 2634080 75
1232311 2111879 1
38363 157240 33
1136381 2008064 15
2006669 2773903 53
2050398 2810414 74
10403710 10403714 66
10403716 10403719 93
10403721 10403725 84
10403727 10403730 51
10403738 10403742 95
10403743 10403746 83
10403757 10403760 57
2363853 3059069 92
10403837 10403841 7
37438 151298 7
10403846 10403852 92
10403856 10403859 17
37220 149768 52
10403914 10403917 79
10403933 10403936 69
10403954 10403957 75
48000 206096 98
10403958 10403972 12
10403980 10403990 17
10403993 10403996 82
7387710 7387726 66
10404008 10404012 22
10404023 10404030 9
2500352 3169534 1
10404057 10404060 36
10404061 10404065 100
3587872 3918931 25
2859176 3411979 22
10404077 10404082 44
8344599 8344624 4
37032 148349 20
5596546 5596578 52
176527 543316 67
10404121 10404124 98
10404127 10404130 16
10404132 10404135 39
1498898 2363462 36
10404146 10404149 43
10404155 10404159 90
422944 1064524 34
10404166 10404169 56
1052414 1915106 23
1336865 2208663 81
2323450 3027270 16
10404315 10404322 69
10404325 10404328 37
10404329 10404333 82
10404336 10404341 94
76042 270997 49
76042 270998 65
10404349 10404356 70
147863 466305 30
1570346 2429396 44
80243 279234 15
458889 1121228 8
254416 748462 26
65723 253140 6
3792566 4043534 17
3429672 3810212 31
257977 753113 39
1275659 2152550 42
148619 468613 91
1499165 2363523 32
10404629 10404632 83
616307 1354540 24
4833982 4834025 63
4145415 4281392 37
3926016 4133340 46
10404643 10404646 25
4433105 4476343 74
4476339 4509702 20
1579957 2438821 43
10404653 10404656 49
1261303 2138521 19
10190500 10190507 12
2466182 3144503 65
2527784 3187361 91
3320930 3741975 12
2179606 2917622 58
314736 851389 24
3554660 3897996 55
594240 1329151 72
43862 185218 61
10404859 10404862 64
10404880 10404886 7
594241 1329163 14
257889 752988 66
48169 206512 62
10404919 10404924 37
10404954 10404959 84
134562 423701 76
4550815 4568063 18
10405237 10405240 98
228638 704377 72
4262861 4356252 77
10405270 1167814 9
10405276 10405280 24
150391 473935 84
9701783 9701793 26
148056 466735 56
10184609 10184619 98
10405402 10405406 78
3001 37208 26
10405989 10405998 38
233714 716105 45
37221 149798 49
1259138 2136598 90
72732 265234 66
12428 74948 88
3002 37255 7
10408242 10408245 83
13795 77446 14
232587 712716 90
10195214 10195240 95
713085 1472052 78
645978 1386809 73
11908 73468 23
1237779 2116456 91
3027131 3534812 92
147145 464495 78
487402 1165829 45
64887 250148 78
4377 43751 3
199427 598181 63
16598 85315 41
36822 59977 69
37223 149838 38
819389 1626247 35
77772 275136 40
3004 37391 34
2863604 3414675 58
133334 421334 86
37337 150784 62
152449 481148 56
399242 1009478 65
4265476 4357985 59
206435 616318 2
3917779 4128894 54
782760 1569219 61
10795564 10795575 51
10801095 10801107 38
10873054 10873074 43
4256074 4352169 43
4256074 4352170 2
1142137 2013533 96
2841094 3400772 71
1570326 2429367 44
3354113 3764730 27
3354113 3764731 44
3354113 3764732 74
6993697 6993718 62
2009731 2776514 74
648002 1389027 52
2611273 3241497 52
3058962 3554693 58
3587861 3918897 3
985412 1831995 55
11043604 11043614 24
876684 1693845 64
2021160 2786061 73
3572394 3908635 23
11046139 11046152 23
11046368 11046379 38
3400691 3793416 86
1275437 2152303 72
3794542 4044939 93
3413009 3800825 8
1530363 2388553 96
541503 1262732 23
464032 1129142 52
464032 1129143 93
464032 1129144 9
464032 1129145 53
3791581 4042884 24
3398366 3791590 86
3794543 4044947 96
1498355 2363088 44
1498356 2363106 30
11072737 11072753 11
11077619 11077627 66
11077619 11077628 47
11078250 11078262 81
68993 257972 13
1236630 2115635 21
1967253 2736263 49
11079605 11079619 13
2414517 3102169 19
3890556 4111325 34
3890556 4111326 1
11083821 11083835 23
11087430 11087450 21
3918925 4129366 33
2527640 3187251 82
7196918 7196969 90
3416996 3803006 69
2089139 2842658 7
11094439 11094453 57
11094439 11094454 10
3810222 4054839 90
2726399 3317410 58
2726399 3317411 63
11098195 11098206 88
2693869 3292675 31
11099520 11099529 31
527970 1236575 17
170176 525047 68
3801678 4049591 42
3587862 3918917 83
4357968 4421750 37
4357968 4421751 91
11138457 11138463 41
3635602 3951469 32
1554257 2414540 18
1656891 2498683 22
1656891 2498684 79
1656891 2498685 9
3586147 3917785 59
4499548 4526673 93
4499548 4526674 73
5657140 5657182 16
256568 751793 84
8771892 8771938 19
4054831 4214980 37
11423875 11423894 76
4270027 4360922 53
2840977 3400635 73
4185801 4307181 81
4049223 4211848 77
3890557 4111336 13
1055288 1916954 77
2329113 3031883 1
7601483 7601495 80
11695106 11695116 58
11696606 11696615 26
11716045 11716051 84
11716394 11716401 53
4325908 4399647 3
11741883 11741891 94
11761891 11761897 40
3917781 4128904 4
11775317 11775323 83
11788816 11788822 29
3918954 3102223 48
3587873 3918944 14
201930 606385 43
1213181 2089240 76
11795884 11795893 67
514645 1213157 83
3958351 4154845 60
4198417 4315221 16
2391302 3084483 87
2391302 3084484 64
2363076 3058684 41
7801793 7801814 58
3791544 4042865 95
531142 1241937 63
4548763 4566191 89
3990283 4175429 54
11852320 11852327 69
11087432 11087464 69
4417547 4464135 58
4417547 4464136 14
4417547 4464137 79
2047348 2807784 4
3104952 3587870 28
21069 21121 59
539178 1259228 45
2363093 3058690 93
15319 80258 82
2498658 3168221 3
12073492 12073500 34
12188825 12188832 53
2638219 3261715 91
3413010 3800838 36
3400693 324326 21
10188571 10188581 22
4312271 4390628 17
2841014 3400670 40
170166 524983 34
5793040 5793055 10
12285033 12285037 45
1548554 2408886 9
11098197 11098215 74
1262720 2139878 43
4111282 4258474 28
3801047 4049228 38
3723949 4004838 30
539180 1259249 2
12483505 12483512 93
1535865 2394284 95
41820 172142 24
985413 1832010 74
12485326 12485332 83
523648 1228711 47
12489017 12489028 1
12489661 12489666 63
539162 1259172 53
12490590 12490595 99
2841086 3400744 41
11101464 11101473 52
12492808 12492814 46
12492808 12492815 35
12492975 12492982 70
12492975 12492983 68
185124 571454 88
3294662 3723965 84
712734 1471549 76
12494423 12494431 57
171184 527987 44
147035 464040 52
12498489 12498501 70
12188827 12188849 61
531184 1241985 88
311652 846576 26
12502057 12502062 91
11423878 11423901 6
376841 980316 9
12504463 12504469 60
10183925 10183940 90
10183928 10183954 30
12506686 12506691 42
41236 170187 21
43942 185807 15
147036 464052 78
37177 149460 67
11716380 11716389 79
12571171 12571181 35
3241489 3688428 33
1231473 2110530 85
12577191 12577197 51
256342 751291 49
12591929 12591936 58
12591931 12591941 17
12591932 12591948 50
2429354 3112948 76
2429354 3112949 51
4004287 4185806 66
3793354 4044073 90
12688705 12688716 52
1241994 2120695 81
2087480 2841026 89
3800808 4049137 87
4052667 4213753 7
4052667 4213754 49
12804572 12804579 6
2120429 2867534 57
13055580 13055587 75
3400623 3793349 81
13131094 13131100 64
539181 1259258 6
539182 1259269 26
5799499 5799532 12
7044623 7044652 47
771543 1459327 4
38424 157473 56
7538490 7538511 28
1153558 2025271 1
11186 72253 14
317751 855231 49
91161 310709 18
306330 837306 96
37835 154147 82
465950 1132537 73
42853 177287 47
264933 763787 93
14094 77899 23
121776 399817 26
113492 370158 52
2838471 3398804 73
37178 149496 88
43567 181605 10
143570 451398 44
1140842 2012332 15
198410 595588 51
1086476 1948455 12
6204 56859 55
142680 449218 55
5427 47873 98
152494 481306 73
235240 719286 86
518467 1218960 62
314848 851432 13
37033 148412 2
38202 156591 30
43610 181709 68
489047 1168081 51
530660 1241361 6
42229 173987 10
310723 844766 15
1278166 2154782 97
277532 784460 20
146723 463259 11
533279 1246009 99
43503 181399 36
153449 484171 92
37271 150224 15
146724 463296 4
286186 798264 57
518463 1218935 92
238133 724993 87
461696 1125843 41
457106 1118639 46
72596 265027 32
333332 909878 54
175604 540378 14
30271 131828 63
164294 515639 49
200778 601081 36
207010 617771 69
170831 527182 31
702073 1460173 13
20998 117668 16
118996 380603 93
1235627 2115132 83
3012 37688 25
1136859 2008581 62
2115541 2863555 47
137729 430265 58
850798 1665710 37
33650 135002 68
14655 78682 99
37224 149866 87
2736214 3326795 16
177306 546102 6
450139 1106655 67
74073 268109 19
1710573 2541210 58
238486 725449 96
13262180 13262185 88
37180 149537 1
488215 1166757 37
475798 1148127 28
156648 495031 47
163875 514821 16
82867 285929 83
206846 617281 11
152369 480962 47
500604 1188817 67
181543 554112 31
9599569 9599587 1
198228 594883 20
46104 198261 30
36653 145652 10
176051 541629 84
13264399 13264406 53
174819 538933 28
143964 453854 57
43527 181535 55
38102 156181 10
15532 80789 46
1647833 2490781 85
56214 231720 66
1919143 2695956 18
476597 1149482 75
172899 533388 79
90531 308055 80
532655 1244282 25
1334033 2205728 52
44102 186397 24
57323 235363 65
455686 1116689 36
3020178 3529966 97
67099 255493 46
146726 463330 16
481999 1158201 66
372754 974650 77
4385 43921 32
169847 523743 26
181638 554238 79
164768 516680 61
3016 37892 67
4387 43971 93
175007 539116 37
72734 265268 58
181942 554986 91
126209 411317 10
148371 467654 95
1460162 2330385 82
844624 1655180 79
43990 185891 41
473952 1145452 89
148649 468708 70
147211 465002 97
483240 1159898 97
2691106 3290502 30
143096 450038 42
3114659 3595140 72
12965486 12965493 39
11550097 11550111 24
2424171 3109661 76
1081696 1943424 89
25230 127828 42
71198 262534 41
11564 72792 47
2110751 2859830 35
37865 154353 24
307073 838747 71
5432 48068 6
720696 1480619 59
1171722 2043913 32
718302 1477621 89
176529 543349 61
143572 451458 40
149059 470103 7
163433 513909 23
461719 1125899 13
91162 310748 6
2619715 3248502 28
18294 92621 1
1159879 2031744 27
246681 736019 68
20344 115402 63
7170056 7170076 76
174053 537363 61
40004 164094 23
181475 554003 61
62415 243951 92
132932 420626 5
574479 1290105 48
206081 615697 94
58542 238520 33
27057 129149 38
16605 85506 69
121779 399864 33
171695 529940 22
152131 479900 27
7026575 7026592 78
145493 459282 24
10408659 10408669 25
12035009 12035016 82
473795 1145236 62
41562 171016 33
318438 856594 93
1555497 930835 43
4547421 240744 99
5097422 5097446 57
13327874 13327878 94
645843 1386584 8
151666 478625 12
118559 379750 85
3792568 4043551 9
34758 137845 60
2701341 3298095 21
121780 399886 19
10679352 10679370 79
1236635 2115650 89
1133504 2005223 22
74844 269162 20
1534119 2392528 57
3802759 4050222 68
483099 1159758 58
206527 616397 1
13382131 13382136 7
13385532 13385539 16
430204 1074694 66
185784 573309 71
12310091 12310098 38
2050354 2810348 33
7535250 7535261 82
513874 1212165 30
843746 1654598 23
2621539 3249834 26
3030 38399 13
7980438 2865251 76
2323395 3027204 78
55607 229075 86
134447 423355 42
2500297 3169492 54
2119398 2866759 83
460550 1123498 32
2624536 3252327 11
2860763 3413021 98
1241438 2120461 84
10183890 10183922 52
3794620 4044980 41
1133126 2004809 28
4323983 4398417 15
3800531 4048913 53
3885489 4108864 97
2323396 3027209 51
15026402 15026407 79
15094791 15094798 4
459556 1122288 19
367135 965248 73
15298751 15298757 75
308189 841025 21
37186 149671 73
48049 206254 85
1133128 2004852 84
171162 527961 7
7791 63398 14
15363488 15363494 85
2408877 3097501 9
527977 1236634 24
703303 1461296 29
15592202 15592209 41
523652 1228730 85
232591 712747 51
648005 1389035 12
2408880 3097506 64
15674669 15674673 32
2706076 3301804 89
3317425 3739160 16
3317425 3739161 98
15674679 15674683 39
15674679 15674684 22
15674679 15674685 7
15674686 15674688 28
1142470 2013672 55
1142470 2013673 10
1142470 2013674 38
15674689 15674692 88
15674689 15674693 98
15674694 15674696 56
2115602 2863596 14
712678 1471535 5
712678 1471536 25
72737 265309 64
15674697 15674700 74
206494 616361 68
2982997 3499456 81
2982997 3499457 2
6993686 6993701 86
15674702 15674705 12
13446936 13446948 23
8738048 8738168 70
3187865 3647416 8
3810281 4054889 22
3104956 3587876 1
4915993 4916024 4
15674706 15674708 41
15674709 15674711 92
15674713 15674719 37
134754 424000 1
134754 424001 87
4488070 4519013 8
10873060 10873080 91
2429358 3112951 95
783872 1570355 19
783873 1570360 67
783873 1570361 55
783873 1570362 30
15674727 15674734 52
15674727 15674735 71
1796524 2611270 73
1796524 2611271 62
15674729 15674737 90
1570330 2429378 34
1570331 2429381 30
441808 1090432 50
15674753 15674755 35
2110782 2859854 69
3586658 3918342 90
15674730 15674739 59
753047 1534141 76
15674731 15674741 79
2408881 3097512 81
7532371 7532386 1
751780 1532780 77
2115603 2863599 95
11105032 11105045 30
15674757 15674759 95
15674760 15674762 54
1570354 2429401 54
3922600 4131655 74
7196924 7196973 96
7196924 7196974 51
7196924 7196975 29
3112941 3593818 7
3058497 3554410 99
3058498 3554412 97
3058513 3554415 86
2362633 3058512 11
4559941 4575742 41
4211986 4323987 33
4323985 4398421 72
3722838 4004286 86
3890559 4111338 54
15674763 15674765 39
4004284 4185799 26
1570332 2429383 100
1570387 2429438 9
10189912 10189918 74
2362634 3058516 9
15674766 15674768 84
2726401 3317424 62
4307174 4387106 61
15674769 15674771 67
7094700 7094708 16
15674772 15674775 26
1929324 2706075 75
2859849 3412479 29
2859857 3412489 68
3702190 3991346 32
2859850 3412482 54
2726397 3317403 4
1090300 1954871 65
15674776 15674778 67
15674779 15674781 45
15674782 15674785 29
15674788 15674792 89
4084992 4236831 12
15674797 15674799 20
2262919 2983013 82
2218069 2951005 78
15674802 15674804 67
15674805 15674807 84
15674808 728768 32
15065970 15065973 44
876768 1693882 64
243898 732085 74
15674814 15674817 25
15674818 15674821 69
15674822 15674824 38
3593809 3922603 37
753049 1534148 7
15674825 15674829 57
15674831 15674834 14
15674831 15674835 72
15674836 15674839 18
3087015 3574488 63
15674840 15674842 7
15674843 15674845 29
15674846 15674848 11
10873061 10873082 51
15674850 15674853 59
15674854 15674856 96
15674857 15674859 53
15674860 15674863 16
15674864 15674866 6
15674867 10135614 87
211646 645823 64
15674869 15674871 35
1231891 2111231 89
2110913 2860046 29
15674872 15674874 64
15674875 15674877 95
15674879 15674881 40
3466509 3840061 48
539248 1259285 24
6316470 6316489 75
3417056 3803010 15
571738 1286730 25
15674882 15674884 38
2951108 3479901 82
15674885 15674887 16
15674888 15674890 45
2043631 2805188 63
15674892 15674894 92
176314 542322 17
2841087 3400751 98
15674896 15674900 29
1232130 2111563 71
2950833 3479705 70
15674905 15674907 40
15674908 15674910 45
15674911 15674915 35
15674918 15674920 42
36468 144421 17
4085002 4236839 85
15674923 15674925 74
15674926 15674929 6
4526429 4548770 53
3990284 4175433 65
15674928 15674934 36
7601480 7601486 77
1211612 2087491 3
3800810 4049142 78
6570085 6570114 26
4916021 4916033 43
15674937 15674941 87
10182259 10182272 75
606340 1343661 26
1213186 2089248 44
15674943 15674945 3
15126886 15126894 24
15674946 15674948 84
15674949 15674954 53
12489020 12489032 85
15674959 15674961 96
1977952 2751121 19
15674962 15674965 6
15674968 15674972 65
15674968 15674973 84
15674974 15674976 86
163675 514297 62
15674977 15674979 79
15674980 15674982 10
15674983 15674985 20
45941 197572 69
15674987 15674989 44
15674990 15674992 70
984 15493 69
6570086 6570117 57
15674993 15674995 60
37188 149684 54
15674997 15674999 18
3650062 3960135 40
15675000 15675002 41
15675003 15675006 55
11046144 11046155 18
4123333 4265475 73
15675009 15675011 67
15675012 13820896 44
163784 514655 19
3918938 4129373 15
4198418 4315226 82
15675018 15675020 54
963859 1803438 1
1258859 1258880 40
15675023 15675025 97
205296 613897 96
6316471 6316492 10
750068 1530365 85
15675026 15675029 15
2859858 3412492 6
1535866 2394291 25
1796525 2611278 73
3241500 3688438 5
11094443 11094458 89
1957719 2728401 98
157208 495986 96
472040 1142212 28
15675030 15675032 82
15675034 15675036 58
15675038 15675041 61
15675060 15675063 12
15675060 15675064 90
7196984 7196990 86
7196984 7196991 95
13515151 13515157 57
3573050 3908921 79
1213187 2089251 57
15675065 15675067 41
3039493 3543070 16
15675068 15675070 46
3388734 3785882 38
2822484 3388751 75
3914248 4126733 66
15675072 15675074 73
10175752 10175776 54
10175753 10175778 30
15675075 15675077 94
15675078 15675082 2
238139 725011 73
10175754 10175783 34
7520763 7520770 98
15675083 15675085 47
15675086 15675088 36
15675090 15675093 73
232593 712752 20
15675095 15675098 21
15675099 15675101 75
15675102 15675104 19
2340752 3039971 82
15675105 15675107 64
15675108 15675111 63
15675112 15675114 67
3070926 3562105 50
3070926 3562106 50
15675115 15675119 81
1820936 2631066 28
15675125 15675128 48
4484400 4515866 95
4484400 4515867 44
4484400 4515868 85
3039494 3543072 36
15675129 15675134 52
15675137 15675139 54
2110783 2859865 1
3261708 3702188 26
2110701 2859798 3
15675140 15675142 73
15675145 15675148 50
250326 741463 22
15675151 15675158 83
15675160 15675163 54
15675164 15675167 68
3241493 3688433 91
15126898 15126909 96
7196961 7196982 43
471949 1142075 73
206084 615713 98
9431968 9431971 64
2340319 3039497 8
712679 1471540 79
712679 1471541 16
212822 648089 81
67611 256144 49
2713673 3307084 36
573002 1288188 83
15675168 15675170 71
15675171 15675173 32
15675175 15675177 13
15675178 15675180 11
2003537 2771522 63
3587866 3918923 20
15675182 15675184 69
2843995 3402648 20
514647 1213166 31
10182277 10182284 78
15675187 15675189 32
15675190 15675193 75
1278873 2155178 38
15675194 15675196 40
15675198 15675201 22
1534191 2392642 32
122033 400205 100
15675202 15675204 20
15675205 15675207 39
2982998 3499461 98
15675208 15675211 84
9599572 9599590 41
3906684 4121124 43
12188829 12188854 79
2706077 3301807 70
3727917 4006891 92
2859860 3412498 66
1231615 2110699 31
15675213 15675215 12
10697098 10697108 23
15675216 15675218 69
606135 1343522 92
1138242 2009815 16
3700197 3990287 99
15675219 15675221 44
15675223 15675226 40
15675223 15675227 28
3914249 4126736 52
15675228 15675230 84
4123334 4265480 58
15601084 15601088 100
15675231 15675234 49
459578 1122293 25
15675235 15675238 92
11083843 11083861 10
2696600 3294670 46
2841017 3400678 95
15675240 15675244 88
15675246 15675248 1
3793356 4044078 81
10187677 10187687 74
212823 648099 24
4443102 4484403 28
15675249 15675251 48
1501965 2366248 60
15675252 15675254 72
15675255 15675262 23
15675255 15675263 87
15675255 15675264 78
15675255 15675265 28
1236559 2115606 32
1954894 2726405 66
3097509 3582676 53
15675269 15675271 7
588015 1319863 69
1570372 2429414 12
15675272 15675275 19
2363457 3058745 81
15675277 15675279 18
15675280 15675284 92
15675280 15675285 9
15675287 15675289 39
8771868 8771881 66
1066073 1929341 87
15675290 15675292 66
1213189 2089257 37
606045 1343368 54
9599573 9599592 37
3412975 3800804 11
1929340 2706079 6
3301806 3727920 45
15675293 15675295 87
15675298 15675300 49
15675301 15675303 48
233701 716074 19
2371427 3065398 92
15675305 15675307 78
3306187 3731020 93
13794771 13794780 76
2416821 3103751 9
15675308 15675310 22
3951458 4150762 81
11087437 11087469 27
15675311 15675313 90
10404668 10404671 91
15675316 15675321 4
15675325 15675328 94
15028293 15028299 21
1138243 2009820 65
3348346 3761781 44
15675330 15675332 70
15675333 15675336 72
15675339 15675341 84
15675342 15675344 14
13477549 13477555 52
175050 539155 7
15675345 15675348 12
15675351 15675353 6
15675354 15675359 17
15675354 15675360 35
15675354 15675361 90
15675363 15675365 87
15675367 15675369 65
2429439 3113007 38
15675370 15675373 98
15675370 15675374 16
15675375 15675377 38
159902 501829 36
138692 432681 57
420619 1060313 37
1211613 2087504 48
2841018 3400687 13
2611275 3241502 56
3413041 3800847 79
206086 615725 55
1954895 2726409 60
15675378 15675380 30
15675381 15675383 82
15675384 15675386 24
2429402 3112970 61
15675388 15675392 32
2923899 3462249 52
6570088 6570120 70
1052828 1915362 31
15675394 15675396 48
754805 1535871 10
38433 157715 35
15675397 15675399 10
2982999 3499467 57
15675400 15675402 52
3113005 3593824 34
15675403 15675407 84
4180672 4303936 31
15675408 15675410 6
15675411 15675413 29
1232070 2111498 73
15675414 15675416 92
15675417 15675423 62
15675426 15675429 49
15675430 15675432 12
15675433 15675435 85
7196978 7196987 45
15675436 15675438 5
15675439 15675441 30
9299628 9299639 65
4307185 4387130 63
3857774 4089696 24
7196928 7196977 58
3593825 3922610 32
15675442 15675444 26
15675445 15675447 7
3470253 3843250 11
11083826 11083839 23
2841088 3400753 63
15675448 15675450 66
15675451 15675453 97
15675455 15675458 21
15675460 15675463 34
513875 1212174 90
15675474 15675478 42
15675480 15675482 97
15675483 15675485 13
514648 1213177 80
2087482 2841033 91
2859861 3412501 30
15675492 15675494 100
1231616 2110709 63
15675495 15675500 18
4526432 4548773 96
11083844 11083864 95
1503469 2367368 100
2172831 2913187 25
4826384 4826498 29
15675501 15675504 60
2822485 3388753 65
500659 1188975 17
4526433 4548775 27
15675506 15675508 97
149729 472038 11
15675510 15675513 38
15675514 15675516 58
15675517 15675522 91
15675527 15675530 90
15675531 15675534 86
15675535 15675538 100
459630 1122441 5
15675540 15675542 14
15675543 15675546 95
15675543 15675547 96
15675548 15675550 89
15675551 15675554 59
56818 233744 26
8294254 8294279 41
591033 1323642 34
15675556 15675558 51
15675559 15675562 29
15675563 15675568 27
15675569 15675571 95
15675572 15675575 66
15675576 15675578 83
1475267 2343460 12
15675579 15675582 51
56924 234094 93
15675585 15675590 31
12688709 12688720 55
9331323 9331339 14
3821725 4062726 56
15675599 15675601 73
15675602 15675604 48
206496 616363 56
3061147 3556066 84
8615301 8615320 50
1319799 2190792 94
15675605 15675607 46
15675608 15675610 45
2841049 3400732 3
