4 641 1
9 132 59
9 693 34
10 1005 40
17 109 50
18 973 82
25 1180 45
26 663 6
33 1766 6
35 1770 34
37 777 6
38 356 68
54 1512 1
55 220 87
70 1567 79
72 1725 2
74 277 34
74 513 63
74 617 3
74 1750 28
87 955 65
97 745 32
101 1069 26
117 212 59
120 1788 60
121 287 31
122 1048 80
127 1671 7
139 278 65
139 877 39
151 956 45
155 1449 66
158 27 41
199 1999 52
200 169 57
204 1102 94
209 843 2
213 1165 28
236 1783 84
237 235 100
243 8 86
247 615 60
248 1649 53
250 1610 58
258 650 74
267 646 64
267 1846 42
268 274 42
271 1219 89
276 1828 100
279 790 67
281 81 69
281 1529 57
292 1234 78
294 18 34
303 215 47
313 700 57
314 795 88
315 1120 9
317 851 82
317 1542 26
323 461 83
338 1711 48
348 932 64
356 1672 30
356 1842 14
357 852 79
360 324 87
372 1991 33
377 1481 13
383 1950 61
388 1777 17
391 1132 76
403 1104 92
406 50 72
411 1228 59
412 1584 32
428 867 3
434 1661 22
446 1275 100
447 1590 43
448 1704 19
448 1712 30
453 1945 46
458 941 5
459 1011 61
462 1185 66
464 1326 6
468 1596 47
471 701 7
471 1692 33
474 1833 98
476 1856 88
479 250 52
482 1783 22
485 608 31
486 759 65
491 611 36
492 294 78
494 1032 77
495 1019 8
504 1751 50
507 248 75
513 1431 5
518 1361 92
535 508 56
539 157 19
548 1959 12
552 1354 79
559 1938 65
582 776 23
589 891 13
597 1616 94
598 148 77
600 1379 35
607 66 87
615 74 70
623 1943 82
624 609 14
624 1392 74
636 1216 69
637 820 28
637 1211 48
676 1493 43
691 662 63
704 1879 19
707 631 61
719 743 11
720 1937 47
729 1692 74
730 529 39
734 875 90
741 444 10
756 1035 6
756 1590 37
758 1436 5
758 1761 75
770 246 11
774 863 1
775 1832 41
787 201 81
797 1935 85
809 964 80
815 1302 1
820 723 89
829 1740 43
833 152 65
833 1484 44
842 1463 49
847 447 57
850 406 50
852 715 17
863 1105 50
868 227 54
870 1564 78
871 685 93
875 824 43
875 1727 96
878 442 8
878 1866 17
878 1896 62
883 1189 83
883 1453 82
904 838 1
906 485 28
912 579 99
922 384 98
927 1552 78
934 1374 96
940 978 24
945 1815 20
949 300 65
952 1271 62
953 1691 24
956 567 4
959 664 34
962 379 26
962 416 96
977 1500 64
978 1909 87
983 575 39
986 307 72
992 299 1
997 604 70
1026 1269 86
1037 1574 36
1040 1295 70
1053 1705 10
1055 641 25
1062 174 71
1063 1300 56
1065 513 43
1074 1089 22
1077 1564 65
1085 838 11
1086 1695 84
1087 1140 53
1091 1852 32
1094 65 92
1099 1289 54
1123 1310 92
1141 937 31
1141 1025 93
1149 714 50
1149 1053 29
1150 1549 3
1153 1070 35
1154 890 94
1154 1249 64
1157 1366 45
1158 108 2
1163 1528 70
1167 1146 62
1169 549 95
1171 1685 97
1178 324 43
1181 693 37
1185 1421 52
1199 102 47
1203 757 30
1212 1424 91
1214 1673 17
1222 569 48
1222 1930 76
1256 1689 50
1260 595 13
1260 879 15
1262 360 60
1267 266 22
1268 247 98
1270 1769 21
1280 1316 91
1282 1817 86
1293 1027 14
1306 434 41
1313 475 10
1327 1689 69
1328 974 6
1332 104 25
1338 253 18
1348 1761 94
1353 1130 79
1353 1304 84
1354 1561 93
1354 1965 16
1355 1249 89
1361 1647 37
1362 1021 69
1363 1278 37
1370 237 36
1374 1431 20
1386 1527 66
1387 1440 24
1388 1658 18
1397 933 42
1401 374 55
1401 1674 12
1404 1948 86
1405 719 39
1425 1903 99
1428 109 15
1429 1191 3
1432 687 36
1434 1290 86
1435 126 52
1438 679 75
1440 1144 55
1444 208 1
1447 1098 64
1471 137 100
1471 1312 68
1471 1645 44
1478 1636 84
1483 1966 59
1487 1494 87
1491 279 64
1496 1735 57
1496 1756 97
1498 170 22
1500 1545 42
1501 1083 71
1506 566 59
1513 438 40
1514 1045 3
1519 677 18
1522 13 76
1522 1894 78
1526 1035 4
1527 1258 71
1527 1778 47
1543 1512 14
1545 1828 89
1549 1296 75
1556 203 39
1561 311 42
1571 1847 87
1573 1401 93
1579 1574 12
1580 1940 68
1587 1434 8
1593 1620 62
1598 1011 94
1601 1339 23
1602 682 21
1603 107 39
1611 346 23
1613 1117 12
1615 641 47
1620 1710 88
1621 282 39
1621 1701 16
1628 1185 18
1629 453 21
1629 1513 68
1638 247 4
1638 864 11
1640 775 81
1644 1104 34
1645 284 39
1645 1659 11
1649 443 12
1666 747 21
1669 1044 74
1677 1224 4
1682 285 98
1683 476 44
1683 494 74
1691 995 8
1695 1486 59
1701 245 97
1704 1869 26
1707 819 53
1713 456 56
1715 1872 67
1740 737 68
1741 537 57
1741 720 99
1747 833 20
1749 537 1
1752 1426 10
1756 1931 52
1758 507 24
1767 513 9
1770 961 65
1776 1290 52
1786 1090 92
1789 24 49
1789 270 60
1789 1841 35
1794 406 63
1800 1167 16
1802 356 84
1805 424 77
1809 87 19
1809 1963 74
1813 504 26
1816 712 37
1824 805 71
1829 768 31
1833 943 87
1834 628 55
1835 1739 67
1839 1739 36
1841 1177 79
1846 1868 90
1863 983 74
1871 615 32
1871 1450 70
1873 673 4
1883 739 4
1884 425 45
1889 661 1
1895 1955 17
1897 900 19
1900 288 36
1906 771 67
1914 519 22
1914 1935 70
1917 1327 12
1918 1109 24
1923 1237 96
1925 618 57
1927 1750 82
1935 286 70
1938 425 49
1947 356 36
1951 1841 55
1953 1792 66
1964 930 62
1965 743 17
1967 1305 10
1974 1487 38
1977 1709 51
1980 70 54
1980 380 37
1982 1202 27
1990 222 84
1993 932 39
1998 1401 84
1998 1986 57
