4 1065 11
5 972 10
9 1331 85
11 1490 2
12 495 22
15 651 27
21 505 1
33 1078 65
36 1818 99
37 146 12
40 1657 35
41 548 57
54 1783 38
55 637 36
59 916 75
62 393 15
71 1414 94
72 1251 38
84 211 70
86 1649 71
92 1081 13
94 1610 81
97 290 76
97 351 9
98 990 20
128 1155 43
130 1342 99
131 332 32
134 950 13
144 579 36
146 671 84
149 131 20
151 806 80
151 1299 61
163 1483 93
171 760 2
172 1045 95
176 1256 100
179 458 63
179 531 57
193 228 41
194 1545 26
202 329 51
202 1967 10
205 822 57
210 1923 17
212 1990 11
218 1180 87
229 951 3
237 1028 60
238 1294 51
258 1566 42
259 420 65
267 1169 58
270 709 16
271 144 32
282 1437 86
286 511 65
297 1989 87
328 174 6
330 1503 3
332 1326 68
343 1685 69
358 1620 97
361 226 92
362 131 28
365 98 78
372 1413 39
373 662 23
378 1066 98
382 1725 36
383 617 86
402 1455 88
402 1716 88
404 533 63
406 518 33
410 1974 50
411 922 3
412 754 2
416 337 97
418 201 70
419 456 12
429 1293 29
430 354 15
446 1924 70
455 857 39
467 1925 44
469 1991 63
477 1635 37
482 1303 38
484 1249 14
486 1758 78
493 1144 99
494 685 27
495 676 63
495 734 31
502 194 57
502 224 94
502 840 52
502 1464 97
508 329 100
517 1196 74
531 1962 23
533 1830 55
546 81 40
548 1715 28
555 1452 1
558 1193 74
558 1904 29
560 1488 68
564 985 2
567 1923 69
569 1637 9
574 1295 61
581 59 67
582 1075 4
594 1274 54
601 677 91
604 1373 24
606 335 63
612 893 64
613 1154 69
623 1886 51
626 133 78
626 457 100
642 1382 80
642 1742 50
644 668 72
651 1864 17
653 117 21
656 459 50
656 1434 78
658 160 52
660 1492 76
660 1964 71
661 109 54
666 1023 64
666 1970 3
667 499 31
670 203 50
680 186 44
687 266 1
690 1799 90
692 999 20
694 347 38
698 714 65
702 34 65
709 559 29
714 1662 81
717 1373 31
725 1923 70
729 1396 65
733 1834 8
735 1392 61
740 130 53
744 798 91
750 1815 21
753 1218 71
759 251 55
773 657 87
775 414 99
783 478 61
786 194 14
786 1635 55
801 604 4
812 302 41
817 119 42
821 647 53
821 1538 91
831 680 42
835 1054 78
836 1727 75
840 143 33
844 499 17
849 1238 36
850 39 53
851 457 38
852 472 92
852 800 40
855 74 48
872 1517 92
881 1085 78
883 1161 35
885 282 82
893 1219 7
894 1164 54
897 1070 10
904 1605 70
904 1747 17
909 1478 98
911 79 67
913 288 30
915 1806 68
926 1278 45
930 1018 55
931 1351 58
936 1020 12
949 677 22
952 1223 54
955 786 29
960 543 43
961 602 10
969 170 82
970 923 77
981 772 28
991 1076 12
993 1801 55
1000 605 62
1000 1348 87
1022 760 39
1025 925 61
1035 1321 55
1036 398 100
1039 1323 64
1041 740 35
1041 1226 57
1055 1545 94
1061 884 24
1071 823 37
1076 1289 80
1085 1700 85
1089 776 77
1094 1738 17
1097 31 52
1099 754 52
1102 688 95
1107 1867 57
1112 1511 37
1113 985 54
1126 1654 34
1132 915 79
1132 1041 89
1133 920 88
1136 603 75
1141 365 85
1144 1313 54
1151 1640 15
1158 1274 45
1166 179 48
1187 179 96
1190 1204 92
1191 1122 45
1194 969 26
1198 1568 79
1199 1755 99
1200 1156 35
1201 1111 26
1205 1535 14
1215 9 89
1222 674 90
1233 1199 61
1244 1632 83
1250 1952 3
1259 1752 22
1265 137 13
1272 1642 93
1273 1960 64
1278 1582 49
1284 374 48
1290 27 39
1302 293 78
1310 87 83
1314 1614 35
1323 982 81
1325 159 71
1331 1068 97
1332 1227 66
1333 380 75
1339 1923 49
1341 972 34
1349 819 3
1353 1017 65
1363 1943 40
1375 524 23
1377 1501 91
1379 776 3
1380 447 83
1382 166 90
1385 171 52
1387 1917 71
1404 833 30
1420 682 53
1420 1026 43
1423 303 26
1427 804 44
1433 1500 51
1440 724 98
1442 1166 93
1444 1458 98
1453 668 8
1454 209 28
1461 1891 95
1465 1585 68
1478 44 75
1478 1439 7
1480 1670 58
1481 459 38
1485 1735 42
1496 1540 57
1497 357 80
1502 898 67
1502 1089 46
1511 784 99
1512 364 90
1518 841 78
1519 298 50
1519 813 71
1521 1573 19
1530 989 75
1532 1686 17
1534 1444 1
1538 94 27
1554 585 90
1556 165 54
1562 1777 13
1565 1859 55
1571 719 20
1571 726 80
1571 879 84
1576 107 63
1576 771 47
1578 1037 97
1578 1836 91
1587 1007 71
1588 814 92
1588 1535 80
1594 201 77
1606 640 62
1609 839 80
1625 984 21
1627 1857 5
1643 1774 55
1643 1940 75
1650 335 89
1659 1859 92
1660 582 63
1672 929 98
1674 1242 39
1676 386 53
1681 1109 68
1684 168 92
1694 704 41
1694 1490 30
1708 1501 5
1723 904 41
1736 1016 45
1743 227 69
1749 1932 4
1752 1616 22
1753 1280 21
1756 461 96
1756 773 36
1767 979 77
1776 204 15
1781 552 76
1781 1311 43
1789 203 92
1791 1770 65
1793 498 83
1795 1883 37
1797 777 63
1801 961 92
1812 838 78
1813 276 82
1822 1789 2
1831 1617 21
1832 621 27
1844 606 37
1846 1818 92
1847 182 29
1861 103 90
1865 854 12
1867 693 62
1870 1112 72
1871 1193 16
1877 762 53
1878 1189 69
1878 1796 39
1888 288 44
1897 958 53
1901 663 88
1908 781 97
1912 532 76
1912 1623 46
1912 1870 86
1917 4 39
1918 1746 54
1923 1904 16
1927 715 37
1933 632 76
1936 680 77
1939 1043 68
1944 443 95
1956 1270 41
1959 1853 23
1965 32 68
1972 124 91
1972 396 54
1988 1596 12
1990 495 76
