3 1495 93
9 455 98
9 1101 67
12 1236 22
18 727 95
21 1604 34
30 34 85
33 245 24
33 1403 22
34 949 58
37 330 7
39 615 42
39 1393 29
46 1064 13
52 276 38
55 1194 11
58 1187 85
64 1902 22
67 766 43
88 1899 6
91 1312 16
96 1471 34
100 326 48
105 372 91
108 742 69
108 1057 96
110 93 63
114 1763 21
116 1656 66
119 1930 87
122 211 26
124 546 68
124 1393 64
133 946 92
134 264 18
134 458 68
138 1976 71
149 932 9
154 1794 57
171 568 24
179 134 26
181 217 58
184 647 37
185 443 5
191 1332 53
192 1283 92
194 263 78
200 1663 3
210 1910 72
225 118 20
236 1680 18
237 1241 87
240 1748 20
243 1573 50
246 1389 32
250 1702 43
252 120 8
264 673 66
277 1750 63
280 916 58
285 483 12
291 1423 52
303 618 4
308 288 18
310 1845 22
315 675 8
318 247 96
319 1 67
328 943 21
329 1588 61
333 469 100
345 650 5
349 889 18
368 614 49
377 1379 58
379 1952 41
385 1589 4
415 860 34
415 868 10
423 1017 96
425 591 24
426 1013 29
426 1996 2
427 712 14
430 1529 4
439 1700 96
444 1391 7
448 1151 53
454 619 54
456 233 58
459 101 94
465 1228 98
468 1911 29
482 1776 29
483 572 67
486 457 43
490 1705 7
506 1499 76
510 1621 20
520 1671 88
523 1871 83
527 111 3
533 678 37
542 1454 45
544 624 96
551 1520 88
553 1604 51
565 135 53
566 355 97
566 1700 2
579 350 80
580 1975 54
584 1987 100
585 660 57
592 1474 9
594 1542 49
596 1946 22
599 324 9
602 469 5
602 962 39
602 1201 14
603 1118 87
608 1426 67
620 717 35
628 319 52
628 1997 49
630 280 83
634 1664 99
638 1169 7
640 1550 25
648 1410 1
668 167 22
675 1149 46
678 1779 23
682 276 85
690 140 79
693 1932 1
699 1490 59
700 661 36
702 45 42
714 135 67
722 1213 9
730 64 31
734 1544 42
736 1060 28
741 826 84
746 1586 57
749 1766 42
750 1502 36
759 1451 12
759 1553 100
763 723 26
764 1316 92
769 793 22
779 1413 42
780 216 70
782 123 17
783 854 69
801 1420 68
802 183 4
816 66 58
819 1299 71
823 1864 68
825 903 20
828 918 56
831 794 12
833 723 12
837 184 29
844 944 10
847 769 25
849 140 43
859 183 80
861 958 18
865 1506 99
871 1173 80
896 738 84
903 1867 37
923 1833 32
926 5 90
931 1127 13
933 1091 15
944 691 78
948 995 58
953 469 43
961 891 70
962 1680 65
964 110 71
964 654 65
965 458 29
965 1559 27
966 274 85
969 1006 68
973 102 7
984 1810 63
986 638 66
996 453 60
1000 343 72
1007 1360 90
1023 1897 1
1041 834 79
1043 554 43
1050 59 12
1051 1338 40
1053 419 50
1061 136 77
1061 784 23
1063 1657 95
1065 203 28
1065 1542 67
1069 675 87
1076 1085 62
1083 1272 79
1086 1766 100
1094 853 9
1107 573 40
1107 768 44
1113 648 83
1123 615 99
1137 183 52
1137 665 11
1144 47 88
1145 334 58
1150 1065 70
1161 65 25
1164 1650 28
1169 652 14
1176 6 89
1180 589 44
1182 768 69
1188 511 77
1188 803 11
1188 1552 34
1191 1288 73
1196 972 34
1196 1418 61
1209 772 20
1209 933 30
1212 1030 34
1213 780 4
1217 1522 28
1218 1784 55
1219 28 41
1221 515 53
1223 1271 30
1226 1871 26
1228 713 43
1228 1722 83
1234 634 43
1235 1167 67
1237 1876 99
1252 1284 86
1253 1795 13
1254 625 11
1255 1130 12
1261 584 14
1265 464 87
1281 1940 24
1283 720 65
1283 1853 63
1297 626 87
1307 654 22
1307 777 41
1318 1690 27
1328 1982 100
1331 1744 89
1333 825 99
1338 782 99
1342 1296 50
1346 1359 88
1349 1689 5
1353 313 42
1364 1265 7
1372 1340 31
1380 1151 7
1383 1586 5
1385 500 37
1387 173 22
1390 1256 46
1392 1675 91
1395 1614 57
1404 1798 24
1405 1860 25
1418 1600 20
1425 1401 44
1436 1769 15
1452 1294 36
1455 154 95
1456 1514 81
1457 517 39
1458 1636 79
1463 1913 59
1465 1493 36
1467 737 87
1467 1493 42
1480 564 8
1481 43 14
1483 1352 62
1498 495 80
1503 1751 74
1504 1568 55
1508 53 97
1524 1845 7
1527 377 74
1528 1162 81
1530 994 29
1535 1660 78
1538 47 23
1542 136 22
1558 1412 10
1560 1559 52
1570 327 13
1570 894 14
1577 1100 30
1578 1388 30
1583 367 19
1586 1192 48
1587 492 15
1602 1023 36
1605 200 36
1607 744 96
1607 939 42
1611 1890 39
1613 1611 76
1613 1784 27
1617 331 79
1617 1863 20
1633 1982 87
1635 543 80
1640 1713 88
1643 1651 17
1657 1292 85
1663 1249 34
1665 1585 64
1677 1336 95
1681 1089 92
1685 1856 18
1701 686 99
1706 889 11
1721 240 54
1721 777 63
1723 593 57
1726 1048 8
1726 1937 6
1728 1642 42
1730 4 13
1734 1801 17
1750 961 68
1754 759 24
1759 778 72
1771 1039 98
1781 1493 45
1785 1674 65
1788 1008 12
1797 1006 8
1800 1984 12
1803 489 14
1807 1262 32
1810 1513 29
1811 96 68
1817 1300 95
1819 1454 100
1824 1310 2
1824 1898 41
1832 1389 76
1835 284 78
1835 1070 24
1835 1849 63
1838 584 68
1839 786 15
1840 907 92
1841 144 81
1842 978 93
1865 773 57
1867 1381 82
1874 1135 85
1875 156 2
1883 798 8
1883 841 89
1885 1490 13
1887 230 50
1890 82 82
1890 1085 70
1895 1536 68
1908 216 17
1912 1768 81
1914 1976 77
1921 208 25
1922 686 81
1930 1850 79
1934 1573 33
1947 435 18
1948 843 71
1951 264 11
1957 1008 48
1960 637 81
1963 192 33
1967 163 81
1967 1004 35
1978 1244 44
1989 859 30
