7 1406 68
20 886 74
22 615 16
22 1962 7
24 1153 12
34 1689 98
37 221 16
37 981 16
37 1885 93
42 532 12
45 1608 11
47 872 80
47 1449 78
50 334 76
53 614 63
57 781 25
61 1326 100
62 169 71
71 139 65
87 294 41
90 421 13
100 1789 68
102 1988 96
107 714 46
122 753 12
125 461 11
127 1164 14
128 566 45
139 1699 32
142 1495 67
146 1241 75
147 544 44
152 914 83
159 227 98
162 1696 13
166 1353 23
168 330 98
175 845 81
180 1910 51
193 377 13
195 1349 30
206 1958 34
211 1469 27
212 1387 76
215 1351 31
219 1150 32
227 1285 51
228 20 3
235 984 95
236 321 53
238 1580 93
242 562 33
248 1769 54
253 668 62
257 743 53
267 1477 87
272 1151 90
295 545 92
296 1834 99
296 1916 41
298 479 55
300 966 21
303 423 52
304 284 44
318 733 31
322 1634 98
332 1853 67
333 1590 15
338 1169 83
339 446 75
340 614 77
341 433 51
343 1232 84
344 1649 52
347 1162 59
365 1941 30
375 1571 83
383 242 98
386 514 53
387 433 71
389 1024 13
393 1262 41
414 100 48
418 354 85
423 364 10
427 1940 66
433 1040 27
437 36 48
443 163 94
447 1575 17
448 156 19
459 356 86
462 1392 55
469 443 98
471 870 66
472 1259 38
480 1369 74
484 1400 85
496 198 60
500 1657 73
503 343 59
506 1984 81
511 1303 10
552 1479 39
561 1152 41
562 1132 58
566 850 10
570 807 92
571 830 51
573 1637 18
585 1048 11
595 164 5
601 320 17
604 1150 52
610 98 96
615 1589 67
619 1171 80
620 10 53
621 54 33
623 24 27
627 1981 89
628 522 66
631 1430 77
638 285 86
655 1086 14
659 119 4
676 1538 23
678 898 53
680 989 45
685 267 65
688 865 95
694 461 96
702 1780 80
705 652 98
710 1131 98
722 1710 6
730 1500 94
735 1775 4
747 1963 81
752 1410 39
761 650 94
764 1524 58
781 1352 76
782 562 64
794 1861 72
797 227 42
808 1862 8
809 316 72
827 346 17
832 37 3
833 552 37
833 1998 70
837 1475 31
843 441 27
845 732 63
848 95 35
852 1960 60
855 417 42
856 188 61
860 33 35
863 285 28
865 1378 82
868 651 100
885 52 55
885 934 19
886 1974 50
889 791 71
889 1925 74
892 849 47
900 998 5
915 984 21
919 1677 100
934 438 61
942 1038 53
946 1914 53
948 1412 91
956 685 3
956 1516 70
959 891 55
960 34 16
966 784 76
980 80 43
990 1670 13
994 1961 52
995 987 48
998 1252 36
1001 218 81
1009 1057 23
1015 498 22
1016 1397 70
1021 316 11
1024 400 70
1026 1332 70
1027 318 82
1033 589 13
1036 1215 55
1041 1802 97
1052 1284 39
1056 655 6
1057 445 12
1059 1218 16
1062 231 85
1066 207 40
1068 965 11
1071 236 43
1071 309 96
1080 1857 75
1083 247 9
1084 405 23
1093 1967 23
1095 760 87
1097 1460 26
1097 1568 15
1107 1118 65
1110 864 78
1111 18 78
1112 522 92
1115 130 7
1115 1240 9
1124 1528 36
1129 1207 96
1130 1916 66
1143 304 90
1145 1352 3
1147 3 97
1147 1543 12
1158 629 37
1171 1346 73
1188 1857 35
1194 971 19
1198 1166 61
1198 1895 14
1202 1110 94
1213 1244 20
1234 1259 70
1237 639 25
1253 1591 74
1257 899 68
1263 317 37
1265 1345 51
1266 628 16
1268 1767 32
1269 565 85
1271 1480 56
1278 523 31
1280 1364 27
1291 171 58
1291 648 78
1291 1103 69
1295 101 86
1305 181 27
1306 51 87
1309 190 44
1313 724 3
1318 555 9
1329 1238 21
1336 897 78
1337 831 94
1339 1254 62
1340 744 99
1341 367 14
1342 1648 31
1344 1386 76
1352 1000 52
1358 135 1
1361 1694 9
1372 972 37
1380 1358 22
1384 634 95
1385 254 93
1389 1933 8
1390 1657 6
1399 1514 35
1411 1256 19
1412 69 31
1412 1401 50
1416 35 14
1423 421 26
1434 869 34
1447 843 19
1459 1932 47
1461 1578 96
1466 1459 19
1469 1255 40
1475 1371 93
1479 1321 38
1484 1605 60
1500 1827 7
1502 531 73
1502 1969 42
1504 639 20
1504 1440 47
1506 1194 13
1506 1756 65
1514 1145 51
1515 427 59
1516 1381 56
1520 1011 54
1522 241 78
1526 1465 81
1530 732 44
1533 539 65
1542 1333 20
1549 92 23
1550 298 45
1555 732 90
1557 699 66
1558 1983 18
1559 1620 2
1566 1828 40
1569 311 9
1571 1896 65
1574 1967 74
1580 1487 63
1580 1851 3
1583 439 16
1590 1270 12
1593 1047 40
1605 1222 90
1611 297 45
1615 761 17
1615 1250 8
1616 538 28
1626 1203 43
1627 1573 79
1628 1051 99
1630 0 1
1631 1980 80
1632 323 16
1633 578 21
1641 1655 5
1659 1690 2
1667 202 43
1669 1626 34
1675 1434 81
1676 914 41
1685 944 9
1687 293 52
1697 421 78
1700 1920 87
1703 1265 36
1711 722 73
1715 1216 88
1722 26 51
1723 1283 31
1732 594 44
1732 1949 48
1741 788 50
1748 16 20
1749 1081 24
1750 173 45
1759 979 18
1761 1054 93
1764 391 63
1765 1617 76
1770 994 86
1775 1557 63
1779 829 91
1779 987 8
1780 1202 25
1783 705 28
1792 212 93
1792 926 92
1795 1218 84
1797 987 79
1798 1863 23
1799 87 43
1804 986 14
1809 1433 66
1812 65 22
1836 81 68
1847 607 98
1852 1637 69
1854 1757 46
1868 217 93
1869 1309 9
1875 1764 13
1884 1361 81
1894 499 93
1902 1680 24
1903 779 93
1903 1954 76
1907 74 100
1908 562 43
1915 1182 87
1916 863 85
1929 130 41
1933 1929 34
1935 226 95
1944 453 39
1948 877 52
1955 603 8
1959 1552 85
1959 1746 40
1969 1748 80
1982 1405 16
1983 663 75
1988 1220 94
1992 1048 95
1997 855 92
