2 1169 52
6 1881 43
10 187 37
14 61 28
15 455 21
15 1678 14
29 714 94
33 1234 38
42 1050 48
47 840 60
53 1625 88
60 363 76
65 128 27
72 1987 60
73 1177 3
74 1840 12
76 1475 57
80 1485 20
90 152 58
94 902 70
105 1014 100
112 855 43
120 761 87
123 1361 4
124 1728 69
131 853 71
132 931 40
139 404 76
140 541 30
159 132 8
160 1680 91
166 1864 33
170 793 56
171 122 69
185 364 88
191 423 55
194 1972 69
203 735 89
209 670 87
211 668 98
213 1661 41
217 1580 52
224 583 66
226 1631 3
234 240 92
242 240 18
244 1538 16
245 973 88
246 336 97
257 1317 6
262 107 22
265 93 88
266 1468 61
277 1833 38
284 1287 35
285 663 35
294 329 3
309 1095 4
311 1868 35
319 358 7
323 55 4
325 1337 23
327 1093 20
344 946 53
346 1179 65
357 31 63
357 1225 24
364 1812 8
365 52 13
369 136 56
369 1578 60
390 1370 2
394 379 9
428 910 30
437 387 38
450 534 25
457 1527 52
460 538 34
461 1216 13
462 1048 95
471 1145 82
472 483 10
474 1717 14
480 330 44
486 850 30
487 411 31
495 890 41
501 898 53
502 1893 55
503 990 14
508 456 95
511 19 77
520 1516 12
524 493 33
525 35 60
531 840 97
533 1364 91
534 26 28
534 1558 9
534 1972 85
536 466 93
538 1369 38
538 1629 24
552 838 6
570 335 67
579 881 96
582 899 24
588 981 40
590 1365 98
593 1604 36
596 808 8
597 1556 29
605 417 96
610 681 84
618 542 89
619 444 77
623 992 17
624 468 39
626 1369 87
628 485 22
646 972 79
650 23 32
653 1341 88
663 43 37
675 659 64
682 971 51
686 1978 40
692 341 83
704 1967 63
721 1809 94
722 1557 51
723 1903 42
735 102 38
736 194 64
737 1824 80
739 739 73
745 221 18
751 227 21
758 1855 53
761 938 71
765 86 28
780 959 69
780 1001 93
789 1599 68
792 723 97
793 541 19
794 510 35
795 1593 61
800 1368 72
812 411 96
836 1057 11
842 1478 48
845 1982 77
851 1496 61
859 877 5
863 1581 48
871 1096 57
872 1349 62
878 636 9
878 1029 71
881 296 100
883 592 73
884 1628 59
888 1942 91
898 1455 95
910 304 53
910 1351 71
911 92 26
911 585 32
913 1705 5
925 696 36
931 857 73
940 1835 71
945 634 20
947 175 8
960 1226 74
962 320 10
964 787 97
968 1844 27
970 848 33
971 844 41
978 1769 72
979 236 54
982 689 92
984 560 45
986 700 60
987 844 78
988 274 15
988 894 32
989 917 36
989 943 85
995 332 55
995 823 37
1010 1782 31
1016 1136 46
1021 492 35
1025 413 23
1028 1666 92
1029 206 4
1030 959 2
1033 649 67
1046 663 68
1049 77 24
1050 68 34
1053 1733 59
1062 1362 69
1071 1850 64
1073 446 22
1075 1274 26
1076 4 78
1078 669 18
1080 427 75
1081 1424 78
1083 200 32
1083 735 70
1084 16 45
1092 1078 51
1094 1769 97
1096 566 25
1098 1664 56
1104 1164 18
1106 790 52
1109 79 13
1109 1579 24
1109 1678 69
1116 1232 15
1116 1778 52
1120 379 15
1121 1012 24
1124 1325 79
1128 1720 30
1130 587 63
1136 558 52
1139 107 4
1142 266 23
1148 1788 51
1153 1322 46
1155 60 62
1156 1514 56
1162 190 85
1165 1718 73
1176 578 10
1184 196 36
1185 791 64
1187 1115 15
1195 1464 21
1201 1315 6
1208 1623 88
1213 1592 35
1215 639 57
1217 328 95
1217 665 64
1219 1376 76
1223 1510 97
1224 1829 37
1227 1128 31
1235 711 18
1259 737 85
1268 796 60
1272 151 80
1275 1296 27
1279 1300 35
1283 1353 29
1288 1646 3
1321 1898 13
1327 1692 1
1337 517 94
1337 1760 78
1339 1390 93
1340 136 49
1343 1443 87
1363 1005 80
1363 1430 30
1364 931 58
1367 839 68
1370 366 76
1372 1626 26
1383 415 21
1385 566 11
1386 177 30
1387 86 41
1389 623 37
1390 1639 10
1391 78 39
1406 966 73
1410 1728 44
1413 27 79
1416 677 2
1424 231 15
1429 237 27
1441 1816 13
1445 857 6
1445 1268 68
1446 776 90
1446 898 15
1454 452 81
1454 921 31
1458 1238 90
1461 1248 7
1463 1179 31
1471 1602 62
1480 1241 10
1480 1347 54
1492 1789 50
1499 735 22
1513 217 17
1513 311 100
1513 1882 41
1517 352 87
1520 860 32
1526 772 54
1530 1449 74
1532 1353 76
1546 748 16
1556 478 87
1563 261 93
1573 1805 44
1577 1941 49
1580 1671 13
1582 425 86
1587 1143 44
1591 1799 15
1594 966 6
1596 1244 46
1605 882 29
1607 1796 29
1620 1904 2
1624 1256 88
1632 341 73
1637 186 18
1637 364 48
1641 887 19
1651 415 11
1656 1565 31
1659 1110 30
1665 116 54
1670 938 52
1673 1127 35
1683 89 54
1689 494 53
1695 1444 60
1696 287 65
1697 1419 61
1704 1930 6
1706 1999 19
1711 690 29
1739 231 99
1741 1025 1
1741 1732 6
1751 179 69
1751 1507 18
1758 439 24
1763 239 38
1767 56 20
1768 1055 19
1770 934 11
1773 807 6
1779 1768 51
1782 1982 11
1787 1945 82
1800 1951 95
1801 1749 9
1803 708 64
1803 1086 2
1808 1031 83
1811 1900 17
1823 668 7
1824 390 52
1824 521 94
1827 353 34
1829 546 47
1830 685 32
1839 1114 81
1841 1432 98
1844 572 88
1844 1750 6
1857 1901 65
1862 807 31
1868 307 10
1869 1287 51
1869 1680 39
1878 1144 82
1879 231 72
1886 15 9
1887 517 75
1894 658 87
1894 1086 67
1902 356 17
1906 1166 6
1909 1765 1
1918 1211 9
1931 872 14
1932 610 83
1938 1862 55
1944 872 25
1957 1246 70
1976 612 46
1978 1461 34
1990 1126 87
1995 294 95
