0 850 46
8 1845 52
14 247 73
27 14 62
27 480 88
29 1702 51
33 760 91
58 1781 54
67 1729 65
76 1591 66
80 419 95
80 1661 13
84 1452 38
90 659 4
105 1480 13
111 391 29
117 1945 72
124 1096 14
124 1171 85
128 1858 78
134 1539 86
135 704 18
142 1855 12
145 822 80
148 1143 99
165 380 1
166 1120 69
172 101 78
178 1443 40
179 334 97
182 1185 18
182 1980 75
189 971 55
195 1909 99
196 1795 22
198 1031 57
202 151 1
208 714 33
214 251 36
229 49 50
242 1569 93
249 765 58
268 1059 53
271 1550 29
278 1769 29
282 1101 9
292 1017 90
292 1665 31
296 1169 61
302 743 84
306 1378 12
309 695 16
310 1691 92
323 1849 72
329 957 18
329 1420 79
333 348 9
339 1018 24
339 1951 89
342 682 22
348 169 25
352 1794 29
357 1167 92
359 1104 17
365 949 81
366 646 33
369 1401 54
370 335 76
372 1358 71
372 1692 73
395 414 4
395 1077 35
398 1712 1
402 1848 52
438 436 33
477 1756 10
480 1698 84
482 1594 26
489 280 71
489 1290 100
496 54 77
507 1281 31
526 1140 85
537 214 12
549 230 29
550 1201 67
554 1929 88
555 871 3
557 1067 5
559 1683 85
565 1847 44
569 52 19
569 664 66
573 1524 95
575 878 66
578 1158 67
581 1636 94
587 1425 58
603 1447 33
607 1834 33
612 247 56
613 754 27
616 1210 8
621 1695 7
631 368 24
631 653 30
637 364 14
644 1001 91
660 1411 4
663 948 31
667 1087 95
673 732 46
678 1328 62
691 1382 57
693 718 78
694 1154 31
695 1719 79
699 18 89
699 967 36
709 1274 25
712 653 99
713 278 43
714 1256 68
715 1442 40
736 1833 88
738 163 23
747 753 66
747 1461 67
749 1260 80
751 1589 3
752 1362 10
757 861 82
761 1554 77
763 293 42
763 1651 35
765 1358 66
766 717 72
768 754 21
776 389 79
782 162 15
791 52 7
791 634 45
793 646 49
794 1674 13
806 1158 20
810 457 19
818 1805 28
825 1654 9
826 1405 51
828 398 2
829 50 70
830 452 60
832 724 67
853 246 71
854 1921 22
858 966 78
862 751 21
869 960 2
869 1391 90
871 1000 40
876 1942 74
882 363 19
886 53 64
895 361 50
897 155 1
904 1966 21
917 1961 91
919 413 59
919 436 7
919 1273 97
921 533 42
933 552 2
941 700 42
941 958 36
948 1649 15
950 587 39
959 1506 8
962 339 24
966 780 16
967 815 37
973 364 29
979 955 28
984 717 95
989 1622 82
989 1964 70
992 1102 60
995 1650 55
998 403 73
1001 1189 88
1001 1641 88
1004 320 65
1009 1490 40
1019 142 63
1029 1934 14
1034 60 17
1039 0 81
1041 1011 13
1042 496 45
1052 1665 26
1060 1737 43
1061 1936 6
1067 673 60
1085 1512 44
1087 1551 41
1092 1165 25
1092 1909 89
1094 1888 79
1095 401 11
1112 962 48
1112 1679 45
1115 502 99
1122 1395 82
1126 1747 18
1127 734 15
1128 1984 97
1130 1425 8
1132 490 12
1132 1378 58
1141 726 93
1157 87 89
1158 527 37
1163 1967 91
1167 556 79
1181 891 40
1208 1587 16
1216 1482 13
1217 1414 79
1229 1797 39
1233 566 63
1235 1606 78
1236 946 84
1241 610 53
1246 973 9
1248 13 35
1250 1837 86
1254 980 16
1265 210 98
1266 806 93
1280 719 64
1283 697 76
1285 247 20
1287 1132 12
1287 1628 78
1291 353 65
1292 1171 46
1296 1835 81
1300 1114 16
1303 1247 1
1309 620 6
1328 30 17
1329 1178 89
1329 1690 77
1336 832 34
1337 1795 95
1349 251 86
1356 49 90
1363 1473 100
1366 365 84
1367 241 86
1369 741 10
1374 1313 91
1379 1330 63
1381 1119 36
1382 331 73
1386 387 46
1396 1873 33
1397 501 2
1401 41 66
1403 711 89
1405 1148 50
1410 166 69
1410 1339 86
1418 1962 13
1419 1062 44
1424 95 14
1424 1422 13
1424 1931 54
1433 133 71
1433 1565 77
1446 1595 100
1452 500 17
1453 1054 71
1459 42 60
1462 1762 63
1465 1567 62
1467 65 57
1470 464 88
1474 505 59
1477 132 75
1485 818 63
1494 836 5
1496 1700 85
1498 616 10
1500 231 79
1510 998 82
1512 380 84
1519 500 40
1528 1274 4
1538 1334 100
1539 283 59
1539 1066 71
1540 144 55
1540 1038 30
1548 593 11
1552 312 45
1552 1469 30
1562 1002 90
1563 1002 62
1563 1292 64
1565 319 39
1575 1474 48
1576 1169 41
1576 1873 35
1580 1100 27
1581 566 6
1588 504 71
1593 288 81
1602 953 66
1606 1268 51
1608 156 83
1609 475 66
1626 214 35
1633 1453 91
1635 445 24
1640 62 13
1647 670 41
1656 750 54
1666 650 45
1667 1827 61
1670 38 5
1677 1766 79
1691 1311 39
1696 980 21
1705 642 91
1717 1410 94
1722 649 56
1726 406 17
1732 1448 42
1734 1825 19
1735 1909 48
1737 376 16
1740 1256 70
1743 1121 46
1746 1631 61
1747 1326 10
1749 364 19
1754 257 5
1757 1068 24
1761 1456 90
1764 1498 48
1765 1317 22
1773 1259 65
1775 123 8
1775 1878 25
1780 1327 91
1783 121 54
1785 305 21
1792 1623 58
1793 229 6
1797 1217 67
1810 483 52
1813 1086 40
1818 882 34
1818 1149 31
1825 1480 24
1829 1166 15
1832 615 66
1835 1255 21
1848 978 30
1849 1851 84
1856 1070 8
1862 1181 51
1870 692 91
1876 1009 61
1881 927 17
1883 291 50
1885 394 22
1890 457 42
1898 1480 76
1898 1723 66
1908 629 51
1917 1806 40
1927 1217 42
1932 1962 58
1943 1827 100
1944 1026 33
1955 40 11
1959 186 55
1962 303 86
1965 465 3
1981 1342 99
1985 973 36
1987 434 80
1990 1940 18
1991 1686 39
1991 1743 38
1993 64 7
1996 1040 89
1996 1967 49
1998 1176 1
