11 1890 40
18 1757 22
24 1476 53
26 1194 61
28 510 10
34 1798 14
35 1028 41
35 1851 91
36 688 1
42 1400 86
44 870 96
44 1914 97
50 32 94
60 519 5
62 1638 29
62 1854 25
63 1864 90
64 1927 67
75 164 32
76 406 57
77 446 26
80 1263 8
87 1263 18
88 836 17
88 976 57
103 1603 15
123 1281 56
127 912 61
127 1610 43
146 1218 92
154 1944 44
165 797 22
167 1112 56
177 1437 69
182 864 66
182 1578 83
182 1983 67
185 1690 65
191 1557 47
193 550 56
214 1936 61
216 294 96
216 1480 31
224 1612 90
239 642 24
245 958 87
249 671 41
249 1571 29
253 1482 68
265 378 21
284 469 30
296 1733 37
297 1031 74
307 1357 25
320 1740 70
325 937 8
326 1701 19
329 901 62
330 1814 78
336 691 17
336 1184 44
345 198 77
349 786 48
355 293 3
369 28 85
369 1977 74
371 930 90
374 1254 7
379 92 95
385 1694 46
388 1412 78
392 619 83
402 1775 38
406 53 97
408 1961 64
410 1222 19
411 193 98
416 766 76
418 1139 68
419 999 41
421 824 93
422 1590 73
431 1769 76
433 1345 75
435 564 84
457 125 6
458 501 39
463 869 31
464 316 32
465 1839 69
472 1868 75
473 540 48
475 1850 96
480 1731 85
483 1265 83
489 1240 49
491 1211 8
493 1970 65
495 967 3
496 585 42
499 1287 24
501 175 89
505 1012 6
507 1167 86
509 776 58
509 943 75
520 792 4
523 551 17
530 91 86
539 1907 94
547 888 80
551 512 54
553 1671 40
557 2 76
558 349 4
559 165 76
567 26 37
572 601 20
576 194 87
578 1561 20
590 1115 67
604 1591 29
609 9 62
610 1201 20
620 1000 46
623 944 88
627 252 99
644 1758 13
655 550 58
668 751 23
673 1318 70
677 1019 24
677 1033 24
677 1943 12
686 481 87
687 555 23
690 274 71
691 780 81
696 335 53
702 644 66
711 1246 82
714 13 76
720 252 32
722 947 52
724 668 83
724 1145 57
726 545 40
727 898 21
737 1046 23
739 1877 65
741 877 38
743 457 10
743 815 61
745 1388 43
746 887 18
750 1897 12
751 223 63
752 112 7
754 1087 37
754 1734 66
755 284 4
758 496 26
759 349 63
767 1876 45
768 218 9
778 1138 12
782 326 87
787 1983 94
788 776 42
793 798 26
815 1426 38
818 1558 63
825 1023 31
832 668 47
833 1545 45
844 337 27
845 581 65
846 845 91
849 422 14
857 824 21
861 1718 19
864 350 43
867 1980 85
871 830 37
873 930 7
880 223 20
881 1644 19
882 1643 99
888 1556 4
890 751 87
892 687 58
908 1081 69
909 1091 76
911 645 93
913 1957 14
916 1295 26
919 616 82
920 429 56
921 1852 14
934 604 19
934 908 11
939 1356 89
945 685 65
949 1770 63
954 633 91
956 90 92
957 1859 90
958 1638 65
958 1866 5
967 994 33
969 472 100
982 64 100
991 31 12
991 1386 48
997 8 86
1003 0 28
1012 1614 27
1013 1710 34
1023 193 41
1026 360 20
1030 1410 57
1034 1258 8
1041 947 6
1043 1821 77
1047 1676 10
1053 756 83
1059 763 18
1060 1462 75
1066 367 23
1076 1591 58
1078 633 85
1078 988 37
1082 1669 61
1087 1079 88
1105 1658 87
1106 272 9
1107 1813 8
1114 1893 98
1117 1923 80
1122 1362 4
1123 227 80
1130 521 42
1140 1700 20
1141 1479 38
1147 1935 57
1150 378 79
1152 745 61
1155 1777 69
1157 1 42
1172 158 57
1182 685 89
1188 223 23
1197 1492 84
1197 1619 80
1199 678 83
1202 698 14
1208 1176 70
1209 1703 80
1217 1199 66
1236 1067 35
1237 549 26
1249 890 74
1256 195 73
1258 0 48
1261 1221 29
1274 879 50
1282 1663 33
1282 1880 92
1287 1801 31
1289 1917 62
1291 1603 66
1294 757 18
1299 781 59
1300 1311 59
1309 1049 20
1309 1104 76
1312 515 4
1314 1182 16
1315 1081 40
1328 1852 10
1332 1673 84
1335 829 85
1337 1579 23
1349 1419 28
1355 73 59
1363 1967 62
1364 1037 37
1366 1438 91
1375 1281 48
1375 1868 81
1375 1903 72
1387 1068 34
1387 1601 31
1390 924 12
1396 537 50
1397 1146 54
1399 155 77
1400 1178 12
1404 1799 77
1408 1936 51
1411 231 52
1420 1713 6
1422 765 50
1425 149 33
1427 1928 7
1433 1129 4
1435 1744 91
1443 404 19
1444 1095 33
1450 646 50
1453 1722 26
1457 1024 77
1484 929 81
1487 1409 88
1489 1101 56
1490 1652 4
1491 1456 30
1492 1015 38
1494 1106 77
1500 1613 100
1525 1985 86
1541 1839 33
1542 775 29
1549 1609 78
1559 274 18
1561 608 30
1574 294 80
1577 32 19
1584 321 64
1586 1197 55
1590 1669 45
1593 563 28
1603 83 37
1613 423 5
1623 534 15
1623 779 65
1626 1576 7
1629 1041 76
1631 954 35
1634 1828 67
1639 99 100
1639 603 90
1646 903 83
1648 306 57
1648 1081 11
1656 114 38
1660 1324 8
1661 1518 55
1664 499 94
1671 1954 64
1672 1656 41
1683 900 89
1694 353 100
1695 1347 81
1697 1003 27
1710 1740 18
1715 699 15
1730 267 53
1733 518 34
1747 1565 35
1749 1936 22
1757 1078 2
1757 1701 50
1759 1718 54
1761 487 45
1766 367 6
1767 138 85
1783 244 47
1783 1611 98
1785 1140 36
1791 1560 35
1794 993 69
1799 1241 89
1812 1352 53
1828 1468 57
1849 1020 60
1851 643 58
1857 434 17
1858 78 25
1867 1100 68
1880 1055 6
1884 550 33
1904 109 1
1905 1169 29
1906 560 45
1912 374 87
1913 1411 20
1925 74 59
1929 222 12
1936 874 31
1941 805 91
1949 72 90
1949 1109 3
1956 1560 3
1970 1351 100
1971 31 16
1978 110 12
1987 1789 69
1988 276 30
1991 1408 44
